-0.965387026254873 -0.933231455880488 -0.90107588557473 -0.868920315377868 -0.836764745287917 -0.804609175256564 -0.772453605092406 -0.740298034594695 -0.708142463668382 -0.675986892246472 -0.6438313202685 -0.611675747675629 -0.579520174421438 -0.547364600509166 -0.51520902596458 -0.483053450853886 -0.450897875247172 -0.418742299189593 -0.386586722700102 -0.354431145717766 -0.322275568161683 -0.290119989979747 -0.257964411235025 -0.225808831992805 -0.19365325221206 -0.161497671860656 -0.129342091048345 -0.0971865099170042 -0.0650309285951266 -0.0328753472078589
-1.00504458292154 -0.970509215757245 -0.935973848615778 -0.901438481558442 -0.866903114735959 -0.832367748299879 -0.797832382315659 -0.76329701679232 -0.728761651599228 -0.694226286591532 -0.659690921707173 -0.625155556904793 -0.590620192140322 -0.556084827358875 -0.521549462493847 -0.487014097442591 -0.452478732081134 -0.417943366236215 -0.383407999770593 -0.348872632740399 -0.314337265250105 -0.279801897404723 -0.245266529311428 -0.210731161070712 -0.176195792754178 -0.141660424419116 -0.107125056094456 -0.0725896877956812 -0.0380543195128523 -0.00351895122967325
-0.956482277621049 -0.927892600441872 -0.899203310305966 -0.870350340384679 -0.841307321606198 -0.812048618855018 -0.782513835084022 -0.752649112873414 -0.72246151524429 -0.69196008143144 -0.66110083508353 -0.629826545952695 -0.598080671341985 -0.565809418758114 -0.532971373186509 -0.499571879323792 -0.465614099113372 -0.431045703774586 -0.395820985981008 -0.359976214947215 -0.323568154023033 -0.286662031027684 -0.249356931657964 -0.211760593609386 -0.173981504694743 -0.136120910723206 -0.0982503393721879 -0.0604201176196883 -0.0226254877778187 0.0151520790077817
-1.08971802853248 -1.04814609217044 -1.00659920080758 -0.965095374296799 -0.923644959187719 -0.882258449342367 -0.840954601175802 -0.799760852238779 -0.758731102071829 -0.717920736265314 -0.677364622619146 -0.637092499485623 -0.597131122070451 -0.55749531299296 -0.518195840231938 -0.479239185790397 -0.440628521047485 -0.402358060862689 -0.364414545250835 -0.326763771367766 -0.289366300654579 -0.252186160479066 -0.2152012419158 -0.178394152202994 -0.141752499526645 -0.105258413731826 -0.0688671103521147 -0.0325334254365888 0.00376240859219983 0.04003381021833
-0.997206575320171 -0.962262937354908 -0.927319299470731 -0.892375661712693 -0.857432024044446 -0.822488386404378 -0.787544748711211 -0.752601110893976 -0.717657472942606 -0.682713834862755 -0.647770196662068 -0.612826558348687 -0.577882919956717 -0.542939281624101 -0.507995643538062 -0.473052005979079 -0.438108369219624 -0.403164733406883 -0.368221098626268 -0.333277464841375 -0.298333831985349 -0.263390199980922 -0.228446568709177 -0.193502938040336 -0.158559307842817 -0.123615678002345 -0.0886720484756581 -0.0537284192255575 -0.0187847901680673 0.0161588387924822
-0.995531738028583 -0.96204032644361 -0.928548914813474 -0.895057503036987 -0.86156609106826 -0.828074678865238 -0.794583266345902 -0.761091853428203 -0.727600440069955 -0.694109026256176 -0.660617612040847 -0.627126197495186 -0.593634782690852 -0.560143367701264 -0.52665195259114 -0.493160537388621 -0.459669122106966 -0.42617770673647 -0.392686291269477 -0.359194875729473 -0.325703460147732 -0.292212044550348 -0.258720628942687 -0.225229213309107 -0.191737797570666 -0.158246381658796 -0.124754965609749 -0.0912635494758404 -0.0577721332688282 -0.0242807169903323
-1.0371651310724 -1.0013719193277 -0.965578707590467 -0.929785495867765 -0.893992284132493 -0.858199072333666 -0.822405860358925 -0.786612648067469 -0.750819435266109 -0.715026221767583 -0.679233007460739 -0.643439792253454 -0.60764657608312 -0.571853359005198 -0.536060141099674 -0.500266922426576 -0.464473703032437 -0.428680482929777 -0.392887262158831 -0.357094040904711 -0.321300819388747 -0.285507597802268 -0.249714376216608 -0.2139211546612 -0.178127933117863 -0.142334711561673 -0.106541489988358 -0.0707482684024122 -0.0349550468227489 0.000838174728111867
-0.995182659142265 -0.962850067406504 -0.930517475587714 -0.89818488356921 -0.865852291032158 -0.833519697610807 -0.801187102953875 -0.768854506784223 -0.736521909106808 -0.704189309993319 -0.671856709500281 -0.639524107680433 -0.607191504594978 -0.574858900338997 -0.542526295034614 -0.510193688878254 -0.477861082065196 -0.445528474711831 -0.413195866894465 -0.380863258607952 -0.348530649826785 -0.316198040556111 -0.283865430923697 -0.25153282106444 -0.219200211019131 -0.186867600809062 -0.154534990471621 -0.122202380045203 -0.0898697695561203 -0.057537159027668
-0.97931087849612 -0.945983722352522 -0.91265656607766 -0.879329409571728 -0.846002252905648 -0.812675096187257 -0.779347939501322 -0.746020782884789 -0.712693626206397 -0.679366469283703 -0.646039311897743 -0.612712153820423 -0.57938499483443 -0.546057834765565 -0.512730673473002 -0.479403510906293 -0.446076347054438 -0.412749181973846 -0.379422015763935 -0.346094848628736 -0.312767680798436 -0.279440512473141 -0.246113343732632 -0.212786174653079 -0.179459005416511 -0.146131836207913 -0.112804667118223 -0.0794774981881891 -0.0461503293518557 -0.012823160516589
1.0134392726158 0.977831772915964 0.942224273216239 0.906616773493747 0.871009273618145 0.835401773460813 0.799794273007514 0.764186772278763 0.728579271319702 0.692971770162685 0.657364268764269 0.621756767062063 0.586149264980788 0.550541762393617 0.514934259164161 0.479326755169353 0.44371925030916 0.408111744562392 0.372504237946678 0.336896730556104 0.301289222503868 0.265681713899805 0.230074204840302 0.194466695406002 0.158859185628009 0.123251675530618 0.0876441651604137 0.0520366545693971 0.0164291438089285 -0.0191783670697915
-1.00258717932271 -0.930919900438624 -0.87388621642891 -0.83882823886484 -0.819931956187783 -0.80513536841204 -0.770540644973547 -0.700183928960671 -0.621673088649856 -0.566883946986406 -0.541192420402981 -0.543349448704084 -0.5674835043366 -0.589233190316956 -0.583428823824255 -0.54015744811876 -0.46222671836242 -0.388070011242751 -0.352724658090634 -0.342018087284839 -0.329475251466112 -0.29592497438697 -0.251411564247036 -0.208952794664641 -0.164244816485847 -0.111775537244693 -0.0585215139993878 -0.0148140246106643 0.00808541937483168 -0.00131725201102413
-0.981819986396676 -0.94711470698875 -0.912409427577609 -0.877704148203416 -0.842998868981496 -0.808293590038186 -0.773588311468699 -0.73888303330769 -0.704177755378709 -0.669472477480561 -0.634767199524182 -0.600061921448541 -0.565356643203768 -0.530651364784657 -0.495946086208464 -0.461240807537655 -0.426535528821036 -0.391830250007559 -0.357124971015569 -0.322419691740819 -0.287714412073414 -0.253009131926025 -0.218303851301579 -0.183598570220748 -0.14889328868491 -0.114188006703731 -0.0794827243393063 -0.0447774416744762 -0.0100721588226091 0.0246331240952936
-1.0560571757752 -1.01711779893727 -0.97817842209649 -0.939239045262893 -0.900299668396983 -0.861360291427254 -0.822420914203713 -0.783481536570814 -0.744542158429291 -0.705602779697506 -0.666663400308069 -0.627724020197152 -0.588784639275286 -0.549845257350452 -0.510905874236465 -0.471966489873056 -0.433027104240255 -0.394087717353404 -0.355148329238986 -0.316208939932763 -0.277269549472814 -0.238330157925677 -0.199390765471739 -0.160451372294845 -0.121511978478844 -0.0825725841027482 -0.0436331893262248 -0.00469379431217952 0.0342456008441871 0.0731849960646007
-0.946539649698845 -0.916528647141035 -0.886517644523775 -0.856506641772954 -0.826495638806158 -0.79648463551468 -0.766473631692939 -0.736462627132086 -0.706451621707069 -0.676440615318888 -0.646429607888969 -0.616418599343845 -0.586407589634938 -0.556396578813241 -0.526385566962063 -0.496374554194424 -0.466363540634315 -0.436352526419886 -0.406341511709842 -0.376330496730925 -0.346319481726889 -0.316308466918772 -0.286297452436754 -0.256286438378845 -0.226275424805228 -0.196264411755511 -0.166253399224835 -0.13624238717298 -0.106231375462752 -0.076220363932714
0.949900159675939 0.921367130493833 0.892826869096604 0.864264669889521 0.835620149861263 0.806814785863826 0.777743171619048 0.748301658805496 0.718420514058814 0.688039518858214 0.657102599100096 0.625554716785159 0.593335949095474 0.560366833938597 0.526583965092107 0.492007699088193 0.45669100661506 0.420733552230355 0.38425012007837 0.347369278780515 0.31022304307748 0.272923130059995 0.235500066218954 0.197950952599936 0.160220379067104 0.122258707919319 0.0840919023756583 0.0457658084528343 0.00733020243788421 -0.0311641568145743
-1.02723479584019 -0.992275111455618 -0.957315633002376 -0.922358502911181 -0.887406943011052 -0.85246299000911 -0.817522860726572 -0.782581194043164 -0.747632136958549 -0.712670160716376 -0.677691525416299 -0.642692938371972 -0.607671156278924 -0.572623133360199 -0.537545205398761 -0.502431036889735 -0.467274060345334 -0.432069451633947 -0.396813635516311 -0.361506288966383 -0.326147902011424 -0.290739809010418 -0.255286721649237 -0.219793907068199 -0.184265476898505 -0.148705758114198 -0.113121094569806 -0.0775183049625908 -0.0419040904802844 -0.006285122933235
-1.02585551985685 -0.991065981254978 -0.956276442698433 -0.921486904267481 -0.886697366035269 -0.851907828072462 -0.817118290446883 -0.782328753218544 -0.747539216419032 -0.712749680083199 -0.677960144287397 -0.643170609118351 -0.608381074652249 -0.573591540923136 -0.538802007938525 -0.504012475641953 -0.469222943973266 -0.434433412921535 -0.399643882472888 -0.364854352552462 -0.330064823070146 -0.29527529392411 -0.260485764965656 -0.225696236027739 -0.190906706916798 -0.156117177476973 -0.121327647729738 -0.0865381177447363 -0.0517485876069727 -0.01695905740529
-0.990081386421349 -0.956052706078556 -0.922024025740372 -0.887995345401474 -0.853966665096094 -0.819937984849106 -0.7859093046084 -0.751880624324065 -0.71785194403198 -0.683823263776262 -0.649794583548208 -0.61576590332591 -0.581737223098921 -0.547708542902656 -0.513679862764729 -0.4796511826357 -0.445622502453009 -0.411593822178659 -0.377565141782092 -0.343536461237958 -0.309507780522202 -0.275479099636884 -0.2414504186885 -0.207421737796368 -0.173393057026648 -0.13936437641663 -0.105335695941305 -0.0713070155605921 -0.0372783352364338 -0.00324965493127952
-1.01604854195973 -0.981074713806725 -0.946100885643985 -0.91112705748025 -0.876153229357432 -0.841179401313769 -0.806205573339628 -0.771231745426114 -0.736257917615154 -0.701284089946622 -0.666310262401349 -0.631336434945405 -0.596362607530716 -0.56138878005264 -0.526414952397275 -0.491441124470257 -0.456467296204056 -0.421493467618955 -0.386519638771312 -0.351545809773967 -0.316571980753886 -0.281598151842968 -0.246624323192865 -0.211650494946731 -0.176676667193978 -0.141702839996557 -0.10672901336031 -0.0717551872448479 -0.0367813614809703 -0.00180753586727354
-1.00928972362462 -0.97540163670142 -0.941513549668457 -0.907625462406038 -0.873737374837861 -0.839849286905621 -0.805961198579592 -0.772073109865369 -0.738185020881232 -0.704296931747072 -0.670408842476542 -0.636520753056734 -0.602632663472149 -0.568744573696915 -0.534856483711804 -0.500968393534535 -0.467080303184703 -0.433192212652465 -0.399304121900222 -0.365416030808776 -0.33152793923853 -0.29763984706748 -0.263751754243993 -0.229863660746618 -0.195975566604268 -0.162087471887666 -0.128199376784407 -0.0943112814886869 -0.0604231861042323 -0.026535090712151
-0.986596500429675 -0.952290316522176 -0.917984132671701 -0.883677948902704 -0.849371765215423 -0.815065581599693 -0.780759398027964 -0.746453214466532 -0.712147030874459 -0.677840847216517 -0.643534663487562 -0.60922847968997 -0.574922295809768 -0.540616111767588 -0.506309927453829 -0.472003742703362 -0.437697557358538 -0.403391371347169 -0.369085184637239 -0.334778997271978 -0.300472809313421 -0.266166620815134 -0.231860431796796 -0.19755424227446 -0.163248052283581 -0.128941861863153 -0.0946356710469414 -0.0603294798819987 -0.0260232884737663 0.00828290305771793
-1.01588833731869 -0.980624997232287 -0.945361657097973 -0.910098316889316 -0.874834976545951 -0.839571635995377 -0.804308295150493 -0.769044953955489 -0.733781612494351 -0.698518270870377 -0.663254929124343 -0.627991587281394 -0.592728245361492 -0.557464903363868 -0.522201561288276 -0.486938219157298 -0.451674877010247 -0.416411534930541 -0.381148193005634 -0.345884851295023 -0.31062150985121 -0.275358168699863 -0.240094827759294 -0.204831486911237 -0.169568145998448 -0.134304804872174 -0.0990414634565868 -0.0637781217217777 -0.0285147797486026 0.00674856235439312
-1.01198470199877 -0.97669505249431 -0.94140865043038 -0.906126945106103 -0.870854306615666 -0.83559662807951 -0.800362973928017 -0.765164411011298 -0.730016844548449 -0.694935823461183 -0.6599306331127 -0.625008992976573 -0.590175815752739 -0.555424787046597 -0.52074658421253 -0.486131078695397 -0.451570451252336 -0.41706692579913 -0.382623419638014 -0.348235580458395 -0.313897238546467 -0.279603128320446 -0.245351600726614 -0.211141668709628 -0.176971376679555 -0.142837119722177 -0.108729664160699 -0.0746390675958725 -0.0405581815011914 -0.00648055581833638
-1.02032739860212 -0.956401781917158 -0.899541671135531 -0.854536058434775 -0.817892989334241 -0.784593800580949 -0.751793940490804 -0.717014418268755 -0.677064375107047 -0.630090753748051 -0.580303571147329 -0.533428612813742 -0.494751604835462 -0.467798035617902 -0.454105857856139 -0.449023119086661 -0.446078663316466 -0.437714425593193 -0.418126412936736 -0.38961382921537 -0.356501677509464 -0.322018806961471 -0.28500945096217 -0.244776458443585 -0.20684175625439 -0.177204439401175 -0.157553197605562 -0.147853910509839 -0.145491622723944 -0.147206170099724
-1.0671315102013 -0.937760892493814 -0.877291386399825 -0.902759198205434 -0.931398224737716 -0.883017186590993 -0.787526408887589 -0.696463848464013 -0.637776384485513 -0.624537354942464 -0.633917010797002 -0.6341098312542 -0.602804528926827 -0.555666750058432 -0.512402699477089 -0.470903882718194 -0.426997862294051 -0.390071127917275 -0.366714388486765 -0.338776302446227 -0.281920015625571 -0.190895978906542 -0.136803863378226 -0.174305148787724 -0.215959329306846 -0.172671480512052 -0.0908309891736909 -0.0372017690142146 -0.0245615303705875 -0.0521914327334036
-1.00553616003882 -0.969895578733782 -0.934248696955139 -0.898587624330112 -0.862899641905892 -0.827171991824023 -0.791396589183487 -0.755566688475395 -0.719676228801951 -0.683720207903241 -0.647697173459799 -0.611606560637269 -0.575449135718039 -0.539230989451465 -0.502959133376964 -0.46663893772724 -0.430274045748466 -0.393862834047411 -0.357402396349252 -0.320889961492187 -0.284322792092668 -0.247699540758227 -0.211024420060721 -0.174303328315355 -0.137543346846413 -0.100752369249556 -0.0639403551968924 -0.0271168637528715 0.00971221452512186 0.0465419062064694
-0.982019831158737 -0.948739999348362 -0.915460167511051 -0.88218033565294 -0.848900503823992 -0.815620672060103 -0.782340840297074 -0.749061008442122 -0.715781176388236 -0.682501344024579 -0.649221511239229 -0.615941677919993 -0.582661843962834 -0.549382009296326 -0.516102173869073 -0.482822337677172 -0.449542500704232 -0.41626266283641 -0.3829828239443 -0.349702983933706 -0.316423142719231 -0.283143300230386 -0.2498634564563 -0.216583611414257 -0.183303765174532 -0.150023917857268 -0.116744069729082 -0.0834642210799762 -0.0501843721470294 -0.0169045231540903
-1.08758093530497 -1.0441237273606 -1.00072342532876 -0.957477001438174 -0.914524834229416 -0.871998065933619 -0.829947487232291 -0.788400938002099 -0.747374806449947 -0.706886486890479 -0.666968849739062 -0.627658634436243 -0.588996446227025 -0.551038353574238 -0.513820350681851 -0.477282671500558 -0.441349550415008 -0.405976983798962 -0.371115803971422 -0.336664425043254 -0.302508156573289 -0.268554224244702 -0.234797518238049 -0.201246509638918 -0.167876328655651 -0.134642366026506 -0.101454395486659 -0.0682293572105583 -0.0349584741328413 -0.00165153987819043
-1.02363578301131 -0.987560983212444 -0.951486183391425 -0.915411383547412 -0.879336583723929 -0.843261783967334 -0.807186984290968 -0.771112184681361 -0.735037385050824 -0.698962585307915 -0.662887785420396 -0.626812985370833 -0.590738185168128 -0.554663384926523 -0.518588584768313 -0.482513784742662 -0.44643898489008 -0.410364185289588 -0.374289386026626 -0.338214587173791 -0.302139788800466 -0.266064990966338 -0.229990193692297 -0.193915396983322 -0.157840600819523 -0.121765805162789 -0.0856910099269738 -0.0496162150116477 -0.0135414203072578 0.0225333742980285
-1.02202240762695 -0.986389817411056 -0.95075722722329 -0.915124637056946 -0.879492046842707 -0.843859456501693 -0.808226865979366 -0.772594275225376 -0.736961684181778 -0.701329092798104 -0.665696501061399 -0.630063908968087 -0.594431316521642 -0.558798723753741 -0.52316613067856 -0.487533537212072 -0.451900943252393 -0.416268348724412 -0.380635753568088 -0.345003157756881 -0.309370561272623 -0.273737964110357 -0.238105366317965 -0.202472767963035 -0.166840169139153 -0.131207569946511 -0.0955749704857383 -0.0599423708543657 -0.0243097711371021 0.0113228285845494
0.962641528548533 0.93037718999609 0.897488760633467 0.863381046431356 0.828084992786055 0.791701947782291 0.75398873083289 0.714697645823776 0.673907463205155 0.63219366995471 0.591792152595762 0.555353897538041 0.524831454570793 0.499383627001332 0.477683382485287 0.459254092553495 0.443416054370227 0.427826863758315 0.41009291093213 0.389278465013665 0.364812264851813 0.336071648466381 0.302228350560829 0.262530155531105 0.216734649859484 0.165266080191864 0.110705531742308 0.0556896129625454 0.000920186686792127 -0.0533845706551153
-1.04440656261248 -1.00893981852336 -0.973473074422971 -0.938006330286986 -0.902539586145308 -0.867072842036633 -0.831606097980577 -0.79613935398104 -0.760672609998146 -0.725205865972534 -0.689739121810673 -0.654272377410488 -0.618805632670115 -0.583338887488523 -0.547872141769847 -0.512405395438054 -0.476938648425577 -0.441471900678885 -0.406005152175039 -0.370538402999432 -0.335071653264538 -0.299604903078916 -0.264138152535457 -0.228671401727597 -0.193204650766619 -0.157737899743708 -0.122271148651819 -0.0868043974676198 -0.0513376462008788 -0.0158708948696369
-0.966071140066953 -0.934208866338471 -0.902346592644279 -0.87048431906573 -0.838622045691111 -0.806759772575577 -0.774897499634857 -0.743035226770881 -0.711172953969835 -0.679310681270772 -0.647448408839955 -0.615586136875453 -0.583723865538878 -0.55186159484603 -0.519999324752735 -0.488137055120757 -0.456274785791471 -0.424412516618759 -0.392550247468464 -0.360687978241748 -0.328825708848606 -0.296963439199896 -0.265101169209935 -0.233238898824173 -0.201376628109126 -0.169514357157696 -0.137652086047238 -0.105789814845678 -0.0739275435987771 -0.0420652723467511
-0.989377721258832 -0.955651477865117 -0.921925234238702 -0.888198990129947 -0.854472745362243 -0.820746499808281 -0.787020253464922 -0.753294006331799 -0.719567758295451 -0.685841509232091 -0.652115259089696 -0.618389007834185 -0.584662755449202 -0.550936501989276 -0.517210247528732 -0.483483992150164 -0.449757735936219 -0.416031478961475 -0.382305221301568 -0.348578963044429 -0.314852704281064 -0.28112644506805 -0.24740018532425 -0.213673924961626 -0.179947664002263 -0.146221402505391 -0.112495140568721 -0.0787688783037533 -0.045042615838681 -0.0113163533058693
1.01217251527877 0.976634789709019 0.941097064045238 0.905559338201791 0.870021612120317 0.834483885746115 0.798946159011832 0.76340843185658 0.727870704257971 0.692332976176867 0.656795247468654 0.621257517962344 0.58571978749879 0.550182055966206 0.514644323261362 0.479106589267887 0.443568853889189 0.408031117120906 0.372493378984712 0.3369556395142 0.301417898745939 0.265880156724576 0.230342413527071 0.194804669267162 0.159266924173391 0.123729178480461 0.0881914323329186 0.0526536858497378 0.0171159391377656 -0.0184218076991828
-1.01616624070259 -0.978884661084913 -0.941650401995939 -0.904517902707928 -0.867509376330054 -0.830628754402041 -0.793839068348899 -0.757110148647843 -0.720479922099613 -0.683996561588752 -0.647681128011464 -0.611547904266874 -0.575608691553713 -0.539865364269157 -0.504340776914556 -0.469151631209532 -0.434437991451844 -0.400339525033534 -0.366973606377075 -0.334368834932373 -0.302531616406188 -0.27145193366245 -0.241054078193754 -0.211231814066358 -0.181822487012502 -0.152672574437408 -0.123721498772252 -0.0949276073217997 -0.0662320018592139 -0.0375714727747584
-1.0976230125985 -1.02775114934464 -0.947273155664063 -0.852598447881499 -0.769065130049226 -0.723697638512241 -0.721337051058852 -0.753840369297913 -0.783311648677158 -0.773786179097918 -0.726777134437021 -0.653167159565172 -0.566483143649557 -0.490828953043287 -0.446811331503675 -0.430471555218922 -0.429405106814657 -0.421989762235349 -0.39018578496848 -0.339501095354746 -0.281330527948145 -0.225115598116741 -0.172484544484842 -0.126328059075933 -0.102399924253939 -0.109683736734944 -0.117219260303218 -0.0931656125040572 -0.042103158858677 0.0222824231177292
-0.975591046169124 -0.940833342864802 -0.906075639429495 -0.871317935757191 -0.836560231774071 -0.801802527435961 -0.767044822785062 -0.732287117875177 -0.697529412720141 -0.662771707331173 -0.628014001748991 -0.593256296021689 -0.558498590211791 -0.523740884439553 -0.488983178795948 -0.454225473197086 -0.419467767523217 -0.384710061686005 -0.349952355624814 -0.315194649358402 -0.280436942925375 -0.245679236370453 -0.210921529762817 -0.176163823161496 -0.141406116560456 -0.106648409952675 -0.0718907033922434 -0.0371329969323318 -0.0023752905613332 0.0323824157485543
-0.987209916125842 -0.953389285925122 -0.919568655630803 -0.885748025172631 -0.851927394540114 -0.818106763727454 -0.78428613268788 -0.750465501368072 -0.716644869729501 -0.682824237735556 -0.649003605342502 -0.615182972504823 -0.581362339181663 -0.547541705350801 -0.513721071007693 -0.479900436199871 -0.446079800966469 -0.412259165260974 -0.378438529030312 -0.34461789228082 -0.310797255033691 -0.276976617323726 -0.243155979240173 -0.20933534088225 -0.175514702334609 -0.141694063676145 -0.107873424977287 -0.0740527862946555 -0.0402321476381014 -0.00641150900578351
-1.05257979682878 -1.01595371688536 -0.979327636922891 -0.942701556934075 -0.906075476861683 -0.869449396646968 -0.832823316275071 -0.796197235737616 -0.759571155008268 -0.722945074047699 -0.686318992782555 -0.649692911130975 -0.613066829019846 -0.576440746411032 -0.539814663269344 -0.503188579536375 -0.466562495161288 -0.42993641014673 -0.393310324498539 -0.356684238181831 -0.320058151151545 -0.283432063377636 -0.246805974890141 -0.210179885759765 -0.173553796159802 -0.136927706266417 -0.10030161616468 -0.0636755259165268 -0.0270494355824706 0.00957665477733351
-0.916848971926241 -0.969387473595817 -0.970593612648452 -0.855030468623296 -0.770006690763946 -0.84417622899134 -0.918828666231335 -0.831737357675901 -0.693975114576519 -0.643899130284627 -0.655704670491979 -0.662546518975406 -0.621262454049577 -0.583422232180499 -0.591937164670709 -0.56035280401751 -0.417231760127741 -0.280570631351606 -0.27034243340576 -0.324991863029283 -0.337581537216863 -0.245537140310745 -0.163736626043418 -0.195125310275172 -0.217465687987268 -0.114599989308698 -0.0198722058384245 -0.0595077091897296 -0.0817556295632021 0.134628963193743
-1.02262852080614 -0.985407554375853 -0.948217639531667 -0.911091705655165 -0.874073745464658 -0.837202195223906 -0.800482202041713 -0.763912474220225 -0.727499253989897 -0.691253904279785 -0.655200736885033 -0.61936730081731 -0.58377877308525 -0.548450842685346 -0.513397124150137 -0.478632422168476 -0.444162066912438 -0.409952300330675 -0.375963711551201 -0.34217336664289 -0.308562450909833 -0.275115955549833 -0.241834095335548 -0.208720052427672 -0.175773654964185 -0.14298683945914 -0.110323329953583 -0.0777418676147513 -0.0452094745876458 -0.0126952432617081
-1.01101037718654 -0.975567866032827 -0.940125354958869 -0.904682844043564 -0.869240333433219 -0.833797823276356 -0.798355313662938 -0.762912804654945 -0.72747029626098 -0.692027788485545 -0.656585281370147 -0.621142774965541 -0.585700269313113 -0.550257764416786 -0.514815260270688 -0.479372756867232 -0.443930254180171 -0.408487752110317 -0.373045250534092 -0.337602749303277 -0.302160248263494 -0.266717747278752 -0.231275246286612 -0.19583274525852 -0.160390244227916 -0.124947743234952 -0.0895052422846222 -0.054062741369563 -0.0186202404681172 0.0168222604449449
0.991975108025109 0.958246708818372 0.924514735319652 0.890776366970964 0.85703190274637 0.823282801266769 0.789532040208371 0.755783244674453 0.722041110421229 0.688310940851864 0.654599399304374 0.620913489100491 0.587260146022266 0.553646035693031 0.52007714893854 0.486557047552958 0.453087826984794 0.419668146331527 0.386294957960316 0.352961823668044 0.319661457609028 0.286386259966803 0.253127375041762 0.219876570258145 0.186629361418711 0.153382091416754 0.1201306631292 0.0868719404423781 0.053607071296595 0.0203382746456527
-0.874537508677893 -0.863442726843221 -0.851841532212927 -0.839235039893553 -0.825141040805397 -0.809131097197862 -0.790975180823016 -0.77052019338833 -0.747722346920233 -0.722571643092309 -0.695083931847805 -0.665281525197383 -0.63319028947888 -0.59885030833884 -0.562451269704759 -0.524767061319252 -0.486648059249108 -0.448666393042705 -0.411207698399309 -0.374189882140143 -0.337413918866919 -0.300713331905895 -0.264051839481513 -0.227459520104773 -0.191101698534727 -0.155188250572833 -0.119972009942126 -0.0856307749133006 -0.0519992440261112 -0.0188263408875753
-1.01455518349943 -0.979022148583775 -0.943489113670064 -0.90795607875632 -0.872423043821655 -0.836890008829093 -0.801356973696226 -0.765823938335127 -0.730290902681262 -0.694757866723535 -0.659224830641244 -0.62369179466128 -0.588158759013274 -0.552625723937814 -0.5170926896535 -0.481559656280025 -0.446026623893659 -0.410493592495878 -0.374960562061562 -0.339427532533992 -0.303894503848552 -0.268361475925875 -0.232828448627591 -0.197295421807408 -0.161762395346359 -0.126229369134126 -0.0906963430676599 -0.0551633170601262 -0.0196302910822837 0.0159027348807111
-1.05167390252689 -0.952491435978629 -0.874537430686242 -0.825229251405933 -0.792135472772502 -0.763582788705958 -0.750779160388563 -0.763788763646198 -0.785219365617 -0.793332623749549 -0.776462165421972 -0.725459610494775 -0.637294342841099 -0.533406802384615 -0.441668025143735 -0.391200375465315 -0.39807308101141 -0.424891494376423 -0.430351923653855 -0.410978374001248 -0.372751774842155 -0.323252060198122 -0.276455182482675 -0.242864680716181 -0.212698421954397 -0.173699636636064 -0.123998680696449 -0.0653330934438694 -0.00348202218231093 0.054764983785322
-0.991099974413371 -0.95905748581974 -0.92700123786067 -0.89489886235987 -0.862703853765553 -0.830370303751771 -0.79786883027142 -0.765172186336791 -0.732245138918886 -0.699056583730789 -0.665599917495174 -0.631874662187116 -0.597883329666842 -0.563640391335179 -0.529162825527598 -0.494465678777541 -0.459569122043455 -0.424515755785842 -0.389353173705624 -0.354126512963342 -0.318880296584443 -0.283649072108865 -0.248427485134512 -0.213201177006339 -0.177959673999537 -0.142699108271295 -0.107438150576574 -0.0721964417067393 -0.0369749640010178 -0.00177003518560031
-1.00786717320396 -0.972573446991047 -0.937279720925979 -0.901985995114516 -0.86669226957894 -0.831398544291348 -0.796104819106605 -0.760811093862844 -0.725517368448507 -0.690223642766144 -0.654929916724426 -0.619636190233551 -0.584342463223985 -0.549048735707272 -0.513755007711598 -0.478461279250668 -0.443167550324808 -0.407873820895305 -0.372580090918971 -0.337286360373764 -0.301992629242923 -0.26669889750829 -0.23140516514609 -0.196111432151947 -0.160817698604688 -0.125523964596731 -0.0902302301916778 -0.0549364954538082 -0.0196427604789476 0.0156509746291931
-1.00458628318365 -0.968965449525633 -0.933344615855366 -0.897723782140558 -0.86210294830762 -0.82648211428401 -0.790861280042688 -0.755240445582567 -0.719619610960875 -0.683998776259006 -0.648377941596701 -0.612757107103287 -0.57713627289245 -0.541515439015302 -0.505894605514869 -0.470273772464415 -0.434652939941912 -0.399032108013934 -0.363411276734783 -0.327790446121077 -0.292169616180007 -0.256548786908862 -0.220927958265293 -0.185307130190501 -0.149686302599507 -0.114065475397483 -0.0784446484763631 -0.0428238217360293 -0.00720299512136381 0.0284178314115003
-0.969059268930511 -0.937217868146091 -0.905376467355383 -0.873535066535203 -0.841693665644445 -0.809852264654913 -0.778010863607987 -0.746169462574681 -0.714328061674985 -0.682486661005347 -0.65064526051906 -0.618803860133628 -0.586962459770388 -0.555121059366014 -0.523279658864296 -0.491438258222148 -0.459596857387596 -0.427755456259987 -0.395914054736422 -0.364072652753689 -0.332231250258497 -0.300389847225765 -0.268548443743241 -0.236707039943445 -0.204865636025149 -0.173024232171245 -0.141182828434873 -0.109341424821626 -0.0775000212766832 -0.0456586177301192
-0.952220347508722 -0.925222801089223 -0.89822407573104 -0.871174155220054 -0.843966347006982 -0.816508916633401 -0.788826638339506 -0.760960272790541 -0.732898017653334 -0.704591035606026 -0.675894912370424 -0.646641339429253 -0.616667561333751 -0.585833034909215 -0.554011983971987 -0.521115488028529 -0.487050176321132 -0.451668021345297 -0.414856234212517 -0.376697637245063 -0.337323955567898 -0.296886106883604 -0.255611779205233 -0.213743731893916 -0.171508239392635 -0.129083067394763 -0.0864684315133777 -0.0436359106107458 -0.000620086626170729 0.0425287077317848
-1.01520290817726 -0.980786896244797 -0.946370884346999 -0.911954872463708 -0.877538860545026 -0.843122848559105 -0.808706836576028 -0.77429082466509 -0.739874812790503 -0.705458800890556 -0.671042788904921 -0.636626776773611 -0.602210764438876 -0.56779475185189 -0.533378738949137 -0.498962725599399 -0.464546711669765 -0.430130697088242 -0.395714681809378 -0.361298665832972 -0.32688264917014 -0.292466631841366 -0.258050613904616 -0.22363459542483 -0.189218576457356 -0.154802557058908 -0.120386537301241 -0.0859705172641843 -0.0515544970448034 -0.0171384767444745
-1.01470077537338 -0.978723813907739 -0.942746852470921 -0.906769891111735 -0.870792929811623 -0.834815968543465 -0.798839007313253 -0.762862046135337 -0.726885085024377 -0.690908123996434 -0.654931163072852 -0.618954202276295 -0.582977241658331 -0.547000281386145 -0.511023321630841 -0.475046362463571 -0.439069403927775 -0.403092446055987 -0.367115488871595 -0.331138532372326 -0.295161576549487 -0.259184621379305 -0.223207666777676 -0.187230712648701 -0.151253758909627 -0.115276805477994 -0.0792998522593603 -0.043322899164159 -0.00734594613428166 0.0286310068805144
-0.986227519749498 -0.954275083548526 -0.922378167059322 -0.890545016626233 -0.8586499844316 -0.826550579788781 -0.794170834697197 -0.761485217639667 -0.728603420346542 -0.695660748559171 -0.662759740815376 -0.629994743852096 -0.597418478666075 -0.564917163293272 -0.532337324513553 -0.499533227043187 -0.466329541473404 -0.432424823958884 -0.39752239315823 -0.361470732182296 -0.324154615254995 -0.285512308224617 -0.245696043436945 -0.204894833661008 -0.163230846861344 -0.120822630638636 -0.0778410959426462 -0.0344608864526997 0.00918078658270264 0.0529560700227669
1.01171837655427 0.971031405304814 0.932710879607827 0.897559799021061 0.862061062139247 0.822640466423263 0.779815505761577 0.735440725549141 0.692627180779251 0.65403082128054 0.619230666624639 0.587036503818927 0.556203074723021 0.525264940605492 0.493230130925029 0.461220728491848 0.43004026447818 0.39710401015279 0.359708465190296 0.318063302792191 0.273106489541684 0.226216941029394 0.180537368875574 0.13952711881298 0.106148276994756 0.0826560328174513 0.0689752482308349 0.063994815871375 0.0647900785691081 0.0679829917024626
-0.929165392570445 -0.903741074884095 -0.878215757170738 -0.852462829002503 -0.826345742466647 -0.79974407675951 -0.772611856998659 -0.744926398232067 -0.716683729308116 -0.687864113905021 -0.658366041219931 -0.628067556829722 -0.596864792671876 -0.564726226126284 -0.531632407302377 -0.497539831785314 -0.462436114741831 -0.426457404189229 -0.389762355567036 -0.352451121153114 -0.314609227434906 -0.276322625128784 -0.237678961866827 -0.19874111363586 -0.159471172925982 -0.119814261360408 -0.0797484005915359 -0.0392882555009042 0.00143783614255478 0.0422731183480613
-0.998398935727169 -0.962825113306593 -0.927251290901275 -0.891677468532186 -0.85610364615032 -0.8205298236716 -0.784956000941614 -0.749382177818335 -0.713808354279596 -0.678234530352397 -0.642660706140556 -0.607086881767094 -0.571513057349959 -0.53593923298679 -0.500365408789083 -0.464791584944056 -0.429217761645649 -0.393643939038957 -0.358070117228738 -0.32249629620722 -0.286922475938503 -0.251348656372312 -0.215774837400891 -0.180201018909113 -0.144627200809865 -0.10905338302485 -0.0734795654830206 -0.0379057481175643 -0.00233193087134758 0.0332418863103421
-0.971374489394013 -0.938248293648337 -0.905122097777659 -0.871995901724246 -0.838869705543021 -0.805743509314368 -0.772617313107845 -0.739491116990385 -0.706364921029233 -0.673238725266501 -0.640112529643452 -0.60698633407614 -0.573860138465585 -0.540733942652672 -0.507607746502713 -0.474481550038848 -0.441355353320097 -0.408229156391153 -0.375102959314638 -0.341976762239202 -0.308850565335001 -0.275724368759026 -0.242598172615602 -0.209471976974115 -0.176345781816855 -0.14321958709203 -0.110093392698616 -0.0769671985305035 -0.0438410045104645 -0.0107148105684939
-1.04349803190641 -1.00642748048199 -0.969356929095084 -0.932286377764423 -0.895215826368198 -0.858145274751959 -0.82107472277124 -0.78400417030185 -0.746933617290721 -0.70986306372042 -0.67279250964493 -0.635721955136086 -0.598651400285683 -0.561580845265338 -0.524510290288095 -0.487439735652875 -0.450369181653889 -0.413298628480618 -0.376228076271464 -0.33915752506523 -0.30208697487582 -0.265016425706588 -0.227945877518693 -0.190875330247974 -0.153804783771185 -0.116734237949869 -0.0796636926438051 -0.042593147711375 -0.00552260300714658 0.0315479416152664
-1.00639963208178 -0.970680532606307 -0.934961433134605 -0.89924233360575 -0.86352323380237 -0.827804133473953 -0.792085032393856 -0.756365930349036 -0.720646827156963 -0.684927722686876 -0.64920861698457 -0.613489510139979 -0.57777040229719 -0.542051293816894 -0.506332185091062 -0.470613076420176 -0.434893968085902 -0.399174860386126 -0.363455753591523 -0.327736647847705 -0.292017543269014 -0.256298439931537 -0.22057933775832 -0.184860236644049 -0.14914113652299 -0.113422037315603 -0.0777029388475146 -0.041983840920108 -0.00626474333262085 0.0294543541162458
-1.03023350779459 -0.994407835234214 -0.958582162602833 -0.922756489786568 -0.886930816661559 -0.851105143093926 -0.815279468919682 -0.77945379397815 -0.743628118152007 -0.707802441351867 -0.671976763556737 -0.636151084762726 -0.600325404989822 -0.564499724353547 -0.52867404297419 -0.492848360895594 -0.457022678148645 -0.42119699478885 -0.385371310892102 -0.349545626591238 -0.313719942033328 -0.277894257334425 -0.242068572486514 -0.206242887474587 -0.170417202379714 -0.134591517280039 -0.0987658321459279 -0.0629401469318733 -0.0271144616366515 0.00871122372988995
-0.95328544181215 -0.93583180073576 -0.920284085459927 -0.906302932340399 -0.890933910923792 -0.870395289734903 -0.84021120002039 -0.797778500947347 -0.748679100642741 -0.699738942795469 -0.654575064382259 -0.616002275701802 -0.585646637310802 -0.560379210798029 -0.536360448178396 -0.511663362139333 -0.484589130901373 -0.452439034144936 -0.413149179428564 -0.368194884363397 -0.319936269073725 -0.270540149991334 -0.221400128778 -0.173602830205264 -0.12778018625374 -0.0844449832268349 -0.0440881175100373 -0.00687943312942587 0.0282735454086547 0.0627788734777929
-1.05513213132774 -1.0189413506508 -0.982750570005556 -0.946559789408712 -0.910369008933714 -0.874178228652376 -0.837987448573245 -0.801796668692963 -0.765605889023798 -0.729415109580868 -0.693224330375057 -0.65703355141619 -0.620842772711329 -0.584651994256495 -0.54846121605335 -0.512270438137167 -0.476079660543092 -0.439888883272153 -0.403698106316735 -0.367507329668779 -0.331316553320116 -0.295125777272855 -0.258935001570225 -0.222744226240278 -0.186553451209234 -0.150362676379054 -0.114171901656489 -0.0779811269635177 -0.0417903522782363 -0.00559957759277153
-0.967174786504514 -0.933392088413242 -0.899609390338652 -0.865826692311168 -0.832043994466949 -0.798261296943848 -0.764478599780757 -0.730695902971797 -0.696913206430989 -0.66313051008174 -0.629347813965118 -0.59556511815161 -0.561782422708346 -0.527999727689055 -0.494217033138795 -0.460434339081333 -0.426651645531044 -0.392868952486001 -0.35908625995815 -0.325303568031214 -0.291520876806865 -0.257738186356106 -0.223955496627275 -0.190172807529119 -0.156390118934681 -0.12260743071898 -0.0888247428006538 -0.0550420551083968 -0.0212593675675262 0.0125233198974857
-1.03800302727115 -0.875127207445465 -1.07794933585708 -0.956633291330611 -0.720021384626902 -0.692926333923312 -0.765364055126983 -0.76643489916149 -0.716373759286356 -0.670316969925377 -0.631872087823518 -0.591764475306033 -0.546469435701418 -0.515462036351148 -0.514661151447828 -0.522761118575609 -0.513547773857214 -0.478397484178095 -0.417903189296355 -0.351933589697973 -0.305176326050899 -0.29263688252777 -0.290592117319986 -0.269800453744728 -0.217675201603523 -0.136595536574793 -0.0721492113601643 -0.0625925469947489 -0.0736475608243761 -0.0529026942725558
-0.974312304590768 -0.937232262346865 -0.89985171042274 -0.862012165327378 -0.824222681580711 -0.787130578224971 -0.751268694380625 -0.717104187668148 -0.684955969629777 -0.654916482568453 -0.626320537908155 -0.598313539353117 -0.570130017556726 -0.541361010968974 -0.511726376571816 -0.481104737678461 -0.449462075767734 -0.416955038649662 -0.38371415051176 -0.349574774720267 -0.314298484436108 -0.277670290430682 -0.239568953917298 -0.199886883772204 -0.158477329081499 -0.115315553100126 -0.0709040355485687 -0.0258115433637326 0.0196552241173314 0.0652550844575359
-1.04284127042508 -0.990459096158858 -0.940106159620607 -0.892699846491311 -0.847193240593691 -0.802659912843759 -0.760619684388947 -0.722942370371023 -0.690451511677663 -0.66305782701131 -0.638067020587535 -0.612133543000197 -0.582388103339184 -0.547866444678509 -0.508629223313079 -0.466931714437267 -0.425326963736815 -0.385364479963473 -0.347923878156018 -0.312208735435349 -0.277003619442887 -0.24137630817746 -0.205527421067503 -0.170207021176486 -0.137230104678414 -0.108973237576149 -0.0889943320774491 -0.0798898402550491 -0.0792290274367003 -0.0833243622639078
-0.991746044289404 -0.955859591604121 -0.919942178026654 -0.88396369127268 -0.847892690456627 -0.811704513915597 -0.775402945478644 -0.739005046219571 -0.702552540699231 -0.66609841992657 -0.629716077215848 -0.593484006457656 -0.557473272802182 -0.521725226438006 -0.48627675294353 -0.451176594418046 -0.4164726996484 -0.382197987650769 -0.348373454570799 -0.314987434842686 -0.282020097472767 -0.249443942535556 -0.217200794378289 -0.185230281087802 -0.15349392143661 -0.121954899989167 -0.0905611737919936 -0.059261942542826 -0.0280266040621942 0.00317039429867366
-0.957518676972332 -0.923780633023294 -0.890042588875715 -0.85630454427594 -0.822566498810009 -0.788828452045717 -0.755090403638196 -0.721352353307752 -0.687614300948071 -0.653876246515204 -0.620138190041291 -0.586400131577489 -0.552662071201232 -0.518924009095038 -0.48518594545838 -0.451447880453467 -0.417709814260772 -0.383971747171098 -0.350233679437962 -0.316495611055394 -0.282757541952553 -0.249019472068129 -0.215281401378926 -0.181543329870084 -0.147805257521951 -0.114067184363314 -0.0803291106214843 -0.0465910365487949 -0.0128529622991311 0.0208851119982334
-0.982685099588682 -0.949642949587357 -0.916600799463498 -0.883558649079235 -0.85051649828537 -0.817474346942174 -0.784432194959129 -0.75139004225342 -0.71834788872381 -0.685305734285223 -0.652263578935628 -0.619221422693761 -0.58617926560487 -0.553137107820259 -0.520094949477539 -0.487052790553469 -0.454010630990782 -0.420968470756933 -0.38792630983663 -0.354884148258848 -0.321841986063627 -0.288799823317927 -0.255757660196375 -0.222715496898762 -0.189673333617866 -0.156631170506937 -0.123589007568113 -0.0905468447590932 -0.0575046820109171 -0.0244625192479609
-0.986616339567614 -0.953657151977662 -0.920697964409784 -0.887738776885323 -0.854779589404057 -0.821820401960597 -0.788861214550428 -0.755902027162676 -0.722942839760129 -0.689983652324891 -0.657024464942641 -0.624065277724954 -0.591106090766986 -0.558146904098218 -0.525187717739112 -0.492228531739719 -0.459269346129724 -0.426310160827757 -0.393350975732427 -0.360391790773323 -0.327432605887775 -0.294473421013465 -0.261514236089486 -0.228555051068514 -0.195595865956176 -0.162636680775304 -0.129677495564606 -0.0967183103575484 -0.0637591251507273 -0.0307999399315239
-1.04810215435347 -1.01040284350564 -0.972703532406379 -0.935004220669747 -0.897304907697726 -0.859605592817035 -0.821906275265432 -0.784206954260179 -0.746507629025517 -0.708808298955815 -0.671108964118935 -0.633409624751119 -0.595710281092952 -0.558010933402401 -0.520311581951546 -0.48261222705155 -0.444912869053915 -0.407213508432412 -0.369514145666453 -0.331814781135759 -0.294115415195125 -0.256416048205696 -0.218716680554021 -0.181017312564125 -0.143317944284541 -0.105618575711474 -0.0679192069072943 -0.0302198379578987 0.00747953102289063 0.0451788999142697
-1.01287324896202 -0.97824460871894 -0.943615968548444 -0.908987328503383 -0.874358688682389 -0.839730049188471 -0.805101410096366 -0.770472771425675 -0.735844133003707 -0.701215494613976 -0.666586856057097 -0.631958217137961 -0.597329577672356 -0.562700937519645 -0.528072296574581 -0.493443654829883 -0.458815012308415 -0.424186369055667 -0.389557725125927 -0.35492908058605 -0.320300435506031 -0.285671789949038 -0.251043143950921 -0.216414497541112 -0.181785850750685 -0.147157203613318 -0.112528556171468 -0.0778999084793847 -0.0432712606297133 -0.0086426127246971
-1.03041828234877 -0.997580679154918 -0.964726143054231 -0.931838216778708 -0.898891485499063 -0.865859156475744 -0.832717882889435 -0.79944440571521 -0.766012371185468 -0.732396317825342 -0.69857744807358 -0.664538630347334 -0.630263760176743 -0.595740841543889 -0.560963853228634 -0.52594656475001 -0.490706160676981 -0.455253695039067 -0.419604345416975 -0.383795914135591 -0.347871859705846 -0.311873014110319 -0.275829703218168 -0.239764975733213 -0.203683277811339 -0.167584792312802 -0.131471251463299 -0.0953443560705718 -0.0592041319051171 -0.0230501859781207
-1.01543716892398 -0.980650735129748 -0.945864301293873 -0.911077867373754 -0.876291433353332 -0.841504999235326 -0.806718565071039 -0.77193213089839 -0.737145696653186 -0.70235926225851 -0.667572827688653 -0.632786392930711 -0.597999957965708 -0.563213522750387 -0.52842708723564 -0.493640651373242 -0.458854215142171 -0.424067778629318 -0.389281341949301 -0.354494905219731 -0.319708468558962 -0.284922032080928 -0.250135595881867 -0.215349160032126 -0.180562724516159 -0.145776289294781 -0.11098985432014 -0.076203419542555 -0.0414169849136844 -0.00663055038552386
-0.994088256658065 -0.959402989021019 -0.924717721385291 -0.890032453760105 -0.855347186116122 -0.820661918405298 -0.785976650543345 -0.751291382422866 -0.716606113880288 -0.681920844757851 -0.647235574977199 -0.612550304479835 -0.577865033242359 -0.543179761381778 -0.508494489049706 -0.473809216395778 -0.439123943561149 -0.404438670655039 -0.36975339775886 -0.33506812487474 -0.300382851984986 -0.265697579072604 -0.231012306123406 -0.196327033131182 -0.161641760118835 -0.126956487112185 -0.0922712141196306 -0.0575859411405667 -0.0229006681558171 0.0117846048584379
-0.939045524681711 -0.924038441535273 -0.904038081452148 -0.873705148255785 -0.832881734237335 -0.785351388367468 -0.745482097867207 -0.725626333043014 -0.71949005829275 -0.716398251600358 -0.706798451202701 -0.681418835399874 -0.634092699866992 -0.571073809779249 -0.501515043633813 -0.433745263715651 -0.375204051816072 -0.330597883963936 -0.30171150673373 -0.281375854644888 -0.260183409203078 -0.231834525506078 -0.202461053020102 -0.178650848893381 -0.156384306633803 -0.131182048149137 -0.107333072587046 -0.0899948269652298 -0.0790301725416469 -0.0729783241343201
-0.943444634368148 -0.909566393348857 -0.875657738393087 -0.841735115394481 -0.807826185560283 -0.773964243199612 -0.740193899715488 -0.70657015128613 -0.673178216096667 -0.640123872285891 -0.607564915800338 -0.575672147038484 -0.5445922642508 -0.514375557095749 -0.485024446055129 -0.456446283496101 -0.42853072080032 -0.401191673522074 -0.374371361076634 -0.348100954150578 -0.322433861248308 -0.297393005133245 -0.272879365604896 -0.248757972015387 -0.224871994891262 -0.201078291494317 -0.177310324852936 -0.153530901011782 -0.129743592314032 -0.10596216267749
-1.002322213635 -0.972226812449069 -0.942130161393428 -0.912041326978052 -0.88196084631108 -0.851883499762479 -0.821789570151369 -0.791624174906952 -0.761206267449631 -0.730357172955413 -0.699033867631518 -0.667227240442976 -0.63495546943639 -0.60234588898468 -0.569528554698597 -0.536535250813931 -0.503354877691205 -0.469903071564848 -0.436062007249913 -0.401653278010059 -0.366483331721095 -0.33038509513673 -0.293297410522259 -0.255210590341516 -0.21621491234088 -0.176448829595782 -0.136143531215307 -0.0955280787711714 -0.0547302876519354 -0.013852661700373
-0.96282629720665 -0.931072260628091 -0.899318224012277 -0.867564187376881 -0.83581015079936 -0.804056114328319 -0.772302077837173 -0.740548041138096 -0.708794003973485 -0.677039966098517 -0.64528592738927 -0.613531887752048 -0.581777847122341 -0.550023805552382 -0.518269763118717 -0.486515719878415 -0.45476167590399 -0.423007631349219 -0.391253586384852 -0.35949954116826 -0.32774549585347 -0.295991450580046 -0.264237405429697 -0.23248336044039 -0.200729315532992 -0.16897527063117 -0.137221225786889 -0.105467181066958 -0.0737131364692327 -0.0419590919743373
-0.983667943465657 -0.950397350740455 -0.91707971940383 -0.883671167806272 -0.850174398347631 -0.816605467852847 -0.782987266797866 -0.749342677756917 -0.715687718046376 -0.6820456949972 -0.64847594125652 -0.615046795800514 -0.581824855723666 -0.5488697505937 -0.516232253907792 -0.483934682407678 -0.451984994142561 -0.420362169146943 -0.389038900996127 -0.357991715443304 -0.327198096286143 -0.296636449329521 -0.266288868407163 -0.236135518409492 -0.206145160424875 -0.176282220060657 -0.14650518480215 -0.116775998723995 -0.0870763703802026 -0.0573929494446237
-1.04552742094404 -1.00983171751505 -0.974136014021996 -0.938440310372658 -0.902744606485085 -0.867048902291563 -0.83135319777104 -0.795657492907697 -0.759961787660013 -0.724266082003271 -0.688570376005681 -0.652874669758685 -0.61717896336742 -0.58148325699181 -0.545787550817504 -0.510091845078262 -0.474396140014383 -0.438700435844202 -0.403004732727516 -0.367309030611922 -0.331613329391964 -0.295917628946081 -0.260221929088262 -0.224526229630116 -0.18883053043817 -0.153134831402494 -0.117439132452434 -0.0817434335373346 -0.04604773464726 -0.0103520357824569
1.05344398811815 1.0116081738421 0.969797760088193 0.928020870904096 0.88631885557601 0.84475713613505 0.803464200353457 0.762586484811695 0.722279155582001 0.682675766189783 0.643814690481378 0.605710507383353 0.568364403783796 0.531723998416874 0.495742001071988 0.460445053913409 0.425866021882081 0.391988728650786 0.358783113074371 0.326212616004121 0.294239053790426 0.262816601363365 0.231868867971767 0.201318028882412 0.171111089115138 0.141200427640466 0.111535089478599 0.0820585634432864 0.0526954474727724 0.0233656167864272
-1.02796955583635 -0.991593999580155 -0.955192169057589 -0.918743752751373 -0.882256316453861 -0.845750842554568 -0.809274102522025 -0.772877615147955 -0.736606099437842 -0.70050564281251 -0.664634606140384 -0.629054418651792 -0.593818114818885 -0.558945150081132 -0.524437598702398 -0.49026158927684 -0.456388682470657 -0.42284811290793 -0.389672121088453 -0.356847297056979 -0.324348818244503 -0.29214942099484 -0.260212077303088 -0.228499149684943 -0.196980327087209 -0.16562123128747 -0.134363888955325 -0.103152145280349 -0.0719607146400033 -0.0407720287087254
-1.00367305915366 -0.968457503479786 -0.933241947867068 -0.898026392373832 -0.862810837046214 -0.827595281949748 -0.792379727239746 -0.757164173099401 -0.721948619733655 -0.686733067342371 -0.651517516083355 -0.616301966103898 -0.581086417484771 -0.545870870040657 -0.510655323549239 -0.475439777906286 -0.440224233055165 -0.405008689011542 -0.369793145808792 -0.334577603478811 -0.299362062053125 -0.264146521568207 -0.228930982080302 -0.193715443626845 -0.158499906150259 -0.123284369567425 -0.0880688337880777 -0.0528532986930661 -0.0176377640548404 0.0175777703812481
-1.03586515564908 -0.992170570308303 -0.948776367807552 -0.906006976137089 -0.863959585520764 -0.822714990345776 -0.782515639419155 -0.743639292622404 -0.706343299715082 -0.670841984913038 -0.637197980379214 -0.605435995263331 -0.575507923244502 -0.547074396119428 -0.519714181602803 -0.492969852963704 -0.46635536994748 -0.439306432650208 -0.411337962153918 -0.382360023133739 -0.352381466163077 -0.321482055578666 -0.290025210770553 -0.258353371931955 -0.226441407415436 -0.194154090633326 -0.161283387077657 -0.127675226285024 -0.0934642018905592 -0.0588570735540303
-1.08230335339293 -1.04267249634431 -1.00305198145694 -0.963474798394644 -0.924024030638903 -0.884796961633836 -0.845897580856584 -0.80742101659149 -0.76942024631867 -0.731928023732794 -0.694938358190967 -0.658435572965903 -0.622392226269395 -0.586733816069553 -0.551385600471102 -0.516318938368901 -0.481520926911617 -0.446995515473006 -0.412752637817803 -0.378809313049571 -0.345184331606577 -0.311890360047423 -0.278915569412041 -0.246239898738578 -0.213834854576722 -0.181673575143071 -0.149744157810343 -0.118027184918176 -0.0864582195177932 -0.0549615698383111
-1.00113998160889 -0.966346758264596 -0.931553534973918 -0.896760311788507 -0.861967088779832 -0.827173866049212 -0.792380643797538 -0.757587422229998 -0.722794201469404 -0.688000981621708 -0.65320776280783 -0.618414545152431 -0.583621328751571 -0.548828113586923 -0.514034899596411 -0.479241686657379 -0.444448474645473 -0.40965526349015 -0.374862053129032 -0.340068843478588 -0.305275634450001 -0.270482425946572 -0.235689217840072 -0.200896009998878 -0.166102802309306 -0.131309594645452 -0.0965163868146113 -0.0617231786639694 -0.0269299702670943 0.00786323824585148
-1.01348467136309 -0.97803601665701 -0.942587361883764 -0.907138706981582 -0.871690051856045 -0.836241396397287 -0.8007927404663 -0.765344083904143 -0.729895426501291 -0.694446768069471 -0.65899810855603 -0.623549447942214 -0.588100786230307 -0.552652123506723 -0.517203459887601 -0.481754795523826 -0.446306130579577 -0.410857465237446 -0.375408799679498 -0.339960134067289 -0.304511468557244 -0.269062803268767 -0.233614138173162 -0.19816547322403 -0.162716808452247 -0.127268143889453 -0.0918194794930798 -0.0563708152060629 -0.0209221509875792 0.0145265131991351
-1.01078458990366 -0.978200289094235 -0.94563920897687 -0.913122222545555 -0.880640437388717 -0.848170690198389 -0.815662499486578 -0.783059682343722 -0.750310568353985 -0.717374121793972 -0.684247333216301 -0.650936699742599 -0.617444688040702 -0.583757642963288 -0.549857560751538 -0.515725165015795 -0.481344019669562 -0.44671032246981 -0.41183012004866 -0.376736220695375 -0.341468123113502 -0.306061567000154 -0.2705372560267 -0.234913709010748 -0.199215741380609 -0.163469268485395 -0.127698308746728 -0.0919225033478629 -0.0561458814460728 -0.0203685691921371
-0.994251400266675 -0.961229174893282 -0.928206949446393 -0.895184723806799 -0.86216249785837 -0.829140271488126 -0.796118044592607 -0.763095817079594 -0.730073588892287 -0.697051359976165 -0.664029130250386 -0.631006899627527 -0.597984668020426 -0.56496243534296 -0.531940201486637 -0.49891796625244 -0.465895729474766 -0.432873491212179 -0.399851251583029 -0.36682901072064 -0.333806768762078 -0.30078452584603 -0.267762282117659 -0.234740037740986 -0.201717792948997 -0.16869554795853 -0.135673302852861 -0.10265105768367 -0.0696288125098023 -0.0366065673918949
1.05508952114017 1.0174320655179 0.979774609892135 0.942117154289074 0.904459698744401 0.866802243299439 0.829144788008573 0.791487332917387 0.753829878023188 0.716172423284903 0.678514968556235 0.640857513664578 0.603200058462094 0.565542602900013 0.527885146954814 0.490227690604896 0.452570233812781 0.414912776475562 0.377255318488096 0.33959785980173 0.301940400381932 0.26428294021367 0.226625479359897 0.188968017898219 0.151310555886844 0.113653093392957 0.0759956305390326 0.0383381674474866 0.000680704185217577 -0.0369767591947562
1.05623343862711 1.00682351409707 0.957688428312671 0.908971999455487 0.860724314903798 0.813051251490627 0.766375574671223 0.721209855087709 0.678108995507474 0.637468840600709 0.599006670523538 0.562270124303564 0.526861510687238 0.492601817296391 0.459377708260336 0.427119874862949 0.395745313571261 0.365072214430392 0.33484561179596 0.304616723687524 0.273888314040623 0.242224363740743 0.209433721473159 0.175349198565819 0.139654589117589 0.10210656316351 0.0629023117123916 0.0223668894442369 -0.0191037152499557 -0.0610957805514387
0.996487988602317 0.961725830056769 0.926963671513216 0.892201513003177 0.857439354579743 0.822677196308972 0.787915038287211 0.753152880597031 0.718390723235628 0.683628566173063 0.648866409356242 0.614104252726282 0.579342096200443 0.544579939600547 0.509817782751521 0.475055625586142 0.440293468086674 0.405531310325476 0.370769152390816 0.336006994344506 0.301244836241743 0.266482678097119 0.231720519762804 0.196958361092126 0.162196202105459 0.127434042868664 0.0926718834624909 0.0579097239608967 0.0231475643957675 -0.0116145952115278
0.957074705871535 0.925043433500745 0.893011458122319 0.860981891549353 0.828954965189954 0.796933358568413 0.764932424078742 0.732969997123173 0.7010611722671 0.669219030622521 0.637451340324702 0.605764541264723 0.574165435279808 0.542662271991742 0.511264039819271 0.479981234584407 0.44882407991842 0.417800203286328 0.386915244574145 0.356169489518103 0.325561885316988 0.295085564974705 0.264710404715635 0.234404085112251 0.204148760908927 0.173929806678912 0.143731002139069 0.113537871102029 0.0833445086198776 0.0531471525545662
-0.987533051160684 -0.922019062076055 -0.859107370636391 -0.804947449605268 -0.769083138053397 -0.757838827977765 -0.761266756773308 -0.766503310779728 -0.765293626717838 -0.751751058008494 -0.724853074491626 -0.684793175111931 -0.632730430013282 -0.573686194136276 -0.514108371352443 -0.462288776460349 -0.424187300597366 -0.394592229329057 -0.3670349229351 -0.34119064612344 -0.318270639709088 -0.299194769827562 -0.283717403896405 -0.269638170874445 -0.248103244603616 -0.210379017883236 -0.154866214459045 -0.0827077323709617 0.00111916411079004 0.0906786191584127
-0.958141851483908 -0.927319316029866 -0.896512881513053 -0.865752531418105 -0.835052194515379 -0.804416202046353 -0.77382654985127 -0.743262755735878 -0.712716760769185 -0.682179693894058 -0.651627012285554 -0.621030255176774 -0.590344553797487 -0.559459407364123 -0.528248912290097 -0.496591185790092 -0.464364730528371 -0.431445570166239 -0.397741222889875 -0.36328766398791 -0.328152983024591 -0.292397111005482 -0.256047344701418 -0.219129269387423 -0.181694258590001 -0.143800528112417 -0.105507874613518 -0.0668877337483634 -0.028056516301291 0.010858123161043
-0.997009508882414 -0.963594739042395 -0.930179969228739 -0.89676519949256 -0.863350429937323 -0.829935660662112 -0.796520891696116 -0.763106123042896 -0.729691354673384 -0.696276586544352 -0.662861818588561 -0.629447050732767 -0.596032282867136 -0.562617514735464 -0.529202746058444 -0.495787976610722 -0.462373206214893 -0.428958434831375 -0.395543662461677 -0.362128889133847 -0.328714114882564 -0.295299339755305 -0.261884563850741 -0.228469787287972 -0.195055010216635 -0.161640232773664 -0.12822545501464 -0.0948106769854052 -0.0613958987742061 -0.0279811204798886
0.930048822965901 0.918420488582425 0.906384159820703 0.893128554005888 0.877782063188166 0.859434937965919 0.83708518840529 0.809868245956603 0.777561468139167 0.740363512376304 0.699516309638392 0.656522609282577 0.612658871923411 0.568296403205067 0.523627750889304 0.479035586178614 0.434997833674305 0.392183308132218 0.351209058356766 0.312294179192107 0.275558276992338 0.240933136326587 0.207599254624104 0.174710817019393 0.142068046607855 0.109406593972381 0.0755577816849536 0.0394713493915273 0.00147503304486099 -0.0377589323255851
