-0.988787669556035 -0.955801629716716 -0.922815589953391 -0.88982955030329 -0.856843510744635 -0.823857471231724 -0.790871431682147 -0.75788539200794 -0.724899352135611 -0.691913311999158 -0.658927271548066 -0.625941230735692 -0.592955189518328 -0.559969147864001 -0.526983105757857 -0.493997063241753 -0.46101102037141 -0.42802497720128 -0.395038933756666 -0.362052889947547 -0.329066845655073 -0.296080800766261 -0.263094755191602 -0.23010870886141 -0.197122661761833 -0.164136613917875 -0.131150565454125 -0.0981645165263447 -0.0651784673153926 -0.0321924180084021
-0.973039785900294 -0.939771474284782 -0.906503162574303 -0.873234850659042 -0.83996653845165 -0.806698225912718 -0.773429913172117 -0.740161600404658 -0.706893287795624 -0.673624975507567 -0.640356663601639 -0.607088352113646 -0.573820041068528 -0.540551730447768 -0.507283420235405 -0.474015110469163 -0.440746801200606 -0.407478492482979 -0.374210184364899 -0.340941876874769 -0.307673570035938 -0.27440526383935 -0.241136958146321 -0.207868652803409 -0.174600347727769 -0.141332042843886 -0.108063738034986 -0.0747954331922006 -0.0415271282795601 -0.00825882327931881
-1.02316343709765 -0.984223305995647 -0.945268482208857 -0.906267187384697 -0.867213716945785 -0.828108579624247 -0.788951063615036 -0.749735157863297 -0.710434874852124 -0.671066129366409 -0.631832421860291 -0.592984149205219 -0.554780854792641 -0.517518668093986 -0.481461299407037 -0.446706196254987 -0.413280334450402 -0.3810950657379 -0.350012861120321 -0.319816292701325 -0.290267957859779 -0.2611328447626 -0.232185504728913 -0.203237497593809 -0.174238854104043 -0.14517937956018 -0.116069506566369 -0.0869250871672295 -0.0577630238656791 -0.0286004817792111
-0.970054020080584 -0.935351239735937 -0.900648459349122 -0.86594567888098 -0.831242898342464 -0.79654011776406 -0.761837337204255 -0.727134556724846 -0.69243177637284 -0.657728996189541 -0.623026216208236 -0.588323436460207 -0.553620656984414 -0.51891787785055 -0.484215099142455 -0.449512320969845 -0.414809543435658 -0.380106766589853 -0.345403990447285 -0.310701214935369 -0.275998439959659 -0.241295665406468 -0.206592891085144 -0.171890116805137 -0.137187342453274 -0.102484567954874 -0.067781793311856 -0.033079018551757 0.00162375627202297 0.0363265310996172
-1.04288643259705 -1.00793813933699 -0.972989846117246 -0.93804155295231 -0.903093259845917 -0.868144966831185 -0.833196674069552 -0.798248381743355 -0.763300089990224 -0.72835179893332 -0.693403508682657 -0.658455219344959 -0.62350693103181 -0.588558643874232 -0.553610358004808 -0.51866207354292 -0.483713790622574 -0.448765509449463 -0.413817230238694 -0.378868953171323 -0.343920678419897 -0.30897240608954 -0.274024136015688 -0.23907586793384 -0.204127601449416 -0.169179336146438 -0.134231071653381 -0.0992828076495406 -0.0643345439730295 -0.0293862805016638
-0.974908244760466 -0.944092717602909 -0.912960332864941 -0.880976336469406 -0.847956240194514 -0.81391295023933 -0.779298684630974 -0.744692474544136 -0.71074129191573 -0.677987989064704 -0.646490999075919 -0.61618765022571 -0.587058726828835 -0.559258837353731 -0.532763757661267 -0.506660109028358 -0.479829988454567 -0.451226550414009 -0.419924861575239 -0.385416579910028 -0.347297511215949 -0.305283044495394 -0.259566901570027 -0.210609607538197 -0.159460567785714 -0.10710133606318 -0.0536531792928971 0.000919990222754742 0.0564233918328041 0.112604527799131
-1.04219893637181 -1.00371524716326 -0.965260810337271 -0.92687853427085 -0.888601171245347 -0.850458827011825 -0.812481177295837 -0.774702903065774 -0.737179136286884 -0.699960269554351 -0.663057286986234 -0.626471320581312 -0.590203435083124 -0.554254426214232 -0.518628815461752 -0.483346296391953 -0.448418049755645 -0.413806032962616 -0.379467330499657 -0.345388758502593 -0.311564566019503 -0.277990832506075 -0.244670959048426 -0.211603565491192 -0.178760825082662 -0.146108094027991 -0.113609906956133 -0.0812284685657055 -0.0489174854101731 -0.0166285395067115
-1.00944874341711 -0.974068469171526 -0.938688194995313 -0.903307920949008 -0.86792764705643 -0.832547373316384 -0.797167099664344 -0.761786825995571 -0.726406552107833 -0.691026277798513 -0.655646002960969 -0.620265727512549 -0.584885451398121 -0.549505174672625 -0.514124897423895 -0.478744619761281 -0.44336434180006 -0.407984063657695 -0.372603785430327 -0.337223507126591 -0.301843228733251 -0.266462950253657 -0.231082671757516 -0.195702393332992 -0.160322115075728 -0.124941837068068 -0.0895615593316867 -0.0541812818592657 -0.0188010045881704 0.0165792725580625
-1.00174366422675 -0.967300936904062 -0.932858209596472 -0.898415482300877 -0.863972755022111 -0.829530027771859 -0.795087300581289 -0.760644573491118 -0.72620184656078 -0.691759119844386 -0.657316393356051 -0.622873667099891 -0.588430941084468 -0.553988215336146 -0.519545489901167 -0.485102764887499 -0.450660040389859 -0.416217316388228 -0.381774592826424 -0.347331869618348 -0.312889146670421 -0.278446423889163 -0.244003701181481 -0.209560978442472 -0.1751182555196 -0.140675532273653 -0.106232808666341 -0.0717900847083933 -0.0373473605056809 -0.00290463618785998
1.00599513598471 0.970074429720123 0.934155594689297 0.898240389805447 0.862331419616058 0.826432060121657 0.790547927500676 0.754683949692989 0.718840061506318 0.683017575789043 0.647228310684344 0.611486710659099 0.575804700812039 0.540184128769315 0.504623196000952 0.469115596825061 0.433655465721398 0.39824320496819 0.362881161369046 0.327573192030618 0.292323531635315 0.257136527357208 0.222016976337008 0.186968108150579 0.15198643214776 0.117065633667719 0.0821948222329422 0.0473616908164184 0.0125528420098248 -0.02224539419049
-1.13295190214057 -1.0717156088375 -1.01045033241666 -0.949074129666487 -0.888333872469709 -0.829242007142012 -0.773044462636545 -0.721299183566951 -0.676578694551385 -0.640951779517321 -0.613457679625013 -0.592378250342908 -0.575378441999635 -0.557655584364549 -0.534839334442899 -0.506756278742795 -0.474323802671057 -0.438625557726488 -0.400787264108596 -0.361936650727713 -0.323201948671875 -0.28563463137646 -0.249979141666198 -0.216652602592034 -0.185069888720409 -0.15453623754217 -0.124920586730298 -0.0961986609421083 -0.068209632590116 -0.0407585360256375
-1.00532326953103 -0.970804165291419 -0.936285060988837 -0.901765956539827 -0.867246851648432 -0.832727745939904 -0.798208638936842 -0.76368953021395 -0.729170419657004 -0.69465130723232 -0.660132192917297 -0.625613076692107 -0.591093958520542 -0.55657483830087 -0.522055715968863 -0.487536591675814 -0.45301746558238 -0.418498337671155 -0.383979207950784 -0.349460076712178 -0.314940944316812 -0.280421811113984 -0.245902677404271 -0.211383543436432 -0.17686440930065 -0.142345275049453 -0.107826140743325 -0.0733070064363997 -0.0387878721494602 -0.00426873789495373
-1.03437247321899 -0.997813795472876 -0.961255117900105 -0.924696440687618 -0.888137763990368 -0.8515790879478 -0.815020412669332 -0.778461738251482 -0.741903064769214 -0.705344392265072 -0.668785720673484 -0.632227049901845 -0.595668379850247 -0.559109710389564 -0.522551041412583 -0.485992372928974 -0.449433704998183 -0.412875037761888 -0.376316371378301 -0.339757705989547 -0.303199041733726 -0.26664037871088 -0.230081716868811 -0.193523056107988 -0.15696439629177 -0.120405737271912 -0.0838470788908517 -0.0472884209867534 -0.0107297633899916 0.0258288940710065
-0.960307618985105 -0.928846292134328 -0.897384965274074 -0.865923638484315 -0.834462311945642 -0.803000985860239 -0.771539660416043 -0.740078335774832 -0.708617012008009 -0.677155689157026 -0.645694367233896 -0.614233046243272 -0.582771726183557 -0.551310407028145 -0.519849088745523 -0.488387771309536 -0.456926454700657 -0.425465138920491 -0.394003823973937 -0.362542509857938 -0.331081196567445 -0.299619884104706 -0.268158572501153 -0.236697261777804 -0.205235951884831 -0.173774642740064 -0.142313334202795 -0.110852026121758 -0.0793907183619917 -0.0479294107926097
0.985191362271734 0.953965666424882 0.922686408963318 0.891298817786758 0.859762433523943 0.828040529319992 0.796096995656494 0.763895119959931 0.731395160099885 0.698566803705129 0.665420486998077 0.631976833349556 0.598261042984488 0.56431662354418 0.53018478364392 0.495879228378535 0.461404207118171 0.426753649854704 0.391916044134912 0.356868427103446 0.321584973304423 0.286052052137018 0.250304812420637 0.214390969651192 0.178359726610383 0.142254560040794 0.106094555242729 0.0698925848911382 0.0336610626018097 -0.00258771277425788
-0.99293279506616 -0.95822330800738 -0.923513820975415 -0.888804334016155 -0.854094847302327 -0.819385361018949 -0.784675875273354 -0.749966390136052 -0.715256905607949 -0.680547421671375 -0.645837938303973 -0.61112845548221 -0.576418973203598 -0.541709491549811 -0.507000010612918 -0.472290530442414 -0.437581051055005 -0.402871572378849 -0.36816209431583 -0.333452616751315 -0.298743139566537 -0.264033662612062 -0.229324185615764 -0.194614708293428 -0.15990523043515 -0.125195751905698 -0.0904862727942081 -0.055776793251709 -0.0210673134524376 0.0136421664235675
-0.968849140517681 -0.939816593138106 -0.910831279163237 -0.881891490785734 -0.852937272669886 -0.823875758118598 -0.794540682517606 -0.764742727081062 -0.734273754253969 -0.702956361213769 -0.670754902836801 -0.637669173424129 -0.60372661150177 -0.569065232495547 -0.533826495898608 -0.498055060573598 -0.461767622669797 -0.424965828113544 -0.387665902642559 -0.349957441463041 -0.311948382148309 -0.27375936174328 -0.235561815179268 -0.197518685696347 -0.159708151883255 -0.122174805886336 -0.0849136587337227 -0.0478950449101835 -0.0110401738452456 0.0257420262953739
-1.00274988453431 -0.968411939610061 -0.934073994689664 -0.899736049836117 -0.865398105097817 -0.831060160502741 -0.796722216011791 -0.762384271594517 -0.728046327322149 -0.69370838325586 -0.659370439314906 -0.625032495383067 -0.590694551321188 -0.556356606898375 -0.522018661875055 -0.487680716068691 -0.453342769350238 -0.419004821747602 -0.384666873322307 -0.350328924113404 -0.31599097415433 -0.281653023475016 -0.247315072091386 -0.212977120027568 -0.178639167354525 -0.14430121416985 -0.109963260630836 -0.0756253068940058 -0.0412873530531093 -0.00694939918620083
-1.03727195495269 -1.0004675200958 -0.9636630852059 -0.926858650228097 -0.890054215139451 -0.853249779922722 -0.816445344551522 -0.779640908999255 -0.742836473247635 -0.706032037286027 -0.669227601126088 -0.632423164785048 -0.595618728295061 -0.558814291747993 -0.522009855247864 -0.485205418887605 -0.448400982764315 -0.411596547002848 -0.374792111707049 -0.337987676868991 -0.3011832424528 -0.264378808421714 -0.227574374735409 -0.190769941350155 -0.153965508212141 -0.11716107524713 -0.0803566423092541 -0.0435522092706617 -0.00674777614719766 0.030056657009369
-0.973904247023304 -0.941593632779537 -0.909283018547991 -0.876972404261638 -0.844661789729231 -0.812351174738284 -0.780040559115555 -0.747729942724305 -0.715419325534542 -0.683108707562436 -0.650798088902053 -0.618487469666936 -0.586176849946364 -0.553866229732576 -0.521555609039293 -0.489244988063212 -0.456934367039459 -0.424623746173889 -0.39231312564062 -0.360002505516104 -0.327691885852373 -0.295381266684722 -0.263070647981491 -0.230760029690409 -0.198449411743736 -0.166138794063289 -0.133828176544599 -0.101517559093149 -0.0692069416805187 -0.036896324294809
-1.03668375561092 -0.999978739847264 -0.963273724110854 -0.926568708425812 -0.889863692877874 -0.853158677535474 -0.816453662336222 -0.779748647177619 -0.743043631927567 -0.706338616471596 -0.669633600795337 -0.632928584909447 -0.596223568789932 -0.559518552274182 -0.5228135351949 -0.486108517504635 -0.449403499183399 -0.412698480201199 -0.375993460539526 -0.339288440235808 -0.302583419341457 -0.265878397919157 -0.229173376076682 -0.192468353932249 -0.155763331600778 -0.119058309188578 -0.08235328677083 -0.0456482644045315 -0.00894324210508204 0.0277617801225191
-1.06598321162089 -1.02910019953355 -0.992217187442879 -0.955334175373363 -0.918451163346046 -0.881568151360865 -0.844685139336761 -0.807802127187591 -0.770919114887908 -0.734036102425473 -0.697153089780207 -0.660270076930071 -0.623387063846271 -0.586504050472981 -0.549621036750562 -0.512738022631126 -0.475855008078618 -0.438971993092549 -0.402088977683149 -0.36520596186794 -0.328322945666267 -0.291439929092924 -0.254556912144492 -0.2176738948286 -0.180790877215263 -0.143907859380447 -0.107024841361523 -0.0701418231919618 -0.0332588049282061 0.00362421336755624
-0.957124774945446 -0.927179951490937 -0.897276362879506 -0.867440684773136 -0.837675457890718 -0.807973801848015 -0.778315286791363 -0.748666373122342 -0.718954631732931 -0.689087247068905 -0.65892874730084 -0.628332996530509 -0.597173731649028 -0.56540418070488 -0.533014468832589 -0.500062818353488 -0.466614294077469 -0.432693233581876 -0.398317789866772 -0.363522104855649 -0.328344317702856 -0.292831292342787 -0.257064791830011 -0.221127738206552 -0.185072790344074 -0.148948082612159 -0.112813914542439 -0.0767220051383895 -0.040677586128835 -0.00467426742393509
-1.01148245866287 -0.976635693603301 -0.941788928460318 -0.906942163157566 -0.872095397658849 -0.837248631948684 -0.802401866054272 -0.767555099991947 -0.732708333691876 -0.697861567070223 -0.663014800073305 -0.62816803265498 -0.593321264776126 -0.558474496425729 -0.523627727607258 -0.488780958354027 -0.453934188678656 -0.419087418481145 -0.384240647645582 -0.349393876105044 -0.314547103804849 -0.279700330725212 -0.244853556985912 -0.210006782755927 -0.175160008261457 -0.140313233725126 -0.105466459298021 -0.0706196850784784 -0.0357729110253661 -0.000926137062683637
-0.953450617284992 -0.9212694645701 -0.889088311839228 -0.856907159080924 -0.824726006313929 -0.792544853584012 -0.760363701014873 -0.728182548721951 -0.696001396709739 -0.663820244951223 -0.631639093404318 -0.599457942023172 -0.567276790777826 -0.535095639701886 -0.502914488823444 -0.470733338084957 -0.438552187419418 -0.406371036807605 -0.374189886229616 -0.34200873561505 -0.309827584880881 -0.277646433935814 -0.245465282655479 -0.213284130943632 -0.181102978849616 -0.148921826449904 -0.116740673783913 -0.084559520884996 -0.0523783677993056 -0.020197214576195
-0.937666222103301 -0.899164442448757 -0.862225026238848 -0.828241295057891 -0.797576853709028 -0.769919044139297 -0.743279873652507 -0.715642466134462 -0.686549746442194 -0.655934493070589 -0.623729098094746 -0.589865856984812 -0.554490250419749 -0.518600499913751 -0.483359108739692 -0.449732966369917 -0.418359162112531 -0.388751198419204 -0.360208114948383 -0.332294687042061 -0.304642123963116 -0.276687187168179 -0.247088846888879 -0.214071656867561 -0.17490029611443 -0.12739236913862 -0.0725370571771093 -0.0122162417475158 0.0512889712378508 0.115597669768007
-0.821565153794456 -0.896749011884337 -0.932923593066372 -0.918955106238047 -0.866268559453816 -0.793966814253456 -0.729305346961057 -0.691425746971942 -0.658861441182028 -0.609939110897271 -0.562766617563176 -0.545397117660131 -0.570152436387317 -0.586429073819066 -0.544540977336155 -0.461397208669991 -0.371505450334264 -0.313172753621187 -0.31287099635646 -0.345931993721208 -0.374902545235415 -0.365424874264061 -0.295522899552129 -0.16488334022477 -0.0474624215478099 -0.0154007245543918 -0.0593067472062389 -0.134380869407471 -0.135723081903218 0.056591721851144
-0.990831732596754 -0.95609513036977 -0.921358528026921 -0.886621925443511 -0.8518853225222 -0.817148719192074 -0.782412115460564 -0.747675511349868 -0.712938906862913 -0.678202301973508 -0.643465696558264 -0.60872909046949 -0.57399248358554 -0.539255875888951 -0.504519267389743 -0.469782658103683 -0.435046048038554 -0.400309437164441 -0.36557282546852 -0.330836213044022 -0.296099600010694 -0.261362986480167 -0.226626372531611 -0.191889758245631 -0.157153143741026 -0.122416529125909 -0.0876799144274539 -0.0529432996540574 -0.0182066848199515 0.0165299300591735
-0.966199167008614 -0.919045656854639 -0.880057497589677 -0.850999926552575 -0.829389556313396 -0.812165628437269 -0.798206525238365 -0.785537235547875 -0.76683003351603 -0.735665890592964 -0.694613282109388 -0.648487559366156 -0.602409110595703 -0.562718471756779 -0.533497003580504 -0.508569218161175 -0.480751494749273 -0.449084529856839 -0.413935214293643 -0.374750898798818 -0.330749049093835 -0.281473751526997 -0.227775574953925 -0.171478104202784 -0.116990505484578 -0.0697967530713113 -0.0370944720961329 -0.0243694751478589 -0.0285466737768246 -0.0444107542737451
-0.988797741024097 -0.957073639391115 -0.925359358588314 -0.893657656786052 -0.861957611500138 -0.830247265949903 -0.798524206823322 -0.766777954429044 -0.734956220089767 -0.703001768384416 -0.670879385902758 -0.638559364737269 -0.606017461882512 -0.573251293941407 -0.540256734149141 -0.507000822661633 -0.473444883636892 -0.439556210320543 -0.405314395368333 -0.370742259988861 -0.335873432528942 -0.300735821450283 -0.265334455674157 -0.229677546447262 -0.193808913858407 -0.157781657006652 -0.121650382189955 -0.0854650871997831 -0.049255828602758 -0.0130476776592889
1.01881313478136 0.98315910453046 0.947513635765965 0.911884105271502 0.876276767597896 0.840698657581728 0.80516105343539 0.769675039174116 0.734246678648691 0.698879229289558 0.663569743010241 0.628313720345036 0.593106951573662 0.557946385957522 0.522830478253496 0.48776254621867 0.452746393198166 0.417782901889032 0.382871070390453 0.348005279058242 0.313178753812365 0.278385019212364 0.243618794376082 0.208875201958009 0.174149784200921 0.139438891069452 0.104741683827377 0.0700574681605997 0.0353833161443996 0.000715741451397787
-0.985030241578548 -0.951176414905846 -0.917364077806281 -0.883656290163211 -0.850226521433044 -0.817288867505763 -0.785109520432615 -0.753878407619855 -0.723428301732518 -0.693540243606088 -0.664145501499062 -0.635212900525689 -0.606633947230304 -0.577990873877581 -0.548769551250963 -0.518379678488622 -0.486299723549565 -0.452359401321403 -0.416494220316664 -0.37871161661893 -0.339037008204546 -0.297560767503123 -0.254633084757322 -0.210672320396836 -0.166109697786448 -0.12130318118579 -0.0763048354988343 -0.0310939394336247 0.0143354737298448 0.0599856820685927
-1.03582644963224 -1.00021243717127 -0.964598424729962 -0.928984412398106 -0.893370400247439 -0.857756388360514 -0.822142376881215 -0.786528365986961 -0.750914355927965 -0.715300346956829 -0.679686339262926 -0.644072333019818 -0.608458328371405 -0.572844325342925 -0.537230323923041 -0.501616324072769 -0.46600232569361 -0.430388328476666 -0.394774332048863 -0.359160335990833 -0.323546339871635 -0.287932343332837 -0.252318346306038 -0.216704348793461 -0.181090350789782 -0.145476352319739 -0.109862353535863 -0.0742483546027861 -0.0386343556057541 -0.00302035661016438
-1.01682741405197 -0.981707030484307 -0.946586646846468 -0.911466263065966 -0.876345879014059 -0.841225494534142 -0.806105109414385 -0.77098472346343 -0.735864336627032 -0.700743948885521 -0.665623560220436 -0.630503170613619 -0.595382780047894 -0.56026238851002 -0.525141996009777 -0.490021602645102 -0.45490120852931 -0.419780813749083 -0.384660418403733 -0.349540022669737 -0.314419626742861 -0.279299230829641 -0.244178835179682 -0.209058440016653 -0.173938045417416 -0.138817651384873 -0.103697257772894 -0.0685768644137209 -0.0334564712021135 0.00166392195153915
1.0107116170134 0.97558061543731 0.940455901706486 0.905345688989989 0.870253288019106 0.835181022883528 0.800132173544339 0.765112242452141 0.730134666144228 0.695214063143314 0.660361845827115 0.625588625037097 0.590901760823654 0.556295610072889 0.521762016122564 0.487295771281359 0.452893996848068 0.418560181111044 0.384297733424678 0.35010338041796 0.315972178038529 0.281897715809904 0.247867717559108 0.213869915453725 0.179897940720059 0.145946331568866 0.112007355089999 0.0780736316370343 0.0441414657393562 0.0102080829702996
-0.999955118573018 -0.965156027964812 -0.93035622194985 -0.895555532944469 -0.860752868634118 -0.825945955281834 -0.79112871819187 -0.756294524922135 -0.721438313003923 -0.686555231631118 -0.65163970667457 -0.616685983174369 -0.58168835979313 -0.546641349683563 -0.511540350788811 -0.47638408572363 -0.441173495413786 -0.405915069357459 -0.370616295742574 -0.335283108943621 -0.299921054881733 -0.26453624556117 -0.229137057318694 -0.193732403881051 -0.158331084202431 -0.122940624094234 -0.0875635715692706 -0.0522002711136714 -0.0168472309054271 0.0184999999545063
-1.04014446174 -1.00300380252302 -0.965863143380941 -0.928722484381766 -0.891581825497425 -0.854441166679662 -0.817300507895535 -0.780159849134122 -0.743019190457276 -0.705878531920124 -0.668737873478134 -0.631597215061853 -0.594456556612468 -0.557315898113715 -0.520175239575732 -0.483034581071735 -0.445893922697584 -0.408753264576657 -0.371612606831939 -0.334471949557331 -0.297331292839463 -0.260190636748724 -0.223049981290541 -0.185909326445798 -0.148768672162182 -0.111628018371384 -0.0744873649743414 -0.0373467118641846 -0.000206058933594154 0.036934593924863
-1.05208078417354 -1.01484175695766 -0.977602729634769 -0.940363702151486 -0.90312467444215 -0.865885646433808 -0.828646618036571 -0.79140758918142 -0.754168559899737 -0.716929530248282 -0.679690500284902 -0.642451470067718 -0.605212439657705 -0.567973409127254 -0.530734378547423 -0.493495347972522 -0.456256317457021 -0.419017287072779 -0.381778256898277 -0.344539227021084 -0.307300197531043 -0.270061168508455 -0.232822139995455 -0.195583112030049 -0.158344084671912 -0.121105057945387 -0.0838660317118374 -0.0466270058007777 -0.00938798007731439 0.0278510455845483
-1.03349375469714 -0.993736137588966 -0.954037796782776 -0.914439890769686 -0.874954339300582 -0.835591992644622 -0.796388661884262 -0.757399457744769 -0.718731728709329 -0.680486024095502 -0.642683458800433 -0.60532528911616 -0.568418657759255 -0.531994253144434 -0.496083564256966 -0.460697736666202 -0.42583979470835 -0.391500621202966 -0.35766153229694 -0.324277718963151 -0.291297840880975 -0.258676781475961 -0.22639431915835 -0.194424903478565 -0.162696773563096 -0.131128159705972 -0.0996434672953438 -0.06818003467938 -0.0367207569522134 -0.00525991839446725
-1.03052457892347 -0.923578505877365 -0.843254089065795 -0.80345241970516 -0.791709532378043 -0.791238455733982 -0.794325251324146 -0.79467481946939 -0.782594382667676 -0.750028752255536 -0.698870772746681 -0.633500296949113 -0.56042950852081 -0.494699914519637 -0.449891226605298 -0.425206651444964 -0.41449825885506 -0.40459007624157 -0.384129633805556 -0.356086515338838 -0.327010818030928 -0.301008494744472 -0.272408921034649 -0.234878446685551 -0.189207895704367 -0.139059710589628 -0.0924583335821267 -0.0568906173555009 -0.0333310565725007 -0.0211260563931541
-0.96615383401077 -0.933757831474558 -0.901361829000406 -0.868965826626461 -0.836569824297728 -0.804173821902128 -0.771777819192395 -0.739381815887139 -0.706985811703648 -0.674589806407178 -0.642193799956183 -0.609797792357415 -0.577401783616632 -0.545005773735602 -0.512609762725567 -0.480213750639628 -0.447817737529601 -0.41542172340029 -0.383025708224 -0.350629691890041 -0.318233674266978 -0.285837655250477 -0.253441634844622 -0.221045613137478 -0.188649590444614 -0.156253567124052 -0.12385754347612 -0.0914615197452946 -0.0590654960103345 -0.026669472308569
-1.03372228125551 -0.996729547242487 -0.959736813141586 -0.922744078847877 -0.88575134435845 -0.848758609708373 -0.811765874982607 -0.774773140261618 -0.737780405557996 -0.700787670882314 -0.663794936304958 -0.62680220191127 -0.589809467773679 -0.552816733912967 -0.515824000355618 -0.478831267202569 -0.441838534574165 -0.40484580259394 -0.367853071354813 -0.33086034082407 -0.293867610937587 -0.25687488163392 -0.219882152862342 -0.182889424580165 -0.145896696766139 -0.108903969388416 -0.0719112423513246 -0.0349185155481589 0.00207421110810104 0.0390669376995536
-1.01992493076721 -0.984731534879428 -0.949538138909315 -0.914344742769354 -0.879151346399492 -0.843957949756146 -0.808764552834175 -0.773571155621341 -0.738377758038591 -0.703184359992674 -0.667990961400369 -0.632797562180961 -0.597604162256377 -0.562410761559109 -0.527217360033171 -0.492023957658107 -0.456830554448121 -0.421637150520518 -0.386443745997257 -0.351250340915795 -0.316056935292465 -0.280863529158277 -0.245670122602951 -0.210476715717841 -0.175283308542142 -0.140089901108443 -0.104896493475075 -0.0697030857028585 -0.0345096778368291 0.000683730081924435
0.972593621891735 0.939784371998219 0.906975122126984 0.874165872362412 0.841356622793146 0.808547373509326 0.775738124602822 0.742928876175511 0.710119628367571 0.677310381301904 0.644501134993995 0.611691889432479 0.578882644595732 0.546073400421114 0.513264156831087 0.480454913729544 0.447645671039145 0.414836428776168 0.382027186976262 0.349217945658927 0.31640870483963 0.283599464518167 0.250790224631674 0.217980985107213 0.185171745894226 0.152362506921838 0.119553268015516 0.0867440290123123 0.0539347898992697 0.0211255507009279
-1.03860600023116 -0.985776948954328 -0.933573065295018 -0.882584226823587 -0.833635636248276 -0.787469237609571 -0.744258615139057 -0.704061657693435 -0.667041832438784 -0.633322320323945 -0.602759579119433 -0.575143385801181 -0.550060612877236 -0.526286514984105 -0.502554997022743 -0.478246182823435 -0.452964580918669 -0.426566019720411 -0.399009645216352 -0.370416553817608 -0.340948329541152 -0.3106277842263 -0.278922641001746 -0.245332212923974 -0.210037261471261 -0.173492358220005 -0.136565866717313 -0.100033562506386 -0.0638870771440754 -0.0279220061906486
-1.05602889897668 -1.03935868992946 -1.1251225156142 -1.01204077230255 -0.844185621694011 -0.811681909120635 -0.843513449016721 -0.830599457477883 -0.772741788142706 -0.695770303533589 -0.620744264165199 -0.567530280050273 -0.548665179404734 -0.547366663257261 -0.540224314451886 -0.506634370281298 -0.438813620187928 -0.377454407764524 -0.360335990617249 -0.365109728255608 -0.354395005664946 -0.301200628175138 -0.220093082494193 -0.145062604713035 -0.146236747076115 -0.250482576365933 -0.275487901363639 -0.0769693826417911 0.128061654060087 0.0322702167107285
-0.997106291910653 -0.961950397949281 -0.926794503892366 -0.891638609704466 -0.85648271544068 -0.821326821199514 -0.786170927162586 -0.751015033493852 -0.715859140203526 -0.680703247255354 -0.645547354580975 -0.610391462103999 -0.575235569764911 -0.540079677571705 -0.504923785534685 -0.469767893605903 -0.434612001714075 -0.399456109752829 -0.364300217621812 -0.329144325279824 -0.293988432700457 -0.25883253988839 -0.223676646972665 -0.188520754098448 -0.15336486135106 -0.118208968776503 -0.0830530763233637 -0.0478971839258377 -0.0127412915579823 0.0224146007961802
-0.989473045718548 -0.956597568417453 -0.92372209120183 -0.890846614193646 -0.857971137411708 -0.825095660814335 -0.79222018422104 -0.75934470740691 -0.726469230108126 -0.693593752085326 -0.660718273235877 -0.627842793491328 -0.594967312813251 -0.562091831283319 -0.529216349022344 -0.496340866187612 -0.463465382924737 -0.430589899296163 -0.397714415350585 -0.364838931164864 -0.331963446822904 -0.29908796241281 -0.266212478039496 -0.233336993804704 -0.200461509780666 -0.167586026015295 -0.134710542488717 -0.101835059159421 -0.0689595759671263 -0.0360840928468619
-1.01603275814296 -0.981243575425875 -0.94644683054843 -0.911635542493272 -0.876800840977841 -0.841933822482 -0.807027339800527 -0.772075437985681 -0.737075174804736 -0.702022820923811 -0.666908485889392 -0.631720738968055 -0.596447338507368 -0.561072799178871 -0.525585856400532 -0.489995372252077 -0.454314413058233 -0.418552735462002 -0.382718344762363 -0.346815550563948 -0.310847738547799 -0.27481935487971 -0.238739087664484 -0.202615765530593 -0.166454537262188 -0.130260080640416 -0.0940388692787382 -0.0577979392749346 -0.0215447808317434 0.0147130023218577
-0.931507332428764 -0.899884599346289 -0.868261866237506 -0.836639133068687 -0.805016399861605 -0.773393666652778 -0.741770933482197 -0.710148200387156 -0.678525467390677 -0.646902734524782 -0.615280001871749 -0.583657269526421 -0.552034537601037 -0.520411806277423 -0.488789075701459 -0.457166345805657 -0.425543616498709 -0.393920887807395 -0.362298159781109 -0.330675432441616 -0.299052705803767 -0.267429979878962 -0.235807254664777 -0.204184530146293 -0.172561806272418 -0.14093908297569 -0.109316360159328 -0.0776936377142473 -0.0460709155114727 -0.0144481934170556
-1.01437136697081 -0.980282997437111 -0.946194627724446 -0.912106257670772 -0.878017887150095 -0.843929516033571 -0.809841144144908 -0.775752771312015 -0.741664397427038 -0.707576022424025 -0.673487646340365 -0.639399269239284 -0.605310891205146 -0.571222512406856 -0.53713413301501 -0.503045753122424 -0.468957372773328 -0.434868991895399 -0.400780610399135 -0.36669222824286 -0.332603845396853 -0.298515461854975 -0.264427077705404 -0.23033869305341 -0.196250307978293 -0.162161922564121 -0.128073536939986 -0.0939851512301274 -0.0598967654943503 -0.0258083797763494
-0.957999251908282 -0.932869910177633 -0.907805820707344 -0.882813312809121 -0.857783291340625 -0.832572494577427 -0.8070164189208 -0.780933568238319 -0.75409571813706 -0.726284105314772 -0.697364539092376 -0.667223971946584 -0.635772851331712 -0.603015604612481 -0.569015493094716 -0.533977133938256 -0.498114812442447 -0.461540130610668 -0.424353503756194 -0.386713283727868 -0.348792306508424 -0.310727764065629 -0.272514272307383 -0.234096057461353 -0.195358363094154 -0.156185628507124 -0.116518058601575 -0.0763456479279688 -0.0358017840334023 0.00494429728586908
-0.981503868916127 -0.947547009725382 -0.913590150575039 -0.879633291530936 -0.845676432702793 -0.811719574224456 -0.777762716282397 -0.743805859057216 -0.709849002653405 -0.675892147124652 -0.64193529239753 -0.607978438366831 -0.57402158491648 -0.54006473188693 -0.506107879129705 -0.472151026584071 -0.438194174206812 -0.404237321937019 -0.370280469707446 -0.336323617443191 -0.302366765067433 -0.268409912495776 -0.234453059613512 -0.200496206327499 -0.166539352661174 -0.13258249867802 -0.0986256444851246 -0.0646687901892016 -0.0307119358518561 0.00324491847658366
-1.04555941999498 -1.00913800134542 -0.972716582815129 -0.936295164483639 -0.899873746391087 -0.86345232855949 -0.827030910977793 -0.790609493624894 -0.754188076472587 -0.717766659480501 -0.681345242566703 -0.644923825638867 -0.608502408621368 -0.572080991505375 -0.535659574328916 -0.499238157250654 -0.462816740444957 -0.426395324028359 -0.389973908087986 -0.353552492651148 -0.317131077730204 -0.280709663305921 -0.244288249232699 -0.20786683535482 -0.171445421602476 -0.135024007913619 -0.0986025941713497 -0.0621811802752155 -0.0257597662454082 0.0106616478677196
-0.982780705405124 -0.948494558778398 -0.914215061594531 -0.879955064917885 -0.845730096334584 -0.811560594805325 -0.777483968267344 -0.743540424132259 -0.709764398732668 -0.676185074657647 -0.642816390601226 -0.609668474283671 -0.576753490500578 -0.544091752348867 -0.511700698324724 -0.479578120220062 -0.447709743686362 -0.416052676517637 -0.38456066986494 -0.353202666164958 -0.321951405675781 -0.290779537159095 -0.259659343390957 -0.228568066274599 -0.197503150207592 -0.166466863231322 -0.13546056546811 -0.104483369807357 -0.0735263081258268 -0.0425783920471235
1.02027741088174 0.984964622493004 0.949651834098498 0.914339045672267 0.879026257155899 0.843713468520913 0.808400679891019 0.773087891436098 0.737775103358523 0.702462315838001 0.667149528931094 0.631836742663573 0.59652395705427 0.561211172094262 0.52589838773268 0.490585603778612 0.455272820000724 0.419960036146017 0.384647252004111 0.349334467556764 0.31402168283377 0.278708897872993 0.243396112744571 0.208083327522241 0.172770542261842 0.137457757010879 0.102144971801398 0.0668321866546408 0.031519401564061 -0.00379338348383252
-0.969206257831094 -0.938800135142727 -0.908431822351267 -0.878133278314415 -0.84789313590059 -0.817688310369699 -0.78749217253688 -0.757275291520314 -0.727000574095113 -0.696628478241078 -0.66611732909983 -0.635424918603449 -0.604516796793945 -0.573389546153068 -0.542045451672082 -0.510478575940588 -0.478676383763955 -0.446608171212308 -0.414244264465606 -0.381577278878413 -0.348605402098939 -0.31533704340095 -0.28182149856043 -0.248116870487572 -0.214275604127198 -0.18034447729096 -0.146353257223195 -0.112325229047507 -0.078274759971859 -0.0442139877253087
-1.16855014281307 -1.07870334586197 -0.992814112673645 -0.91305595573878 -0.838581879456346 -0.769454317913433 -0.71239393204133 -0.673615995004966 -0.650656002059627 -0.638611618787945 -0.631508969991573 -0.62310629527692 -0.607671357247843 -0.581510010497996 -0.54285357446618 -0.495597135982009 -0.445027306574903 -0.396333029182706 -0.353466226156216 -0.315528406089639 -0.280408474138029 -0.246774843602829 -0.216413960371028 -0.190485728644245 -0.164525853297057 -0.133290229243338 -0.0940397108811691 -0.0455540236667551 0.00981658219543123 0.0688292253138492
-0.988472290011125 -0.95520679340582 -0.921941296804891 -0.88867580026657 -0.855410303909788 -0.8221448078527 -0.78887931214964 -0.75561381684487 -0.722348322006201 -0.689082827718587 -0.655817334112027 -0.622551841327778 -0.589286349485355 -0.556020858617309 -0.522755368714612 -0.489489879688891 -0.456224391436844 -0.422958903874792 -0.389693416923978 -0.356427930505689 -0.323162444541226 -0.289896958952266 -0.256631473661994 -0.223365988613617 -0.190100503828939 -0.15683501932569 -0.123569535026711 -0.0903040508402591 -0.0570385667111206 -0.0237730825932164
-1.0251915807701 -0.986963384287568 -0.94877951861661 -0.910679754342595 -0.872673846104383 -0.834771237439665 -0.797010143427975 -0.759446195482356 -0.722175918808058 -0.685286793174431 -0.648789222815024 -0.612674343079439 -0.576939182034534 -0.541604338616206 -0.506700610857772 -0.472276022313183 -0.438364741257451 -0.404928289329202 -0.371908351553305 -0.339239913135993 -0.306856284328842 -0.274682115569473 -0.242607418039688 -0.210526353612716 -0.178384326183299 -0.146146188115039 -0.113803343625458 -0.0813612673380975 -0.0488551636466572 -0.0163276693873754
-0.987985354328062 -0.956136864316149 -0.924288374174077 -0.892439883704453 -0.860591392646108 -0.828742900760272 -0.796894407961527 -0.765045914223223 -0.73319741960044 -0.70134892418515 -0.66950042813518 -0.63765193162482 -0.605803434785488 -0.573954937577111 -0.542106439946835 -0.510257941962163 -0.478409443696375 -0.44656094512548 -0.414712446204698 -0.38286394690335 -0.351015447194285 -0.319166947061027 -0.287318446529822 -0.255469945630721 -0.223621444366298 -0.191772942741429 -0.159924440797678 -0.128075938593534 -0.0962274362184832 -0.0643789337697628
-1.04113562919166 -1.00478310714265 -0.968430585015123 -0.932078062721152 -0.89572554026442 -0.859373017674777 -0.823020494995133 -0.786667972277446 -0.750315449596797 -0.713962927038285 -0.677610404703941 -0.641257882700031 -0.604905361122339 -0.568552840024718 -0.532200319436125 -0.495847799327862 -0.45949527965394 -0.423142760356882 -0.386790241371266 -0.350437722611387 -0.314085203986467 -0.277732685408854 -0.241380166803391 -0.205027648098721 -0.168675129226194 -0.132322610136438 -0.0959700908544829 -0.0596175714290769 -0.0232650519294444 0.0130874675700719
-1.01278635002421 -0.975723931332572 -0.938683018560776 -0.901709129784137 -0.864880450078261 -0.828278037483928 -0.791961774902325 -0.755978493794519 -0.720343995000691 -0.685063048102287 -0.65012732826671 -0.615525237057855 -0.581242921179443 -0.547257507894522 -0.51354464351413 -0.480083069981953 -0.446848282927363 -0.413799697089835 -0.380898987211615 -0.348132948935945 -0.315494658131315 -0.282967744704104 -0.250498054712258 -0.218034595927947 -0.185576806828692 -0.153136703937328 -0.120726185252605 -0.0883538040328555 -0.0560148530988289 -0.0237013101618797
-1.04645663738664 -1.00475784116426 -0.96313176605241 -0.921665866711443 -0.880504374640974 -0.839798019931532 -0.799666750198021 -0.760216735662076 -0.721529819447871 -0.68365636836691 -0.646545171077463 -0.610119621699491 -0.57429628814064 -0.538964433459288 -0.504023567317026 -0.469441490637576 -0.43523002183537 -0.401508758025554 -0.368402979919042 -0.335952923909095 -0.304177565309562 -0.273079635146319 -0.242596887293347 -0.212635933162343 -0.183043791467732 -0.153655326432167 -0.124316377008459 -0.0949051836977507 -0.0654186184643363 -0.0358832111382996
-1.0896966027113 -0.968487060802605 -0.871740526788376 -0.831864208985595 -0.833114073314621 -0.848539872420416 -0.854517748242969 -0.832563364915507 -0.781424086049183 -0.706323848101878 -0.621161179440474 -0.542003256409102 -0.485769345155014 -0.472787071037951 -0.510218229985385 -0.549152940983207 -0.542819163142747 -0.509067893018664 -0.474083643128896 -0.432761952401161 -0.372176116365619 -0.291004057420766 -0.234342205438436 -0.235200799344337 -0.23182680680633 -0.162177208533394 -0.057812308656809 0.0288748604485038 0.0557636768553864 -0.0166983787513806
-1.00464168993494 -0.97037608509563 -0.936110480291459 -0.901844875621375 -0.86757927121812 -0.833313667198666 -0.799048063583103 -0.764782460377441 -0.730516857628247 -0.696251255346436 -0.66198565335977 -0.627720051450219 -0.593454449402135 -0.559188847009385 -0.524923244092067 -0.490657640565673 -0.456392036394184 -0.422126431640139 -0.387860826386921 -0.35359522070272 -0.319329614651928 -0.285064008292602 -0.250798401657459 -0.216532794794499 -0.1822671878382 -0.148001580908177 -0.113735973978111 -0.0794703669949886 -0.0452047599449543 -0.01093915282394
-1.00295798742107 -0.963851038022037 -0.924756869084433 -0.885774177334191 -0.847073464841728 -0.808817487952763 -0.771066214769717 -0.733858768752871 -0.697253683037217 -0.661312497376092 -0.626089368321515 -0.591636606625168 -0.55798449800402 -0.525075228036167 -0.492842446803959 -0.461273762545635 -0.430337665027848 -0.39987221197502 -0.369706536156179 -0.339764502561023 -0.309993659234418 -0.280367372290772 -0.250962280122665 -0.22186133025162 -0.193069434436762 -0.164562254495369 -0.136276488239748 -0.108143312855633 -0.0801107870274327 -0.0521311898142236
-0.995194773600834 -0.961931096202396 -0.928667418707625 -0.895403740945397 -0.862140062672925 -0.828876383669097 -0.795612703871175 -0.76234902326203 -0.729085341848601 -0.695821659659856 -0.662557976788809 -0.629294293344484 -0.596030609438132 -0.56276692518992 -0.529503240717888 -0.496239556122673 -0.462975871478022 -0.429712186767535 -0.396448501980172 -0.36318481721649 -0.329921132604946 -0.296657448264803 -0.263393764278549 -0.230130080708084 -0.196866397569742 -0.163602714850371 -0.130339032464473 -0.0970753503137868 -0.0638116683213684 -0.0305479864156002
-0.98666617885404 -0.952463492984013 -0.918260807101377 -0.884058121219506 -0.849855435459558 -0.815652749964361 -0.781450064855652 -0.747247380180545 -0.713044695708778 -0.6788420111458 -0.644639326217294 -0.610436640653998 -0.576233954211305 -0.542031266743214 -0.507828578148504 -0.473625888406467 -0.439423197520753 -0.405220505511933 -0.371017812399261 -0.336815118179789 -0.302612422845023 -0.268409726378926 -0.234207028735297 -0.200004329888345 -0.165801629924071 -0.131598928974099 -0.0973962272407463 -0.0631935249403112 -0.0289908222743071 0.00521188055944749
-0.966080967304363 -0.933414734574874 -0.900748501743073 -0.868082268664878 -0.835416035125696 -0.802749800908572 -0.770083565857615 -0.737417329845845 -0.704751092800852 -0.672084854690511 -0.639418615589258 -0.606752375598168 -0.574086134816269 -0.541419893334405 -0.508753651209979 -0.476087408374827 -0.443421164737635 -0.410754920240055 -0.378088674862297 -0.345422428705827 -0.312756181902426 -0.280089934594626 -0.247423686967978 -0.214757439187183 -0.182091191290522 -0.149424943296189 -0.116758695268423 -0.0840924472684308 -0.0514261992992285 -0.0187599513492857
-0.971654949144851 -0.936354786851609 -0.901010017409837 -0.865629808420028 -0.830471661207799 -0.795845055280628 -0.76201904914835 -0.729186325347481 -0.697274483518933 -0.666133070646755 -0.635564505983143 -0.605359426847333 -0.575300287588428 -0.545136810675001 -0.514605826552142 -0.483425329451547 -0.451359441703621 -0.41837563424701 -0.384419761889323 -0.349147866305803 -0.312143535888596 -0.273056474206957 -0.23180084553856 -0.188418568979226 -0.143198122188929 -0.0965370441943043 -0.0490225609244597 -0.00120848745533226 0.0466746914523105 0.0944773236164935
-0.995180700467165 -0.961338457172472 -0.927496213772183 -0.89365397018603 -0.859811726423061 -0.825969482509649 -0.79212723845215 -0.75828499424705 -0.724442749871359 -0.690600505293385 -0.656758260466077 -0.622916015338545 -0.589073769846131 -0.555231523869107 -0.52138927727461 -0.487547029932309 -0.45370478173245 -0.419862532645051 -0.386020282680473 -0.352178031930687 -0.318335780508068 -0.284493528535352 -0.250651276176737 -0.216809023582103 -0.182966770802596 -0.149124517851974 -0.115282264693169 -0.0814400113001635 -0.0475977577419638 -0.0137555041113326
-0.949138868297895 -0.917815720857586 -0.886492573449096 -0.855169426123281 -0.823846278863709 -0.792523131607336 -0.76119998417197 -0.729876836380744 -0.698553688197245 -0.667230539635129 -0.635907390767894 -0.604584241683997 -0.573261092462376 -0.541937943143899 -0.510614793740719 -0.479291644188185 -0.447968494405235 -0.416645344321939 -0.385322193869965 -0.353999042976245 -0.322675891566524 -0.291352739576113 -0.260029586978588 -0.228706433793308 -0.197383280184493 -0.166060126337168 -0.134736972374693 -0.103413818385199 -0.072090664377535 -0.0407675103407297
-0.938996588266819 -0.910509718267982 -0.882086950023118 -0.853792950323254 -0.82574200167917 -0.79802721847075 -0.770607426834523 -0.743393511392911 -0.71623887895525 -0.688987411371362 -0.661502368466103 -0.633651854558085 -0.605293812010231 -0.576245535362708 -0.546345554149211 -0.5155579857003 -0.483905041391163 -0.451515720978627 -0.418517637390822 -0.384926067859423 -0.350728205691998 -0.315914046736201 -0.280484797000051 -0.244470363964703 -0.208004250843502 -0.171238748980632 -0.134297706511421 -0.0972827662176344 -0.0602351926756199 -0.0231811559103726
-0.920502297992545 -0.890977753433239 -0.861453208904977 -0.831928664476107 -0.802404120226962 -0.772879576243565 -0.743355032622726 -0.713830489482357 -0.684305947013992 -0.654781405404662 -0.625256864749768 -0.595732325121803 -0.566207786601926 -0.536683249305965 -0.507158713333767 -0.477634178686584 -0.44810964532317 -0.418585113130867 -0.389060581973487 -0.359536051692144 -0.330011522122272 -0.300486993091823 -0.270962464398807 -0.241437935858998 -0.211913407389153 -0.182388878940881 -0.152864350504229 -0.123339822082021 -0.0938152936897598 -0.0642907653461211
-0.984711135807174 -0.952145249646859 -0.919579363448777 -0.88701347716931 -0.854447590760405 -0.821881704182139 -0.789315817431528 -0.75674993049584 -0.724184043286418 -0.691618155730231 -0.659052267892691 -0.62648637987382 -0.593920491814229 -0.561354604016894 -0.528788716805663 -0.496222830425511 -0.463656945064048 -0.431091060758283 -0.398525177486151 -0.365959295139878 -0.333393413590264 -0.30082753271098 -0.26826165238718 -0.23569577251382 -0.203129893013583 -0.170564013817691 -0.137998134863813 -0.105432256091236 -0.0728663774393089 -0.0403004988473906
-1.03131355368627 -0.992026015797484 -0.952758090668934 -0.913574288031267 -0.874584344859438 -0.835896479543211 -0.797567608887268 -0.759643134635638 -0.722173699874802 -0.685202285031615 -0.648735978551963 -0.612772895886486 -0.57732011145347 -0.542420535541763 -0.508124740348743 -0.47447810983532 -0.441498037089177 -0.40909513994153 -0.377157796311465 -0.345592199725998 -0.314308997614125 -0.28324156342689 -0.252414174703524 -0.22184983949196 -0.191475583786754 -0.161203693028819 -0.130983472497887 -0.100778961995432 -0.070576119571087 -0.0403663828365254
-1.00696096467041 -0.971723249308036 -0.936485533867662 -0.90124781836377 -0.866010102920169 -0.830772387658173 -0.795534672579797 -0.760296957648929 -0.725059242796244 -0.689821527931208 -0.654583812911642 -0.619346097582457 -0.584108381795754 -0.548870665432386 -0.513632948415769 -0.478395230810831 -0.443157512701727 -0.407919794108033 -0.372682075030852 -0.337444355461982 -0.302206635390892 -0.266968914805145 -0.231731193684662 -0.196493472011513 -0.161255749784012 -0.126018027028021 -0.0907803038633711 -0.0555425804261513 -0.0203048568235134 0.0149328668446251
-1.02517102612401 -0.989938675327559 -0.95470632447049 -0.919473973532971 -0.884241622553828 -0.849009271573429 -0.813776920579672 -0.778544569555639 -0.743312218517619 -0.708079867493915 -0.672847516527668 -0.63761516566573 -0.602382814948265 -0.567150464388688 -0.531918114000148 -0.49668576382147 -0.461453413884149 -0.426221064164675 -0.390988714613546 -0.355756365132288 -0.320524015610179 -0.285291665985061 -0.250059316389003 -0.214826966974973 -0.179594617785301 -0.144362268815184 -0.109129919981936 -0.0738975711948418 -0.0386652224089571 -0.00343287359078005
-0.997756458243251 -0.965346045820131 -0.932926175999768 -0.900488564013062 -0.868007357817194 -0.835456983665675 -0.802830548271072 -0.770120182825855 -0.737295435983072 -0.704321253213953 -0.671166749801884 -0.637802083483287 -0.604204148819243 -0.570376787669447 -0.536329895947367 -0.502070638482937 -0.467604083839166 -0.432929646594897 -0.39805043041368 -0.362989949282043 -0.327776819767261 -0.292436478950123 -0.256981645965474 -0.221423873252457 -0.185782764413354 -0.150079452929486 -0.114333140635204 -0.078560763453842 -0.04277212531165 -0.00697524713560508
-0.984595498295246 -0.951613534128386 -0.918631570029646 -0.885649606014286 -0.852667642089936 -0.819685678276172 -0.786703714647987 -0.753721751297621 -0.720739788330876 -0.687757825849508 -0.654775863925516 -0.621793902623457 -0.588811942010031 -0.555829982160506 -0.522848023143043 -0.489866064988797 -0.456884107701192 -0.423902151209716 -0.390920195425108 -0.357938240257036 -0.324956285614899 -0.291974331390948 -0.258992377408834 -0.226010423481973 -0.193028469451453 -0.160046515198601 -0.127064560738044 -0.0940826061207959 -0.0611006514101263 -0.0281186966723671
-1.02468842908609 -0.989281817012269 -0.95386466995756 -0.918426296012365 -0.882957851759982 -0.847450670450759 -0.811894943510361 -0.776277611875513 -0.740573756351857 -0.704759735180032 -0.668828876471736 -0.632778750806436 -0.596608571504805 -0.560324122852348 -0.52393029208439 -0.487421807270693 -0.450792768632612 -0.41404492416345 -0.377183826301977 -0.340222597496884 -0.303176252699344 -0.266059844415364 -0.2288885753703 -0.191678262601461 -0.154447030174614 -0.117210803724566 -0.079974408133834 -0.0427392281650203 -0.00550398885337473 0.0317332496976917
-0.807403790718159 -0.824025073792291 -0.860700964132004 -0.904360767600826 -0.908747767908478 -0.842092087708143 -0.763757227580647 -0.731883224380596 -0.708582882130075 -0.64992944305134 -0.583865134999854 -0.556299432239385 -0.591847002583808 -0.629943288047427 -0.608345159993034 -0.543274432976935 -0.466237983493406 -0.391417992595081 -0.328739219779294 -0.288421433763813 -0.280758155571513 -0.301399450947051 -0.287421564522205 -0.191800624223819 -0.0896861122718788 -0.0574746270409526 -0.0543778772308076 -0.0258576147094879 0.0204393463070516 0.0613199260158783
0.96697835540222 0.93368948970775 0.900400624085108 0.867111758648388 0.833822893537378 0.800534028901294 0.767245164901333 0.733956301704628 0.700667439490084 0.667378578415802 0.634089718544908 0.600800859916787 0.567512002540962 0.53422314630752 0.500934291070385 0.467645436658274 0.434356582912481 0.401067729749817 0.367778877107209 0.334490024926542 0.301201173150939 0.267912321718868 0.234623470550177 0.201334619559486 0.168045768659118 0.134756917785819 0.101468066976298 0.0681792162765351 0.034890365669615 0.00160151512289846
-0.98892098235609 -0.960943470063486 -0.933040709353386 -0.905229731998627 -0.877250416957561 -0.848754048161128 -0.819314682245114 -0.788609421291428 -0.756804776461619 -0.724105480603288 -0.690379744228605 -0.655411647265879 -0.618978072618277 -0.580827115088386 -0.540740812001566 -0.498665758874844 -0.454803342517798 -0.410209556718515 -0.366039294588483 -0.322988439554282 -0.281638122621259 -0.242448707750003 -0.205397490722046 -0.170322056957608 -0.136984218610718 -0.105151455799309 -0.0746896937631397 -0.0454295255204001 -0.0169617700811812 0.0111826970464506
-1.01217831849529 -0.976764672497814 -0.94135102648425 -0.905937380463151 -0.870523734415759 -0.835110088304613 -0.79969644204475 -0.764282795536034 -0.72886914866512 -0.693455501331415 -0.658041853498513 -0.622628205146059 -0.587214556276438 -0.551800906983 -0.516387257364283 -0.480973607448617 -0.445559957253795 -0.410146306825673 -0.374732656230032 -0.339319005584299 -0.303905355018811 -0.268491704652432 -0.233078054558137 -0.197664404772787 -0.162250755234686 -0.126837105875436 -0.0914234566983765 -0.0560098077108253 -0.0205961588642759 0.0148174899037347
-1.04701259203764 -1.00982199040127 -0.972631388847203 -0.935440787448121 -0.89825018626176 -0.861059585335209 -0.823868984687863 -0.786678384335925 -0.749487784310503 -0.712297184641939 -0.675106585342591 -0.637915986420325 -0.600725387885095 -0.563534789755219 -0.526344192048014 -0.489153594768449 -0.451962997888559 -0.414772401260985 -0.377581804727905 -0.340391208209047 -0.303200611643519 -0.266010015008155 -0.228819418430666 -0.191628822056565 -0.154438225951683 -0.117247630165502 -0.0800570347617981 -0.042866439771286 -0.00567584507813683 0.0315147494701135
-1.03564254104023 -0.984053996814642 -0.884252109038178 -0.870061036434904 -0.885884958018944 -0.856700139720199 -0.819191174841615 -0.815734175002795 -0.799762997716907 -0.724625984789674 -0.632271669303461 -0.586798632159794 -0.623291658645995 -0.660780351592585 -0.615602800800656 -0.50938622641039 -0.391360821343718 -0.315879539310461 -0.317047691795997 -0.342857260600036 -0.319771895100872 -0.212668845654179 -0.140079766525154 -0.20030822038443 -0.257090999614882 -0.175567337667302 -0.0610530025519311 -0.0354167554474796 -0.0465627956470935 0.00109581802747172
-0.980821601240311 -0.947256901249778 -0.913692201262056 -0.880127501349007 -0.846562801654382 -0.81299810228221 -0.779433403105733 -0.745868703931776 -0.712304004532253 -0.67873930469812 -0.645174604331391 -0.611609903361845 -0.578045201738575 -0.544480499487926 -0.510915796645992 -0.477351093210585 -0.443786389163541 -0.410221684461082 -0.376656979070595 -0.34309227302976 -0.309527566393829 -0.275962859214021 -0.24239815152543 -0.20883344336508 -0.175268734793828 -0.14170402587412 -0.108139316650915 -0.074574607171116 -0.0410098975068848 -0.00744518773669798
-0.988095850213335 -0.937393043010723 -0.89511548772243 -0.869221869901698 -0.844401501681876 -0.804922990083318 -0.756641495094315 -0.708153234237644 -0.657432102206098 -0.603193768273454 -0.55774332286741 -0.536783211704142 -0.549902845137309 -0.582239492070509 -0.611600350250563 -0.610924474247241 -0.562235253767174 -0.48876156224148 -0.419191755049607 -0.362846631639821 -0.324205102477595 -0.303211032525849 -0.281668104737303 -0.243057041523947 -0.19570690514506 -0.152676163302812 -0.121092565623653 -0.104403310259917 -0.0972641075431909 -0.0921327958498799
-1.00573249240251 -0.970030680184468 -0.934328867990464 -0.898627055820008 -0.862925243645422 -0.827223431422712 -0.791521619069799 -0.755819806493603 -0.720117993595131 -0.684416180285218 -0.648714366519941 -0.613012552266687 -0.577310737497937 -0.541608922206553 -0.505907106363802 -0.470205289834192 -0.4345034724706 -0.398801654186137 -0.363099834934889 -0.327398014774614 -0.291696193788987 -0.255994372086689 -0.220292549876421 -0.184590727375418 -0.148888904735015 -0.113187082071397 -0.0774852594260434 -0.0417834368121162 -0.0060816142042045 0.0296202084327456
-1.02078481872601 -0.985913246617595 -0.951041674483475 -0.916170102301889 -0.881298530037184 -0.846426957661406 -0.811555385191275 -0.776683812653275 -0.741812240068264 -0.706940667431072 -0.672069094638046 -0.637197521560913 -0.602325948070578 -0.56745437403466 -0.532582799347625 -0.497711224014601 -0.462839648068163 -0.427968071540018 -0.393096494473532 -0.358224916959592 -0.323353339100961 -0.288481761008228 -0.253610182823263 -0.218738604659554 -0.183867026485747 -0.148995448241386 -0.114123869894416 -0.0792522914322424 -0.044380712891695 -0.00950913432196091
1.0251444080431 0.987788949419028 0.95043349076669 0.913078031967932 0.875722572897321 0.838367113434876 0.801011653489694 0.763656192994117 0.726300731944393 0.68894527035363 0.651589808238468 0.614234345616429 0.576878882496062 0.539523418850027 0.502167954638424 0.464812489807022 0.42745702429023 0.390101557991356 0.35274609083935 0.315390622896834 0.278035154259847 0.240679685035221 0.203324215372964 0.165968745429361 0.128613275342619 0.0912578052290316 0.0539023351353137 0.0165468650810324 -0.0208086049532615 -0.0581640749967713
0.908980536009608 0.878643097173761 0.848305658245408 0.817968219106498 0.787630779643948 0.757293339752835 0.72695589935592 0.696618458393396 0.666281016847483 0.635943574710895 0.605606131976269 0.575268688636229 0.544931244688915 0.514593800154558 0.48425635506304 0.453918909460784 0.423581463397675 0.39324401692091 0.36290657008009 0.332569122937123 0.302231675556993 0.27189422799117 0.241556780237077 0.211219332289687 0.180881884188213 0.150544435987942 0.120206987764204 0.0898695395788237 0.059532091419567 0.0291946432556831
0.982422091600546 0.951840500957737 0.921292342206036 0.890771665224346 0.860220021971683 0.829568733444846 0.798760694711656 0.767734713123996 0.736401671099004 0.704689715093516 0.672623972657906 0.640253816615935 0.607628140599012 0.574793921469156 0.541787405425907 0.508603832788308 0.475194658474374 0.441377201678531 0.406945320244999 0.371733162340763 0.335584948713498 0.298376112868261 0.260106939339619 0.220834252969836 0.180716188802449 0.139925974559225 0.0985958984735734 0.0568525073776704 0.0148403219871013 -0.0272916435116958
0.999661652610772 0.964778733941852 0.929895815262762 0.895012896574839 0.860129977912321 0.825247059339629 0.790364141008999 0.755481223070726 0.720598305579542 0.685715388494489 0.650832471487446 0.615949554158497 0.581066636126301 0.546183717083817 0.511300796762427 0.476417874972905 0.441534951551524 0.406652026357133 0.371769099283126 0.336886170338493 0.302003239561124 0.267120307022981 0.232237372932304 0.197354437544368 0.162471501166284 0.127588564075551 0.0927056263793895 0.0578226881625601 0.0229397495902669 -0.011943189152175
-1.00935536294132 -0.974829075881 -0.94030278887453 -0.905776501964026 -0.871250215185253 -0.836723928559894 -0.802197642059656 -0.767671355604041 -0.733145068953704 -0.698618781859196 -0.664092494189495 -0.629566205843186 -0.595039916738105 -0.560513626869106 -0.525987336231785 -0.491461044747699 -0.456934752343197 -0.422408459037828 -0.387882164913114 -0.353355870205262 -0.318829575189149 -0.284303280122295 -0.249776985192786 -0.215250690538474 -0.180724396165717 -0.14619810204174 -0.111671808108724 -0.0771455143053739 -0.0426192205815068 -0.00809292688972128
-0.962297812111108 -0.929440199520245 -0.896582586892699 -0.863724974209366 -0.830867361485462 -0.798009748734093 -0.765152135925606 -0.732294523029689 -0.699436910056156 -0.666579297049796 -0.633721684155161 -0.600864071541748 -0.568006459376248 -0.535148847814124 -0.50229123699639 -0.469433627017463 -0.436576017951588 -0.403718409838893 -0.370860802708996 -0.338003196583576 -0.305145591482331 -0.272287987437688 -0.239430384533006 -0.206572782823055 -0.173715182197326 -0.140857582488099 -0.107999983464087 -0.0751423848952742 -0.0422847866202914 -0.00942718849493199
-1.00137122556627 -0.967670528095826 -0.93396983059504 -0.900269133029917 -0.866568435441027 -0.832867737900946 -0.799167040535701 -0.765466343476866 -0.731765646824751 -0.698064950681457 -0.664364255187515 -0.630663560493061 -0.596962866711857 -0.563262173812154 -0.52956148169954 -0.495860790174458 -0.462160099008503 -0.428459407963025 -0.394758716810134 -0.361058025375226 -0.32735733349702 -0.293656641036262 -0.25995594794181 -0.226255254213328 -0.192554559965594 -0.158853865339387 -0.125153170464385 -0.0914524754511071 -0.0577517803445563 -0.0240510851733543
0.999350031308888 0.965663016581517 0.931976001925421 0.898288987377081 0.86460197289973 0.830914958437215 0.797227943929082 0.7635409293154 0.729853914542631 0.696166899596972 0.662479884617153 0.62879286978004 0.595105855240525 0.561418841065612 0.527731827280123 0.494044813828029 0.46035780062993 0.426670787593789 0.392983774630011 0.359296761671395 0.32560974865634 0.291922735535667 0.258235722309878 0.224548708994082 0.190861695612129 0.157174682183099 0.12348766869826 0.0898006551533665 0.0561136415899302 0.0224266280609028
