-1.05853754628184 -1.01997824479246 -0.981418943264332 -0.942859641664616 -0.904300339994845 -0.865741038285422 -0.827181736647811 -0.788622435202927 -0.750063134028429 -0.711503833178741 -0.672944532658607 -0.634385232460353 -0.595825932573508 -0.557266632976411 -0.518707333639112 -0.48014803450969 -0.441588735521831 -0.403029436573608 -0.364470137574252 -0.325910838513226 -0.287351539400054 -0.248792240242344 -0.210232941040039 -0.171673641796767 -0.133114342538535 -0.0945550432840625 -0.0559957440005444 -0.0174364446549825 0.0211228547348596 0.059682154138528
-1.00444630595736 -0.968695230351991 -0.932944154729219 -0.897193079076561 -0.861442003479159 -0.825690928064501 -0.789939853031829 -0.754188778566048 -0.718437704722939 -0.682686631533663 -0.646935559060007 -0.611184487371415 -0.575433416495272 -0.539682346290737 -0.503931276632972 -0.468180207629375 -0.432429139423576 -0.396678072071872 -0.360927005618714 -0.325175940148496 -0.289424875755592 -0.253673812530453 -0.217922750547817 -0.182171689855975 -0.146420630413138 -0.110669572118967 -0.0749185147290064 -0.0391674579706024 -0.00341640160242186 0.0323346546090378
-1.00518929094161 -0.969579744416127 -0.93397019796299 -0.898360651636932 -0.862751105587248 -0.827141559972654 -0.791532014894982 -0.755922470410103 -0.720312926446941 -0.684703382929585 -0.649093839889737 -0.613484297386006 -0.577874755470668 -0.542265214170674 -0.506655673486489 -0.471046133337956 -0.435436593617105 -0.399827054185345 -0.364217514885455 -0.328607975516321 -0.292998435865855 -0.257388895746199 -0.221779355066402 -0.186169813783533 -0.150560271949828 -0.114950729657577 -0.0793411870641037 -0.0437316443221275 -0.00812210150091431 0.0274874413511331
-1.00817944709003 -0.972757928192841 -0.937336409284326 -0.901914890424565 -0.866493371683859 -0.83107185314183 -0.795650334905157 -0.760228817078605 -0.724807299732213 -0.689385782920119 -0.653964266667569 -0.618542750992587 -0.583121235899305 -0.54769972133629 -0.512278207243907 -0.476856693585303 -0.441435180332292 -0.406013667468573 -0.37059215495548 -0.335170642652993 -0.299749130395752 -0.264327618021062 -0.228906105376871 -0.193484592345664 -0.158063078937408 -0.122641565204049 -0.0872200512379647 -0.0517985371339668 -0.0163770229561847 0.0190444912389236
-0.984509988333257 -0.952271017044136 -0.920032045811783 -0.88779307468351 -0.855554103706115 -0.823315132919948 -0.79107616234007 -0.758837191977966 -0.726598221856089 -0.694359251984904 -0.662120282315935 -0.629881312785975 -0.597642343322403 -0.565403373814953 -0.533164404131874 -0.500925434093119 -0.46868646349843 -0.436447492115012 -0.404208519736009 -0.371969546290881 -0.339730571743163 -0.307491596079065 -0.275252619375487 -0.24301364173648 -0.210774663284006 -0.17853568415349 -0.146296704516268 -0.114057724545119 -0.0818187443826553 -0.0495797641639488
-1.00718157515388 -0.973839440890218 -0.940497306530619 -0.907155171995152 -0.873813037231145 -0.840470902206338 -0.807128766942869 -0.773786631499941 -0.740444496030625 -0.707102360673041 -0.673760225411653 -0.640418090192511 -0.607075954977064 -0.573733819788365 -0.540391684650932 -0.507049549533553 -0.473707414395766 -0.440365279215834 -0.40702314395105 -0.373681008456088 -0.34033887255997 -0.306996736099032 -0.273654598938866 -0.240312460986164 -0.206970322282746 -0.173628182913343 -0.140286042999179 -0.106943902669426 -0.0736017620485321 -0.0402596212597661
-0.997505230913841 -0.965180807415569 -0.932908329270169 -0.900750188051885 -0.868706696428799 -0.836744318358597 -0.804756201863548 -0.772629811274512 -0.74030319209213 -0.707726044913863 -0.674844109554683 -0.641602135633941 -0.60794899955428 -0.573850084851524 -0.539277841437247 -0.504216477592841 -0.468640113097808 -0.432470755354256 -0.395636944012727 -0.358145460094899 -0.320022644965233 -0.281301772634086 -0.242043847695394 -0.20230613406025 -0.1621032023248 -0.121450307814529 -0.0804081380872449 -0.039058173440482 0.00248036710163569 0.0440788298333362
-1.03919791413288 -1.00279668197598 -0.966396916362333 -0.929999884332906 -0.893607363736815 -0.857220728456054 -0.820839225695954 -0.784460863233726 -0.748080817810747 -0.711693387543581 -0.675292187085385 -0.638870660223461 -0.602423365799476 -0.565949322872549 -0.529448666197556 -0.49292153309495 -0.456367062368964 -0.419780396193364 -0.383156422330569 -0.346493007528081 -0.309788763279672 -0.273043502856691 -0.23626184664079 -0.199449766091968 -0.162613829873299 -0.125760720753455 -0.0888969807204235 -0.05202836758967 -0.0151576432672528 0.0217131793181212
-0.981545862091833 -0.947855186834128 -0.914438502068834 -0.881270051454539 -0.848237780983255 -0.81521562961995 -0.78210780588797 -0.748726443215345 -0.71448510509047 -0.678847218959078 -0.641874238035892 -0.603777121977883 -0.564844802249529 -0.525678097545328 -0.486807689995755 -0.44817182824517 -0.409645776027077 -0.371445290917671 -0.333901818694252 -0.297469064095853 -0.26263129660194 -0.229837869781341 -0.199398473560337 -0.171578882376718 -0.146608872356873 -0.1245262489673 -0.104636933346333 -0.0861233350789167 -0.0684057018645971 -0.0509637409315701
1.03137092756237 0.994594540277834 0.957818152992397 0.921041765657958 0.884265378166791 0.847488990392439 0.810712602193154 0.773936213433697 0.737159824020161 0.700383433902371 0.663607043163743 0.626830651921097 0.590054260266462 0.553277868192734 0.516501475674668 0.479725082713604 0.442948689301471 0.40617229536596 0.369395900848598 0.332619505810468 0.295843110342543 0.259066714540857 0.222290318521677 0.185513922405889 0.148737526312624 0.111961130340512 0.0751847345079416 0.038408338804623 0.00163194318579744 -0.0351444524019112
-0.981795764464681 -0.947899047701109 -0.91400233094853 -0.880105614222439 -0.84620889749701 -0.812312180733405 -0.77841546388206 -0.744518746873195 -0.71062202956689 -0.676725311826038 -0.642828593594908 -0.608931874838113 -0.57503515552202 -0.54113843562002 -0.507241715156431 -0.473344994352276 -0.439448273467501 -0.405551552721038 -0.371654832300542 -0.337758112309577 -0.303861392830682 -0.269964673926687 -0.236067955581576 -0.202171237757757 -0.168274520410165 -0.134377803496225 -0.100481086990803 -0.0665843708540451 -0.0326876549697716 0.00120906079727751
-1.02781769912645 -0.992073615462252 -0.956329531882639 -0.920585448484899 -0.884841365401157 -0.849097282745176 -0.813353200522439 -0.777609118694251 -0.741865037153477 -0.706120955787687 -0.670376874531709 -0.634632793332186 -0.59888871215193 -0.56314463101844 -0.527400549969752 -0.491656469021381 -0.455912388189442 -0.420168307514967 -0.384424227036646 -0.348680146758873 -0.31293606667747 -0.277191986765802 -0.241447906907419 -0.2057038269754 -0.169959746890767 -0.134215666598282 -0.0984715860897216 -0.062727505380764 -0.0269834245356837 0.00876065636909712
-1.0260451045424 -0.990398258613097 -0.954751412666042 -0.919104566646719 -0.883457720380825 -0.847810873664036 -0.812164026291708 -0.776517178111259 -0.74087032917868 -0.705223479615369 -0.66957662959578 -0.633929779307632 -0.598282928950396 -0.562636078770553 -0.52698922899752 -0.491342379745429 -0.455695531100472 -0.420048683152338 -0.384401835974043 -0.348754989568407 -0.3131081439207 -0.277461299008052 -0.24181445477503 -0.206167611150676 -0.170520768034479 -0.134873925315668 -0.099227082871969 -0.063580240591309 -0.027933398413905 0.00771344370695294
-1.02551057509227 -0.989227593391185 -0.952944611746634 -0.916661630219016 -0.880378648859667 -0.84409566771964 -0.807812686857917 -0.771529706315867 -0.735246726056495 -0.698963746027558 -0.662680766194174 -0.626397786525804 -0.590114806989057 -0.553831827539134 -0.517548848122428 -0.481265868661514 -0.444982889043277 -0.408699909035673 -0.372416928404449 -0.336133947025459 -0.299850964802087 -0.263567981654973 -0.227284997573788 -0.191002012572904 -0.15471902669644 -0.118436040021431 -0.0821530527268106 -0.0458700650069444 -0.00958707701602536 0.0266959111017969
1.01560641006873 0.981336681890884 0.947066953672237 0.912797225389395 0.878527497020677 0.844257768548113 0.809988039966837 0.77571831124932 0.741448582264271 0.707178852855354 0.672909122869817 0.6386393921558 0.604369660567147 0.570099927980493 0.53583019428155 0.501560459369556 0.467290723172058 0.433020985716329 0.398751247051372 0.364481507213394 0.330211766235401 0.295942024171836 0.261672281162901 0.227402537386489 0.193132793085498 0.158863048509452 0.124593303869353 0.0903235593262061 0.0560538148795428 0.0217840704885253
-1.08849568791997 -1.02329950779878 -0.958952131933293 -0.896740573628855 -0.84054917967427 -0.7942140692761 -0.758781117828509 -0.733579328510108 -0.713860459449684 -0.694762506584177 -0.675045662132963 -0.65437566738603 -0.630475886426092 -0.593300174506786 -0.535605569902777 -0.469131351801943 -0.408934563042559 -0.364361060151279 -0.340189148477516 -0.328638114973322 -0.318787491991411 -0.301163822836391 -0.272081694620436 -0.230946974790536 -0.183742608325365 -0.137045530567168 -0.0932315607807915 -0.0533542064897306 -0.0173788443294617 0.0150011817865427
-0.99481985027982 -0.961328503023167 -0.927819596842666 -0.894273461728121 -0.860689439920502 -0.827070388311777 -0.793414210146725 -0.759709220827777 -0.725910338035161 -0.691968557132648 -0.657852581940364 -0.623535543392524 -0.588994430734964 -0.554221666460012 -0.519213493933985 -0.483966006772684 -0.448479280662673 -0.412769469324085 -0.376854537098627 -0.340743612780734 -0.304443616278024 -0.267961054864067 -0.231300785276246 -0.194472027185785 -0.157503102535471 -0.120427556385254 -0.0832807239921903 -0.0460950247427928 -0.00888942434428419 0.0283204749159344
-1.04115659879589 -1.00410361667128 -0.967050634520873 -0.929997652325437 -0.8929446700997 -0.855891687893828 -0.818838705865762 -0.781785724191054 -0.744732743007916 -0.707679762453397 -0.670626782697242 -0.633573803917364 -0.596520826284027 -0.559467849936889 -0.522414874982271 -0.485361901423765 -0.448308929265376 -0.411255958615492 -0.374202989557855 -0.337150021973229 -0.300097055691637 -0.263044090529784 -0.225991126251114 -0.188938162631426 -0.151885199549218 -0.114832236909458 -0.0777792746202833 -0.0407263125923254 -0.00367335074300852 0.0333796110085446
-1.00151588872221 -0.968399139910186 -0.935282391035431 -0.9021656420458 -0.869048892985283 -0.83593214389836 -0.802815394735353 -0.769698645419178 -0.736581895857286 -0.703465145975203 -0.670348395786222 -0.637231645325574 -0.604114894638543 -0.570998143810608 -0.537881392936343 -0.504764642106512 -0.471647891390539 -0.438531140776307 -0.405414390259559 -0.372297639949003 -0.339180889981593 -0.306064140449868 -0.272947391268721 -0.239830642311933 -0.20671389346648 -0.173597144644425 -0.140480395844994 -0.107363647084988 -0.0742468983643617 -0.0411301496788564
-1.03309005972815 -0.997360437577552 -0.961630815414191 -0.925901193250897 -0.890171571106887 -0.854441949003459 -0.818712326963862 -0.782982705016331 -0.747253083207102 -0.711523461555011 -0.675793839951292 -0.640064218255282 -0.604334596328586 -0.568604974041905 -0.532875351304396 -0.497145728169954 -0.461416104736362 -0.425686481132212 -0.38995685745915 -0.354227233680227 -0.318497609723846 -0.282767985510304 -0.247038360927483 -0.211308735889622 -0.175579110448818 -0.139849484674719 -0.10411985856934 -0.068390232141279 -0.0326606054931274 0.00306902124902682
-1.05768114324459 -1.02092958981565 -0.984178036381959 -0.947426482925316 -0.910674929473491 -0.87392337607157 -0.837171822787961 -0.800420269694155 -0.763668716850659 -0.726917164309517 -0.6901656120999 -0.653414060245263 -0.616662508761144 -0.579910957631419 -0.543159406802991 -0.506407856106523 -0.469656305340687 -0.432904754292413 -0.396153202784146 -0.359401650792137 -0.322650098331085 -0.285898545422236 -0.249146992113016 -0.212395438456785 -0.175643884504444 -0.138892330320044 -0.102140776022701 -0.0653892217200936 -0.0286376674191008 0.00811388689860008
-0.996383939277309 -0.963255465047512 -0.930126990711999 -0.896998516157567 -0.86387004130075 -0.830741566078761 -0.797613090481806 -0.764484614524283 -0.731356138264385 -0.698227661769421 -0.665099185099361 -0.631970708312345 -0.598842231490263 -0.565713754810016 -0.532585278462814 -0.499456802602094 -0.466328327367708 -0.433199852882933 -0.400071379233095 -0.366942906368296 -0.333814434204833 -0.300685962642237 -0.267557491512976 -0.234429020646538 -0.201300549927531 -0.168172079263751 -0.135043608600617 -0.101915137906051 -0.0687866672003675 -0.0356581965169766
-1.00247057560663 -0.967444179252417 -0.932417782872548 -0.897391386416436 -0.862364989793408 -0.827338592900996 -0.792312195629607 -0.757285797892382 -0.722259399700512 -0.687233001107679 -0.652206602239504 -0.617180203239592 -0.582153804248858 -0.547127405397473 -0.512101006798912 -0.477074608510629 -0.442048210560872 -0.407021812917102 -0.371995415534793 -0.336969018382258 -0.301942621431021 -0.266916224670469 -0.231889828161428 -0.196863431954603 -0.161837035988762 -0.126810640181877 -0.0917842444806667 -0.0567578488443395 -0.0217314532533072 0.0132949423067174
-1.00806378967995 -0.974011932801516 -0.939960075849865 -0.905908218728386 -0.871856361359767 -0.837804503681949 -0.803752645674591 -0.76970078732728 -0.735648928627607 -0.701597069565268 -0.667545210140377 -0.633493350355652 -0.599441490228902 -0.565389629838311 -0.53133776928111 -0.497285908670347 -0.463234048121599 -0.429182187744743 -0.395130327641954 -0.361078467890326 -0.327026608560679 -0.292974749703226 -0.258922891285756 -0.224871033241048 -0.190819175444279 -0.156767317758462 -0.122715460055558 -0.0886636022391829 -0.0546117443306413 -0.0205598863806579
-0.990152172592866 -0.956716849714549 -0.923281526738825 -0.889846203540788 -0.856410880018967 -0.822975556101772 -0.789540231813698 -0.756104907205284 -0.722669582335153 -0.689234257286958 -0.655798932236383 -0.622363607382125 -0.588928282924923 -0.555492959073694 -0.522057636015602 -0.488622313842603 -0.455186992594043 -0.421751672194021 -0.388316352528707 -0.354881033447794 -0.32144571479186 -0.288010396399062 -0.254575078097887 -0.221139759749165 -0.187704441352761 -0.154269122944664 -0.120833804566322 -0.0873984862515922 -0.0539631679985109 -0.0205278497961578
-1.04148095968359 -1.00425885129831 -0.967036742870821 -0.92981463435224 -0.892592525755715 -0.855370417106127 -0.818148308413238 -0.780926199673036 -0.743704090841551 -0.706481981863535 -0.669259872678602 -0.632037763225079 -0.594815653459639 -0.557593543412326 -0.520371433114042 -0.483149322525741 -0.4459272115682 -0.408705100071429 -0.371482987886373 -0.33426087503849 -0.297038761596864 -0.259816647616356 -0.22259453309493 -0.185372418028373 -0.148150302460656 -0.110928186451701 -0.0737060700770634 -0.0364839534202239 0.000738163419257013 0.0379602803377998
-1.01992535838871 -0.983276727579545 -0.946637477237356 -0.910013712282121 -0.873407619051017 -0.836821374032665 -0.80026103290426 -0.763730212761868 -0.727218897188474 -0.69071201691868 -0.654187924806668 -0.617623329236511 -0.5809977556549 -0.544301997758994 -0.507528538868821 -0.470665352545421 -0.433700229395246 -0.396624737965388 -0.359433313600227 -0.32212808089266 -0.284713086747717 -0.247193183153831 -0.209576442433069 -0.171873059487086 -0.134098499202265 -0.0962685900698447 -0.0583953450157527 -0.0204902037550167 0.0174338712756291 0.0553635369590241
-0.978884849376228 -0.945311564177153 -0.911738278967479 -0.878164993750504 -0.844591708501496 -0.811018423202177 -0.777445137888121 -0.743871852628869 -0.710298567575972 -0.676725282880033 -0.643151998605866 -0.609578714796834 -0.576005431503895 -0.542432148808378 -0.508858866760985 -0.475285585259544 -0.44171230416447 -0.408139023339412 -0.374565742644502 -0.340992461922575 -0.307419181012147 -0.273845899751412 -0.240272617977288 -0.206699335557926 -0.173126052487672 -0.139552768831965 -0.105979484814417 -0.0724062006622894 -0.0388329164592851 -0.00525963225321469
-1.0129531362175 -0.97763594362135 -0.942318751239436 -0.907001559313978 -0.871684368083607 -0.836367177775728 -0.80104998857643 -0.765732800633663 -0.730415613984139 -0.695098428621757 -0.659781244480404 -0.624464061478962 -0.589146879520898 -0.553829698448004 -0.518512518085591 -0.483195338254707 -0.447878158766634 -0.412560979397871 -0.377243799938831 -0.341926620270399 -0.306609440296071 -0.271292259907527 -0.235975078949173 -0.200657897263751 -0.165340714734628 -0.130023531326669 -0.09470634729012 -0.0593891629107067 -0.0240719783307085 0.0112452063434572
-0.988755836840756 -0.953360962402558 -0.917965108361092 -0.882566390414822 -0.847166294977361 -0.811769010160978 -0.77638616015742 -0.741035981089064 -0.705755720721318 -0.670583537641824 -0.635542222084108 -0.600650722193171 -0.565924741020071 -0.531367001240113 -0.496974997765425 -0.462738294831183 -0.428644220701032 -0.394679090429462 -0.360830421877854 -0.327091557344323 -0.29345729523617 -0.259921683468708 -0.226475767989299 -0.193106557661372 -0.159787914980547 -0.126494512685496 -0.0932174108548889 -0.0599522022832862 -0.0266962232888006 0.00655275392956649
1.06119765657769 1.00993630433651 0.95976588485531 0.911671754500073 0.866465243579589 0.824789224309184 0.78678676258756 0.752314928750394 0.720586617197904 0.690721399557791 0.662109732303163 0.634209793118477 0.606417319639017 0.577878289303357 0.547988361507663 0.517391683675155 0.486699021029523 0.455139121969285 0.421713732479826 0.385898605719185 0.34728799663856 0.305732624108278 0.262109062675161 0.217386151609246 0.171875933396905 0.125814051694665 0.0797873516233303 0.0343237439440606 -0.0106357994848299 -0.0552970415307387
-1.05578957871038 -1.01377362897119 -0.971614053705328 -0.929060821967423 -0.886048412242131 -0.842593150815277 -0.798854245747363 -0.755058492755038 -0.711560156404884 -0.668769389362224 -0.627192427837412 -0.587359528927061 -0.54968833296386 -0.514146013224807 -0.480601866379912 -0.448984149726935 -0.419169375934337 -0.390768118525615 -0.363254634670736 -0.335823855270505 -0.307600879658433 -0.277835477236139 -0.246276097677659 -0.212903046511987 -0.178125372415524 -0.142432411713797 -0.106205908181439 -0.0697679792005497 -0.0333098291340026 0.00301006591013593
-0.994460082844372 -0.958973220573676 -0.923489130312813 -0.888010778220318 -0.852541399136673 -0.817085308537298 -0.78165087575542 -0.746249747906729 -0.710902629378969 -0.675628442562407 -0.640429924585349 -0.60530576626061 -0.570255622402835 -0.535283003833983 -0.500396603104427 -0.46562198367089 -0.430986991897992 -0.396511734875595 -0.362208596345256 -0.32806680593007 -0.294069804723514 -0.260200382053058 -0.226438720182143 -0.192765907555272 -0.15916926440522 -0.125636077408224 -0.092147267226111 -0.0586840391800098 -0.0252351032426802 0.00820895445021035
-1.07568139929044 -1.03125748052892 -0.986886461198734 -0.942641396280644 -0.898661317609528 -0.855081586138335 -0.811956902438206 -0.769352574282668 -0.727456998636601 -0.686470680360664 -0.64651946670727 -0.607710540526775 -0.57012330594591 -0.533726052196919 -0.498454436066504 -0.46422469945369 -0.430917333980493 -0.398289245048552 -0.366099171827353 -0.334236774778133 -0.302624444685067 -0.271199501822713 -0.239958984427158 -0.208877792393599 -0.17778255429215 -0.14648914586156 -0.114918702840211 -0.0830440184498034 -0.0509392558456707 -0.0187039206665554
0.861847576526287 0.88964238019647 0.904560505465045 0.898802068558444 0.878957896407512 0.853085921041614 0.820721784179796 0.782134799157973 0.749051256089869 0.731501481829521 0.721274973414425 0.70560102042794 0.674459196834635 0.628830214123918 0.573068658452524 0.514023477121658 0.459713542080915 0.420343062728997 0.401835885991049 0.390809071448876 0.369052981848453 0.323075497510379 0.258254569053769 0.186204097386313 0.124611714271501 0.0882371825061047 0.0740550581642237 0.0744849448133059 0.0815118427168569 0.0870121013123969
-0.974422069366243 -0.942788273768739 -0.911129793037236 -0.87941143051931 -0.847593285509236 -0.815633911082981 -0.783490379496586 -0.751118260397401 -0.718468593817961 -0.685499547550295 -0.652202330039229 -0.618576409892788 -0.584625959094324 -0.550373963128502 -0.515834500458834 -0.480967207962928 -0.445717294574547 -0.410026699037992 -0.373853280565274 -0.337221850428707 -0.300173957915681 -0.262757191239669 -0.225043294318469 -0.187117536672437 -0.149095134527831 -0.111076633495428 -0.0730739500181755 -0.0350788887817739 0.00290856338925792 0.040886374135695
-1.04278139325451 -1.0054153409704 -0.968049288787222 -0.930683236744551 -0.893317184825253 -0.855951133015252 -0.818585081369412 -0.781219029941689 -0.74385297871348 -0.706486927665192 -0.669120876845844 -0.631754826321607 -0.594388776152482 -0.557022726373799 -0.519656677009614 -0.482290628063559 -0.444924579538648 -0.40755853145583 -0.370192483836797 -0.332826436688282 -0.295460390013278 -0.25809434381131 -0.220728298068046 -0.183362252753283 -0.145996207787219 -0.108630163074195 -0.0712641185047345 -0.0338980739844477 0.00346797050687864 0.0408340149709142
-1.00246951280254 -0.968697880346069 -0.934926247912503 -0.901154615525963 -0.867382983280856 -0.833611351271028 -0.799839719517801 -0.766068088011614 -0.73229645669188 -0.698524825504051 -0.664753194468748 -0.630981563625385 -0.597209933018966 -0.563438302716859 -0.529666672773976 -0.495895043173041 -0.46212341388706 -0.428351784922354 -0.394580156309907 -0.360808528146042 -0.327036900543418 -0.29326527360509 -0.259493647395707 -0.225722021947916 -0.191950397204777 -0.158178773079977 -0.124407149459306 -0.0906355262160629 -0.0568639032014945 -0.0230922802613336
-0.985083258663651 -0.952000490840956 -0.918917722979611 -0.885834955058025 -0.852752187064015 -0.819669418976067 -0.786586650725948 -0.753503882247788 -0.720421113531908 -0.687338344597795 -0.654255575525408 -0.621172806409822 -0.588090037380449 -0.555007268704041 -0.521924500652456 -0.488841733380621 -0.45575896700217 -0.422676201582475 -0.389593437180119 -0.35651067387478 -0.323427911751412 -0.29034515086624 -0.257262391160569 -0.224179632513484 -0.191096874670108 -0.158014117365097 -0.124931360425224 -0.0918486037130472 -0.0587658471421616 -0.0256830906389217
-1.03108081268125 -0.994570060525319 -0.958049732886373 -0.921509685145992 -0.884939512577478 -0.848329228052173 -0.811670774941841 -0.774956989618042 -0.738182349951095 -0.701342835694225 -0.664438792633522 -0.627471658063289 -0.590443045979068 -0.553355277181339 -0.516210121144917 -0.47900643523702 -0.44174421161806 -0.404430893728823 -0.367074029518558 -0.329674133689987 -0.292229962634201 -0.254740023745292 -0.217201828429349 -0.179613936969416 -0.141980101144339 -0.104305557206812 -0.0665962878091261 -0.0288588211351474 0.00889887890454268 0.046668489467684
-1.03293292826104 -0.995990480902025 -0.959048033492901 -0.922105585930584 -0.885163138120206 -0.848220689963919 -0.811278241343721 -0.774335792175639 -0.737393342531957 -0.700450892537713 -0.663508442372715 -0.626565992230462 -0.589623542282113 -0.552681092609473 -0.515738643254895 -0.478796194192285 -0.441853745367884 -0.404911296685714 -0.367968848056045 -0.331026399456348 -0.294083950880897 -0.257141502334453 -0.220199053863745 -0.183256605506736 -0.146314157224367 -0.10937170897229 -0.0724292607620326 -0.0354868126134573 0.00145563547610962 0.0383980835149759
-1.00151403543284 -0.966766856698541 -0.932019677910409 -0.897272499037667 -0.862525320104714 -0.827778141143159 -0.793030962158249 -0.758283783121717 -0.723536603897592 -0.688789424327507 -0.654042244271235 -0.619295063593079 -0.584547882172203 -0.549800699947206 -0.515053516908777 -0.480306333196528 -0.445559148960292 -0.410811964241865 -0.376064779047356 -0.341317593348185 -0.306570407107093 -0.271823220312154 -0.237076033052746 -0.202328845421632 -0.167581657423777 -0.132834469062576 -0.0980872804229297 -0.0633400916049588 -0.0285929026881684 0.0061542862530904
-1.0249608165782 -0.986355730414791 -0.947726075714194 -0.909060463751194 -0.870394928595351 -0.831772981038851 -0.79322061596962 -0.754758133367129 -0.716400569481286 -0.678172058800164 -0.640138392494037 -0.602375775903729 -0.564958797352481 -0.527955577093194 -0.491429246591024 -0.455429450230507 -0.420012969424378 -0.385278620778817 -0.351308758662565 -0.318077853301181 -0.285533403884426 -0.253612827777438 -0.222213215046855 -0.191213298438773 -0.16045870871561 -0.129803893505395 -0.0991716698822842 -0.0685172342277448 -0.0378569307063703 -0.00722239042853503
1.03082285999406 0.994403306562183 0.957983753096435 0.921564199615181 0.885144646207231 0.848725092983487 0.812305540072776 0.775885987613534 0.739466435764737 0.703046884668056 0.666627334375428 0.630207784916357 0.593788236319876 0.557368688613154 0.52094914179352 0.484529595740827 0.448110050307732 0.411690505355588 0.37527096076584 0.338851416491593 0.302431872503869 0.266012328773004 0.229592785266591 0.193173241972589 0.156753698963155 0.120334156292082 0.0839146138555109 0.0474950715248099 0.0110755292299068 -0.0253440130846305
-0.997588825567323 -0.965901200951601 -0.934207970714152 -0.902505391699044 -0.870797333599669 -0.839086849805457 -0.807366115640678 -0.77562256742928 -0.743835563559067 -0.711985485864047 -0.680064887899158 -0.648069366149572 -0.615990356483915 -0.583802652304619 -0.551482658525799 -0.519029868574487 -0.486446516213397 -0.453722708035041 -0.420847167574504 -0.38781521330736 -0.354623812444306 -0.321272828390904 -0.287773709332176 -0.254141397298701 -0.220393224923824 -0.186550312201081 -0.152646537962017 -0.118714866725947 -0.0847718469252698 -0.0508299229706535
-1.0049007403007 -0.970077700146513 -0.935254659847636 -0.900431619311571 -0.865608578551354 -0.830785537613163 -0.795962496570201 -0.761139455506664 -0.726316414523707 -0.691493373715535 -0.656670333131606 -0.621847292810193 -0.587024252770498 -0.552201212955449 -0.517378173284416 -0.482555133658811 -0.447732093975847 -0.412909054133893 -0.378086014046538 -0.34326297368708 -0.308439933043742 -0.27361689211 -0.238793850900332 -0.203970809427441 -0.169147767675943 -0.134324725636075 -0.0995016833486682 -0.0646786408733282 -0.0298555982941784 0.00496744429852912
-0.957804514403045 -0.935134303986732 -0.912887750605068 -0.89103698151493 -0.869062846801342 -0.846229778887497 -0.821427816721113 -0.793575600093625 -0.762080565646816 -0.726759751623882 -0.688579805823337 -0.648794778432525 -0.608481690267608 -0.568009444660022 -0.527596664116813 -0.487568965332172 -0.448329342958522 -0.410483309294063 -0.374508740808805 -0.34017045301424 -0.307054996182225 -0.274753411547417 -0.242874704195648 -0.211089848163897 -0.179299729442532 -0.147560836832927 -0.116322158427093 -0.086000449972064 -0.0564910385443286 -0.0275588940527382
-0.988482551167121 -0.953433507060386 -0.918384462997218 -0.883335419018638 -0.8482863751632 -0.813237331443484 -0.778188287770645 -0.743139244061014 -0.708090200353055 -0.673041156730177 -0.637992113333431 -0.60294307031828 -0.567894027813352 -0.532844985839924 -0.497795944391888 -0.462746903460932 -0.427697863027349 -0.392648823028043 -0.357599783399767 -0.322550744122038 -0.287501705185065 -0.252452666593727 -0.217403628411594 -0.182354590700441 -0.147305553456184 -0.11225651664912 -0.0772074802129361 -0.0421584440670617 -0.00710940811050605 0.0279396277628267
-0.983740828798193 -0.95036256741341 -0.916984306016605 -0.883606044568379 -0.850227782922789 -0.816849520914966 -0.783471258410884 -0.750092995293825 -0.716714731485453 -0.683336466943875 -0.649958201734585 -0.616579935949924 -0.583201669678574 -0.549823402994579 -0.516445135970911 -0.4830668686909 -0.449688601230691 -0.416310333627313 -0.382932065912657 -0.349553798137141 -0.31617553035582 -0.282797262638337 -0.249418995112706 -0.216040727896438 -0.182662461006684 -0.149284194424123 -0.115905928083916 -0.0825276619094618 -0.0491493958226345 -0.0157711297449256
-1.02639373625617 -0.990495892375966 -0.95459804849722 -0.918700204607527 -0.882802360600607 -0.846904516357644 -0.811006671803547 -0.775108826866114 -0.739210981440971 -0.703313135430365 -0.667415288795205 -0.631517441511068 -0.595619593576199 -0.559721745079525 -0.523823896135679 -0.487926046871413 -0.45202819742115 -0.416130347937847 -0.380232498564008 -0.344334649381773 -0.308436800458193 -0.27253895185324 -0.236641103598581 -0.200743255693179 -0.164845408033511 -0.128947560506626 -0.093049713064352 -0.0571518656733859 -0.0212540182951121 0.0146438291104129
-1.02513959160136 -0.990002877121495 -0.954866162503177 -0.919729447625362 -0.884592732436462 -0.849456016896542 -0.814319300942812 -0.779182584512122 -0.744045867562757 -0.708909150079236 -0.673772432129587 -0.638635713802715 -0.603498995175241 -0.568362276274658 -0.533225557136509 -0.498088837877662 -0.462952118641139 -0.427815399593241 -0.392678680891824 -0.357541962637695 -0.322405244917396 -0.287268527783744 -0.252131811154658 -0.216995094907669 -0.181858378893669 -0.146721662976757 -0.111584947100495 -0.0764482312336884 -0.0413115153666379 -0.00617479949501973
-1.00107681865632 -0.966880068200321 -0.932683317829906 -0.898486567693689 -0.864289817879962 -0.830093068468335 -0.795896319564012 -0.76169957130278 -0.727502823917172 -0.693306077618206 -0.65910933243409 -0.624912588347331 -0.590715845295485 -0.556519103036317 -0.522322361323506 -0.48812562007419 -0.45392887922414 -0.419732138620195 -0.385535398086289 -0.351338657443676 -0.317141916512943 -0.282945175136111 -0.248748433240946 -0.214551690787729 -0.180354947781056 -0.14615820425277 -0.111961460299393 -0.0777647160384795 -0.0435679716070179 -0.00937122714685676
-0.925893553901553 -0.902557592536832 -0.879194560383473 -0.855678465062922 -0.831739436982216 -0.807113677596377 -0.781705549766772 -0.755479283576125 -0.728470416586247 -0.700732127918338 -0.672316855452058 -0.643276851756686 -0.613651695083249 -0.583430266409773 -0.552599601581621 -0.521190053186509 -0.489226769319072 -0.456670763359282 -0.423456908560341 -0.389479652383046 -0.354623335840092 -0.318801163121338 -0.282041791125298 -0.244422825426472 -0.206102213594662 -0.167261625444511 -0.128097277774741 -0.0887834568410238 -0.0493921797427262 -0.00996989629014237
-1.04073744044317 -1.00144726369266 -0.962132419019823 -0.922786668055971 -0.883453986801403 -0.844189731578214 -0.805044565626683 -0.766070460333434 -0.727329312752277 -0.688876160107663 -0.650728674639401 -0.61289518734114 -0.575380652457753 -0.538176517239005 -0.501276026766182 -0.464693124441778 -0.428437003309092 -0.392477156653445 -0.35677438577612 -0.321294423800233 -0.286004236804354 -0.250876026223311 -0.215902934916948 -0.181083647899668 -0.146418077379068 -0.111902105369592 -0.0775142659198686 -0.043226995159298 -0.00900568550619095 0.0251860315489149
-0.912995372482712 -0.89244851201274 -0.871949361034487 -0.851435751728381 -0.830602263333127 -0.809083452697064 -0.786517040048799 -0.762574884738917 -0.737062239225655 -0.709844807845485 -0.680896709340186 -0.650219166052861 -0.617790491326702 -0.583497362505262 -0.547290756002638 -0.509470480514773 -0.47039083913101 -0.43027528023246 -0.389373714961796 -0.348172760216162 -0.307218209331319 -0.266985013646169 -0.227664756512172 -0.189338700910536 -0.151930196328914 -0.115223292874011 -0.0786027566222976 -0.041503630785446 -0.0039613511461587 0.0338385483701039
1.00507423281991 0.969606937921926 0.934139643070587 0.898672348304214 0.863205053701969 0.827737759353237 0.792270465347446 0.756803171762105 0.721335878626995 0.685868585971955 0.650401293874755 0.614934002425153 0.579466711693835 0.543999421675209 0.508532132336551 0.473064843612892 0.437597555437172 0.402130267766211 0.366662980555055 0.331195693727795 0.295728407200779 0.260261120865893 0.224793834517168 0.189326547933326 0.153859260929698 0.118391973374133 0.0829246853079518 0.0474573968299977 0.0119901080957368 -0.0234771807252094
-1.01105386841947 -0.975741683662886 -0.940429498981959 -0.905117314498691 -0.869805130334064 -0.83449294658092 -0.799180763220548 -0.763868580204409 -0.728556397476182 -0.693244214984667 -0.657932032706923 -0.622619850627075 -0.587307668729733 -0.551995487001453 -0.516683305402265 -0.481371123784159 -0.446058941986296 -0.410746759904577 -0.375434577446846 -0.340122394511983 -0.304810210996625 -0.269498026789169 -0.234185841745045 -0.198873655734423 -0.163561468719404 -0.128249280717811 -0.0929370918784084 -0.0576249023969078 -0.022312712525857 0.012999477467987
-1.0344385983505 -0.916718857822582 -0.889463830577801 -0.904388451596569 -0.908835688338643 -0.865487133092234 -0.802750844980015 -0.755278726824998 -0.716971589417075 -0.67557929880331 -0.634999034092569 -0.603164802659166 -0.583483264752056 -0.561251692118739 -0.519105479193813 -0.447141899661705 -0.35163278197443 -0.296086294404524 -0.330737734879027 -0.395494580122479 -0.402682351558794 -0.304624298492728 -0.213634581752422 -0.232868489897401 -0.268854910889356 -0.214466650961663 -0.104578590032267 -0.00165840425279216 0.0634571189749941 0.0678389144367866
-1.01475406222152 -0.980188739685133 -0.945623417176007 -0.911058094634888 -0.876492772044345 -0.841927449421596 -0.807362126880648 -0.772796804554093 -0.738231482552092 -0.703666160951204 -0.669100839716015 -0.634535518783119 -0.59997019804824 -0.565404877243622 -0.530839556085146 -0.496274234386731 -0.46170891202225 -0.427143589007373 -0.392578265374331 -0.358012941079829 -0.323447616061684 -0.288882290255343 -0.254316963586754 -0.219751636002803 -0.185186307543625 -0.150620978299539 -0.116055648468347 -0.0814903182607864 -0.0469249878318323 -0.012359657322521
-1.07220397624143 -1.09611257779699 -0.938785701473565 -0.888677551600429 -0.912588089703045 -0.91408079588855 -0.865427467394593 -0.769523896111433 -0.683053535409248 -0.656834971460054 -0.664439660163292 -0.660127274850262 -0.611564669609989 -0.540047421562401 -0.476546501992758 -0.437105735816721 -0.427377216671834 -0.426373259452734 -0.410718478888045 -0.374126467785225 -0.314583063471446 -0.240820487832677 -0.204556500990092 -0.233944383779959 -0.21989396166373 -0.0804656889139319 0.02043400957777 -0.0606925612391855 -0.139862206431806 0.0487784914287885
-1.09231146374909 -1.04850286910029 -1.00470323819311 -0.961023498901003 -0.917563458000272 -0.874416280102183 -0.831659682255084 -0.789410098062056 -0.747954274908043 -0.707573691923015 -0.668358441435207 -0.630350769072418 -0.59357004023621 -0.557944099423209 -0.52335479019828 -0.489591473304201 -0.456410195493799 -0.423526230382199 -0.390686225462314 -0.35780309687592 -0.324831327927004 -0.29171399562373 -0.258348551790959 -0.224644545860742 -0.190605542877198 -0.156277961350638 -0.121785618044092 -0.087252101646497 -0.0527226902977189 -0.0182230845003545
-0.957948241350604 -0.924395255547677 -0.890842269724582 -0.857289283833067 -0.823736297829129 -0.790183311677579 -0.756630325374237 -0.723077338944291 -0.689524352499376 -0.655971366180906 -0.622418380162945 -0.58886539462772 -0.555312409726852 -0.521759425489542 -0.488206441926011 -0.454653459092969 -0.421100477030047 -0.387547495662054 -0.353994514882201 -0.320441534572115 -0.286888554610529 -0.253335574867035 -0.219782595174675 -0.186229615411509 -0.152676635672215 -0.119123656087709 -0.0855706767172481 -0.052017697581917 -0.0184647186217798 0.0150882602433553
-0.969956049763234 -0.943341988275248 -0.916619098455421 -0.889652953618837 -0.862311857108275 -0.834481843718016 -0.806117144020659 -0.777176859498356 -0.747571379493156 -0.717187279167841 -0.68586458910823 -0.653431703755904 -0.61978059065484 -0.585057509758608 -0.549442855510257 -0.512999267901138 -0.475774811782635 -0.437877005897927 -0.399433611009827 -0.360593902067871 -0.321512532568277 -0.282331722715909 -0.24314395955022 -0.204018779307064 -0.164983648173314 -0.126059238478736 -0.0872811171736522 -0.0486690564256205 -0.0101647546505881 0.0283096081734008
-1.03796215414921 -1.00295675483644 -0.967946996374939 -0.932928282703927 -0.897892538893341 -0.862831922396207 -0.82774299906716 -0.792617898412611 -0.757426596144469 -0.722134183176674 -0.686708365025791 -0.651117500859041 -0.615330053311494 -0.579314898889622 -0.543045744633972 -0.506515205849999 -0.469720882629893 -0.432661405947869 -0.395337100239773 -0.357754032905938 -0.319919707087823 -0.281848557128809 -0.243582742179961 -0.205171430848197 -0.166664104756149 -0.128102976055749 -0.0895008660004266 -0.0508637232509177 -0.0121993969957012 0.026483788444809
-1.03799065099601 -1.00131076080921 -0.964630870687798 -0.927950980646052 -0.891271090576614 -0.854591200356058 -0.817911309918317 -0.781231419223787 -0.744551528281362 -0.707871637131915 -0.671191745895765 -0.634511854713086 -0.597831963705371 -0.561152072919388 -0.524472182367365 -0.487792291998091 -0.4511124017448 -0.414432511541933 -0.377752621326303 -0.341072731043 -0.30439284063918 -0.26771295007081 -0.231033059329082 -0.194353168439416 -0.157673277528908 -0.120993386722187 -0.0843134960323276 -0.0476336054439991 -0.0109537149397997 0.0257261754981903
-1.00780110411054 -0.968926797695681 -0.930683000097018 -0.893692781397718 -0.857991129290074 -0.823428276056712 -0.789703514732447 -0.756463609755255 -0.723296150423559 -0.689852762828178 -0.656100395369064 -0.622084827023453 -0.587932863387441 -0.554095416532565 -0.521027830573218 -0.488879071319787 -0.457588770292139 -0.426565600152078 -0.395217411004986 -0.363479721588619 -0.331419967798829 -0.298745036741757 -0.263719620364719 -0.224554048616975 -0.180683398614402 -0.132025842517271 -0.0792071854968309 -0.0231008951140565 0.0351365445221485 0.0942778951658978
-0.982593076307347 -0.949745896159538 -0.916898716061146 -0.884051535963326 -0.851204355741224 -0.818357175283294 -0.785509994607218 -0.752662813748969 -0.719815632688455 -0.686968451381656 -0.654121269744881 -0.621274087684524 -0.58842690513277 -0.555579722124965 -0.522732538742419 -0.489885355147149 -0.457038171513925 -0.424190987987839 -0.391343804709845 -0.358496621834035 -0.325649439517785 -0.292802257897054 -0.259955077022139 -0.22710789691197 -0.194260717545677 -0.161413538880217 -0.128566360823676 -0.0957191832580365 -0.0628720060097575 -0.0300248288914154
-1.00583521374501 -0.971297491541367 -0.936759769365386 -0.902222047275419 -0.867684325366874 -0.833146603760352 -0.798608882640175 -0.764071162194228 -0.729533442560918 -0.694995723830788 -0.660458005952397 -0.625920288838806 -0.591382572395468 -0.556844856497398 -0.52230714101529 -0.487769425832984 -0.453231710806973 -0.418693995671223 -0.384156280159458 -0.349618564126987 -0.315080847459516 -0.280543130076847 -0.246005412035171 -0.211467693437846 -0.176929974440511 -0.142392255206351 -0.107854535876473 -0.0733168165626394 -0.0387790972813189 -0.00424137802515461
-1.04291802168781 -1.00896639206336 -0.96031541739929 -0.8894037645249 -0.805817693710579 -0.724422318575646 -0.664050572694 -0.638627651991865 -0.638479981850185 -0.648464944740672 -0.655162522043371 -0.645583344865414 -0.61188656731273 -0.566825435486453 -0.525860182545361 -0.494684897883596 -0.474181413839478 -0.455748678292652 -0.430393645825073 -0.397038182286615 -0.356582881344127 -0.309875565346747 -0.257552971372752 -0.20163388153646 -0.149876343367227 -0.10826165693563 -0.0699248670621248 -0.0260794150872665 0.0269014163178697 0.0913543841495785
-1.01193764023405 -0.978355647042312 -0.944773653896886 -0.911191660780624 -0.877609667642133 -0.844027674429944 -0.810445681126539 -0.77686368771996 -0.743281694186546 -0.70969970051834 -0.676117706781894 -0.642535713062389 -0.608953719435759 -0.575371725940943 -0.541789732580509 -0.508207739248527 -0.474625745822595 -0.441043752222927 -0.407461758378717 -0.373879764212475 -0.340297769645041 -0.306715774596047 -0.273133778980285 -0.239551782736202 -0.205969785901682 -0.172387788554675 -0.138805790833947 -0.105223792881096 -0.0716417947882239 -0.0380597966350594
-0.96530503595164 -0.933785225835917 -0.902265415793314 -0.870745605927871 -0.839225796421655 -0.80770598744253 -0.776186179023499 -0.744666371154449 -0.713146563787636 -0.68162675686685 -0.65010695033963 -0.618587144154452 -0.587067338246238 -0.555547532495693 -0.524027726780772 -0.492507921022644 -0.460988115175066 -0.429468309278936 -0.397948503384437 -0.36642869749174 -0.334908891588515 -0.303389085651761 -0.27186927961578 -0.240349473415708 -0.208829667032697 -0.177309860475622 -0.14579005381822 -0.114270247135443 -0.0827504404422233 -0.0512306337384885
-0.986253418298147 -0.951935915384871 -0.917618412627036 -0.88330091017086 -0.848983408153609 -0.814665906705465 -0.780348405937229 -0.746030905946344 -0.711713406796194 -0.677395908533922 -0.643078411175781 -0.608760914730298 -0.574443419187217 -0.540125924461146 -0.505808430437034 -0.471490936956326 -0.437173443816397 -0.402855950681853 -0.368538457219695 -0.33422096323929 -0.299903468585591 -0.265585973145215 -0.231268476971413 -0.196950980154139 -0.162633482763523 -0.128315984862289 -0.0939984865033676 -0.059680987752508 -0.0253634887365338 0.0089540104024632
-0.980181993749521 -0.946674644067765 -0.913161718412475 -0.879638380396567 -0.846102448430923 -0.812551374286457 -0.77897848837627 -0.745376221888109 -0.711737530466121 -0.678055133696971 -0.64432028248098 -0.610523860546886 -0.576658498415816 -0.542723813778458 -0.508719484512443 -0.474638442073607 -0.440468785781845 -0.406186032835086 -0.371767855492586 -0.337213128380878 -0.302526026718312 -0.26771393504932 -0.232797075222647 -0.197795115823932 -0.162712675082069 -0.12755208678492 -0.0923215973129754 -0.0570327091862988 -0.0217040368906381 0.0136440270968389
-1.07009740210475 -1.03378353269988 -0.997469663354647 -0.961155794125018 -0.924841925050576 -0.888528056158007 -0.852214187438793 -0.815900318894634 -0.779586450603329 -0.743272582652364 -0.70695871509186 -0.6706448479626 -0.634330981285351 -0.598017115000817 -0.561703249000051 -0.525389383055558 -0.489075516927178 -0.452761650442625 -0.416447783476687 -0.380133916024577 -0.343820048111611 -0.307506179763125 -0.27119231100452 -0.234878441845036 -0.198564572229192 -0.162250702091701 -0.125936831392768 -0.089622960136263 -0.0533090884752258 -0.016995216599989
-1.00144362519585 -0.967585356180376 -0.933727087254376 -0.899868818514613 -0.866010549991109 -0.832152281712966 -0.798294013772335 -0.764435746250406 -0.730577479121472 -0.696719212315603 -0.662860945692878 -0.629002679095877 -0.595144412402589 -0.56128614563263 -0.52742787883761 -0.493569612055477 -0.459711345319575 -0.425853078658475 -0.391994812088692 -0.358136545583285 -0.324278279104446 -0.290420012597893 -0.256561745943428 -0.222703479027413 -0.188845211828345 -0.154986944350622 -0.121128676610109 -0.087270408633881 -0.0534121404823953 -0.0195538722244531
-0.981650176461391 -0.945426142576139 -0.909201239072892 -0.872987377525899 -0.836809554861279 -0.800698481612309 -0.76469463738902 -0.728838587515355 -0.693161471094161 -0.657690453499329 -0.622446231410017 -0.587447884331699 -0.552703967013331 -0.518180935177793 -0.48383683749701 -0.449638193465158 -0.415558971949841 -0.381594468490119 -0.347742046233582 -0.313986012090486 -0.280307408911754 -0.246687684886852 -0.213109909559425 -0.17955766500319 -0.146014962057978 -0.112465762182396 -0.0788934005440636 -0.0452861532153047 -0.0116526861782438 0.0219932371075434
-1.00314476525736 -0.968279267746491 -0.933413770425993 -0.898548273494313 -0.863682777144911 -0.828817281561277 -0.793951786892003 -0.759086293280243 -0.724220800882304 -0.689355309841098 -0.654489820232816 -0.619624332116968 -0.584758845524274 -0.549893360370301 -0.51502787650599 -0.480162393638933 -0.445296911436722 -0.410431429550314 -0.37556594767273 -0.340700465681897 -0.305834983501966 -0.270969501080865 -0.236104018461627 -0.201238535694497 -0.166373052763454 -0.131507569644992 -0.0966420863519209 -0.0617766029129556 -0.0269111193841014 0.00795436417181318
-0.961305279852854 -0.928814123802356 -0.896322967760386 -0.863831811726206 -0.831340655737455 -0.798849499833627 -0.766358344023233 -0.733867188323652 -0.701376032818708 -0.668884877591175 -0.636393722653196 -0.603902567999254 -0.571411413619399 -0.538920259485934 -0.50642910555264 -0.473937951716955 -0.441446797895775 -0.408955644140185 -0.376464490518896 -0.343973337036938 -0.311482183683423 -0.278991030416919 -0.246499877073839 -0.214008723491511 -0.181517569633083 -0.149026415497452 -0.116535261100664 -0.0840441064723566 -0.0515529516793594 -0.0190617967978022
-0.992290041523184 -0.961122146999733 -0.92989546903572 -0.898576718976653 -0.867072066117871 -0.835272574280556 -0.80306942743944 -0.770337131645171 -0.736883361098511 -0.702521075083783 -0.667151205069427 -0.630696675569912 -0.593116906023386 -0.554517295562692 -0.515043727883154 -0.47485804523531 -0.434142820916507 -0.393147593856122 -0.352091901686555 -0.311008311220246 -0.269882646564643 -0.228673577399531 -0.187231155694023 -0.145423449516294 -0.103299209041438 -0.0609377370993791 -0.0183598650324487 0.0244192247358372 0.0673484739696269 0.110367855479985
-1.00590665521495 -0.967942064322575 -0.929984368489199 -0.892042362410254 -0.854124983529697 -0.81624244125195 -0.778409890074772 -0.740642382485731 -0.702949617838298 -0.665337210952921 -0.627799791652053 -0.590329243508652 -0.552922342617232 -0.515595435158536 -0.478369526482695 -0.441264688531154 -0.404297733737784 -0.367473369914838 -0.330791008993025 -0.29424098399851 -0.257811358231318 -0.22149203530129 -0.185280280057536 -0.149173677452697 -0.113163731614299 -0.0772386861938123 -0.0413798237636198 -0.00556753514947794 0.0302143947302782 0.0659813324341689
-1.00576123633081 -0.970585884606942 -0.935453511240845 -0.900398844285745 -0.865441132193682 -0.830592376332954 -0.795851069338079 -0.76121383219712 -0.726683308046116 -0.692267404439991 -0.657989064461236 -0.623874990074232 -0.589948687256758 -0.556220878040171 -0.522697800455324 -0.489380540477459 -0.45626779251082 -0.423353836731251 -0.390629532104321 -0.358076466982885 -0.325673912066615 -0.293398157066586 -0.26121356773946 -0.229084323972813 -0.196985786132269 -0.16489861237309 -0.132813471531018 -0.10072441755856 -0.0686290341947805 -0.0365257876253864
-1.03411478880992 -0.997419231402079 -0.96072367391254 -0.924028116210717 -0.887332558046915 -0.850636999142624 -0.813941439223189 -0.777245878071634 -0.740550315697847 -0.703854752164476 -0.667159187518338 -0.630463621802293 -0.59376805506067 -0.557072487343671 -0.520376918689957 -0.483681349086147 -0.446985778514242 -0.410290206989788 -0.373594634541792 -0.33689906121954 -0.300203487077393 -0.263507912209799 -0.22681233687157 -0.190116761346818 -0.15342118587649 -0.116725610641844 -0.0800300356285567 -0.0433344607727552 -0.00663888600795843 0.0300566887329673
-1.02766811408541 -0.991236287288044 -0.954804460512121 -0.918372633791664 -0.881940807292017 -0.84550898120657 -0.809077155709576 -0.772645330981504 -0.73621350724681 -0.699781684689579 -0.663349863288437 -0.626918042970645 -0.590486223641732 -0.554054405120304 -0.517622587211667 -0.481190769754855 -0.444758952617541 -0.408327135748211 -0.371895319121077 -0.33546350273245 -0.299031686584163 -0.262599870638775 -0.226168054701742 -0.189736238581569 -0.153304422256048 -0.116872605762005 -0.0804407892031029 -0.0440089726757999 -0.00757715618089444 0.02885466030473
1.09349886265734 0.965892107716118 0.856283150312521 0.796772027120068 0.78038862063532 0.7910757059644 0.815497782828618 0.839755361922871 0.844971273221187 0.816022907210268 0.757783577148388 0.680125576986711 0.595387481978077 0.525772992582029 0.490561325075702 0.487468633799908 0.501547409455193 0.48875855011738 0.414601016904626 0.311817615729152 0.229962113701692 0.202962756290381 0.202245702392939 0.19321434611565 0.179683108969448 0.169287771071197 0.146538519556817 0.0963327380409669 0.0282421890342073 -0.041992770228927
-0.995768320364415 -0.960134427059806 -0.924500533777567 -0.888866640543024 -0.853232747416044 -0.817598854457355 -0.781964961696583 -0.746331069147571 -0.710697176792146 -0.675063284583986 -0.639429392396199 -0.60379550008175 -0.568161607501348 -0.53252771454666 -0.496893821114123 -0.461259927088282 -0.425626032371582 -0.38999213694996 -0.354358240829131 -0.318724344010407 -0.283090446494001 -0.247456548295375 -0.211822649490982 -0.176188750171055 -0.140554850419943 -0.104920950319821 -0.0692870499500561 -0.0336531493890738 0.00198075128564469 0.0376146519968546
-1.01630825618142 -0.995369610523382 -0.970582748177414 -0.942314001262415 -0.905713792567116 -0.856581085162842 -0.79852491258146 -0.737444045641768 -0.680586133849745 -0.634217679559632 -0.599331717831532 -0.575602916902014 -0.561167597765596 -0.548008692448604 -0.528336440060771 -0.501423697013648 -0.46933030575945 -0.438201435611234 -0.412079568030804 -0.382511106214128 -0.33791843379071 -0.272107452624909 -0.200418137520491 -0.140996113087809 -0.101675530224153 -0.0838687143431249 -0.0736121626366362 -0.0566058043175826 -0.0325791249044794 -0.00476899899224713
-0.962085061630659 -0.928945573532207 -0.895806085514203 -0.862666597677973 -0.829527110097143 -0.796387622810809 -0.763248135747658 -0.73010864879881 -0.696969161815532 -0.663829674654784 -0.630690187236151 -0.597550699494878 -0.564411211384571 -0.53127172293228 -0.498132234175517 -0.464992745120182 -0.43185325578315 -0.398713766256785 -0.365574276650007 -0.332434787062459 -0.299295297591462 -0.266155808321104 -0.233016319282525 -0.199876830493532 -0.166737341971538 -0.133597853722671 -0.100458365708306 -0.0673188778745562 -0.0341793901512283 -0.00103990246405287
-1.01798252932316 -0.981603446232784 -0.945224363288285 -0.9088452806481 -0.872466198335166 -0.836087116319055 -0.799708034491392 -0.763328952716138 -0.726949870824545 -0.690570788631092 -0.654191705915892 -0.617812622450465 -0.581433538050917 -0.5450544527117 -0.508675366464001 -0.472296279307603 -0.435917191258496 -0.399538102428885 -0.363159012935583 -0.326779922817628 -0.290400832094613 -0.25402174080642 -0.217642649074096 -0.181263557012621 -0.14488446463155 -0.108505371924155 -0.0721262789240059 -0.0357471856840464 0.000631907705568592 0.0370110011453817
-1.0349617049601 -0.998591196669442 -0.962220688373039 -0.925850180109884 -0.889479671984313 -0.853109164118708 -0.816738656642283 -0.780368149688458 -0.743997643400651 -0.707627137878402 -0.671256633035724 -0.63488612874025 -0.598515624846993 -0.56214512116048 -0.525774617481932 -0.489404113649845 -0.453033609502399 -0.416663104839238 -0.380292599484787 -0.343922093401115 -0.307551586584703 -0.271181079068097 -0.234810571028103 -0.198440062645204 -0.162069553970326 -0.12569904502084 -0.089328535809455 -0.052958026362586 -0.0165875167661371 0.0197829928791155
-0.96149304666196 -0.928760606039718 -0.896028165504188 -0.863295725160921 -0.830563285153134 -0.797830845609573 -0.765098406563433 -0.732365968004441 -0.699633529844025 -0.666901091974277 -0.634168654288262 -0.601436216679287 -0.568703779059503 -0.535971341416427 -0.503238903761411 -0.470506466125773 -0.43777402855412 -0.405041591124251 -0.372309153921091 -0.339576717024876 -0.306844280514666 -0.274111844446246 -0.241379408782286 -0.208646973452154 -0.175914538345117 -0.14318210336327 -0.110449668500108 -0.0777172337629558 -0.0449847991230439 -0.012252364542579
-0.97232053378111 -0.938458350856342 -0.904595952312536 -0.870732467510708 -0.836866013306942 -0.802994773234065 -0.769118210036809 -0.73523596341115 -0.701347101646154 -0.667450577885467 -0.633545456097994 -0.599630827958951 -0.565705912194904 -0.531770435737814 -0.497824301324256 -0.46386760670386 -0.42990060884696 -0.395924006593642 -0.361938550764569 -0.327944758232972 -0.29394308738522 -0.25993410458552 -0.225918808109431 -0.191898254888643 -0.15787330456801 -0.123844871140074 -0.0898142832749663 -0.0557827753417125 -0.021750789827342 0.0122814287516158
-0.99033504871777 -0.962340083196341 -0.931853050806925 -0.897486744827382 -0.852491875354301 -0.792893498359834 -0.73117613649966 -0.682026983629557 -0.652484451722176 -0.644701841112131 -0.648940787465017 -0.652490010279174 -0.645414372586057 -0.628883311549582 -0.60541547125588 -0.571821749347496 -0.525606116617733 -0.472752582906536 -0.420300952484972 -0.371034168301987 -0.326670957975994 -0.287784664545401 -0.250367092728578 -0.210524068619724 -0.169399042136372 -0.129383788881342 -0.0928257633752688 -0.0617204903261949 -0.0367000962739616 -0.0180558582163606
1.01404516421424 0.98141706429026 0.948782077831025 0.916131181990258 0.883443986598635 0.850688317747293 0.817796233892281 0.784689577718157 0.751285096458638 0.717506415637512 0.683309769389724 0.648659544003003 0.613531748394133 0.57794888199611 0.541936419860507 0.505485248996974 0.468585157148712 0.431256123035025 0.393527299221063 0.355434342679233 0.317014536483754 0.278299013289268 0.23929430407209 0.200009093015848 0.160485278811766 0.120774728935577 0.0809359714934841 0.0410235120845192 0.00106910564856543 -0.0389011805392813
0.956351647957973 0.92421104256175 0.892055183609393 0.859862719713442 0.827608480753439 0.795269450741196 0.762835048950592 0.730295889475384 0.697634930426784 0.66483641209633 0.63189735947943 0.598817993747456 0.565599704161784 0.532248552343796 0.498772461597926 0.465182129600814 0.431491568453649 0.397725273583634 0.363906639823208 0.330044176299755 0.296142670714394 0.262202286074209 0.228204686610149 0.194129860864111 0.159969593397933 0.125723376086658 0.0914097340382249 0.0570512568216897 0.0226677586176799 -0.011721640240284
1.00620350179818 0.972936946567056 0.93968449599199 0.906432320062061 0.873205955662066 0.840048696260865 0.807035494767866 0.774229304181769 0.741613418417883 0.709132407393426 0.676655604116619 0.644033532368438 0.611114555022131 0.577738391320047 0.543759438135654 0.509099446497806 0.473705539596465 0.437558975110645 0.400653758971039 0.363000755626 0.324615044153298 0.28551906928974 0.245764738408293 0.205418209036125 0.164573176681076 0.123318573188247 0.0816967377711164 0.0397543219732141 -0.00239818071009904 -0.0446343162955049
0.99704067115419 0.962911764698487 0.928782858324635 0.894653952108093 0.860525046068144 0.826396140188144 0.792267234363897 0.758138328513997 0.724009422735755 0.689880517171192 0.655751611962462 0.621622707251749 0.587493803149103 0.553364899636044 0.519235996718109 0.485107094625438 0.450978193610615 0.416849293791398 0.382720395269459 0.348591498216939 0.314462602823595 0.280333709231611 0.246204817392872 0.212075927181207 0.177947038348525 0.143818150599671 0.109689263573169 0.0755603769296902 0.0414314904847996 0.00730260409278898
-1.0452063777927 -1.00889328661687 -0.97258019555687 -0.936267104711119 -0.899954014210225 -0.863640924185542 -0.827327834739248 -0.791014745941095 -0.754701657760317 -0.718388570144993 -0.682075483059096 -0.645762396470575 -0.609449310335913 -0.573136224565735 -0.536823139062037 -0.500510053738151 -0.4641969685268 -0.427883883426936 -0.39157079842906 -0.355257713423629 -0.318944628276092 -0.282631542871566 -0.246318457173843 -0.21000537116709 -0.17369228483829 -0.137379198190249 -0.101066111286247 -0.0647530242041158 -0.0284399370194172 0.00787315019285441
-1.2458093952744 -0.859204613307238 -0.885761288832318 -0.952490736502357 -0.957004426429314 -0.882188907558507 -0.781430888709477 -0.710842625308851 -0.666938399337386 -0.634561716791579 -0.61147095317676 -0.598653201375467 -0.59061678033381 -0.555954913252189 -0.477307856009288 -0.419419090942639 -0.435127702139256 -0.447551954225211 -0.378878387470294 -0.277287464180092 -0.222458127169139 -0.258542757352352 -0.287587488046176 -0.219339630706037 -0.136457456941768 -0.130317516977255 -0.154258515338184 -0.144489893001331 -0.106741882446039 -0.0641249140272902
-1.01340316824817 -0.979334668920347 -0.945266169574125 -0.911197670220992 -0.877129170889642 -0.843060671600353 -0.808992172322537 -0.774923672999604 -0.74085517352184 -0.706786673774034 -0.672718173672119 -0.638649673139814 -0.60458117212753 -0.570512670692457 -0.536444168897614 -0.502375666722555 -0.468307164124978 -0.434238661058617 -0.400170157491327 -0.366101653451411 -0.332033148982285 -0.297964644112145 -0.26389613880831 -0.229827633015266 -0.19575912664705 -0.161690619657431 -0.127622112189556 -0.0935536044221684 -0.0594850964870292 -0.0254165885041507
0.945021054105998 0.981433130202052 0.968552093102703 0.898852196461191 0.803562966454945 0.72215551172802 0.688311998266798 0.719183228368725 0.771583492233193 0.79656129626454 0.782438523784955 0.726855402346086 0.635855939661442 0.549099264091958 0.499625676646284 0.46038504827651 0.40246873594892 0.349624470743137 0.328047813445394 0.32106926955502 0.301303080749617 0.250698685472244 0.188546309227772 0.138140797313574 0.101454687135221 0.0739362355819461 0.0462588853694537 0.0127956517247685 -0.0125073459062695 -0.0108107120231165
