-1.02558931606519 -0.978656669886337 -0.932137917912781 -0.886228041654463 -0.840969074629009 -0.796384546119421 -0.752576916462512 -0.70964466237985 -0.667591395078222 -0.626436982081019 -0.586361181692821 -0.547583724913505 -0.510346369845868 -0.474978983004384 -0.441826937345819 -0.411209523184434 -0.383203072059138 -0.35693816304993 -0.331413989632047 -0.306049955320599 -0.280370516140662 -0.25392126207664 -0.226332318950236 -0.19723835437849 -0.166207667322473 -0.132939137529783 -0.0977203365500871 -0.0609965382267997 -0.0232551337762405 0.0150059562420443
-1.01096718876711 -0.975813869029824 -0.940660549298289 -0.905507229611063 -0.870353910046947 -0.83520059067513 -0.800047271486117 -0.764893952450019 -0.729740633534068 -0.694587314696999 -0.659433995866443 -0.624280676962257 -0.589127357916944 -0.553974038713595 -0.518820719362574 -0.483667399932757 -0.448514080504746 -0.413360761147536 -0.37820744190836 -0.343054122759001 -0.30790080365238 -0.272747484524883 -0.237594165246739 -0.202440845712246 -0.167287525978132 -0.132134206130432 -0.0969808862100109 -0.0618275662429109 -0.0266742462410722 0.00847907378709144
-0.96802419032596 -0.938508319389875 -0.909023933436887 -0.879573636395299 -0.85014781262101 -0.820702319441886 -0.791067125646081 -0.761040302401059 -0.730418218931239 -0.699014479306539 -0.666713328921902 -0.633416673503531 -0.599069278146858 -0.563787345424239 -0.527719888737079 -0.490975727326046 -0.453660720173096 -0.415909079386042 -0.377845396655863 -0.339527428880317 -0.300996224258861 -0.262299436221174 -0.223511139117834 -0.184709392390531 -0.145961774924505 -0.107316705842078 -0.0687564457703367 -0.0302504065261515 0.0082172368192552 0.0466586183810722
-1.00143023497499 -0.962913178830822 -0.926347451256292 -0.892921975224636 -0.861458286118656 -0.830246822409803 -0.797821022514567 -0.76313358362815 -0.726571238115566 -0.689220271890227 -0.653531149889317 -0.622295381805962 -0.597385993208657 -0.577002073167374 -0.558388632012471 -0.538648301614373 -0.515118817816822 -0.48622071081676 -0.450848196824512 -0.408707441750748 -0.359707598931222 -0.305036234877466 -0.250994568804112 -0.203814955097739 -0.164340636129605 -0.131841759923907 -0.104685209131906 -0.0811333635733978 -0.0599338571152503 -0.0399556371360994
-0.921091501685212 -0.912994933481469 -0.904728662473869 -0.896434711246344 -0.88685061433465 -0.874084976896245 -0.85513517462358 -0.827521855980256 -0.791969989979483 -0.750059081951095 -0.703582461941817 -0.654386916177594 -0.604399105261242 -0.555865187303052 -0.511092110852315 -0.472310488706835 -0.440758413134257 -0.413780230033069 -0.388313620807344 -0.363563355252653 -0.339300975262438 -0.315222652888135 -0.290723080813137 -0.265224484712243 -0.238560701593922 -0.210939500509677 -0.183652767349491 -0.157823786191484 -0.132817317027854 -0.107558488829319
-0.979399393175292 -0.946429563028705 -0.913459732826477 -0.88048990253385 -0.847520072188382 -0.814550241861161 -0.781580411685072 -0.748610581801718 -0.715640752325791 -0.682670923346234 -0.649701094875927 -0.616731266908734 -0.583761439410476 -0.550791612234814 -0.517821785215898 -0.484851958222002 -0.451882131148093 -0.418912303961797 -0.385942476651869 -0.352972649218923 -0.320002821666532 -0.287032994002156 -0.254063166248779 -0.221093338443485 -0.188123510664213 -0.155153682970974 -0.122183855311204 -0.0892140276216884 -0.0562441999091763 -0.0232743721979093
-0.969256273453046 -0.937358581343657 -0.90546088920901 -0.873563197029999 -0.84166550475095 -0.809767812347981 -0.777870119960944 -0.745972427794338 -0.714074736147518 -0.682177045304224 -0.650279355390869 -0.618381666494534 -0.58648397869423 -0.554586292036679 -0.522688606519219 -0.490790921973944 -0.45889323820224 -0.426995555047923 -0.395097872380738 -0.36320019013172 -0.331302508247225 -0.299404826665208 -0.267507145290009 -0.23560946403975 -0.20371178292129 -0.17181410196181 -0.139916421181045 -0.108018740579356 -0.0761210600870287 -0.0442233796168357
-0.972784741715257 -0.939687661915215 -0.906590582103917 -0.873493502253614 -0.840396422271331 -0.80729934205591 -0.774202261538666 -0.74110518066118 -0.708008099373628 -0.67491101764236 -0.641813935489848 -0.608716852952589 -0.575619770061599 -0.542522686825941 -0.509425603263247 -0.476328519447367 -0.443231435454069 -0.410134351310601 -0.377037267037795 -0.343940182679355 -0.3108430982847 -0.277746013891418 -0.244648929489761 -0.211551845057873 -0.178454760572793 -0.145357676023514 -0.112260591447957 -0.0791635068886738 -0.0460664223578115 -0.0129693378599166
-0.996067180100667 -0.961372961631941 -0.926678743216034 -0.891984524950898 -0.857290306952143 -0.822596089337314 -0.787901872214003 -0.75320765568091 -0.71851343981109 -0.683819224676117 -0.649125010367269 -0.614430796980754 -0.57973658459633 -0.545042373227968 -0.510348162870247 -0.47565395350596 -0.440959745116066 -0.406265537685949 -0.371571331195631 -0.336877125599252 -0.302182920844484 -0.267488716862885 -0.232794513521579 -0.19810031068181 -0.163406108245761 -0.128711906127428 -0.0940177042471086 -0.0593235025304193 -0.0246293009179348 0.0100649006460306
1.05461437215973 1.01651387907247 0.978413684180804 0.940315773262785 0.902217880340351 0.86411536283364 0.825998323511738 0.78785791217292 0.749694721383288 0.711508693247791 0.673287725258958 0.635016703756215 0.596680582488226 0.558264584840619 0.519756134961176 0.481151190409329 0.442446757583443 0.403635504825973 0.364711787422183 0.325681046484472 0.286551494582023 0.247330990801569 0.208025980300026 0.168643260676981 0.12919245323252 0.0896837186178873 0.0501265511884688 0.0105308849330843 -0.0290909213298476 -0.0687259025745085
-0.997811100061566 -0.963175531100616 -0.928473040650886 -0.893604212087799 -0.858734418359575 -0.824102073916217 -0.789972969642043 -0.756587793868177 -0.724059448278642 -0.692441343773248 -0.66167671476205 -0.63168125153266 -0.602334456930612 -0.573371084033103 -0.544454183440459 -0.515104745613829 -0.484866111502694 -0.453513084149029 -0.420932121844408 -0.387224841786321 -0.352546650898736 -0.316990991777088 -0.280403449702669 -0.242616481691518 -0.203657889012808 -0.163617093240601 -0.122634652915392 -0.0808871582718674 -0.0386441893550467 0.00380142633746712
-0.994259802314498 -0.961142379414455 -0.928024956390679 -0.894907533166331 -0.861790109723425 -0.828672686059041 -0.795555262171675 -0.762437838079329 -0.729320413876597 -0.696202989646038 -0.663085565345474 -0.629968140901538 -0.59685071626723 -0.563733291501007 -0.530615866686236 -0.497498441900463 -0.464381017209182 -0.431263592635484 -0.398146168192562 -0.365028743896411 -0.331911319763724 -0.298793895800467 -0.265676471969694 -0.232559048216467 -0.199441624456781 -0.166324200619729 -0.13320677671586 -0.100089352776054 -0.0669719288310584 -0.0338545049115876
-0.977912435428586 -0.944142597128071 -0.910372758776525 -0.876602920246234 -0.84283308136511 -0.809063241952539 -0.77529340183818 -0.741523560882967 -0.707753719062643 -0.673983876382026 -0.640214032847411 -0.606444188465461 -0.572674343254681 -0.538904497280941 -0.505134650622042 -0.471364803356146 -0.437594955565093 -0.403825107345073 -0.370055258760019 -0.33628540973047 -0.302515560141118 -0.268745709873902 -0.234975858799748 -0.201206006818169 -0.167436153954025 -0.133666300289174 -0.0998964460081111 -0.066126591311676 -0.0323567363634651 0.00141311868223745
-0.999304386353627 -0.965791367463187 -0.932278348505078 -0.898765329426458 -0.865252310212832 -0.831739290855921 -0.79822627133394 -0.764713251605089 -0.731200231561009 -0.697687211061767 -0.664174189907705 -0.630661167884231 -0.597148144797674 -0.563635120538052 -0.530122095047475 -0.496609068392741 -0.463096040688928 -0.429583012119537 -0.396069982883807 -0.362556953175497 -0.329043923186993 -0.295530893095447 -0.262017863017059 -0.228504833050439 -0.194991803284787 -0.16147877377989 -0.127965744487291 -0.0944527153390632 -0.0609396862976512 -0.0274266573330908
1.035478282211 0.999273769529906 0.963069256802978 0.926864743959789 0.890660230891615 0.854455717506998 0.818251203821859 0.782046689881121 0.74584217573836 0.709637661428943 0.673433146906768 0.637228632105365 0.601024116966741 0.564819601466812 0.528615085606362 0.492410569451728 0.45620605305792 0.420001536369082 0.383797019303029 0.347592501783119 0.311387983734094 0.275183465109058 0.238978945974543 0.202774426431419 0.16656990660446 0.130365386612357 0.0941608665255618 0.0579563463923688 0.021751826220671 -0.0144526939917386
-1.00330274591595 -0.968569175853357 -0.933834814779204 -0.89909229151189 -0.864347363863285 -0.829614074987044 -0.794926480410495 -0.760318182331227 -0.725800957254226 -0.691388012397038 -0.657120103520056 -0.623044873519389 -0.589206453558897 -0.555634927873452 -0.522351844195674 -0.489358651178158 -0.456651964924438 -0.424229170421834 -0.392082015961921 -0.360178934169498 -0.328482528752671 -0.296953165246893 -0.265542256497 -0.234208632870152 -0.20294974751342 -0.171765262624627 -0.140625053824698 -0.109497416223774 -0.0783741094657536 -0.0472527593279764
-0.974537219628399 -0.94162226638058 -0.908707313115173 -0.875792359804398 -0.842877406525131 -0.809962453393695 -0.777047500579548 -0.74413254824548 -0.711217596474468 -0.678302645305974 -0.645387694685208 -0.612472744533814 -0.579557794789493 -0.546642845454158 -0.513727896564646 -0.480812948233264 -0.447898000572253 -0.414983053618117 -0.382068107368719 -0.349153161743091 -0.316238216640554 -0.283323271983757 -0.250408327788656 -0.217493384079881 -0.184578440823459 -0.151663497976737 -0.118748555520961 -0.0858336134273869 -0.052918671603438 -0.0200037299405763
-1.02556643455649 -0.987562832338223 -0.949571184049819 -0.911594384150106 -0.87359513188782 -0.835533870424009 -0.797402213779065 -0.759195168442991 -0.720890139924885 -0.682470445528423 -0.643960650716482 -0.605395632991741 -0.566839919890767 -0.528476639085676 -0.49049913584205 -0.453023025663778 -0.416144148224698 -0.379956969640127 -0.344528138857426 -0.309814409710641 -0.275745062255492 -0.242240569121682 -0.209186173234848 -0.176464240638332 -0.143980859550371 -0.111650573924061 -0.0793980284770615 -0.0471595229483533 -0.0149078763976509 0.0173749622851481
-1.02572040776798 -0.991006204023923 -0.956292000240267 -0.921577796393285 -0.886863592492666 -0.852149388525555 -0.817435184355488 -0.782720979818393 -0.748006774763352 -0.713292569060005 -0.678578362647059 -0.643864155480484 -0.609149947529179 -0.574435738813741 -0.539721529387047 -0.505007319379403 -0.47029310895246 -0.435578898315852 -0.400864687665439 -0.366150477094015 -0.331436266668604 -0.296722056428012 -0.262007846298178 -0.227293636197805 -0.192579426129536 -0.157865216102349 -0.123151006066638 -0.0884367959737907 -0.0537225858377564 -0.0190083756881251
-1.00094212971764 -0.965007922527487 -0.929073715270856 -0.893139507915777 -0.857205300532284 -0.821271093204444 -0.785336885970457 -0.749402678863044 -0.713468471938873 -0.677534265269329 -0.641600058960733 -0.605665853128139 -0.569731647855567 -0.533797443102914 -0.497863238786287 -0.461929034770764 -0.425994830926803 -0.390060627197415 -0.354126423528752 -0.318192219806993 -0.282258015903321 -0.246323811702808 -0.210389607146072 -0.174455402191379 -0.138521196812029 -0.102586990998751 -0.0666527847969682 -0.0307185782770917 0.00521562844520608 0.0411498352429371
-1.02272760651056 -0.986666108331581 -0.950604610204585 -0.914543112186824 -0.878481614271141 -0.842420116413224 -0.806358618484546 -0.770297120283618 -0.73423562140132 -0.698174121431602 -0.662112620188327 -0.62605111754034 -0.589989613383249 -0.553928107719729 -0.517866600608725 -0.481805092227188 -0.44574358278455 -0.409682072502147 -0.373620561604167 -0.337559050314306 -0.301497538856136 -0.265436027442866 -0.229374516246252 -0.193313005393414 -0.157251494874391 -0.121189984645707 -0.085128474666913 -0.0490669648898693 -0.0130054552326327 0.0230560543951904
-0.971693678942216 -0.938313038968016 -0.905950839798618 -0.874836584761231 -0.84483111854616 -0.815894815743101 -0.788754829176225 -0.764134460787448 -0.741974830755217 -0.72173223773618 -0.701705876063275 -0.679905663988508 -0.654612058288328 -0.625187669836939 -0.59146247001986 -0.55405371817012 -0.513654742149831 -0.47047585598994 -0.424788572547344 -0.377592213813928 -0.330068054065321 -0.283590199516999 -0.240304084143829 -0.202377553169846 -0.171296769056387 -0.147606014258463 -0.1287637339685 -0.111891914644455 -0.0958525450690233 -0.0799426146060841
-0.999225451137684 -0.963268455806594 -0.927311460473846 -0.891354465120835 -0.855397469694925 -0.819440474124028 -0.783483478292271 -0.747526482083186 -0.71156948542171 -0.675612488249511 -0.639655490533762 -0.603698492248013 -0.567741493373721 -0.531784493923957 -0.495827493923828 -0.45987049341496 -0.423913492458486 -0.387956491177052 -0.351999489695575 -0.316042488086554 -0.280085486409381 -0.244128484722649 -0.208171483081752 -0.172214481537841 -0.136257480128286 -0.1003004788908 -0.0643434778782657 -0.0283864771204962 0.00757052346013084 0.0435275239680965
-1.00283723535132 -0.968320621012745 -0.933804006671079 -0.899287392308955 -0.864770777933882 -0.83025416356149 -0.795737549215011 -0.761220934908144 -0.726704320608839 -0.692187706282027 -0.657671091926315 -0.623154477548729 -0.588637863154182 -0.554121248739135 -0.51960463429226 -0.485088019779525 -0.45057140515529 -0.416054790350171 -0.381538175300258 -0.347021559987275 -0.312504944404352 -0.277988328529567 -0.243471712280789 -0.20895509558404 -0.174438478458145 -0.139921860948828 -0.105405243116593 -0.0708886250276408 -0.0363720067561863 -0.00185538837844682
-1.00677600089202 -0.971786979870589 -0.936797959044802 -0.901808938627 -0.866819918839622 -0.831830899868357 -0.79684188174182 -0.761852864434804 -0.726863847863897 -0.691874831908014 -0.656885816353573 -0.621896800963868 -0.586907785526239 -0.55191876992422 -0.51692975406949 -0.481940737890129 -0.446951721336027 -0.411962704427922 -0.37697368721917 -0.341984669822759 -0.306995652366584 -0.272006634948629 -0.237017617547227 -0.202028600120529 -0.167039582665614 -0.132050565200679 -0.0970615477894611 -0.0620725304858584 -0.0270835132588556 0.0079055039437899
-0.946808377638391 -0.914733784365958 -0.882659191190775 -0.850584598208661 -0.818510005489878 -0.786435413103522 -0.754360821139566 -0.72228622968109 -0.69021163876274 -0.658137048419204 -0.626062458733783 -0.593987869801933 -0.561913281691377 -0.529838694358916 -0.497764107740339 -0.465689521798307 -0.43361493649815 -0.401540351789003 -0.369465767613792 -0.33739118390683 -0.305316600600267 -0.27324201761798 -0.241167434850719 -0.209092852200247 -0.177018269645496 -0.144943687190746 -0.112869104864506 -0.0807945226888408 -0.048719940635803 -0.0166453586649432
-0.93329907321578 -0.902472332371518 -0.871652222316227 -0.840818840314913 -0.80996743715284 -0.779112486941926 -0.748330203580448 -0.717716457220214 -0.687384003240786 -0.657410788407982 -0.627718639804898 -0.598190354593945 -0.568695682086184 -0.539052180187256 -0.509060818444838 -0.478508404380165 -0.44720093848285 -0.415035355142447 -0.381961384678309 -0.348049007229035 -0.313398265388036 -0.27810519242459 -0.242249784311448 -0.205907349271544 -0.169150481825075 -0.132048052096634 -0.0946567463311382 -0.0570367727883845 -0.0192746116673552 0.01853668884817
-1.04655386665172 -0.997265709488385 -0.948780013805082 -0.901645205782109 -0.856077478129991 -0.812198344512971 -0.770082835879965 -0.729699755013004 -0.690639474741918 -0.652508245917438 -0.615354261426083 -0.579336199663319 -0.544647847671885 -0.511623427083598 -0.480456599127603 -0.450638348833259 -0.421438265019598 -0.391943027864107 -0.361280226984969 -0.328923998404677 -0.294435114746803 -0.257550906510907 -0.2187149357005 -0.178482498283151 -0.137149594578704 -0.0949166957248821 -0.0518614517786673 -0.00806258124529862 0.0362741024962073 0.0809110123483894
-0.971967524771175 -0.940352031916932 -0.908736539075212 -0.877121046273069 -0.845505553494363 -0.813890060699694 -0.782274567799806 -0.750659074678053 -0.719043581158084 -0.687428087083113 -0.655812592434314 -0.624197097227353 -0.592581601497772 -0.560966105360611 -0.529350608936926 -0.497735112292322 -0.466119615486415 -0.434504118610309 -0.402888621763856 -0.3712731250504 -0.33965762857416 -0.308042132412565 -0.276426636535884 -0.244811140882837 -0.213195645373114 -0.181580149932358 -0.149964654529039 -0.118349159144241 -0.0867336637666646 -0.0551181683869108
-1.01664582496978 -0.981470484209064 -0.94629514343628 -0.911119802628637 -0.875944461763145 -0.84076912082005 -0.805593779792721 -0.77041843868926 -0.735243097563581 -0.700067756475349 -0.664892415461457 -0.629717074553101 -0.59454173379093 -0.559366393253399 -0.524191053008752 -0.489015713046582 -0.453840373351002 -0.41866503396285 -0.383489694922929 -0.348314356215182 -0.313139017809332 -0.277963679680345 -0.242788341824137 -0.207613004248047 -0.172437666984147 -0.137262330043214 -0.102086993326129 -0.0669116567222813 -0.0317363201849891 0.00343901631644461
1.02401938777358 0.9873737723172 0.950728157055601 0.914082542183385 0.877436927897524 0.840791314378393 0.80414570173759 0.767500090067892 0.730854479455547 0.694208869959998 0.657563261539993 0.620917654129106 0.58427204763622 0.547626441871473 0.510980836619145 0.474335231658845 0.437689626796836 0.401044021950651 0.364398417070391 0.327752812125141 0.291107207088734 0.254461601933855 0.217815996628601 0.181170391129252 0.144524785349406 0.107879179215082 0.0712335727446584 0.0345879659880732 -0.00205764097085566 -0.03870324803984
-1.03821717180458 -1.00029978317958 -0.962382394631508 -0.924465006265473 -0.886547618168711 -0.848630230401974 -0.810712842937966 -0.772795455767844 -0.734878069044624 -0.696960682931881 -0.659043297473573 -0.621125912683755 -0.58320852858066 -0.545291145199238 -0.507373762580124 -0.469456380769983 -0.431538999825079 -0.393621619834024 -0.355704240871429 -0.317786862923529 -0.279869485954468 -0.241952109902268 -0.20403473460047 -0.166117359865532 -0.128199985550054 -0.090282611515357 -0.0523652376214788 -0.0144478637469799 0.0234695101542185 0.0613868841093548
-0.964950700179084 -0.939018752818205 -0.912934697950172 -0.88661127595398 -0.859979170068836 -0.832941933408496 -0.805276655724713 -0.776785564106179 -0.747497898351356 -0.717511264211175 -0.686969718536673 -0.656028930953911 -0.624830804080312 -0.593462172498749 -0.561961017439804 -0.530224974759444 -0.498054279421029 -0.46499990819209 -0.430628488530342 -0.394818508850074 -0.357526422804714 -0.31873956441104 -0.278568789139224 -0.237173478147629 -0.194783593893971 -0.151637684140292 -0.107938056566578 -0.0638724989823853 -0.0196069597976118 0.0246980724277601
-1.00772324612932 -0.972161504510749 -0.936599762840152 -0.901038021111766 -0.86547627947941 -0.829914538123051 -0.794352797167678 -0.758791056727474 -0.723229316928383 -0.687667577871782 -0.652105839549035 -0.616544101924 -0.580982364947558 -0.545420628518687 -0.509858892520408 -0.474297156823807 -0.438735421294068 -0.403173685784686 -0.367611950153857 -0.332050214290272 -0.296488478090244 -0.260926741461439 -0.22536500435693 -0.189803266749396 -0.154241528644531 -0.118679790080499 -0.0831180511923118 -0.0475563121282015 -0.011994572992409 0.0235671661218217
0.990074364270721 0.956410025993597 0.922745687752378 0.889081349548091 0.855417011276343 0.821752672798095 0.788088333941144 0.754423994574006 0.720759654761244 0.687095314605464 0.653430974165418 0.619766633488892 0.586102292589644 0.552437951345314 0.518773609648728 0.485109267589586 0.451444925320496 0.417780583048846 0.384116240972094 0.35045189919322 0.31678755779158 0.283123216837543 0.249458876365514 0.215794536404134 0.182130196994934 0.148465858164475 0.114801519866539 0.0811371820179797 0.0474728444606957 0.0138085070178489
-1.17788966616086 -1.11804218736471 -1.01717387344471 -0.903999380325946 -0.834724834504691 -0.843110347549222 -0.845640500744742 -0.76411009220025 -0.658830317603002 -0.604393180109933 -0.59399751517845 -0.60049386634107 -0.598123919323771 -0.566693928626345 -0.496986281091633 -0.418123324160838 -0.36172593750871 -0.331069169145813 -0.319832503004984 -0.311658998372335 -0.287682608372293 -0.233762823551751 -0.154661284147449 -0.0670406427527644 -0.0162654516977698 -0.0354794281626271 -0.0802410489911636 -0.0973727708415632 -0.0763382099657729 -0.0172612725141802
-0.949442023186842 -0.918397684357297 -0.88735334545536 -0.85630900642326 -0.825264667250079 -0.794220327944414 -0.763175988546078 -0.732131649082127 -0.701087309497375 -0.670042969730082 -0.638998629774545 -0.607954289639063 -0.576909949335556 -0.545865608890406 -0.51482126832348 -0.483776927614104 -0.452732586750292 -0.421688245795332 -0.390643904838054 -0.359599563994168 -0.328555223386109 -0.297510883119076 -0.266466543229333 -0.235422203705787 -0.204377864416862 -0.173333525194288 -0.142289185843496 -0.111244846214632 -0.0802005063629915 -0.049156166395158
-1.01344429384051 -0.97713552796453 -0.940826762137523 -0.904517996450282 -0.86820923100231 -0.831900465893399 -0.79559170121577 -0.759282937057702 -0.72297417349928 -0.686665410599097 -0.650356648337992 -0.614047886677364 -0.577739125576657 -0.541430364987503 -0.505121604841951 -0.468812845001533 -0.432504085330765 -0.396195325776621 -0.359886566300635 -0.323577806840129 -0.287269047326375 -0.250960287694937 -0.214651527898553 -0.17834276788707 -0.142034007581594 -0.105725246928799 -0.0694164860063721 -0.0331077249167693 0.00320103626948556 0.0395097974898521
-1.01202424213 -0.978554348254388 -0.945084454423267 -0.911614560696047 -0.878144667091022 -0.844674773610766 -0.811204880236097 -0.777734986957647 -0.744265093827048 -0.710795200914914 -0.67732530830676 -0.643855416091826 -0.610385524368883 -0.576915633274815 -0.543445742928009 -0.509975853334747 -0.476505964468378 -0.443036076282632 -0.40956618872612 -0.37609630174659 -0.342626415291572 -0.309156529303419 -0.275686643703771 -0.242216758401837 -0.20874687327781 -0.175276988223149 -0.141807103203375 -0.108337218204795 -0.0748673332228004 -0.0413974482550513
-0.955050891202737 -0.92516704713389 -0.895283203143264 -0.865399359369205 -0.835515516114439 -0.80563167369206 -0.775747832292261 -0.7458639920492 -0.715980152995795 -0.686096315113528 -0.656212478279355 -0.626328642344103 -0.59644480715428 -0.56656097253911 -0.536677138343748 -0.50679330449435 -0.476909470976156 -0.447025637929748 -0.417141805533726 -0.387257973963417 -0.357374143393332 -0.327490313949647 -0.297606485565198 -0.267722658099485 -0.237838831312007 -0.207955004966276 -0.178071178941867 -0.148187353151251 -0.118303527522411 -0.0884197019872081
-1.03639433267752 -0.999640297471647 -0.962886262258086 -0.926132227011568 -0.88937819172224 -0.852624156400495 -0.815870121122331 -0.779116085960619 -0.742362050910148 -0.705608015954923 -0.668853981113918 -0.632099946414849 -0.595345911889576 -0.55859187758654 -0.521837843557377 -0.485083809849924 -0.448329776506334 -0.411575743549814 -0.374821710985507 -0.338067678765263 -0.301313646827603 -0.264559615102621 -0.227805583486696 -0.191051551879385 -0.154297520226675 -0.117543488483031 -0.0807894565903858 -0.0440354245094643 -0.00728139228868436 0.029472640001613
-1.12207863219567 -0.945347061978356 -0.908916656491256 -0.870042340981426 -0.836829366264837 -0.830715583546688 -0.775618920020181 -0.617666842947785 -0.489344903881056 -0.517692697617709 -0.621607907651023 -0.66795273964817 -0.578699016734579 -0.496257031868703 -0.553060249124006 -0.621196347200965 -0.559320317440063 -0.432702187114819 -0.337811341180994 -0.28929955939028 -0.281364220193355 -0.304814381959618 -0.33690582273336 -0.348101678184075 -0.295247794807186 -0.164851835988156 -0.0756860218466903 -0.123200081149171 -0.177289220514442 -0.0514600160244639
-0.987184568814589 -0.954084494107227 -0.920984419374007 -0.887884344607768 -0.85478426980699 -0.82168419493296 -0.78858411979254 -0.755484044158692 -0.722383967823227 -0.689283890642392 -0.656183812711323 -0.623083734184879 -0.589983655219285 -0.556883575976235 -0.523783496610939 -0.490683417247221 -0.457583337984692 -0.424483258857517 -0.391383179878957 -0.358283101044123 -0.325183022343586 -0.292082943748635 -0.258982865153424 -0.225882786447509 -0.192782707579198 -0.159682628511422 -0.126582549206864 -0.0934824696515766 -0.060382389925327 -0.0272823101313132
1.00312739604453 0.967967734504281 0.932808073071094 0.897648411970355 0.862488751564717 0.82732909219744 0.792169433996957 0.757009777045693 0.721850121456893 0.68669046734738 0.651530814817493 0.616371163963446 0.581211514848588 0.54605186740481 0.510892221489277 0.475732576791724 0.440572933018327 0.405413290108468 0.370253648066114 0.335094006920377 0.299934366706656 0.264774727422052 0.22961508891048 0.194455450988325 0.159295813515048 0.124136176365087 0.0889765394297201 0.0538169026163346 0.0186572658799108 -0.0165023708126722
-0.986960438240503 -0.952709018452435 -0.918457598746044 -0.884206179215935 -0.849954759991631 -0.815703341239359 -0.78145192323725 -0.747200506301061 -0.712949090785159 -0.678697677012331 -0.644446265140457 -0.610194855286183 -0.575943447473738 -0.541692041357663 -0.507440636540482 -0.473189232786347 -0.438937829901983 -0.404686427702795 -0.370435026013966 -0.336183624691108 -0.301932223597441 -0.267680822578917 -0.233429421412428 -0.199178019880154 -0.164926617854491 -0.130675215264046 -0.0964238121720546 -0.0621724086868994 -0.0279210049629172 0.00633039883406629
-1.01799985501352 -0.983600502005865 -0.949201148810485 -0.914801795248376 -0.880402441165165 -0.846003086433748 -0.811603731011462 -0.777204374871738 -0.742805017967944 -0.708405660258156 -0.674006301739367 -0.639606942418298 -0.605207582309557 -0.570808221459306 -0.536408859909752 -0.502009497655734 -0.46761013470204 -0.433210771140609 -0.398811407065661 -0.364412042493389 -0.330012677420478 -0.295613311852017 -0.261213945826721 -0.22681457940443 -0.192415212695857 -0.158015845818184 -0.123616478863607 -0.0892171119023143 -0.0548177449414626 -0.0204183779724512
-0.866130915005396 -0.927858727983672 -0.916830319553586 -0.842381371654579 -0.763541692367536 -0.736162474353747 -0.753686322454678 -0.788254339970274 -0.78921021185423 -0.718682578942342 -0.612737323945088 -0.525924640041611 -0.499047715745803 -0.517921720910547 -0.552530565888672 -0.564521141693814 -0.52422139123413 -0.445020484335053 -0.350718302618086 -0.263696347971741 -0.20598152735128 -0.191379556883436 -0.200811389380817 -0.210263596639735 -0.208869989705436 -0.192672063119686 -0.172194806161398 -0.153357822718285 -0.109175680376142 -0.00443668764527858
-1.05273479845999 -1.01318800992554 -0.973645772455376 -0.934121650193332 -0.894686547917597 -0.855413777172601 -0.816328935933366 -0.777441384228055 -0.738743243866792 -0.700228291858504 -0.661914164225371 -0.623824461742886 -0.585978186614862 -0.548375946758385 -0.511018460037626 -0.473925278391826 -0.437130901001403 -0.400710781936419 -0.364735770185704 -0.32921733952351 -0.294152119920448 -0.259527573677798 -0.225294492419523 -0.191400682028026 -0.157818676096787 -0.124522477616978 -0.0914672394594778 -0.0585992482773694 -0.025848175972864 0.00686045923954592
-1.00721389047451 -0.971592179785023 -0.93597046909648 -0.900348758434509 -0.864727047824609 -0.829105337279169 -0.793483626758273 -0.757861916211271 -0.722240205596889 -0.686618494877971 -0.650996784024456 -0.615375073008059 -0.579753361827426 -0.544131650588933 -0.508509939407797 -0.472888228326876 -0.437266517345027 -0.401644806357477 -0.366023095236816 -0.330401383868702 -0.294779672142062 -0.259157959935444 -0.223536247085898 -0.187914533444667 -0.152292818961293 -0.116671103635397 -0.0810493875686414 -0.045427670902121 -0.00980595383261252 0.0258157634291861
-1.03884511487706 -1.00360108029394 -0.968357045734531 -0.933113011288645 -0.897868977046498 -0.862624943071817 -0.827380909321937 -0.792136875732393 -0.756892842257918 -0.721648808886465 -0.686404775719707 -0.651160742887744 -0.615916710496279 -0.580672678553436 -0.545428647013701 -0.510184615714588 -0.474940584480897 -0.439696553203531 -0.404452521823639 -0.369208490417257 -0.333964459094142 -0.298720427957944 -0.263476397087884 -0.228232366542662 -0.192988336323336 -0.157744306400685 -0.122500276682025 -0.0872562470658966 -0.0520122174791934 -0.0167681878558967
-0.977797927870009 -0.944052239941652 -0.910306551946718 -0.876560863813781 -0.842815175575336 -0.809069487273553 -0.775323798885384 -0.741578110367126 -0.70783242165768 -0.674086732665571 -0.640341043195228 -0.606595353025054 -0.572849661951081 -0.539103969839846 -0.505358276603605 -0.471612582266983 -0.437866886895948 -0.40412119060948 -0.370375493538384 -0.336629795807753 -0.302884097541251 -0.269138398858455 -0.235392699862607 -0.20164700065173 -0.167901301319312 -0.134155601942036 -0.100409902533875 -0.0666642030932405 -0.0329185036189788 0.000827195889952231
-0.945728253545354 -0.915034898643613 -0.884341543794829 -0.853648189108453 -0.822954834713207 -0.792261480750549 -0.761568127393613 -0.73087477478931 -0.700181422947994 -0.669488071844742 -0.638794721450065 -0.608101371733335 -0.577408022674359 -0.546714674294699 -0.516021326590379 -0.485327979413538 -0.454634632589729 -0.423941285982058 -0.39324793944885 -0.362554592791766 -0.331861245798302 -0.301167898284175 -0.270474550177989 -0.239781201451621 -0.209087852137134 -0.178394502293174 -0.147701152024502 -0.117007801448275 -0.0863144506850825 -0.0556210998563749
-1.04872385098765 -1.01282075277852 -0.976909364098135 -0.940989952201036 -0.905062600749666 -0.86912315657881 -0.833150702804709 -0.797125098075532 -0.76104606688571 -0.724911431788931 -0.688691541729662 -0.652349877250064 -0.615853353063251 -0.579182620566141 -0.542324705928749 -0.505278397729647 -0.468045246570111 -0.430626088733655 -0.393022946728767 -0.355243302281582 -0.317296001922651 -0.279191482471608 -0.240946541904435 -0.202580446468698 -0.164115974341952 -0.125578154591445 -0.0869975079131955 -0.0484019731069587 -0.00980366975867005 0.0287892373491902
-1.03912290749593 -0.962656063950965 -0.893410402364549 -0.836360753029756 -0.792682384077817 -0.761288529226936 -0.735843846705061 -0.710326561919486 -0.685217744485155 -0.661754164714839 -0.637692551504963 -0.609919623397862 -0.576495536748168 -0.540174199159684 -0.505353275182025 -0.478311705898884 -0.462851942871363 -0.450989203036109 -0.432932183137599 -0.40345073377607 -0.358454994015697 -0.296277800783711 -0.224942782459547 -0.154674820545907 -0.0948130175863414 -0.0530068022801765 -0.0310326869089877 -0.0282094642575841 -0.039897965541457 -0.0604695315837685
-0.973680030654096 -0.941378079936715 -0.909069354102928 -0.876746839971765 -0.844407209221109 -0.812047486547715 -0.779662423864937 -0.747245769610038 -0.714789531099305 -0.682286155673354 -0.649731591891084 -0.617122663615964 -0.58445587910782 -0.5517264842119 -0.518928377227955 -0.486051328688323 -0.453087025444658 -0.420038947393295 -0.386912151742954 -0.353706211907211 -0.320419330350857 -0.287051754960532 -0.253611915310279 -0.220110492933027 -0.186558995509858 -0.152968421742832 -0.119346908269749 -0.0857019385430384 -0.0520412453378768 -0.0183726237601301
0.996875308778299 0.963615052553368 0.930354796364198 0.897094540203292 0.863834283948845 0.830574027446471 0.797313770525753 0.764053513051935 0.73079325504894 0.697532996586795 0.664272737761263 0.631012478674541 0.597752219441234 0.564491960225589 0.531231701155469 0.497971442163578 0.464711183158739 0.431450924149412 0.398190665174954 0.364930406298663 0.331670147589825 0.298409889114625 0.265149630926847 0.231889373102498 0.19862911581889 0.165368859227928 0.132108603278602 0.0988483478523456 0.0655880927633007 0.0323278378087831
-1.03332790284 -0.996543454454696 -0.959759006101043 -0.922974557873689 -0.886190109961907 -0.849405662588773 -0.812621216017969 -0.775836770478072 -0.739052326016641 -0.702267882626336 -0.665483440261256 -0.628698998865859 -0.591914558373634 -0.555130118674203 -0.518345679648542 -0.481561241186901 -0.444776803169518 -0.407992365427286 -0.371207927769916 -0.33442348997173 -0.297639051798204 -0.260854613036367 -0.22407017355948 -0.187285733300191 -0.150501292342486 -0.113716850806145 -0.0769324088027972 -0.0401479664457657 -0.00336352386331578 0.0334209188125528
-1.04402546758497 -1.00459005814027 -0.965152357722874 -0.925713729044627 -0.886291212358959 -0.846912187433628 -0.807629714552104 -0.768496408064989 -0.729537418075687 -0.690771569601117 -0.652219851559443 -0.613903793844139 -0.575841161681868 -0.538034661632039 -0.500481870621629 -0.46317490571513 -0.426102467824872 -0.389245053117027 -0.352587246348039 -0.316138191381609 -0.279913171858253 -0.243920159184652 -0.208137875832137 -0.172533053908887 -0.137053713005789 -0.101649144981263 -0.0662924432811438 -0.0309647970807394 0.00434402311415421 0.0396421014651195
-0.976711802329238 -0.944672815129875 -0.912633827971689 -0.880594840884505 -0.848555853832283 -0.816516866759456 -0.784477879598213 -0.752438892304929 -0.720399904944962 -0.688360917604857 -0.656321930346937 -0.624282943227465 -0.592243956304833 -0.560204969645932 -0.528165983300177 -0.496126997238566 -0.464088011406548 -0.432049025725793 -0.400010040126039 -0.367971054593075 -0.3359320691267 -0.303893083744178 -0.271854098532612 -0.239815113562858 -0.207776128770944 -0.175737144076637 -0.14369815946951 -0.111659174949366 -0.0796201904871296 -0.0475812060465083
-0.983469728230489 -0.948290904874604 -0.913112081656596 -0.877933258713657 -0.842754436127709 -0.807575613926229 -0.772396791974198 -0.737217970128063 -0.70203914837263 -0.666860326722937 -0.631681505186588 -0.596502683769328 -0.561323862472904 -0.526145041283083 -0.490966220172349 -0.455787399076051 -0.420608577923527 -0.385429756657214 -0.350250935243766 -0.315072113733585 -0.279893292198015 -0.244714470703133 -0.209535649293958 -0.174356828001325 -0.139178006820402 -0.103999185741051 -0.0688203647675673 -0.0336415439016699 0.00153727687967753 0.0367160976056993
-0.965286234647822 -0.931485169951014 -0.89768410518405 -0.863883040354094 -0.830081975539677 -0.796280910821728 -0.762479846219397 -0.728678781788377 -0.694877717792323 -0.6610766545533 -0.627275592419054 -0.593474531743753 -0.559673472830486 -0.525872415778022 -0.492071360613145 -0.458270307279034 -0.424469255679288 -0.390668205642818 -0.356867156990338 -0.323066109584482 -0.289265063298358 -0.255464018036981 -0.221662973832968 -0.187861930723382 -0.154060888635471 -0.120259847468127 -0.0864588071166323 -0.0526577674446184 -0.0188567281927238 0.0149443109291613
-1.00939533419143 -0.973354082135243 -0.937312830122286 -0.901271578210108 -0.865230326461214 -0.829189074933368 -0.793147823660394 -0.75710657270032 -0.721065322231936 -0.685024072434538 -0.648982823368664 -0.612941575065171 -0.576900327542623 -0.540859080770438 -0.504817834702502 -0.468776589279738 -0.432735344455372 -0.396694100244835 -0.36065285669681 -0.3246116139308 -0.288570372084013 -0.252529131248594 -0.216487891336428 -0.180446652212623 -0.144405413735432 -0.108364175767887 -0.0723229381989999 -0.0362817009181902 -0.000240463790545176 0.035800773324932
-1.03056804738128 -0.994131202704655 -0.957694357935268 -0.921257512994959 -0.884820667967576 -0.84838382296906 -0.811946978081708 -0.775510133364167 -0.739073288814133 -0.702636444406306 -0.666199600084344 -0.629762755784149 -0.593325911434827 -0.556889066938312 -0.520452222171507 -0.484015376938353 -0.447578531043946 -0.411141684370966 -0.374704836840049 -0.338267988446067 -0.301831139202453 -0.265394289139923 -0.228957438358339 -0.19252058697833 -0.156083735134457 -0.119646882954195 -0.0832100305227643 -0.0467731779137405 -0.0103363251963994 0.0261005275610595
-0.998062480487788 -0.964108337690424 -0.930154194844481 -0.896200051863665 -0.86224590858635 -0.828291764833306 -0.794337620430232 -0.760383475200491 -0.726429328953189 -0.692475181542652 -0.658521033018352 -0.624566883478552 -0.59061273303567 -0.556658581858762 -0.522704430098899 -0.488750277778568 -0.454796124891182 -0.420841971442431 -0.3868878174376 -0.35293366286809 -0.318979507721829 -0.285025351990322 -0.251071195679385 -0.217117038807223 -0.183162881427304 -0.149208723615819 -0.115254565504599 -0.0813004072243898 -0.0473462488459576 -0.0133920904250738
-0.938008047445501 -0.901830513510136 -0.86576815175614 -0.830629393869095 -0.798158243599052 -0.769799757999219 -0.744867635270972 -0.722178659356474 -0.700693316012879 -0.6793377801883 -0.656757281779699 -0.631526814421249 -0.602534134316442 -0.569918047946049 -0.534144699296881 -0.495738532102639 -0.455068075520858 -0.411819900657517 -0.365963156040458 -0.319279257936528 -0.274002689547324 -0.232169432524991 -0.195021462323855 -0.163300871618172 -0.136544228159749 -0.113903410765505 -0.0941970674352561 -0.0762487444757311 -0.0592348122383983 -0.0424198470859109
-1.01010278456836 -0.971472030215857 -0.932889073202499 -0.894422029081622 -0.856109830319659 -0.817991582422973 -0.780136266144535 -0.742628330095467 -0.705584219072895 -0.669103996916063 -0.633190207446694 -0.597821014482128 -0.562957565433101 -0.528492942083921 -0.494320830761568 -0.460405401590154 -0.426743730272468 -0.393394031028898 -0.360423529922688 -0.327874361870922 -0.295782389004145 -0.264164293637681 -0.23296003882598 -0.20209127828038 -0.171483147600648 -0.141067270896348 -0.110797744427779 -0.0806350820750537 -0.0505429960467762 -0.0204859981336762
-0.893373656983692 -0.897827838021149 -0.925985139319727 -0.962592928826492 -0.969229947458136 -0.917527091122035 -0.842492502718658 -0.784643607646192 -0.743157714300596 -0.70850538623887 -0.677670324664421 -0.649264515192256 -0.623053827643212 -0.603419668661428 -0.590007431772711 -0.558902921206226 -0.489861859408502 -0.40087923099217 -0.318141206823413 -0.262359440616526 -0.25287695679783 -0.29288940211117 -0.321002912570474 -0.280198684927523 -0.195547669615425 -0.108317353294541 -0.0424716138529312 -0.011685083862044 -0.00577902339916452 -0.00861134941803791
-0.925925607371692 -1.02113463073626 -1.02388786169722 -0.890200425812498 -0.756608796140001 -0.751307227643198 -0.788599755407744 -0.763515917219386 -0.707877481542048 -0.674635553865713 -0.664466357106441 -0.664977393536808 -0.660273401778572 -0.620448065850229 -0.530834322358778 -0.451733172868511 -0.436812873977605 -0.438242637462477 -0.40136340367165 -0.345702072063842 -0.309332031875319 -0.309622398571368 -0.281125192533354 -0.176973690749196 -0.107443291716929 -0.162013226022784 -0.189835931095647 -0.051158748522597 0.109064570319195 0.0747036716050336
-0.875010134338791 -0.887892547267745 -0.898848823673559 -0.904945671038061 -0.901911537018573 -0.886235077484771 -0.858784040980266 -0.821895043935132 -0.779401081651376 -0.734944944048401 -0.689912220643272 -0.645124200852466 -0.601183662242142 -0.557819334977199 -0.514816754923043 -0.47306272814839 -0.433235731083001 -0.394079651397504 -0.354169373762166 -0.313338359604939 -0.271734714543195 -0.229864748987068 -0.189667592517742 -0.152943318269749 -0.119502954419976 -0.088744490040511 -0.060402802741878 -0.0341415550092526 -0.00900266028796612 0.0161274052366108
-1.00014162910808 -0.966537337985244 -0.932933046920273 -0.899328755941216 -0.865724465085484 -0.832120174409083 -0.798515884033014 -0.764911594098846 -0.731307304765421 -0.697703016178595 -0.664098728414992 -0.630494441533932 -0.596890155578633 -0.56328587052792 -0.529681586329979 -0.496077302874832 -0.462473020054474 -0.428868737826943 -0.395264456158041 -0.361660174978609 -0.328055894210743 -0.294451613773341 -0.260847333572498 -0.227243053520096 -0.193638773563964 -0.160034493667511 -0.126430213820539 -0.0928259340151172 -0.0592216542260096 -0.0256173744236543
-1.00215499238291 -0.966588829042193 -0.931022665818623 -0.895456502870236 -0.859890340362678 -0.824324178435801 -0.788758017118677 -0.753191856413228 -0.717625696323534 -0.682059536877294 -0.646493378194511 -0.610927220418263 -0.575361063676447 -0.539794908036226 -0.504228753512094 -0.468662599968597 -0.433096447224401 -0.397530295064605 -0.361964143283765 -0.326397991747855 -0.2908318403407 -0.25526568897422 -0.219699537672706 -0.184133386462157 -0.14856723526303 -0.113001083974437 -0.077434932515662 -0.04186878083636 -0.00630262898749663 0.0292635229546343
-1.05934916857796 -1.01376079646165 -0.968192381876141 -0.922773862471502 -0.87778074425294 -0.833537676324882 -0.790420311833475 -0.748721952930681 -0.708355493749995 -0.669183546760561 -0.631248005792599 -0.594635585016596 -0.559450020413997 -0.525863135210082 -0.494030908728317 -0.463977857441069 -0.435587915000348 -0.408314146627826 -0.381450911974114 -0.354088616835912 -0.325266678546439 -0.294200499133228 -0.26080941940105 -0.225270290127978 -0.18808606320806 -0.149771621883723 -0.110563473674941 -0.0706364929962574 -0.0301973975629542 0.0105391340845037
-1.08752551306804 -1.03868299606551 -1.00368771240679 -0.895804288961093 -0.789732891343897 -0.768345602842465 -0.785766638684882 -0.779136911253769 -0.746411989609044 -0.702263817756525 -0.667415182808318 -0.6641015826531 -0.693530280247118 -0.672795598816883 -0.542243755956393 -0.419341486459319 -0.414850134514266 -0.435588964689884 -0.37478109391139 -0.275207128150205 -0.217037045639301 -0.251440726360692 -0.313587657292547 -0.327125959956009 -0.285618687047949 -0.20517237913008 -0.122152597047733 -0.0678304171663393 -0.032839957648083 0.00234390289566197
-0.97434509473064 -0.938691822219303 -0.903038549699816 -0.867385277193913 -0.831732004786214 -0.79607873255384 -0.760425460481019 -0.724772188485883 -0.689118916315073 -0.653465643692033 -0.617812370418924 -0.582159096317585 -0.546505821268502 -0.510852545386758 -0.475199268849875 -0.439545991850559 -0.403892714579273 -0.368239437202323 -0.332586159850254 -0.296932882534707 -0.261279605237598 -0.225626327944024 -0.189973050651806 -0.154319773370657 -0.118666496145129 -0.083013219010759 -0.0473599419321859 -0.011706664866334 0.0239466121898299 0.0595998892293285
-1.00197203353751 -0.968202353043083 -0.934432672434155 -0.900662991568759 -0.86689331029574 -0.833123628519325 -0.799353946374462 -0.765584264073679 -0.731814581909106 -0.698044900184695 -0.664275219172085 -0.630505539134836 -0.596735860323889 -0.562966182939705 -0.529196507155118 -0.495426833082926 -0.461657160776439 -0.427887490111032 -0.394117820915074 -0.360348153006816 -0.326578486201984 -0.292808820326172 -0.259039155244465 -0.225269490799286 -0.191499826702926 -0.157730162698905 -0.12396049878579 -0.0901908350085215 -0.0564211713425083 -0.0226515077457753
-0.989845519308511 -0.956537185377979 -0.923228851373183 -0.889920517270889 -0.856612183076919 -0.823303848818719 -0.789995514581212 -0.756687180457755 -0.723378846517961 -0.690070512825408 -0.656762179443282 -0.623453846434674 -0.590145513880548 -0.556837181933379 -0.523528850764917 -0.4902205205525 -0.456912191456899 -0.42360386356703 -0.390295536918287 -0.35698721140385 -0.323678886881341 -0.290370563204341 -0.257062240210259 -0.223753917738813 -0.190445595655125 -0.157137273847206 -0.123828952269209 -0.0905206308892721 -0.0572123096653282 -0.0239039885527601
-0.986772837010495 -0.95130605772536 -0.91583927840052 -0.880372498977865 -0.844905719424942 -0.809438939720404 -0.773972159861663 -0.738505379814981 -0.703038599403253 -0.66757181843801 -0.632105036828705 -0.596638254509272 -0.56117147142473 -0.525704687564439 -0.490237902952853 -0.454771117710438 -0.419304331975473 -0.383837545861449 -0.348370759461187 -0.31290397280962 -0.277437185927208 -0.241970398850791 -0.206503611682725 -0.171036824526011 -0.1355700374207 -0.100103250372006 -0.0646364633087256 -0.0291696761626356 0.00629711104617106 0.0417638982755217
-0.950325883138466 -0.919077362804752 -0.887828842592905 -0.856580322605052 -0.825331802864161 -0.794083283365492 -0.762834764072615 -0.73158624494715 -0.700337725974593 -0.669089207173909 -0.637840688674044 -0.60659217063144 -0.575343653210644 -0.544095136608616 -0.512846621011394 -0.481598106528914 -0.450349593254279 -0.419101081289361 -0.387852570739601 -0.356604061715952 -0.325355554330746 -0.294107048650788 -0.262858544560784 -0.231610041878966 -0.200361540339784 -0.169113039655737 -0.137864539535303 -0.106616039714613 -0.0753675400444178 -0.044119040404124
-1.0334505515032 -0.998192613431424 -0.962934675349047 -0.92767673724439 -0.892418799114187 -0.857160860946719 -0.821902922688069 -0.786644984311919 -0.751387045944541 -0.716129107746302 -0.680871169861349 -0.645613232429774 -0.61035529555895 -0.575097359225377 -0.539839423370789 -0.504581487928725 -0.469323552826972 -0.434065617978505 -0.398807683284124 -0.363549748610743 -0.328291813816806 -0.293033878768361 -0.257775943361869 -0.222518007541094 -0.187260071408586 -0.152002135093114 -0.116744198669515 -0.0814862621893026 -0.046228325664617 -0.0109703890977536
-0.991663700195313 -0.956893955239069 -0.922124210327514 -0.887354465461544 -0.852584720618266 -0.817814975764284 -0.783045230847981 -0.748275485789746 -0.7135057404162 -0.678735994538062 -0.643966247996186 -0.609196500638961 -0.574426752327544 -0.539657002974156 -0.504887252503306 -0.470117500837588 -0.435347747948376 -0.400577994004076 -0.365808239201314 -0.331038483652578 -0.296268727449316 -0.261498970674703 -0.226729213378817 -0.191959455606673 -0.157189697416154 -0.122419938879539 -0.0876501801138323 -0.0528804212312842 -0.0181106622804047 0.0166590967062315
-1.06013157970387 -1.02410424799599 -0.988076916219355 -0.95204958427659 -0.916022252119805 -0.879994919703226 -0.843967586940063 -0.807940253723496 -0.771912919907609 -0.73588558538352 -0.699858250229587 -0.663830914570979 -0.627803578530709 -0.591776242223169 -0.555748905731491 -0.519721569022385 -0.483694232013689 -0.447666894544163 -0.411639556457001 -0.37561221769221 -0.339584878214002 -0.303557538027824 -0.26753019730407 -0.231502856239961 -0.195475514975083 -0.159448173622751 -0.123420832248823 -0.0873934908922898 -0.0513661495321111 -0.0153388081322406
-1.08532234978243 -1.02192341623472 -0.960539187331589 -0.902626238264404 -0.848832848589175 -0.799613569161098 -0.755456331667493 -0.716613984344557 -0.682365660791867 -0.651756592551723 -0.623870117573934 -0.597799100410185 -0.572496937541947 -0.546359153169819 -0.518041131218724 -0.487795566791733 -0.456296103303055 -0.424302866233302 -0.392322210402662 -0.359758925923243 -0.32574241173013 -0.289576276369567 -0.251260966832434 -0.211145608362753 -0.170277200772485 -0.129599995175416 -0.0889493733247016 -0.0479668085709985 -0.00662701001560468 0.0350120043025212
-1.04216822752405 -1.02050186087483 -0.97611961373834 -0.909100486453454 -0.839099876496805 -0.786287116262787 -0.753310880679086 -0.735395934379887 -0.715592058292072 -0.677974026315945 -0.622891567952798 -0.554763151604172 -0.486444006723277 -0.464536406970002 -0.516941347901329 -0.563007668455936 -0.527944851083604 -0.468957108896821 -0.452802201322636 -0.452457342383621 -0.417454609751226 -0.323005379992277 -0.247038225255096 -0.259264251403567 -0.29380750358234 -0.270650791965789 -0.188799047566429 -0.067830712909784 0.0694038442647509 0.199236274914311
0.970183798420068 0.936870881716691 0.903557964896625 0.870245047838373 0.836932130384324 0.80361921238689 0.770306293774707 0.736993374506487 0.703680454585034 0.670367534047924 0.63705461302775 0.603741691680855 0.570428770163681 0.537115848633061 0.503802927263046 0.470490006296173 0.437177085957768 0.40386416633583 0.370551247472187 0.337238329361303 0.303925411985801 0.270612495306804 0.237299579199423 0.203986663509601 0.170673748052613 0.137360832662922 0.104047917282394 0.0707350018869164 0.0374220864810396 0.00410917107648122
-1.00688011233902 -0.973203572979628 -0.939527033499768 -0.905850493752081 -0.872173953546022 -0.838497412658964 -0.804820870783141 -0.771144327636454 -0.737467783124603 -0.70379123722276 -0.670114689996202 -0.636438141532727 -0.602761591924311 -0.569085041279632 -0.535408489715713 -0.501731937366258 -0.468055384386708 -0.434378831002779 -0.400702277423476 -0.367025723720686 -0.333349169932017 -0.29967261609336 -0.265996062233737 -0.232319508375856 -0.198642954524042 -0.164966400676154 -0.131289846822581 -0.0976132929541226 -0.0639367390706947 -0.0302601851744913
-1.03999103012707 -1.00236560636481 -0.96473227310955 -0.927079941460327 -0.889418183569479 -0.851759532564807 -0.814107704422695 -0.776462992926618 -0.738820820239813 -0.70118558258845 -0.663602444070645 -0.626126760752502 -0.588818457154717 -0.551755731616365 -0.515015252969814 -0.478649298202239 -0.442696522646674 -0.40716548686478 -0.372048577765679 -0.337303582419699 -0.302879637937468 -0.268722991396654 -0.234768329743078 -0.200947121393767 -0.167189520782405 -0.133430813860632 -0.0996281266352354 -0.0657545440720883 -0.0318251469182325 0.00213448513399646
-1.02446283397587 -0.989005356007976 -0.953547878132096 -0.918090400477816 -0.882632923227705 -0.847175446552339 -0.811717970521333 -0.776260495171984 -0.740803020513266 -0.705345546557511 -0.669888073358823 -0.634430600981745 -0.598973129449746 -0.563515658621989 -0.528058188337807 -0.492600718521501 -0.457143249114845 -0.421685780044523 -0.386228311243449 -0.350770842684522 -0.315313374350642 -0.279855906233956 -0.244398438363609 -0.208940970756526 -0.173483503343767 -0.138026036037762 -0.102568568762304 -0.0671111014598488 -0.0316536341361414 0.00380383318725194
-1.05806231447522 -0.926552650204557 -0.880564012052429 -0.848931649969222 -0.814127242993224 -0.777988609960158 -0.766181699807602 -0.792853793344681 -0.80224936876487 -0.742813540391116 -0.649696769679898 -0.579725854871078 -0.566620622481763 -0.551673012138046 -0.48101601659181 -0.412574727989121 -0.408766332588069 -0.438184293700651 -0.453315640630047 -0.436045389590258 -0.375608053522992 -0.276306575718214 -0.202717620858922 -0.198617717688912 -0.164309129802128 -0.0204040789873654 0.0877711150373301 0.0214275533297838 -0.107359882019429 -0.123800363661548
-0.979160111454761 -0.948023444994162 -0.91688677853176 -0.885750112130738 -0.854613445905137 -0.823476779966395 -0.792340114364657 -0.761203449130745 -0.73006678427948 -0.698930119809473 -0.667793455670479 -0.636656791800042 -0.605520128142908 -0.574383464672654 -0.543246801392289 -0.512110138393748 -0.480973475769338 -0.449836813523936 -0.418700151651574 -0.38756349019032 -0.35642682918925 -0.325290168679766 -0.294153508622576 -0.26301684896284 -0.231880189654229 -0.200743530632093 -0.169606871749999 -0.138470212868256 -0.107333553955926 -0.0761968950092609
-1.00002600844852 -0.965069944174796 -0.930113879799323 -0.89515781519691 -0.860201750231029 -0.825245684775958 -0.790289618760536 -0.755333552137545 -0.720377484900974 -0.685421417041183 -0.65046534849279 -0.615509279176481 -0.580553209050324 -0.545597138221932 -0.510641066857959 -0.475684995211706 -0.44072892350785 -0.405772851769911 -0.370816779965733 -0.335860708041605 -0.300904635938421 -0.26594856357181 -0.230992490756326 -0.196036417318455 -0.161080343233486 -0.126124268520246 -0.0911681932228996 -0.0562121174130901 -0.0212560412470206 0.0137000350979653
-1.10490994135848 -1.05380746558486 -0.990803015246237 -0.921294970305624 -0.864044299551868 -0.8340163324459 -0.817631252311202 -0.79619554948458 -0.759106088493584 -0.700939580863047 -0.628901751916203 -0.553355580425882 -0.485010908683989 -0.435965033058727 -0.414516161722412 -0.412378695987522 -0.4160945017255 -0.408099109903495 -0.375460588309684 -0.327883486920653 -0.280731476260088 -0.24391812081037 -0.205556560888663 -0.154576912190375 -0.104977616089129 -0.0732928076479236 -0.061131071009056 -0.0651762041553303 -0.0773384113522859 -0.0883344984361459
-1.01018237906202 -0.972848349987434 -0.935404549122167 -0.897763578592032 -0.859957595356169 -0.822080352697229 -0.784352434358591 -0.74701296476415 -0.710248400599138 -0.674217963843104 -0.639024605391529 -0.604757208368875 -0.571476538720897 -0.539130893678517 -0.50764863585582 -0.476990858114384 -0.447113230603378 -0.417917002374828 -0.389305643931966 -0.36124593267998 -0.333720472749547 -0.306711789668886 -0.280202094556374 -0.254163330857377 -0.228526685735077 -0.203204749328907 -0.178076479965517 -0.153029678620167 -0.12802114867537 -0.103024944115447
0.983082220838608 0.949974188904704 0.916866157030405 0.88375812533212 0.850650093985801 0.817542063165021 0.784434032974276 0.751326003507536 0.718217974885727 0.685109947242868 0.652001920738387 0.618893895538067 0.585785871769065 0.552677849404043 0.519569828362632 0.486461808506833 0.453353789689758 0.420245771786608 0.387137754673354 0.354029738206944 0.320921722239575 0.287813706630769 0.254705691269361 0.221597676060665 0.188489660946605 0.155381645884724 0.122273630858419 0.0891656158527983 0.0560576008339389 0.0229495857631617
1.02021304155804 0.985302493401373 0.950391945277673 0.915481397215004 0.880570849244551 0.845660301368671 0.81074975347128 0.775839205417197 0.740928657113288 0.706018108480951 0.67110755945766 0.636197009984907 0.601286460037908 0.566375909726774 0.531465359180271 0.496554808466898 0.461644257645175 0.426733706793969 0.391823155984425 0.356912605236443 0.322002054557109 0.287091503937998 0.252180953308637 0.217270402602636 0.182359851831988 0.147449301016454 0.112538750128467 0.0776281991384217 0.0427176480558793 0.00780709690019114
1.04077400194351 1.00521879699618 0.969663592051471 0.934108387075302 0.898553182027365 0.862997976851844 0.827442771437125 0.791887565681987 0.756332359582596 0.720777153150653 0.685221946362606 0.649666739186093 0.614111531590893 0.578556323555361 0.543001115081025 0.507445906253542 0.47189069717645 0.436335487940685 0.400780278622091 0.365225069248736 0.329669859836747 0.294114650396441 0.2585594409149 0.223004231387512 0.18744902186612 0.151893812403823 0.116338603002316 0.0807833936495123 0.0452281843296101 0.00967297502588076
1.06164622248005 1.01625169231712 0.969797571665119 0.922123797989728 0.875378355179335 0.831963963584922 0.792994242985108 0.758712085214843 0.727166570906759 0.696260077787586 0.665501983162758 0.634803414232381 0.604060519012748 0.573109528784884 0.541645753743855 0.508860736476143 0.474050154834784 0.437429995347596 0.399533803672863 0.361245053315953 0.323534699744005 0.287468772435268 0.254493596912427 0.225728388233474 0.200603623553202 0.178299625666049 0.158684837828233 0.141651583054794 0.126499582934271 0.112380408698577
-1.00080036862024 -0.965971219452903 -0.931142070239675 -0.896312920948123 -0.861483771536869 -0.826654621975231 -0.791825472284261 -0.7569963224767 -0.72216717248032 -0.687338022208558 -0.652508871602482 -0.617679720610067 -0.582850569172991 -0.54802141720774 -0.513192264625114 -0.478363111338352 -0.443533957292378 -0.408704802556433 -0.373875647198898 -0.339046491160407 -0.304217334349658 -0.269388176697822 -0.234559018225965 -0.199729859005072 -0.164900699215914 -0.130071539041863 -0.0952423785669205 -0.0604132178567205 -0.025584057002809 0.00924510389679016
-1.00216892868194 -0.967391005662755 -0.932613082630504 -0.897835159569093 -0.86305723643763 -0.828279313191309 -0.793501389794472 -0.758723466222035 -0.723945542482059 -0.689167618594864 -0.654389694596648 -0.619611770527575 -0.584833846432437 -0.550055922374514 -0.515277998404575 -0.480500074504862 -0.445722150645302 -0.410944226815116 -0.37616630301303 -0.341388379256498 -0.306610455567659 -0.271832531955156 -0.237054608373649 -0.202276684775605 -0.167498761158701 -0.132720837519291 -0.0979429138032277 -0.0631649899556934 -0.0283870659697063 0.00639085814975721
-1.00003506205311 -0.963528730916647 -0.92704791951 -0.890615257480903 -0.854239348185599 -0.817927823468123 -0.781698455415175 -0.745573674625975 -0.709584405507161 -0.673762586156091 -0.638135715625598 -0.602730183207381 -0.567569124975481 -0.532662664133315 -0.498015992640559 -0.463627590352556 -0.429490627799087 -0.395583750312026 -0.361881442183563 -0.328356068745065 -0.294979465587695 -0.261723744684272 -0.228562123534234 -0.195470660621607 -0.16243567284213 -0.129447406681036 -0.0965015685698097 -0.0635927241779552 -0.0307054161807919 0.00217831849490617
0.994086557786342 0.961170296045513 0.928254034331841 0.895337772691205 0.862421511145811 0.829505249690485 0.796588988234197 0.763672726668765 0.730756464903268 0.697840202879335 0.664923940651555 0.632007678302757 0.599091415914715 0.566175153564994 0.533258891308922 0.50034262911709 0.46742636694505 0.434510104772931 0.401593842591304 0.368677580407923 0.335761318234836 0.302845056102691 0.269928794116523 0.237012532374583 0.204096270873595 0.171180009596129 0.13826374856969 0.105347487813415 0.0724312272680448 0.0395149668547247
