-0.953614844623232 -0.921379232400629 -0.889132586376839 -0.856862999566671 -0.824553886909893 -0.792186731144307 -0.759739964274885 -0.727190601591391 -0.694513042255593 -0.661684262875268 -0.628694165970223 -0.595535885538274 -0.562206046635327 -0.528715238549649 -0.495077109462812 -0.461303578897243 -0.427406818466188 -0.393401736805321 -0.359301219783962 -0.325107325183613 -0.29081940376382 -0.256437625000563 -0.221965433235575 -0.187408546534515 -0.152778502993012 -0.118087784630321 -0.0833468291302296 -0.0485664656098156 -0.0137611332547602 0.0210538262321029
-0.973562297003253 -0.940657999135528 -0.907753701294539 -0.874849403480158 -0.84194510570181 -0.809040807980468 -0.776136510373755 -0.743232212928888 -0.710327915614801 -0.677423618369273 -0.644519321083735 -0.611615023638035 -0.578710725914266 -0.545806427803506 -0.512902129212401 -0.479997830100867 -0.447093530432206 -0.414189230129968 -0.381284929105462 -0.348380627260765 -0.315476324495647 -0.282572020735143 -0.249667716005342 -0.216763410365813 -0.183859103908976 -0.150954796748217 -0.118050489047922 -0.0851461809714502 -0.0522418726270488 -0.0193375641091874
-1.00882480445615 -0.975159669808564 -0.941494535252402 -0.907829400844956 -0.874164266585416 -0.840499132447943 -0.806833998364686 -0.77316886425754 -0.739503730049392 -0.705838595672064 -0.672173461092118 -0.638508326284801 -0.604843191211967 -0.571178055781875 -0.537512919914363 -0.503847783629153 -0.470182646982357 -0.436517510075768 -0.402852373031494 -0.369187236007235 -0.335522099169586 -0.301856962643251 -0.268191826385367 -0.234526690309298 -0.200861554320898 -0.167196418331295 -0.133531282280238 -0.0998661461306267 -0.0662010099093517 -0.0325358736593002
-0.970330110293858 -0.936488770880186 -0.902647431280132 -0.868806091290067 -0.834964750762365 -0.801123409564824 -0.767282067570901 -0.733440724675009 -0.699599380849689 -0.665758036092318 -0.631916690421483 -0.598075343861076 -0.564233996433102 -0.530392648152026 -0.4965512990322 -0.462709949095058 -0.428868598395742 -0.39502724711714 -0.361185895454327 -0.327344543523364 -0.29350319142056 -0.259661839224175 -0.225820486940277 -0.191979134567675 -0.158137782148346 -0.12429642971405 -0.090455077212511 -0.0566137245895446 -0.0227723718673629 0.0110689809127227
-0.925206632952622 -0.896219323494411 -0.867190579880958 -0.838083886950154 -0.808905010324447 -0.779658673634393 -0.750303151758407 -0.720764770423472 -0.690888507502984 -0.660532473444948 -0.629688656849374 -0.598382515854277 -0.566629566879881 -0.534405559475262 -0.501662375744612 -0.46829619488375 -0.434221862842122 -0.39948459549204 -0.364153522987345 -0.328263062685122 -0.291838953743265 -0.254900138456871 -0.217438371669844 -0.179445269097156 -0.140939077389227 -0.101960650461208 -0.0626146403517357 -0.0230168836506032 0.0167358429712407 0.0565515278225588
-0.975897336903252 -0.941453245863311 -0.907009154803394 -0.872565063687557 -0.838120972419286 -0.803676880906299 -0.769232789133819 -0.734788697110914 -0.700344604864526 -0.665900512405797 -0.631456419664806 -0.597012326551361 -0.562568233003223 -0.528124139069952 -0.493680044840327 -0.459235950448219 -0.424791856056633 -0.390347761900007 -0.35590366818499 -0.321459574935629 -0.287015482130322 -0.25257138973002 -0.218127297625889 -0.183683205713234 -0.149239113973697 -0.114795022394399 -0.0803509308980347 -0.0459068394049544 -0.0114627478905618 0.0229813436559765
-1.00640054910727 -0.970467577458783 -0.934534605893943 -0.898601634501826 -0.862668663342796 -0.826735692450893 -0.790802721783567 -0.754869751262621 -0.718936780743865 -0.683003810078076 -0.64707083916188 -0.611137867903366 -0.575204896234858 -0.539271924185625 -0.50333895180418 -0.467405979119093 -0.431473006175741 -0.395540033106685 -0.359607060051693 -0.323674087092169 -0.287741114294929 -0.251808141739532 -0.215875169556508 -0.179942197881478 -0.144009226819441 -0.108076256434838 -0.0721432866604809 -0.0362103173822201 -0.000277348429685525 0.035655620381548
-0.990429904642105 -0.957016484304072 -0.923603064035183 -0.890189643893932 -0.856776223880075 -0.823362803979816 -0.789949384183881 -0.756535964496563 -0.723122544971896 -0.689709125669865 -0.656295706624533 -0.622882287863479 -0.589468869373127 -0.556055450975275 -0.522642032470354 -0.489228613737962 -0.455815194687612 -0.422401775269297 -0.388988355460122 -0.355574935305142 -0.322161514866402 -0.288748094210911 -0.255334673425545 -0.221921252581734 -0.188507831669256 -0.15509441064571 -0.121680989421641 -0.0882675679307949 -0.0548541462467681 -0.0214407244781216
-0.985723450571522 -0.952222113726743 -0.918720776894433 -0.885219440106812 -0.851718103395987 -0.818216766804585 -0.784715430417434 -0.751214094312924 -0.717712758501492 -0.684211422979449 -0.650710087754564 -0.617208752837465 -0.583707418248488 -0.550206084046765 -0.516704750323465 -0.483203417259078 -0.449702084990662 -0.416200753392224 -0.382699422301635 -0.34919809167526 -0.315696761499087 -0.282195431776835 -0.248694102583143 -0.215192773991322 -0.18169144599844 -0.148190118559297 -0.114688791535849 -0.0811874647745035 -0.047686138152303 -0.0141848115539512
0.984069885861112 0.950692758033276 0.917315630228092 0.883938502481472 0.85056137488331 0.817184247533265 0.783807120516067 0.750429993897537 0.717052867682777 0.68367574185383 0.650298616361223 0.616921491147607 0.583544366141413 0.550167241214219 0.516790116208398 0.483412990906384 0.450035865084169 0.416658738551919 0.383281611149879 0.34990448280444 0.316527353463526 0.283150223087666 0.249773091687789 0.216395959321296 0.183018826181053 0.149641692507721 0.116264558597668 0.0828874247097257 0.0495102908968887 0.0161331571606914
-0.978243898312389 -0.944328667301713 -0.910413436295065 -0.876498205251896 -0.842582974103839 -0.808667742801017 -0.774752511395323 -0.740837279923271 -0.706922048258082 -0.673006816238353 -0.639091583727468 -0.605176350595012 -0.571261116732138 -0.537345882116301 -0.503430646762713 -0.469515410751324 -0.435600174176432 -0.401684937124976 -0.367769699656777 -0.333854461730551 -0.299939223279738 -0.26602398423732 -0.232108744534461 -0.198193504127059 -0.164278263071778 -0.130363021443788 -0.096447779291509 -0.0625325366769995 -0.0286172937435957 0.0052979493450453
-0.986820916927976 -0.952159314845438 -0.91749771269146 -0.882836110403399 -0.848174507889062 -0.813512905053034 -0.778851301816584 -0.74418969812875 -0.70952809403297 -0.67486648960265 -0.640204884936647 -0.605543280140187 -0.570881675309016 -0.536220070500983 -0.501558465737405 -0.46689686093139 -0.432235255961552 -0.397573650676737 -0.362912044923815 -0.328250438571515 -0.29358883149403 -0.25892722359444 -0.224265614891363 -0.189604005427896 -0.154942395229521 -0.120280784342806 -0.0856191729162845 -0.0509575611191322 -0.0162959491011074 0.0183656629928851
-0.992173122440763 -0.958213716222941 -0.924254310094227 -0.890294904107325 -0.856335498286348 -0.822376092629437 -0.788416687059426 -0.754457281471223 -0.720497875723348 -0.686538469651447 -0.652579063036078 -0.618619655644024 -0.584660247282023 -0.550700837916638 -0.516741427568114 -0.482782016311612 -0.448822604224716 -0.414863191339781 -0.380903777695661 -0.346944363402415 -0.312984948587903 -0.279025533393003 -0.245066118010644 -0.211106702619601 -0.177147287289973 -0.143187872043815 -0.109228456819684 -0.0752690415512986 -0.0413096262365204 -0.00735021088924561
-0.980203625404981 -0.945139430023938 -0.910293139261816 -0.875882037221628 -0.842226006241501 -0.809636934174596 -0.778292132699104 -0.748109788811917 -0.718106166959714 -0.687271485174785 -0.655393698382086 -0.622460195729741 -0.588591745009962 -0.554442628591324 -0.520746198250754 -0.488018568822228 -0.456521023507431 -0.425712755921823 -0.394854736845669 -0.363217135304696 -0.330072419885995 -0.294670928938854 -0.256174479861358 -0.213986113689657 -0.168562286963377 -0.120485337507973 -0.0697877127887506 -0.016505305065588 0.0387623238632039 0.0952746948147059
1.00229784777642 0.967596183826849 0.93289451997263 0.898192856254644 0.863491192664319 0.828789529187725 0.794087865838947 0.759386202638931 0.724684539608035 0.689982876793039 0.655281214346999 0.62057955244954 0.585877891271605 0.551176230949418 0.516474571598547 0.48177291328668 0.447071256063326 0.412369599953166 0.3776679449504 0.34296629095212 0.308264637831143 0.273562985451904 0.238861333645303 0.204159682223112 0.169458030954111 0.134756379623922 0.100054728128517 0.0653530764176828 0.0306514245460941 -0.00405022740535007
-1.03071387571917 -0.994324623219197 -0.957935370776737 -0.921546118423777 -0.885156866147857 -0.848767613934457 -0.812378361805278 -0.775989109786682 -0.739599857887472 -0.703210606118724 -0.666821354518154 -0.630432103130141 -0.594042851988637 -0.557653601085881 -0.521264350401419 -0.484875099905723 -0.448485849557216 -0.41209659927519 -0.375707348984168 -0.339318098668719 -0.302928848328424 -0.266539597973177 -0.230150347654107 -0.193761097423486 -0.157371847296896 -0.120982597263362 -0.0845933472423673 -0.048204097153969 -0.0118148469900549 0.0245744032395291
-0.995742972067312 -0.961753831884908 -0.927764691632063 -0.893775551212533 -0.859786410494735 -0.825797269344519 -0.791808127652807 -0.757818985336933 -0.723829842394798 -0.689840698818869 -0.655851554499302 -0.621862409300675 -0.587873263121866 -0.553884115998954 -0.519894968009494 -0.485905819259754 -0.451916669878165 -0.417927520053095 -0.383938369983631 -0.349949219851795 -0.315960069835341 -0.281970920079369 -0.247981770598363 -0.213992621374966 -0.18000347239509 -0.146014323638839 -0.112025175059827 -0.0780360266063532 -0.0440468782319653 -0.0100577298915213
-1.00169953076205 -0.967797947555154 -0.933881395996507 -0.899941338759904 -0.865993717559014 -0.832061032878297 -0.798167541245506 -0.764343390158291 -0.730640534950626 -0.697104100635078 -0.663730083102291 -0.630502195962425 -0.59740855216501 -0.564454862017046 -0.531653884529609 -0.499028976172604 -0.46660313615609 -0.434387337191919 -0.402391338959908 -0.370632075509947 -0.339128274484444 -0.307892374780585 -0.276911660314671 -0.246167864891459 -0.215645676850417 -0.185323658288319 -0.155152911796454 -0.125080275350081 -0.0950629879658116 -0.0650608889205974
-1.11831666828324 -1.03593436065862 -0.966775622016311 -0.915924443817828 -0.879871535119951 -0.851435781823764 -0.817342059612284 -0.767312838509412 -0.70915497612066 -0.653016372308147 -0.600324708378814 -0.550327611000806 -0.503793589317358 -0.467574682372055 -0.446533877028322 -0.431494421528599 -0.411914410276592 -0.385831060942082 -0.354549889131609 -0.323870478932677 -0.300715931553036 -0.288881564203966 -0.279651558110877 -0.262474600600226 -0.231968539388534 -0.188143485483846 -0.147409442670244 -0.125679364240553 -0.120478108746532 -0.124733511054673
-0.967978961920397 -0.929826820933319 -0.891739901317626 -0.853778752531445 -0.816024804743859 -0.778570846088516 -0.741534215846372 -0.705031913743652 -0.669155030140352 -0.633973385230485 -0.599497627910384 -0.56572361425196 -0.532648280734833 -0.500272885469457 -0.468602545762388 -0.437653494073755 -0.407459261741899 -0.378111460464426 -0.349678072873428 -0.322074484979671 -0.295177933638585 -0.268853856692008 -0.242920495927394 -0.217205748119315 -0.191623326045204 -0.166110394259173 -0.140612108419188 -0.115084620805722 -0.0895200790854232 -0.0639196297714818
-1.01131482860261 -0.976380274001726 -0.941445719319589 -0.906511164450705 -0.871576609339497 -0.836642053943634 -0.801707498223882 -0.766772942121253 -0.731838385494652 -0.696903828201776 -0.661969270177584 -0.627034711376351 -0.592100151749011 -0.55716559123313 -0.522231029781752 -0.48729646742319 -0.452361904229118 -0.417427340369388 -0.382492776017802 -0.347558211265788 -0.312623646184182 -0.277689080829925 -0.242754515204388 -0.207819949302182 -0.172885383146447 -0.137950816768431 -0.10301625020328 -0.0680816834923992 -0.033147116698342 0.00178745011105181
-0.949849633971216 -0.923886265445827 -0.897784683699526 -0.871465325042596 -0.844859293043789 -0.817948461299586 -0.790907116258913 -0.763920478166422 -0.7370250895972 -0.71017499022277 -0.683142885769949 -0.655656148479372 -0.627414552608689 -0.598007480483585 -0.5670734828359 -0.534558175954055 -0.500451393318387 -0.464612771620326 -0.42687784170301 -0.387115907805323 -0.345204717515084 -0.301123192801906 -0.25525495316257 -0.208041140279187 -0.159748287048022 -0.110607090152597 -0.0608795102113232 -0.01081149948887 0.0394462870999364 0.089767018977731
-0.975441020282863 -0.942940574660253 -0.910426912827594 -0.877872157717419 -0.845223725111854 -0.812426732328933 -0.779441809980749 -0.746227282969234 -0.712716740061631 -0.67885097278496 -0.644624319840023 -0.610044506721068 -0.57513084942094 -0.539949025926854 -0.504570860821609 -0.469046403075944 -0.433409443078194 -0.397650512499136 -0.36174931862264 -0.32568552990252 -0.289438805085079 -0.252988107910455 -0.216309622094144 -0.179383162391518 -0.142205847742108 -0.104786938435403 -0.067166955976583 -0.029396236156048 0.00846688931061406 0.0463620897265177
-1.0293419894065 -0.991763091704507 -0.954182276818221 -0.916594006918515 -0.878994796192411 -0.841382991070807 -0.803762214943955 -0.766139508040893 -0.728530300986455 -0.690953604181281 -0.653434356733423 -0.615998979927785 -0.578672215750475 -0.541472088992415 -0.504412137566085 -0.467494669065405 -0.430716932429407 -0.394067172296142 -0.357529008383974 -0.321076565033506 -0.284681592740901 -0.24831969936881 -0.211981922245833 -0.175662042532842 -0.139349387253835 -0.103033880894039 -0.0667122919204724 -0.030384022517488 0.00594783424302168 0.0422792625672789
-0.988985530070339 -0.954780052394646 -0.920574574791248 -0.886369097353165 -0.852163620050702 -0.817958142803445 -0.783752665450856 -0.749547187784917 -0.715341709487831 -0.681136230212487 -0.646930749604292 -0.61272526730678 -0.578519783018401 -0.544314296657253 -0.510108808232487 -0.47590331789782 -0.441697825815405 -0.40749233203658 -0.373286836616464 -0.339081339736106 -0.304875841608039 -0.270670342445546 -0.236464842464907 -0.202259341875268 -0.168053840854241 -0.133848339564736 -0.0996428381423852 -0.0654373366935004 -0.0312318352343816 0.00297366624117347
-1.08410214968681 -1.04613897544455 -1.00315542041231 -0.954194635513121 -0.895729001136079 -0.826156803350216 -0.754150721478193 -0.690222091417849 -0.641962482114106 -0.613848564243713 -0.600817182363634 -0.595420224500889 -0.591099554554682 -0.584856939912961 -0.573572653839163 -0.550081089609938 -0.50896198773067 -0.455822357608469 -0.398330847184593 -0.341375389635171 -0.289148739445049 -0.245623014529709 -0.213887786527157 -0.195214069611933 -0.184481194382165 -0.175011406220635 -0.160290293225151 -0.13507592913661 -0.09905298755324 -0.0531377920376028
-1.18782175735126 -0.932711310200957 -0.827079241811562 -0.855147451110781 -0.916409166195814 -0.914567985569663 -0.854897660189046 -0.766427403727286 -0.671638128270389 -0.590345703008789 -0.53825412713793 -0.530039432354511 -0.566781764655066 -0.59517772723546 -0.5665542376305 -0.505143013531417 -0.445600701319003 -0.391378861975858 -0.339802486080383 -0.294895367992379 -0.262356003016999 -0.241345429766128 -0.204874860078593 -0.135421577816607 -0.0794769817089833 -0.0789622464629006 -0.0935035358323982 -0.0783386043036407 -0.0534465802444354 -0.0549919354930001
-0.990183390137124 -0.955386180302908 -0.920576099781734 -0.885725256220129 -0.850815494418665 -0.815838373518359 -0.78081457286794 -0.745771726122067 -0.710736163951384 -0.675734871742705 -0.640798756731554 -0.605959706615627 -0.571249987400616 -0.536703378324196 -0.502356033532705 -0.468252093575157 -0.434435190623993 -0.400938936942688 -0.36778676935405 -0.334971442827197 -0.302478041867827 -0.270292290258942 -0.238402468892783 -0.206794891818355 -0.175445448602497 -0.144323754617066 -0.113384752936152 -0.0825793945970479 -0.0518573347876127 -0.0211679047333494
-1.00857459225213 -0.974493782120856 -0.940412972027138 -0.906332161954712 -0.872251351903691 -0.838170541861845 -0.804089731751198 -0.770008921472848 -0.735928110909934 -0.701847299990486 -0.667766488840037 -0.633685677633499 -0.599604866528359 -0.565524055612406 -0.531443244957954 -0.497362434645105 -0.463281624743192 -0.429200815270676 -0.395120006218475 -0.361039197518206 -0.326958389086662 -0.292877580857797 -0.258796772834217 -0.224715965026452 -0.190635157408085 -0.15655434995555 -0.122473542693648 -0.0883927356376002 -0.0543119287159558 -0.0202311218355948
-1.01237973943375 -0.977867100768595 -0.943354462061029 -0.908841823259719 -0.874329184269918 -0.839816544960047 -0.805303905094611 -0.770791264428713 -0.736278622783761 -0.701765980007249 -0.667253335984697 -0.632740690611132 -0.598228043763252 -0.563715395244435 -0.529202744914707 -0.494690092933986 -0.460177439540107 -0.425664784982656 -0.391152129461765 -0.356639472967988 -0.322126815439483 -0.287614156843727 -0.253101497265467 -0.218588836826241 -0.184076175677499 -0.149563514000441 -0.115050852065369 -0.0805381901211336 -0.0460255282416765 -0.0115128664572124
1.03032425521854 0.994359860490176 0.958395465914199 0.922431071635987 0.88646667770916 0.850502284136435 0.814537890808684 0.7785734976045 0.742609104465207 0.706644711325315 0.670680318029367 0.634715924399409 0.598751530265602 0.562787135490547 0.526822739950205 0.490858343541539 0.454893946148513 0.418929547582114 0.38296514766908 0.347000746372139 0.311036343688016 0.275071939634622 0.239107534314607 0.20314312784382 0.167178720306172 0.131214311797163 0.095249902490595 0.0592854925808831 0.0233210822665764 -0.0126433282527415
-0.955349117779454 -0.926428400612915 -0.897459564425649 -0.868386301528948 -0.839162234019779 -0.809748350773172 -0.780125177990745 -0.750273118468739 -0.720152544055306 -0.689717620511559 -0.65891772019853 -0.627701017127231 -0.596034075593189 -0.563957021029983 -0.531527686871597 -0.49880117741557 -0.465828612255504 -0.432647901305679 -0.399287944283034 -0.365754809794463 -0.332048858669351 -0.298175099379952 -0.264157130970007 -0.230027396150919 -0.195835121733236 -0.16162027459927 -0.127368997819239 -0.0930619137430037 -0.0587113856511063 -0.0243377120567582
-1.07711121994715 -1.04584588285117 -1.01407971383593 -0.980702691036013 -0.944396629699486 -0.904030139480197 -0.85942717054171 -0.810932931240893 -0.760022322198134 -0.708296386977782 -0.656731048656533 -0.606145950189165 -0.557400832492403 -0.511515828330758 -0.469269504262237 -0.43031377017107 -0.394183444228875 -0.361071634430601 -0.331114259877934 -0.303560194276167 -0.277436549981494 -0.251864412157312 -0.226340757195826 -0.200466910477532 -0.173885702107273 -0.146201214800109 -0.116821036987601 -0.0853550907328192 -0.0524191269083807 -0.0188803535892859
-0.992418597722938 -0.961960774715423 -0.931393029852345 -0.900640896998923 -0.869681410766403 -0.838502087332498 -0.807080868394773 -0.775394031446235 -0.743420771641808 -0.711126648530019 -0.678419761571902 -0.645193845206618 -0.611338300942474 -0.576725198564368 -0.541248924400519 -0.504910462675844 -0.467744113477533 -0.429810842445171 -0.391169470206765 -0.351843571791612 -0.311847910829331 -0.271191858951743 -0.229863219799476 -0.18783848186493 -0.145070441038799 -0.101538129627165 -0.0573492181993885 -0.0126510601196063 0.0323788983322197 0.0775556876471707
1.02193923233376 0.986084781556052 0.950215229470133 0.914315216607717 0.878380043641302 0.842412024983096 0.806430869863374 0.770459940964441 0.734519819958656 0.698631712214485 0.662822098894782 0.627118780110996 0.591548314072751 0.556132291382382 0.520886325097779 0.485807085706362 0.450885810334075 0.416110945231418 0.381468868186308 0.346940474011756 0.312505286777046 0.278144274085762 0.243844177678685 0.209592185027905 0.175371492393563 0.141166551494614 0.106970827097208 0.0727804811745756 0.0385934514810495 0.00440811971623833
-1.00954942392665 -0.9729541796861 -0.936358935597731 -0.899763691769356 -0.863168448283438 -0.826573205195919 -0.789977962482019 -0.753382720100077 -0.716787478021623 -0.680192236210666 -0.643596994587921 -0.607001753063282 -0.570406511543875 -0.533811269925765 -0.497216028106099 -0.460620785997424 -0.424025543546463 -0.387430300821247 -0.350835057900451 -0.314239814784017 -0.277644571452201 -0.241049327881979 -0.204454084037187 -0.167858839885629 -0.131263595424116 -0.0946683506663676 -0.058073105664739 -0.0214778604803344 0.0151173848293754 0.0517126302078283
-0.963225516027104 -0.930941537569851 -0.898657559159477 -0.866373580854911 -0.834089602706311 -0.80180562475937 -0.769521647050696 -0.737237669593908 -0.704953692319771 -0.672669715154906 -0.640385738092235 -0.60810176114125 -0.575817784301924 -0.543533807536132 -0.511249830810739 -0.478965854150655 -0.446681877633775 -0.414397901491893 -0.38211392597256 -0.349829951232469 -0.317545977405599 -0.285262004591994 -0.25297803275596 -0.220694061822693 -0.188410091696688 -0.156126122251469 -0.123842153257384 -0.0915581844871962 -0.059274215826525 -0.0269902471892025
-0.993851691123662 -0.959087895666696 -0.924324100128049 -0.889560304388554 -0.854796508359507 -0.82003271199512 -0.785268915390784 -0.750505118651736 -0.715741321781401 -0.680977524762762 -0.646213727598837 -0.611449930297655 -0.576686132869914 -0.541922335337013 -0.507158537723206 -0.472394740053478 -0.437630942348327 -0.402867144609567 -0.368103346853784 -0.33333954917535 -0.29857575168808 -0.263811954496333 -0.229048157666634 -0.194284361251253 -0.159520565283258 -0.124756769788711 -0.0899929747848384 -0.0552291802527211 -0.0204653860376922 0.0142984080488527
-1.08944628405626 -1.04325254411017 -0.997084640164765 -0.950981919952406 -0.905156614453302 -0.859847397602376 -0.815225831905521 -0.771432780091432 -0.728553417209042 -0.68666257354749 -0.645849388036479 -0.606206576765857 -0.56779472002331 -0.530545854887879 -0.494345254653537 -0.459019680682633 -0.424404979799334 -0.390431852606716 -0.357047098949671 -0.324167061861447 -0.291700470172382 -0.259568229356185 -0.227739951460042 -0.196191522837127 -0.164875220491084 -0.133740180641458 -0.102746585720934 -0.0718593678582814 -0.0410514117534661 -0.0102975902492544
-1.01469666784459 -0.977980782595706 -0.941264897338013 -0.904549012040697 -0.867833126573934 -0.831117240795134 -0.794401354609655 -0.757685467960813 -0.720969580895799 -0.684253693475513 -0.647537805711816 -0.61082191760431 -0.574106029141765 -0.537390140269642 -0.500674250931688 -0.463958361108136 -0.427242470834444 -0.390526580330492 -0.353810689830203 -0.317094799439249 -0.280378909231238 -0.243663019260156 -0.206947129501491 -0.170231239901247 -0.133515350365989 -0.096799460792987 -0.0600835710817741 -0.0233676811621483 0.013348208917291 0.0500640990782439
-0.9649329512857 -0.926005340029512 -0.885134866621474 -0.84630061810147 -0.814305849592719 -0.793145136165992 -0.78275416459894 -0.779694212781281 -0.771087811344116 -0.744971873564037 -0.702479590558219 -0.64801822290398 -0.587006625813367 -0.528910033037333 -0.481909814267537 -0.445005504419565 -0.41547362323446 -0.392880464531156 -0.376756701313972 -0.364200749250853 -0.351702959675652 -0.335421209978207 -0.31018348177229 -0.272208059176195 -0.224604332102357 -0.171699725995948 -0.115802702638951 -0.0586206210344862 -0.00147539273343095 0.0544074325764003
-0.999695426586647 -0.966343549287164 -0.932991671986849 -0.899639794688398 -0.866287917449357 -0.832936040358357 -0.79958416357353 -0.766232287245075 -0.73288041142196 -0.69952853609696 -0.666176661139305 -0.632824786387341 -0.599472911696994 -0.566121036994527 -0.532769162222678 -0.49941728731977 -0.466065412252164 -0.432713537102776 -0.399361661972225 -0.366009786915361 -0.332657911975596 -0.299306037181903 -0.265954162505511 -0.232602287916098 -0.199250413434883 -0.16589853910004 -0.132546664966021 -0.0991947910680287 -0.0658429173480002 -0.0324910437245542
-0.991618160573182 -0.958232992522505 -0.924944664438098 -0.891859378004022 -0.858935106087849 -0.826090342439041 -0.793233893151107 -0.760303832281722 -0.727364993401175 -0.694479232403637 -0.661569734966193 -0.628525019211653 -0.595224545293567 -0.561511541488438 -0.527175357956716 -0.491826064271691 -0.455076827789015 -0.416732487580916 -0.376701530792492 -0.335115365143721 -0.292161128498303 -0.248003391220348 -0.202716453675604 -0.156393811557183 -0.109296011866008 -0.0617137636827299 -0.0138913730990855 0.0339810099887549 0.0818834574779835 0.129838596714133
1.02221573300586 0.987802487654362 0.953389242304889 0.9189759969576 0.884562751685311 0.850149506573195 0.815736261683192 0.781323017063291 0.746909772728906 0.712496528671116 0.67808328481624 0.643670041074407 0.60925679736515 0.574843553645612 0.540430309891252 0.506017066113176 0.47160382233691 0.437190578609994 0.40277733500432 0.368364091667151 0.333950848764591 0.299537606442438 0.265124364765268 0.2307111237535 0.196297883332151 0.161884643396182 0.12747140381572 0.0930581644629415 0.0586449252430365 0.0242316860694485
-1.00817318457335 -0.973832873268125 -0.939490646933814 -0.905144674401897 -0.870793098643865 -0.836433351462705 -0.802060045847398 -0.767667160732583 -0.733248957649537 -0.698800682918979 -0.664321239422751 -0.629810444182974 -0.59526821943928 -0.560694908301337 -0.526091184200012 -0.49145862098093 -0.456799535483412 -0.422118316106784 -0.387419387327939 -0.352705246374025 -0.317977908659755 -0.283239549813259 -0.248492986316343 -0.21374086497951 -0.178984513074387 -0.144225194946415 -0.109465242775166 -0.074706848962781 -0.0399505789675168 -0.00519659151166314
-1.03551582217352 -0.999168447264774 -0.962821072351444 -0.926473697429272 -0.890126322549002 -0.85377894776765 -0.817431573112308 -0.781084198632448 -0.744736824496968 -0.708389450890911 -0.672042077944487 -0.635694705774193 -0.599347334486267 -0.562999964145903 -0.526652594765694 -0.490305226188871 -0.453957858236953 -0.417610490813977 -0.381263123844132 -0.344915757249702 -0.308568390952496 -0.272221024910308 -0.235873659224872 -0.19952629401035 -0.163178929286659 -0.12683156504659 -0.0904842012686887 -0.054136837906702 -0.0177894748294444 0.0185578881155029
-0.96638034571829 -0.933276441702758 -0.900172537731163 -0.867068633875764 -0.833964730305269 -0.800860827187898 -0.767756924593468 -0.734653022557711 -0.70154912107843 -0.668445220149922 -0.635341319790412 -0.602237420024102 -0.569133520873944 -0.536029622357879 -0.502925724508024 -0.469821827418209 -0.436717931178192 -0.403614035799721 -0.370510141248574 -0.337406247384657 -0.304302354041408 -0.27119846106229 -0.238094568330881 -0.204990675757729 -0.171886783321168 -0.138782890999472 -0.105678998702883 -0.0725751063460314 -0.0394712139291324 -0.00636732147379552
-0.78188301362304 -0.832608781171631 -0.877350729053345 -0.897541341676736 -0.886469108487919 -0.844389907973857 -0.787573169747369 -0.734792170446351 -0.698822023683185 -0.685713384221322 -0.680617234454009 -0.66345963868194 -0.619222405790307 -0.553110323002274 -0.478040807140642 -0.417558815088776 -0.390291905618625 -0.384570504995906 -0.381998341363823 -0.367569482881764 -0.327125582713159 -0.255776748752911 -0.185706907821792 -0.147063130882599 -0.124771246540351 -0.097741141650857 -0.066040178430854 -0.0339718039149758 -0.00162632904850381 0.0319592192456187
-1.01631418824449 -0.980907297460772 -0.945500406613429 -0.910093515666464 -0.874686624576261 -0.839279733292998 -0.80387284174963 -0.768465949883609 -0.733059057667587 -0.697652165100701 -0.66224527225282 -0.626838379211494 -0.591431486048529 -0.556024592772751 -0.52061769937727 -0.485210805855313 -0.449803912187334 -0.414397018302567 -0.378990124097808 -0.343583229391319 -0.308176333981726 -0.272769437704612 -0.237362540543381 -0.201955642546952 -0.166548743878479 -0.131141844712247 -0.0957349451528268 -0.0603280452888099 -0.0249211452145888 0.0104857549739942
-0.959128101702641 -0.925165878803345 -0.891203655947443 -0.857241433155437 -0.8232792103386 -0.789316987389395 -0.755354764234284 -0.721392540805103 -0.687430317021179 -0.653468092813799 -0.619505868174581 -0.585543643110225 -0.551581417656704 -0.517619191967078 -0.483656966189445 -0.449694740334951 -0.415732514380069 -0.381770288299518 -0.347808062082121 -0.313845835774867 -0.279883609439283 -0.245921383146183 -0.21195915700351 -0.177996931124908 -0.14403470560969 -0.110072480536846 -0.0761102559183965 -0.0421480317246378 -0.00818580782592199 0.0257764159323843
-1.1511002094132 -1.08058497411811 -1.01165374966752 -0.945988366066292 -0.884896100917176 -0.829626183253567 -0.781570200233562 -0.741562996215236 -0.708070086231867 -0.678917069023157 -0.651739207479315 -0.624124180528176 -0.594379638905074 -0.563693120575351 -0.533479108461801 -0.503179978087032 -0.471802422046309 -0.4385825086257 -0.403211621458925 -0.366973029879479 -0.331547974645806 -0.298154715454486 -0.266159587754648 -0.234230902678867 -0.200096798340956 -0.161760295714763 -0.119264120233047 -0.0733273472617157 -0.0253347474403676 0.0231624847729768
-1.02611730212721 -0.989702972127598 -0.953288642130405 -0.916874312136042 -0.880459982173041 -0.844045652272234 -0.807631322445533 -0.771216992689351 -0.73480266295705 -0.698388333205089 -0.661974003445388 -0.625559673703732 -0.589145344002537 -0.552731014350756 -0.516316684764968 -0.479902355305724 -0.44348802605101 -0.407073697104553 -0.370659368563253 -0.334245040470959 -0.297830712858251 -0.261416385735239 -0.225002059030134 -0.188587732650148 -0.152173406500393 -0.115759080471783 -0.0793447544005555 -0.0429304281487457 -0.00651610173625623 0.0298982247775431
-0.967751548708646 -0.932734139133607 -0.897716729557425 -0.862699320003286 -0.827681910550591 -0.792664501277069 -0.757647092197536 -0.722629683325752 -0.687612274734152 -0.652594866489954 -0.61757745858082 -0.582560050974525 -0.547542643620565 -0.512525236395336 -0.477507829174228 -0.44249042190173 -0.40747301456593 -0.372455607260222 -0.337438200070903 -0.302420792950581 -0.26740338581844 -0.232385978601192 -0.197368571255654 -0.162351163759229 -0.127333756141563 -0.0923163484370409 -0.0572989406467878 -0.0222815327691749 0.0127358751751722 0.0477532831600642
-1.01694471891753 -0.980879106114957 -0.944813493338332 -0.908747880603856 -0.872682267920167 -0.836616655301245 -0.800551042789987 -0.764485430434265 -0.728419818272925 -0.692354206336881 -0.656288594634337 -0.620222983167821 -0.584157371936555 -0.548091760926537 -0.51202615010335 -0.47596053936412 -0.439894928606788 -0.403829317800992 -0.367763706927256 -0.331698095937961 -0.29563248477845 -0.259566873404771 -0.223501261815792 -0.187435650035873 -0.15137003814854 -0.115304426237463 -0.0792388143277261 -0.043173202428827 -0.00710759054650511 0.0289580213144398
-0.838236368577037 -0.903964347407968 -0.910862449875491 -0.949426354399312 -0.956996976180471 -0.868046087690548 -0.758723653701951 -0.712961025508109 -0.704136908185715 -0.686242700587212 -0.646273222884779 -0.579474150580529 -0.496732623500101 -0.471501638763243 -0.548850580767122 -0.597748525724469 -0.496953285124123 -0.340477919743801 -0.246147531432356 -0.211780137034322 -0.205191982143147 -0.198053971874515 -0.177455649433029 -0.138339084151348 -0.0916378117854277 -0.0517376134918039 -0.0308417856060371 -0.037084390121517 -0.0645050364839231 -0.103619721002007
1.03195512876394 1.00446482930099 0.975620556811866 0.944276344183276 0.910689966423036 0.875315007837298 0.837984547804473 0.798587542933998 0.757856963687161 0.716582008619939 0.674932774815203 0.632924583987547 0.590472056295544 0.547087005673676 0.502404338044814 0.456954133509477 0.411338469020314 0.365552234760833 0.319686540861167 0.274824564007076 0.232297497523231 0.193558925706461 0.160551996742252 0.134748143132429 0.115242370755515 0.100503127056305 0.0888690523679651 0.0788300176691975 0.0696106236324585 0.0606191533536435
-1.06020043314929 -1.07059819687871 -1.05906088376492 -0.99048868164153 -0.874135904173364 -0.739955373185072 -0.656339817309415 -0.671340138133571 -0.713200022254295 -0.703003668427122 -0.65300453903313 -0.598248412359783 -0.565077306105587 -0.545018195613216 -0.522538418685957 -0.48868180532537 -0.438724503592607 -0.378295441588901 -0.316263131945181 -0.264101645371074 -0.233936442095879 -0.233604425146504 -0.253788268740288 -0.278512636276189 -0.282324376689197 -0.245219856215807 -0.178471324762486 -0.099537668776292 -0.0193484371966728 0.0527991554138268
-1.03760212514457 -0.995764999084675 -0.954020959122035 -0.912488493034929 -0.871316326260228 -0.83065045860993 -0.790595749737946 -0.751254379486694 -0.712758948610706 -0.675211118429 -0.638558371606421 -0.602709646144276 -0.567561291681447 -0.532959304407137 -0.498773093487643 -0.46501607344733 -0.43172403937155 -0.398878303231533 -0.366456972822802 -0.334479822352158 -0.302977042629226 -0.271962293517692 -0.241383111097478 -0.211160774229896 -0.181177656685573 -0.151307723221004 -0.121430207626844 -0.0914519831907264 -0.0613852121540344 -0.031268378996588
-0.909823259431227 -0.883227982920379 -0.856592415244616 -0.829881464853227 -0.803015501074521 -0.775898559815481 -0.748413882418766 -0.720464812504562 -0.692055897367481 -0.66321227820379 -0.633940268141933 -0.6042414732934 -0.574112483276373 -0.543529821735809 -0.512468165411567 -0.480914869396366 -0.448864032708598 -0.416324051716502 -0.383294440319475 -0.349724885191696 -0.315552616201037 -0.280717620855746 -0.245170917225553 -0.208896336332795 -0.171997930448751 -0.13461393986032 -0.0968991356679518 -0.0589963623840833 -0.0209842273555482 0.0170747213622202
-1.04582952766316 -0.99554697128832 -0.944789334235032 -0.872764503931462 -0.805129607193164 -0.770769906419991 -0.765033966961614 -0.772041518862036 -0.764533647992788 -0.720085977035143 -0.646990920081805 -0.561220089078336 -0.481453817893456 -0.43720732808851 -0.447423791125772 -0.477923290378602 -0.489445454263707 -0.47553117946009 -0.440488331547723 -0.398891383448158 -0.36788145991834 -0.353638491711411 -0.318497633565285 -0.233256747430756 -0.146409300125342 -0.107007956813572 -0.0886465711812863 -0.0519732603893335 0.0186879930227163 0.133094240170613
-0.997334229329525 -0.991982918155912 -0.966327982142241 -0.933510970681754 -0.895772270376375 -0.855392271990105 -0.825712545726566 -0.813122520431925 -0.785141880082892 -0.713009606726191 -0.62171161955802 -0.549670572061954 -0.524298639980364 -0.528966088090818 -0.538580231062159 -0.538238494093117 -0.514342676583479 -0.448321964207364 -0.333764867192825 -0.217869807709308 -0.161237685911604 -0.196471601359146 -0.244183451229917 -0.227708771832646 -0.193268858380491 -0.194934487716184 -0.195288604296321 -0.148632113879641 -0.0676255998195885 0.0204804351317128
-1.00670236997082 -0.970837244834655 -0.934972119625961 -0.899106994228691 -0.863241868395687 -0.827376741869575 -0.791511614483232 -0.755646486106383 -0.719781356665912 -0.683916226135294 -0.648051094617219 -0.612185962246675 -0.576320829157956 -0.54045569548256 -0.504590561350279 -0.468725426886875 -0.432860292204976 -0.396995157368706 -0.361130022416982 -0.325264887336402 -0.289399752100486 -0.253534616684138 -0.217669481067815 -0.181804345221872 -0.145939209070706 -0.110074072542232 -0.0742089356243882 -0.0383437983432919 -0.00247866081775769 0.0333864768102258
-1.13148752836136 -1.06415393144311 -0.984063143785991 -0.896248982800006 -0.820140834967111 -0.774584065738834 -0.761692387373013 -0.77327948285786 -0.776690571296761 -0.742591281862084 -0.679397347886931 -0.604962028744594 -0.536141209635539 -0.485801279068952 -0.462134864280357 -0.458629044101931 -0.463297543729163 -0.456966222214169 -0.424586381903264 -0.374798964462955 -0.322167321389794 -0.276935128669013 -0.232067360240567 -0.182911195777268 -0.15162133992863 -0.155774013759223 -0.167823979017121 -0.157378239049147 -0.127774222913629 -0.0907819660967647
-0.985689061530888 -0.951648593592563 -0.917608125624457 -0.883567657591761 -0.849527189452435 -0.815486721152012 -0.781446252593557 -0.747405783667774 -0.713365314258383 -0.67932484427189 -0.645284373712934 -0.611243902610686 -0.577203431009303 -0.543162959012886 -0.509122486748167 -0.475082014372454 -0.441041542048601 -0.407001069931035 -0.372960598162321 -0.338920126845992 -0.304879656075825 -0.270839185896085 -0.236798716153008 -0.202758246651773 -0.168717777231391 -0.134677307767876 -0.100636838251446 -0.0665963687001154 -0.0325558991288637 0.00148457044808521
-0.950756834232689 -0.919115042901629 -0.887473251505782 -0.855831459975091 -0.824189668270588 -0.792547876361562 -0.760906084219245 -0.729264291825137 -0.697622499199873 -0.665980706367111 -0.634338913323468 -0.602697120058805 -0.571055326546526 -0.539413532694213 -0.507771738415128 -0.476129943711054 -0.444488148593538 -0.41284635302466 -0.381204556959245 -0.349562760372551 -0.317920963244946 -0.286279165571002 -0.254637367402101 -0.222995568802662 -0.19135376983243 -0.159711970567474 -0.128070171153817 -0.0964283717293286 -0.0647865723292849 -0.0331447729633151
-0.984462373599445 -0.952323543123452 -0.920184712652283 -0.888045882151109 -0.85590705160259 -0.82376822099176 -0.79162939029566 -0.759490559469465 -0.727351728388856 -0.695212896954828 -0.663074065249129 -0.630935233398691 -0.598796401534854 -0.566657569806595 -0.534518738353658 -0.502379907261225 -0.470241076599674 -0.438102246434716 -0.405963416825597 -0.373824587810364 -0.341685759421762 -0.309546931667992 -0.277408104459063 -0.245269277698891 -0.213130451365216 -0.180991625445361 -0.148852799891163 -0.116713974636234 -0.0845751495767756 -0.0524363245996367
-1.02906222174727 -0.969919089463132 -0.912560307247955 -0.859165358414989 -0.812226948949379 -0.773411471527301 -0.740766842917164 -0.71205556259771 -0.687516936796783 -0.667625840260731 -0.651322615060788 -0.637163970099416 -0.622931026058678 -0.60330255073905 -0.573888744239496 -0.537127888734517 -0.496609985418996 -0.453703829493796 -0.409458166346994 -0.365862748109544 -0.325142578598117 -0.289053664325886 -0.257476022592008 -0.229245906451269 -0.200900501194971 -0.168601307409 -0.12930615462106 -0.0812354171296949 -0.0268633193749988 0.0302724516675476
-1.05848933936154 -1.01077436157959 -0.963196251530498 -0.916119526013795 -0.870119322753035 -0.825670687461128 -0.782637676884359 -0.740925747876147 -0.701216946685092 -0.664192931268524 -0.629757217023498 -0.597618783707004 -0.567384822938835 -0.538255373790003 -0.509442626022093 -0.480614524707782 -0.45158032597633 -0.42225877487226 -0.392528256067213 -0.361996223826035 -0.330202399811879 -0.296625331654075 -0.260498870846678 -0.221156978813541 -0.178578752832997 -0.133088523909127 -0.0857464220945279 -0.0376439656857402 0.0107375730934442 0.0590694835374199
-0.990215811464154 -0.956668142159789 -0.92312047299433 -0.889572804104524 -0.856025135495542 -0.822477467134257 -0.788929798965933 -0.755382130922652 -0.721834462905362 -0.688286794802529 -0.654739126483828 -0.621191457814236 -0.587643788659632 -0.554096118889514 -0.520548448396711 -0.487000777163763 -0.453453105207214 -0.419905432589924 -0.386357759386035 -0.352810085668492 -0.319262411509945 -0.285714736987976 -0.252167062199899 -0.218619387237623 -0.185071712151711 -0.151524036986096 -0.117976361799542 -0.0844286866421411 -0.0508810115144598 -0.017333336404685
-1.00006754183259 -0.963579031968807 -0.927090522027965 -0.890602011910342 -0.854113501580121 -0.817624991016741 -0.781136480196734 -0.744647969107028 -0.708159457779033 -0.671670946260822 -0.635182434622649 -0.598693922940314 -0.562205411272525 -0.525716899609621 -0.489228387927194 -0.452739876210222 -0.416251364415987 -0.379762852381594 -0.343274339927942 -0.306785826931277 -0.270297313281681 -0.233808798889737 -0.197320283748012 -0.160831767887931 -0.124343251414333 -0.0878547344505611 -0.0513662171205552 -0.0148776995403462 0.0216108182062634 0.0580993360435282
-0.974576670353597 -0.943467533049202 -0.912339463939924 -0.881167392646041 -0.84990466073443 -0.818502353437845 -0.786924118705939 -0.755142053728555 -0.72314948993939 -0.690943581644924 -0.658515540398893 -0.625855092066849 -0.592957356952492 -0.559839033112119 -0.526524043199842 -0.493043630508444 -0.459429963166474 -0.425711588006875 -0.391910203614486 -0.358023736877332 -0.324044171759231 -0.289960798494155 -0.255752132396682 -0.221403935146251 -0.186941728801165 -0.152397776604332 -0.117791546158246 -0.0831400734634909 -0.0484634637534424 -0.0137825895696732
-0.987057903296629 -0.952510614630547 -0.917963325854341 -0.883416036867419 -0.848868747538281 -0.814321457759834 -0.779774167553527 -0.745226876976559 -0.7106795861006 -0.676132295015289 -0.64158500386767 -0.607037712819139 -0.57249042198534 -0.53794313129892 -0.503395840623031 -0.468848549725852 -0.434301258357006 -0.399753966286878 -0.365206673322652 -0.330659379397952 -0.296112084478011 -0.261564788551023 -0.227017491697036 -0.192470194019946 -0.157922895627199 -0.123375596635969 -0.0888282971987959 -0.0542809974682502 -0.0197336975616496 0.0148136024125009
-0.950408721775319 -0.917847430693876 -0.885286139558384 -0.85272484836451 -0.820163557120775 -0.787602265842334 -0.755040974558042 -0.722479683328449 -0.689918392327187 -0.65735710173561 -0.624795811652868 -0.592234522157561 -0.55967323331364 -0.527111945126463 -0.494550657587288 -0.461989370689549 -0.429428084407356 -0.396866798635336 -0.36430551323151 -0.331744227986959 -0.299182942676025 -0.266621657101721 -0.23406037118174 -0.20149908486798 -0.168937798134498 -0.136376510988914 -0.103815223550941 -0.0712539359532381 -0.0386926482681417 -0.0061313605529094
-1.01949065607385 -0.984450070399575 -0.949409484673372 -0.914368898797694 -0.879328312617681 -0.844287725986665 -0.80924713884807 -0.774206551171603 -0.739165962941992 -0.70412537415006 -0.669084784795972 -0.634044194882227 -0.599003604437295 -0.563963013593525 -0.528922422514172 -0.49388183138224 -0.458841240368736 -0.423800649576935 -0.388760059097697 -0.353719469039927 -0.318678879517046 -0.283638290630611 -0.248597702434726 -0.213557114937585 -0.178516528011197 -0.143475941495713 -0.108435355240053 -0.0733947691132793 -0.038354183056264 -0.00331359702783041
-1.02940200720629 -0.992465765708499 -0.955529524228201 -0.918593282864773 -0.881657041814018 -0.84472080130258 -0.807784561584053 -0.770848322907063 -0.733912085473433 -0.696975849418883 -0.660039614661537 -0.62310338106512 -0.586167148522412 -0.549230917042424 -0.512294686662831 -0.475358457419748 -0.438422229346689 -0.401486002468318 -0.364549776781661 -0.32761355218205 -0.290677328539391 -0.253741105717178 -0.216804883553253 -0.179868661876724 -0.14293244050741 -0.105996219287114 -0.0690599981548452 -0.032123777076881 0.0048124439686431 0.041748665000627
-0.990766353735499 -0.957685864811176 -0.924605375774497 -0.891524886550246 -0.858444397136057 -0.825363907554789 -0.792283417857331 -0.759202928067802 -0.726122438075212 -0.693041947730759 -0.65996145686949 -0.626880965322416 -0.593800472919959 -0.560719979490184 -0.527639484878411 -0.494558989001323 -0.461478491840692 -0.428397993567303 -0.395317494401806 -0.362236994575313 -0.329156494321551 -0.296075993859049 -0.262995493345526 -0.229914992892625 -0.1968344924885 -0.163753992104421 -0.130673491767635 -0.0975929915080084 -0.0645124913099358 -0.0314319911464416
-1.00552296918519 -0.969803873805367 -0.93408477852334 -0.898365683377989 -0.862646588348137 -0.826927493402165 -0.791208398526754 -0.755489303726159 -0.719770209056636 -0.684051114578133 -0.648332020313383 -0.612612926275811 -0.576893832477334 -0.541174738923826 -0.505455645612971 -0.469736552515739 -0.434017459585696 -0.398298366733489 -0.362579273858011 -0.326860180854055 -0.291141087615386 -0.25542199403122 -0.21970289997257 -0.183983805341154 -0.1482647101797 -0.112545614576257 -0.0768265186591504 -0.0411074225580304 -0.00538832636757586 0.0303307698262772
-0.974814913022393 -0.94070715257703 -0.906599392231067 -0.872491632108661 -0.838383872320532 -0.804276112964564 -0.770168354100729 -0.736060595778798 -0.701952838045662 -0.667845080901605 -0.633737324163367 -0.599629567601805 -0.565521810984479 -0.531414054065785 -0.49730629662002 -0.463198538514269 -0.429090779654586 -0.394983020010114 -0.360875259582752 -0.326767498442319 -0.292659736675614 -0.258551974350951 -0.224444211462687 -0.190336448012325 -0.156228684103889 -0.12212091985683 -0.0880131553497778 -0.0539053906538261 -0.0197976258507491 0.0143101389750095
-1.01075239515909 -0.976057331846811 -0.941361872427952 -0.906665617141055 -0.871969572279437 -0.837275265960263 -0.802584907541311 -0.767900937185476 -0.733226037035509 -0.698562622879789 -0.663911803109348 -0.629274359265881 -0.594650874066291 -0.560041134928311 -0.525445033491076 -0.490863673578496 -0.45629826057533 -0.421749193924947 -0.387216067232305 -0.352696056690102 -0.318185734137974 -0.283681656017815 -0.24918031718057 -0.214678637502073 -0.180175298548684 -0.145669550799258 -0.111161158692122 -0.0766501507567535 -0.042137097927771 -0.0076227067410776
-0.985566623942242 -0.952663199154943 -0.919759774451553 -0.886856349948686 -0.853952925742576 -0.821049501913294 -0.788146078496643 -0.755242655500886 -0.722339232868375 -0.6894358105292 -0.656532388430292 -0.623628966522797 -0.590725544785463 -0.557822123307457 -0.524918702204458 -0.492015281587767 -0.459111861550576 -0.426208442118012 -0.393305023301198 -0.360401605123337 -0.327498187610644 -0.294594770797588 -0.261691354751633 -0.228787939525849 -0.195884525082728 -0.162981111350123 -0.130077698207913 -0.0971742855171761 -0.0642708731117534 -0.0313674608186773
-0.95890206246622 -0.926098978155764 -0.89329589389253 -0.860492809763166 -0.827689725964783 -0.794886642701141 -0.762083560092137 -0.729280478236065 -0.696477397228674 -0.663674317127302 -0.630871237838206 -0.598068159229869 -0.565265081181303 -0.532462003613625 -0.499658926459358 -0.466855849654525 -0.434052773129599 -0.401249696789331 -0.368446620561613 -0.335643544492598 -0.302840468658008 -0.27003739307932 -0.237234317561037 -0.204431241891933 -0.171628166014815 -0.138825089917808 -0.106022013616253 -0.0732189371375131 -0.0404158605298106 -0.00761278384658415
-0.957623108168164 -0.927200321146333 -0.896922829994443 -0.866869924818303 -0.837066702491825 -0.80759878599516 -0.778848095965303 -0.751221791127766 -0.724931684905277 -0.700084835091036 -0.676564622262894 -0.654198507694869 -0.632675094364107 -0.61112755206027 -0.588584456003409 -0.564211436322632 -0.537355261886799 -0.507950201614749 -0.476067000205218 -0.441734805426568 -0.404972365814568 -0.365869938437246 -0.324803814491672 -0.282301906951084 -0.239212581764348 -0.196271791725614 -0.153445384034527 -0.110532985486267 -0.067439446852639 -0.0240959248996064
-1.02363847916318 -0.988392425864946 -0.953146372579832 -0.917900319287341 -0.882654265882029 -0.847408212250527 -0.812162158332719 -0.77691610412296 -0.741670049780243 -0.70642399546757 -0.671177941199332 -0.635931886952771 -0.600685832683932 -0.565439778264082 -0.53019372354882 -0.494947668415857 -0.459701612776951 -0.424455556657939 -0.389209500096509 -0.353963443063688 -0.318717385513835 -0.283471327389093 -0.248225268582737 -0.212979209004232 -0.177733148676682 -0.142487087680705 -0.107241026213348 -0.0719949644822624 -0.0367489026210945 -0.00150284074499079
1.07123969613477 1.03310714576547 0.994974595354383 0.956842044852685 0.918709494122113 0.880576943010412 0.842444391398833 0.804311839201177 0.766179286427931 0.728046733127581 0.689914179403904 0.651781625374503 0.613649071152213 0.575516516830807 0.537383962495998 0.49925140822032 0.461118854067577 0.422986300079837 0.384853746287503 0.346721192696032 0.308588639304648 0.270456086084779 0.232323532896669 0.194190979595318 0.156058426125934 0.117925872476626 0.0797933187169026 0.041660764925388 0.00352821113575769 -0.0346043426295491
-1.04080361531007 -0.999578001338222 -0.958424353814556 -0.917441527657775 -0.87672792999327 -0.836384514982789 -0.796522872726819 -0.757236992228497 -0.718539822162827 -0.680409186753606 -0.642763452747953 -0.605506122523817 -0.568557692242186 -0.531906633196208 -0.495570599178259 -0.459615998845475 -0.424130779253892 -0.389240286190389 -0.355079249447137 -0.32178253610665 -0.289485047574027 -0.258300703403146 -0.228259495742998 -0.199321786842801 -0.171253346757577 -0.143769995943293 -0.116582348653907 -0.0894398941756172 -0.0622528281255881 -0.0349715227037251
-0.997307291137376 -0.963927452510123 -0.930547613873272 -0.897167775190621 -0.86378793631406 -0.830408097096227 -0.797028257504656 -0.763648417524589 -0.730268577097182 -0.696888736172629 -0.663508894781349 -0.63012905297382 -0.596749210812081 -0.563369368404422 -0.529989525864421 -0.49660968328056 -0.463229840696579 -0.429849998002362 -0.396470155065277 -0.363090311816488 -0.329710468203107 -0.296330624166071 -0.26295077962161 -0.229570934493426 -0.196191088759811 -0.16281124242467 -0.129431395539798 -0.0960515481884838 -0.0626717005321205 -0.0292918527516272
-0.995484618984125 -0.957184038837243 -0.9189067452181 -0.880692120079008 -0.842609065557256 -0.804740841951148 -0.767198622018068 -0.730089820390551 -0.693478906742642 -0.657414147601188 -0.621921941862731 -0.587023221516241 -0.552743999313448 -0.519130611057137 -0.486217852464836 -0.453974035861998 -0.422356518414925 -0.39134532004541 -0.360923165519711 -0.33106093622646 -0.301726552709883 -0.272855672117207 -0.244254898007665 -0.215716833765277 -0.187107135661195 -0.15832757194343 -0.129351305880281 -0.100184709224468 -0.0708955926461062 -0.0415671265446591
-0.984716228133903 -0.94969776081569 -0.914679293556711 -0.879660826389717 -0.84464235936942 -0.809623892569185 -0.774605426115032 -0.73958696014293 -0.704568494775999 -0.669550030127166 -0.634531566281432 -0.599513103316814 -0.564494641292483 -0.529476180192212 -0.494457719950014 -0.459439260376237 -0.424420801271521 -0.389402342521327 -0.354383884031702 -0.319365425706223 -0.284346967447849 -0.249328509186162 -0.214310050957234 -0.179291592811496 -0.144273134750328 -0.109254676765042 -0.074236218855749 -0.039217761019983 -0.00419930323617882 0.0308191545220039
-0.976560079624147 -0.947843551245599 -0.91913859959004 -0.89037948517224 -0.861349394130501 -0.831804669871401 -0.801545359251089 -0.770392999556488 -0.738211386348042 -0.704911828348226 -0.670553428654117 -0.63523223895644 -0.599023146791129 -0.561916383074938 -0.52393432828337 -0.485312617746092 -0.446322137477009 -0.407161521372823 -0.367994922252711 -0.328920820742965 -0.290021279421653 -0.251369861316945 -0.213006131257408 -0.174957486382008 -0.137236651270906 -0.0998420818050536 -0.0627298316273908 -0.0258464239853868 0.0108573372173519 0.0474295779131847
-1.0342139042729 -0.998529244969031 -0.962844585605646 -0.927159926100484 -0.891475266329109 -0.855790606178326 -0.820105945622076 -0.784421284680696 -0.748736623472994 -0.713051962140129 -0.677367300814222 -0.641682639625131 -0.60599797868049 -0.570313317999036 -0.534628657568282 -0.498943997339745 -0.463259337272089 -0.427574677388576 -0.391890017740194 -0.356205358424232 -0.320520699549555 -0.284836041180551 -0.249151383203702 -0.213466725462735 -0.177782067808277 -0.142097410121705 -0.1064127524005 -0.0707280946669203 -0.0350434369262175 0.000641220820606253
-1.029445480676 -0.994203217704689 -0.958960954464799 -0.92371869070953 -0.888476426151371 -0.853234160579779 -0.817991894132804 -0.782749627116777 -0.747507360162583 -0.71226509368724 -0.67702282692777 -0.641780558826194 -0.606538288205142 -0.571296013409678 -0.536053732897437 -0.500811446053885 -0.465569152587745 -0.430326852572919 -0.395084546048194 -0.359842232546713 -0.324599911475208 -0.289357582406103 -0.25411524557458 -0.21887290153488 -0.183630551454725 -0.14838819667591 -0.113145838623048 -0.0779034786038819 -0.0426611173758497 -0.00741875555881268
-1.02835779620498 -0.992531552916373 -0.956705309696014 -0.920879066552518 -0.885052823443777 -0.849226580349788 -0.813400337389678 -0.777574094711301 -0.74174785243829 -0.705921610660274 -0.670095369355074 -0.634269128472558 -0.598442887973943 -0.562616647865827 -0.526790408155776 -0.490964168809837 -0.455137929811166 -0.419311691252867 -0.383485453227349 -0.347659215714281 -0.311832978665143 -0.276006742019511 -0.240180505669313 -0.204354269506228 -0.168528033468558 -0.132701797523921 -0.0968755617105673 -0.0610493260617593 -0.0252230905201615 0.0106031449942111
1.03247317761226 0.999784645232044 0.962760569762613 0.916936593906237 0.867775253634285 0.822099924661888 0.782250448410154 0.748577997629211 0.717962604679295 0.686920294566142 0.653982203267384 0.61818324450363 0.579410254703825 0.540957761130261 0.506175048817661 0.475222743057132 0.446974687552988 0.418346259405977 0.386838499812735 0.354253572957011 0.323468923769333 0.296557199302053 0.272371855094819 0.248627946560297 0.221706120115919 0.18682496811991 0.135889275688908 0.062904891448187 -0.0264042747008311 -0.123384797537689
1.05612216920295 1.01252388407079 0.968999130589389 0.925641983992419 0.882601313596717 0.840017544054825 0.797942527278893 0.756402720389976 0.715411574085138 0.674993285688481 0.635228045456253 0.596210041877742 0.5580232688983 0.520710942287539 0.484293320210335 0.448739608588346 0.413995744240916 0.379965639821362 0.346536305216921 0.313569163416555 0.280919240684659 0.248444671168281 0.216016020545086 0.183544553675248 0.151091900618355 0.118731128086975 0.0864306842061738 0.0541437951679248 0.0218674180193144 -0.0103905574787921
1.03201806169831 0.995355794338729 0.958694797064039 0.922037573972576 0.885387636522396 0.848748311792418 0.812121181985306 0.775507405406469 0.738908189648572 0.702325398382967 0.665763470308501 0.629227487880896 0.592722322484508 0.556252001218241 0.519819630354724 0.483425477146953 0.447069429155495 0.410752694190839 0.374475814806134 0.338235352275268 0.30202687255231 0.265845815491757 0.229687116549801 0.193546305190569 0.157421791308225 0.121312021771696 0.0852127109189419 0.0491194887840696 0.0130303807167626 -0.023055989104402
0.972733386567732 0.940408267863169 0.908083149160443 0.875758030475932 0.843432911851132 0.811107793306926 0.778782674756616 0.746457556079817 0.714132437128983 0.681807317771207 0.649482197959297 0.617157077667492 0.584831956885582 0.552506835665565 0.520181714070021 0.487856592141637 0.455531469917231 0.423206347430047 0.390881224729867 0.358556101936205 0.326230979186008 0.293905856595608 0.261580734198877 0.229255612004741 0.196930490004803 0.164605368196511 0.132280246618019 0.0999551252934736 0.0676300041502917 0.0353048830917068
-0.969213600310126 -0.936939604842088 -0.90466560930082 -0.872391613639999 -0.840117617884802 -0.807843622081134 -0.775569626286314 -0.743295630537669 -0.711021634781132 -0.67874763893394 -0.646473642889929 -0.614199646537088 -0.581925649782317 -0.549651652608163 -0.517377655013792 -0.485103656989187 -0.452829658503382 -0.420555659450783 -0.388281659717094 -0.35600765922784 -0.323733657918503 -0.291459655748997 -0.259185652776967 -0.226911649096502 -0.194637644849711 -0.162363640186061 -0.130089635236422 -0.0978156301159145 -0.0655416248952622 -0.0332676196340893
-1.10010009017013 -1.04678119414523 -0.979702989581751 -0.893620897024425 -0.811178058129085 -0.755872353143146 -0.726732895569271 -0.715562392645782 -0.709726693298422 -0.696699596972906 -0.668823563507408 -0.619658217838215 -0.550490580147528 -0.493517251601193 -0.47630109628658 -0.47696044899352 -0.4679421060296 -0.448451239070966 -0.423543976767802 -0.394921900297852 -0.363447953970756 -0.32773775882935 -0.277417642849264 -0.205297180615667 -0.125908226219077 -0.0584168642906313 -0.0188038221186026 -0.0170014162685895 -0.0419336777583603 -0.0772725662187263
-1.0270062251594 -0.990566233420003 -0.954129316530463 -0.917695475700416 -0.881244614750677 -0.844751768799754 -0.808192595545743 -0.771547387693792 -0.73481435539768 -0.697993376846281 -0.661073084920222 -0.62403930117307 -0.586879810849151 -0.54959025395583 -0.512169882944025 -0.474624545275818 -0.436960281948387 -0.399177313088114 -0.361274175088831 -0.32324849028497 -0.28509765249611 -0.246819276792156 -0.208411863244296 -0.1698765043066 -0.131223776963369 -0.0924700381443657 -0.0536452800309653 -0.0147801121929832 0.024106021497624 0.0629964685933643
0.962877702580778 0.929741386961096 0.896605071405066 0.863468755941017 0.830332440534747 0.79719612513727 0.764059809703003 0.730923494225256 0.697787178849488 0.664650863730153 0.631514548905522 0.598378234384819 0.565241920138761 0.532105605984042 0.498969291723887 0.465832977261693 0.432696662553744 0.399560347667724 0.366424032682852 0.333287717613107 0.300151402456157 0.267015087200517 0.233878771798092 0.200742456199589 0.167606140387531 0.134469824363398 0.101333508172677 0.0681971918697158 0.0350608755003034 0.00192455910808641
