-1.01342050762002 -0.982066773103448 -0.950688168710733 -0.919239684309824 -0.887652582337896 -0.855847627277747 -0.823727319225461 -0.791206791780151 -0.758269976939765 -0.724911906995822 -0.691103217015295 -0.656808442759018 -0.62199162294926 -0.586614808154031 -0.550663552405299 -0.514219411745142 -0.477380525824052 -0.440215366716072 -0.402782694883188 -0.365132091915618 -0.327310844685637 -0.289368497644614 -0.25136362556028 -0.213345706719955 -0.175318803172933 -0.137272411883517 -0.0991831857140779 -0.0610319216041402 -0.0228288369037626 0.0154084959343617
-0.985475859597925 -0.95182780417853 -0.918179748734746 -0.884531693182755 -0.850883637348587 -0.81723558103861 -0.783587524070708 -0.749939466285837 -0.716291407605734 -0.682643347965935 -0.648995287276398 -0.615347225440685 -0.581699162379188 -0.548051098079621 -0.514403032568554 -0.480754965960666 -0.447106898401022 -0.413458830068132 -0.379810761141968 -0.346162691774929 -0.312514622112517 -0.278866552310338 -0.245218482564404 -0.211570413017521 -0.177922343559263 -0.144274274026954 -0.110626204302153 -0.0769781343144181 -0.0433300641410589 -0.0096819938963243
-1.02855934410685 -0.991752501467696 -0.954945658820231 -0.918138816145115 -0.881331973445555 -0.844525130729047 -0.807718287997709 -0.770911445285953 -0.734104602762738 -0.697297760604746 -0.660490918885014 -0.623684077650665 -0.586877236939438 -0.550070396751537 -0.513263557094625 -0.476456718043722 -0.439649879663347 -0.402843041908641 -0.366036204705172 -0.329229367969594 -0.292422531616333 -0.255615695568032 -0.218808859780204 -0.182002024212558 -0.145195188808713 -0.108388353511579 -0.0715815182773364 -0.0347746830699363 0.00203215212884973 0.0388389873327954
-0.997090384022167 -0.964314989714661 -0.93151859307692 -0.898679094253707 -0.865774817776887 -0.832784267153422 -0.799686237403543 -0.76645732280531 -0.733065023154829 -0.699482011991694 -0.665710752311411 -0.631761154473463 -0.597639530907161 -0.563337802321125 -0.528843462850297 -0.494140692055595 -0.459216084631739 -0.424069210382675 -0.388705855663244 -0.353143697922651 -0.31740338738369 -0.281504715964904 -0.245464042367839 -0.209296220315527 -0.173013516833943 -0.136631030076624 -0.100177769404403 -0.0636830399212739 -0.0271634184965711 0.00936770005903396
-0.999917378300186 -0.965502592535099 -0.931087806167774 -0.896673018637497 -0.862258229574918 -0.827843438742425 -0.793428646237989 -0.759013852288174 -0.72459905729834 -0.690184261627214 -0.655769465268202 -0.621354668123381 -0.586939869885806 -0.552525069412454 -0.518110265486859 -0.483695457434869 -0.449280644648524 -0.414865826242325 -0.380451001432531 -0.346036170119981 -0.311621332376657 -0.27720648845044 -0.242791639292805 -0.20837678589368 -0.173961928693232 -0.139547068141387 -0.105132205276874 -0.0707173411668431 -0.0363024764033119 -0.00188761145951574
-0.963025426205241 -0.931087479554727 -0.899149532974071 -0.867211586541762 -0.835273640342392 -0.80333569447162 -0.771397749063252 -0.739459804242191 -0.70752186005957 -0.67558391652898 -0.643645973587623 -0.611708031153602 -0.579770089137659 -0.5478321474211 -0.515894205897307 -0.483956264537398 -0.452018323318633 -0.420080382165095 -0.388142440976943 -0.356204499611827 -0.324266557916766 -0.29232861578218 -0.260390673272076 -0.228452730485388 -0.196514787487155 -0.164576844327343 -0.13263890102952 -0.100700957611068 -0.0687630140910199 -0.0368250704888244
-0.991467691341846 -0.958676981467838 -0.925886271549262 -0.893095561530096 -0.86030485140051 -0.827514141169834 -0.794723430877858 -0.761932720541567 -0.729142010056272 -0.696351299314545 -0.663560588319676 -0.630769877102634 -0.59797916569885 -0.565188454161606 -0.532397742533215 -0.499607030794261 -0.466816318862117 -0.434025606463052 -0.40123489332693 -0.368444179389093 -0.335653464636258 -0.302862749048264 -0.270072032577461 -0.237281315204116 -0.204490597047663 -0.17169987826751 -0.138909159043818 -0.106118439547053 -0.0733277198881641 -0.0405370001632209
-1.01838873503956 -0.981167323801619 -0.943965020310418 -0.906802921707123 -0.869709745167688 -0.832722054808127 -0.795900182469927 -0.759302619391535 -0.722956726673778 -0.686886793169767 -0.651135948879357 -0.615752034089092 -0.580771563045964 -0.546185745838769 -0.511974890226507 -0.4781209988072 -0.444606257976849 -0.411411894484364 -0.378514475718915 -0.345872891277825 -0.313441611310452 -0.281173349413968 -0.249013792976812 -0.216910043709092 -0.184821886816349 -0.152721782288601 -0.120620205758347 -0.0885334158765776 -0.0564627877257763 -0.0244059754962978
-1.00212780928542 -0.968384341603026 -0.934640873903839 -0.900897406158169 -0.867153938414031 -0.833410470767221 -0.799667003426968 -0.765923536606142 -0.732180070418747 -0.69843660493934 -0.664693140183548 -0.630949676152265 -0.597206212822403 -0.563462750074937 -0.52971928776418 -0.495975825733732 -0.462232363844944 -0.428488902040894 -0.394745440286086 -0.361001978549013 -0.32725851679916 -0.293515055003551 -0.259771593119344 -0.226028131109457 -0.192284668969701 -0.158541206708715 -0.124797744353558 -0.0910542819328395 -0.0573108194629264 -0.0235673569571281
0.994574316610151 1.02026604787657 0.924358885933346 0.884154670825094 0.879810220189869 0.855262603193796 0.806714917521856 0.744922173041793 0.686580999833545 0.646677964797377 0.627417761902682 0.627809616886133 0.642782452502601 0.650943979579756 0.631336706319717 0.581063542349604 0.505936736050526 0.42854548939453 0.368936555293345 0.320209936826493 0.268728949615444 0.208799691224396 0.166499386988454 0.164528416841074 0.180308651338183 0.178109023672956 0.114865226965059 -0.0180975504299396 -0.0845628991393613 0.0879083954637494
-1.00550220575947 -0.97142981145583 -0.93735741712526 -0.903285022782557 -0.86921262850074 -0.835140234377803 -0.801067840553407 -0.766995447145605 -0.732923054144327 -0.698850661516399 -0.664778269264327 -0.630705877399538 -0.596633485923882 -0.562561094800915 -0.528488703965936 -0.49441631327952 -0.460343922601675 -0.426271531864866 -0.392199141037161 -0.358126750156588 -0.324054359278662 -0.28998196845088 -0.255909577688669 -0.221837186987993 -0.187764796299053 -0.153692405567404 -0.11962001476579 -0.0855476238809565 -0.0514752329284789 -0.0174028419311394
-1.00801729340803 -0.972797909101388 -0.937578524726226 -0.902359140250003 -0.867139755754901 -0.831920371342677 -0.796700987078669 -0.761481603015463 -0.726262219191058 -0.691042835636062 -0.655823452366093 -0.620604069393024 -0.585384686725883 -0.55016530436232 -0.514945922328765 -0.479726540778142 -0.44450715991465 -0.409287780021083 -0.374068401363403 -0.338849024061645 -0.303629648199359 -0.268410273845831 -0.233190901013275 -0.197971529680749 -0.162752159751757 -0.127532791065936 -0.0923134232830208 -0.0570940560517292 -0.0218746891566222 0.0133446775837792
-1.03355489679062 -0.996446856788076 -0.959338816725766 -0.92223077645743 -0.885122735783267 -0.848014694496029 -0.810906652412225 -0.773798609324949 -0.736690564909883 -0.699582518871506 -0.662474471146904 -0.625366421731315 -0.588258370605333 -0.551150317690994 -0.514042262903492 -0.476934206189227 -0.439826147548188 -0.402718087163515 -0.365610025234436 -0.328501961841381 -0.291393897035081 -0.254285830870251 -0.217177763417547 -0.180069694761249 -0.142961625024185 -0.105853554367742 -0.0687454830689605 -0.0316374114042756 0.00547066046797708 0.0425787324189866
-0.947970159296727 -0.920551020348727 -0.893036568400514 -0.865305602001318 -0.83722957925377 -0.808712863893507 -0.779798782634776 -0.750544342125433 -0.720922305769144 -0.690886023949568 -0.660395438214502 -0.62941213790278 -0.597901022367085 -0.565840231015495 -0.533213180446922 -0.500011155968201 -0.466229595970973 -0.431872682478189 -0.396951868260209 -0.361498945445731 -0.325550791003041 -0.28916345173588 -0.252469653789815 -0.215594041461458 -0.178552252309775 -0.141342214216345 -0.104000023090853 -0.0665698824502747 -0.0290902582126141 0.00840181810386514
1.00449074098415 0.969681721657467 0.934872702174761 0.900063682406053 0.865254662304242 0.83044564182371 0.795636620841909 0.760827599226479 0.726018576882759 0.691209553738508 0.656400529773486 0.621591504980454 0.586782479370919 0.551973453031381 0.517164426076117 0.482355398655523 0.447546370913569 0.412737342932393 0.37792831478728 0.343119286587938 0.308310258452679 0.273501230461805 0.238692202543565 0.203883174603134 0.169074146605418 0.134265118518642 0.0994560902645597 0.0646470617801476 0.0298380331097574 -0.00497099567541579
-1.01704820749629 -0.985373302136019 -0.953684584328531 -0.921964734737459 -0.89020095262204 -0.858382363206956 -0.82650127698309 -0.794547020104018 -0.762493796107902 -0.730313212854503 -0.697981618105395 -0.665476544597605 -0.632778739118167 -0.599881804654143 -0.566780897330645 -0.533464529624972 -0.499918063975741 -0.466120906314652 -0.432054189453492 -0.39771191023132 -0.363091281494008 -0.328199886740273 -0.293086792080201 -0.257807941350164 -0.222405306680313 -0.186916952316696 -0.151379282675179 -0.115824181460794 -0.0802671093654143 -0.044719421327624
-1.02810825419881 -0.992920272604549 -0.957732290967531 -0.922544309212239 -0.887356327250207 -0.852168345022598 -0.816980362602051 -0.781792380094511 -0.746604397607698 -0.711416415227428 -0.676228432950139 -0.641040450749925 -0.605852468593295 -0.570664486416411 -0.535476504134794 -0.50028852161172 -0.465100538684079 -0.429912555135442 -0.39472457076451 -0.359536585483801 -0.324348599234288 -0.289160611985583 -0.253972623821854 -0.218784634831868 -0.183596645008248 -0.148408654336693 -0.113220662871386 -0.0780326707145262 -0.0428446780919065 -0.00765668526021736
-1.0552376110403 -1.0063727981673 -0.962585196953158 -0.92374753879026 -0.890899505342248 -0.864963111065453 -0.845222751315726 -0.828139544003054 -0.800519116354433 -0.751186314522312 -0.686698351043935 -0.618045530052748 -0.556217744658626 -0.512203243877173 -0.493092642045552 -0.490387658881438 -0.490635536600872 -0.476154502032855 -0.433740873091877 -0.372332347421427 -0.306401967597248 -0.247787185467911 -0.19778308997331 -0.156405983610074 -0.12909938601045 -0.119456265171267 -0.118240165412069 -0.115341104415604 -0.109984416994731 -0.103729267244834
-1.02455067353895 -0.989424292762199 -0.954297912024968 -0.919171531376553 -0.884045150847654 -0.848918770459405 -0.81379239021328 -0.778666010153503 -0.743539630514968 -0.708413251551379 -0.673286873401024 -0.638160496173334 -0.603034119948837 -0.567907744692453 -0.532781370355085 -0.497654996947209 -0.462528624514726 -0.42740225318566 -0.392275883057757 -0.357149514025524 -0.322023145932657 -0.286896778606578 -0.25177041180961 -0.216644045307444 -0.181517678944332 -0.146391312589047 -0.11126494612986 -0.0761385794869396 -0.041012212688517 -0.00588584578984172
-0.994642355308202 -0.960435798627408 -0.92622924198537 -0.892022685380648 -0.857816128797511 -0.823609572206688 -0.789403015539009 -0.755196458701026 -0.720989901542082 -0.686783343930722 -0.652576785869531 -0.618370227394604 -0.584163668571113 -0.549957109580543 -0.515750550623997 -0.481543991864732 -0.447337433421117 -0.413130875269805 -0.378924317340552 -0.344717759517224 -0.31051120167222 -0.276304643698794 -0.242098085573621 -0.207891527303363 -0.173684968931186 -0.139478410488942 -0.105271851926716 -0.0710652931952791 -0.0368587343299052 -0.00265217538699541
-0.972577085560468 -0.939759441446612 -0.906941797312221 -0.874124153081882 -0.841306508557922 -0.808488863547119 -0.775671217996312 -0.742853571906267 -0.710035925353382 -0.67721827841568 -0.644400631102059 -0.611582983404132 -0.57876533530388 -0.54594768674475 -0.5131300376337 -0.480312387770278 -0.44749473693582 -0.414677084946229 -0.381859431661391 -0.349041777082547 -0.316224121246277 -0.2834064641804 -0.250588805877698 -0.217771146356995 -0.184953485776329 -0.152135824324831 -0.119318162176791 -0.0865004995025112 -0.0536828364711862 -0.0208651732517345
-1.0393797523663 -1.00302966254375 -0.966679572796315 -0.930329483211782 -0.893979393808495 -0.857629304586012 -0.821279215538191 -0.784929126649372 -0.748579037871508 -0.712228949132524 -0.675878860296601 -0.639528771211986 -0.603178681722537 -0.566828591654554 -0.530478500847144 -0.494128409208193 -0.457778316684313 -0.421428223308254 -0.385078129132305 -0.348728034200799 -0.312377938556076 -0.276027842242725 -0.239677745314324 -0.203327647833871 -0.166977549893061 -0.130627451604251 -0.0942773531337581 -0.0579272546326519 -0.0215771561370533 0.0147729423456538
-1.04125435289797 -0.995099376803593 -0.947522627436855 -0.898444586697174 -0.851458128799474 -0.810288704749027 -0.775519680396991 -0.746278491139171 -0.719010935704083 -0.690232776220935 -0.659421265089006 -0.626794027275092 -0.592874162652713 -0.559406670722291 -0.527887012728322 -0.497590597264706 -0.467535378696369 -0.437929547122943 -0.409237082093505 -0.3817548852202 -0.355738088630939 -0.330373346335048 -0.300573399867518 -0.261292322468383 -0.211923426672187 -0.153468811456223 -0.0889264822742794 -0.021398118105955 0.0475958144423984 0.116930151857741
-1.04087429908864 -0.952796134962574 -0.887115117394393 -0.911462362801826 -0.910785530220275 -0.782409181695475 -0.655848948696795 -0.664424118268967 -0.724477530334516 -0.726415036998153 -0.673870986215528 -0.598786849905032 -0.531289914518179 -0.494250724638994 -0.495246337716747 -0.487936604529173 -0.434361129249684 -0.383995736305928 -0.385817113521347 -0.399369182048329 -0.361837671371495 -0.243883530983377 -0.150068590408139 -0.170946014962859 -0.207133433104638 -0.156010512908994 -0.0919406177850893 -0.0947209169523047 -0.0889001075372467 0.0397852313566717
-0.978823081645682 -0.944780469779874 -0.910728375195946 -0.876655744806911 -0.842556603730442 -0.808422966289477 -0.774233725423358 -0.739967279307409 -0.705613168444472 -0.671164967951834 -0.636621249077052 -0.601981832100253 -0.567244161980413 -0.532396182391909 -0.497424518958232 -0.462320026383924 -0.427073713734031 -0.391672978434566 -0.356110154613071 -0.320400934842246 -0.284566851306081 -0.248627458784345 -0.212594402439932 -0.176479830266648 -0.140305811198828 -0.104095717000635 -0.0678682098150193 -0.0316379274493366 0.00459188001021188 0.0408208094077144
-0.970550738448866 -0.937840158527632 -0.905129578680587 -0.872418998997917 -0.839708419426533 -0.806997839872941 -0.77428726022529 -0.741576680378025 -0.708866100269099 -0.676155519852897 -0.643444939105987 -0.610734358010488 -0.578023776515502 -0.545313194438077 -0.512602611548863 -0.479892027564976 -0.447181442209658 -0.414470855284186 -0.381760266619924 -0.349049676090541 -0.316339083580285 -0.283628489016063 -0.250917892495418 -0.218207294188393 -0.1854966943844 -0.152786093405336 -0.120075491583663 -0.087364889227715 -0.0546542865387396 -0.021943683691214
-1.00041255892376 -0.964937303302857 -0.929462047603629 -0.893986791738026 -0.858511535615922 -0.823036279145708 -0.78756102223192 -0.752085764792236 -0.716610506800761 -0.681135248239773 -0.645659989067815 -0.610184729237491 -0.574709468734847 -0.539234207679693 -0.503758946197175 -0.468283684300036 -0.432808421993139 -0.397333159362222 -0.361857896497031 -0.326382633422459 -0.290907370147187 -0.255432106688201 -0.21995684309571 -0.184481579432687 -0.149006315779927 -0.113531052216862 -0.0780557887996349 -0.0425805255602857 -0.00710526245773725 0.0283700005673682
-0.980129999887707 -0.94678783206486 -0.913445664166036 -0.88010349615118 -0.846761328021786 -0.813419159798883 -0.780076991540092 -0.746734823312356 -0.713392655183306 -0.680050487217354 -0.64670831946534 -0.613366151974714 -0.580023984796687 -0.546681817997517 -0.513339651635288 -0.479997485720333 -0.446655320233858 -0.413313155088313 -0.379970990185844 -0.346628825456162 -0.313286660835864 -0.279944496243975 -0.246602331529213 -0.213260166554383 -0.179918001308937 -0.146575835811345 -0.11323367006951 -0.079891504100392 -0.0465493379677512 -0.0132071717470498
-0.977653083966115 -0.944506874317047 -0.911363833018863 -0.878227015305131 -0.845097165549421 -0.811973865116854 -0.778854354198742 -0.745735889834153 -0.712618137626993 -0.679500708006766 -0.646380582140539 -0.613254083879772 -0.580117295085555 -0.546965329657508 -0.513792871430437 -0.480593851941359 -0.447361857106958 -0.414089842660354 -0.38077218923631 -0.347409607259728 -0.314004389603039 -0.280559729605564 -0.247082422474169 -0.213580062511247 -0.180059838533749 -0.146528045101653 -0.112987805232463 -0.0794414707530446 -0.0458914802701761 -0.0123402940856125
-1.03142884733117 -0.995585513491028 -0.959742179748322 -0.923898846179111 -0.888055512890054 -0.852212179996287 -0.816368847616242 -0.780525515851003 -0.744682184728958 -0.708838854246709 -0.672995524346421 -0.637152194956649 -0.601308866041565 -0.565465537707805 -0.529622210074727 -0.493778883170107 -0.457935557005169 -0.422092231616506 -0.386248907022003 -0.350405583139354 -0.314562259861208 -0.278718937093753 -0.242875614797344 -0.207032292946202 -0.171188971515846 -0.135345650470413 -0.0995023297272129 -0.0636590091924763 -0.0278156887749394 0.00802763161603474
1.02511051627985 0.989348814798862 0.953604360205114 0.917875643230617 0.882148455375626 0.846401134078559 0.810594899762213 0.774700005857962 0.73873995484711 0.7027553679395 0.666802092209217 0.630939781196404 0.595235735475882 0.55978784376118 0.524687831897314 0.489972186116543 0.455662693650274 0.421777585339255 0.388331134283803 0.355325339013176 0.322759129413864 0.290631518495411 0.25894185175957 0.227670838531244 0.196724310935727 0.166000580373143 0.135442752542546 0.105004356052392 0.0746358168497997 0.0442867852165542
-0.980158251104556 -0.947044452521639 -0.913930653919948 -0.880816855280474 -0.84770305646919 -0.814589257311128 -0.781475457582584 -0.748361657081 -0.715247855737137 -0.682134053548127 -0.649020250643254 -0.615906447184842 -0.582792643332271 -0.549678839233146 -0.516565035050486 -0.483451231020732 -0.45033742735377 -0.417223624079847 -0.384109821166617 -0.350996018511021 -0.317882215992315 -0.284768413517505 -0.251654611104569 -0.218540808795567 -0.185427006617909 -0.152313204593409 -0.119199402736143 -0.0860856010470648 -0.0529717994823802 -0.0198579979871066
-0.999354987066915 -0.965240604578136 -0.931126222030298 -0.897011839361628 -0.862897456549301 -0.828783073562487 -0.794668690299411 -0.760554306639041 -0.726439922454278 -0.692325537621233 -0.658211152034929 -0.624096765595119 -0.589982378222708 -0.555867989923228 -0.521753600719024 -0.487639210615071 -0.45352481962573 -0.419410427820263 -0.3852960352945 -0.351181642195616 -0.317067248683622 -0.282952854908106 -0.248838460976955 -0.214724066965864 -0.180609672863454 -0.14649527863134 -0.112380884210206 -0.0782664895625494 -0.0441520947590599 -0.0100376998974733
-1.01924614322601 -0.983324232711255 -0.94740232199101 -0.911480410890011 -0.875558499400414 -0.839636587553366 -0.80371467536856 -0.767792762853341 -0.731870849977123 -0.695948936705802 -0.66002702302912 -0.624105108942783 -0.588183194479982 -0.552261279823858 -0.516339365190362 -0.480417450776738 -0.444495536745187 -0.408573623136441 -0.372651709947076 -0.336729797118509 -0.300807884578368 -0.264885972242171 -0.228964059976981 -0.19304214765562 -0.157120235222396 -0.12119832265656 -0.0852764100056337 -0.0493544973247017 -0.0134325846308055 0.0224893280685229
1.02993714668342 0.993445560115208 0.956953973538907 0.920462386955964 0.88397080026534 0.847479213345426 0.810987626094841 0.774496038408139 0.738004450143397 0.701512861150583 0.665021271283698 0.628529680397753 0.592038088374803 0.555546495205079 0.51905490094071 0.482563305773247 0.4460717099313 0.409580113652297 0.373088517166313 0.336596920665216 0.30010532433132 0.263613728344459 0.227122132874545 0.190630538048572 0.154138943831794 0.117647350128716 0.0811557567625957 0.0446641635576117 0.00817257042287756 -0.028319022711259
-1.00989121326621 -0.973447665106075 -0.937004116893694 -0.900560568595417 -0.864117020148016 -0.827673471470135 -0.791229922437493 -0.754786372911229 -0.71834282273708 -0.681899271792709 -0.645455720098871 -0.609012167712099 -0.572568614701028 -0.536125061182711 -0.499681507294804 -0.463237953208929 -0.426794399090588 -0.3903508450468 -0.353907291153993 -0.3174637374247 -0.281020183855477 -0.244576630439748 -0.208133077158401 -0.171689524010021 -0.135245971076503 -0.0988024184347728 -0.0623588660585536 -0.0259153138887164 0.0105282381620816 0.0469717901882363
-0.966970139039066 -0.933596555340089 -0.900222971588865 -0.866849387723457 -0.833475803672258 -0.800102219364913 -0.766728634745753 -0.733355049761851 -0.699981464356561 -0.66660787847662 -0.633234292086027 -0.599860705153097 -0.566487117670681 -0.533113529729773 -0.499739941462916 -0.466366353070681 -0.432992764731613 -0.3996191764681 -0.366245588254467 -0.33287200002893 -0.299498411720679 -0.266124823257488 -0.23275123456147 -0.199377645561333 -0.166004056217827 -0.13263046651312 -0.0992568764830048 -0.0658832861838913 -0.0325096957010392 0.000863894873079822
-1.02929963262456 -0.986998050277586 -0.944940344574792 -0.903235445532513 -0.862010086940221 -0.821435062585412 -0.781839602474552 -0.743613729985663 -0.707232205764038 -0.673174039038826 -0.641850496107338 -0.613655907533926 -0.588760994343865 -0.56644203940613 -0.545662093635438 -0.525025718285788 -0.50317000230348 -0.479220635064734 -0.452515905548431 -0.42275590071418 -0.38973115701677 -0.353246989158523 -0.313167824831895 -0.269513084624644 -0.222863047715601 -0.174198999841281 -0.125545394377851 -0.0787320091443833 -0.0337667520919074 0.00979793629555716
-1.00468094632102 -0.968243952101005 -0.931806957910836 -0.895369963743653 -0.85893296955873 -0.822495975336383 -0.786058981174973 -0.749621987207749 -0.713184993589453 -0.676748000471307 -0.640311007968942 -0.603874016189092 -0.567437025220949 -0.531000035083549 -0.494563045780217 -0.458126057321615 -0.421689069705787 -0.385252082872982 -0.348815096756854 -0.312378111322452 -0.275941126542674 -0.239504142391267 -0.203067158845367 -0.166630175854012 -0.130193193250449 -0.093756210851009 -0.0573192285201343 -0.0208822461593207 0.015554736229837 0.0519917186207193
-1.0507124416648 -1.01454611818403 -0.978379794740049 -0.942213471345446 -0.906047148004867 -0.86988082471743 -0.833714501468095 -0.797548178232166 -0.76138185496049 -0.725215531601045 -0.689049208114785 -0.652882884465911 -0.616716560627523 -0.580550236608322 -0.544383912401398 -0.508217587901792 -0.472051262992869 -0.43588493760935 -0.399718611700525 -0.363552285222604 -0.327385958133527 -0.291219630387919 -0.255053301927137 -0.218886972732061 -0.182720642954938 -0.146554312785106 -0.110387982388903 -0.0742216519032729 -0.0380553213705639 -0.00188899080947821
-0.920101153937507 -0.888841032413826 -0.857580910825276 -0.826320789057762 -0.795060666879807 -0.763800544039605 -0.73254042032141 -0.701280295543707 -0.670020169625837 -0.638760042495928 -0.607499914016394 -0.576239784033218 -0.544979652407189 -0.5137195190583 -0.482459383962702 -0.451199247261953 -0.419939109167958 -0.38867897000861 -0.357418830114381 -0.326158689710077 -0.294898548994086 -0.263638408167292 -0.232378267440562 -0.20111812697194 -0.169857986698208 -0.138597846487912 -0.107337706157899 -0.0760775655650715 -0.0448174247782351 -0.0135572839191696
-1.01387959119476 -0.977818683725462 -0.941757776167816 -0.905696868429382 -0.869635960451975 -0.833575052175945 -0.797514143501535 -0.761453234328129 -0.725392324591775 -0.689331414263054 -0.653270503414005 -0.617209592142033 -0.58114868056343 -0.545087768870038 -0.509026857250235 -0.472965945802985 -0.436905034588787 -0.400844123603679 -0.364783212803056 -0.328722302044219 -0.292661391159942 -0.256600480016561 -0.220539568614649 -0.184478656988774 -0.148417745175239 -0.112356833219324 -0.0762959212004955 -0.0402350091948108 -0.00417409723049418 0.0318868146761877
-0.918640742994791 -0.945479365033129 -0.952890733404256 -0.925649823398243 -0.875774017958608 -0.821333979939784 -0.777371084186422 -0.753206502684295 -0.738309883993434 -0.720073762845248 -0.697433742082386 -0.672211191575307 -0.645811887460089 -0.617979230935282 -0.589445858830383 -0.566563725436221 -0.551427953394749 -0.523487021291105 -0.46412339183336 -0.385102108278161 -0.305783859019294 -0.243002940149563 -0.203488078557846 -0.188549234257837 -0.187926868966429 -0.187906715419332 -0.172525088724336 -0.130601833923973 -0.0723403334276626 -0.0132898539865447
1.03505157545554 1.00209258115041 0.969101338836191 0.935941864684604 0.902494866044153 0.868670563365383 0.834480538330194 0.80000155706934 0.765469762277629 0.731104207123907 0.696896210109108 0.662780156067189 0.62864355601027 0.594186425663132 0.559100851752499 0.52323470030023 0.486454854565246 0.448548487459591 0.409308720562151 0.368632180466052 0.326441370017981 0.282700375022401 0.237539613114883 0.191129343408042 0.14363285909156 0.0952321466430896 0.046190931615094 -0.00323369523558274 -0.0528929214093934 -0.102665003971115
-1.03037778941394 -0.994070164841647 -0.957762540102047 -0.921454915119265 -0.885147289971701 -0.848839664753843 -0.812532039470256 -0.776224414113984 -0.73991678872192 -0.703609163316451 -0.667301537818102 -0.63099391212193 -0.594686286123817 -0.55837865972294 -0.522071032828894 -0.485763405389652 -0.449455777359373 -0.413148148678587 -0.376840519287899 -0.340532889141851 -0.304225258198472 -0.267917626438676 -0.231609993934939 -0.195302360771709 -0.158994726989777 -0.122687092636734 -0.0863794578310431 -0.0500718227053681 -0.013764187378301 0.0225434480350841
-1.00151313041487 -0.967654734675511 -0.933824869031459 -0.900055656742359 -0.866368787878194 -0.832769212227033 -0.799205351638961 -0.765602889366953 -0.731853082213544 -0.69785008063035 -0.663534036115769 -0.62885660042989 -0.593788204209195 -0.558374393595735 -0.522656344817642 -0.486582638941808 -0.450072141279194 -0.413017449278256 -0.375327379080198 -0.337001889459698 -0.298063724849801 -0.258555380008597 -0.218598350994334 -0.178317447148013 -0.137771729641489 -0.0970132764805626 -0.0561319811759731 -0.0152115029213287 0.025727251863235 0.0666790649509503
-0.975049805908152 -0.938117133116423 -0.901182948518814 -0.864277414913138 -0.827444065380381 -0.790733374652671 -0.754210213783542 -0.71795185389891 -0.682070770092823 -0.646668639672586 -0.611768744830411 -0.57737476897973 -0.543499240795562 -0.510190069999261 -0.477497984896817 -0.445449607086429 -0.414058715613793 -0.383311826022386 -0.353188464332557 -0.323667461974394 -0.294727476730415 -0.26633696184175 -0.238423552383969 -0.210897105369099 -0.183637183720566 -0.156523857310833 -0.129469517897117 -0.102409167899953 -0.0753359305083975 -0.0482574591036384
-0.974295130797492 -0.940293343046521 -0.90629155525094 -0.872289767369968 -0.838287979366322 -0.804286191213139 -0.770284402921747 -0.736282614536201 -0.702280826193283 -0.66827903801574 -0.634277249977473 -0.600275462015172 -0.566273674054897 -0.532271885980199 -0.498270097643555 -0.464268308815666 -0.430266519267514 -0.396264728852987 -0.362262937461691 -0.328261145043195 -0.294259351562062 -0.26025755698678 -0.226255761301544 -0.192253964517264 -0.158252166736006 -0.124250368103357 -0.0902485688478413 -0.0562467691990957 -0.0222449693082785 0.0117568306930716
-0.975586899453975 -0.942649570134322 -0.909712240949542 -0.876774912037985 -0.843837583446063 -0.810900255205373 -0.777962927380186 -0.745025600051155 -0.712088273331785 -0.67915094733233 -0.646213622117184 -0.613276297739278 -0.580338974280198 -0.547401651936153 -0.514464330905136 -0.481527011277642 -0.448589693072343 -0.415652376128093 -0.382715060237301 -0.349777745186414 -0.316840430760388 -0.283903116761205 -0.250965803058953 -0.218028489552029 -0.185091176183967 -0.15215386290832 -0.11921654967358 -0.086279236430019 -0.0533419231400709 -0.0204046097692101
-1.00465410663022 -0.970942716847639 -0.937231327156863 -0.903519937668686 -0.869808548440631 -0.836097159484926 -0.802385770685912 -0.768674381889675 -0.734962992917185 -0.701251603597671 -0.667540213818527 -0.633828823481687 -0.600117432524739 -0.566406041027895 -0.532694649100696 -0.498983256827381 -0.465271864280225 -0.431560471508922 -0.397849078565185 -0.364137685531362 -0.330426292497465 -0.296714899547982 -0.263003506745326 -0.229292114137684 -0.195580721738445 -0.161869329549066 -0.128157937558093 -0.0944465457426764 -0.0607351540472859 -0.0270237624082217
-1.00775152355828 -0.9734517335562 -0.939151943562293 -0.904852153604086 -0.870552363635758 -0.836252573608388 -0.801952783533984 -0.767652993452739 -0.733353203456625 -0.699053413622911 -0.664753623918251 -0.630453834281652 -0.596154044646077 -0.56185425492034 -0.527554465010536 -0.493254674836059 -0.458954884333119 -0.424655093491898 -0.390355302322968 -0.35605551086449 -0.321755719161519 -0.287455927252083 -0.253156135146093 -0.218856342862708 -0.184556550486197 -0.15025675809968 -0.115956965716557 -0.0816571733321302 -0.0473573809390125 -0.0130575885291463
-1.06413858296533 -1.02421330439855 -0.984288025713421 -0.944362746806925 -0.904437467553429 -0.864512187818716 -0.824586907456891 -0.784661626313512 -0.744736344211615 -0.70481106101138 -0.664885776744083 -0.624960491483771 -0.585035205312485 -0.545109918344233 -0.505184630714942 -0.465259342616248 -0.42533405424925 -0.38540876579719 -0.34548347742688 -0.305558189257253 -0.265632901395274 -0.225707613922499 -0.185782326818844 -0.145857040055936 -0.105931753673883 -0.0660064677146964 -0.0260811821595261 0.0138441030421767 0.0537693880069004 0.0936946728676182
-0.994119105280069 -0.960963796217207 -0.927808486973385 -0.894653177316594 -0.861497867062211 -0.828342556049375 -0.795187244164869 -0.762031931338204 -0.728876617622165 -0.695721303118193 -0.662565987999077 -0.629410672455449 -0.596255356669736 -0.563100040791566 -0.52994472495189 -0.496789409239752 -0.463634093707285 -0.430478778300872 -0.397323462943353 -0.364168147569163 -0.331012832115631 -0.29785751653901 -0.264702200871229 -0.231546885174195 -0.198391569554029 -0.16523625410522 -0.132080938831501 -0.0989256237112907 -0.0657703087124865 -0.0326149938003577
-0.982954501965173 -0.949427416941412 -0.915900332153293 -0.882373247807343 -0.848846163981905 -0.815319080704224 -0.781791997925345 -0.748264915577662 -0.714737833595175 -0.681210751919166 -0.647683670518454 -0.61415658936874 -0.580629508438383 -0.547102427666375 -0.513575346985826 -0.480048266335674 -0.446521185632066 -0.41299410469414 -0.379467023330369 -0.34593994140355 -0.31241285879006 -0.278885775404268 -0.245358691312499 -0.211831606621444 -0.178304521447319 -0.144777435916635 -0.11125035018758 -0.0777232643987695 -0.044196178578849 -0.0106690927289736
-0.990482046993672 -0.957665851369523 -0.924849655830277 -0.892033460464179 -0.859217265404583 -0.826401070796173 -0.793584876783835 -0.76076868350653 -0.727952491079312 -0.695136299575299 -0.662320108923775 -0.629503919018063 -0.596687729759395 -0.563871541080632 -0.531055352931883 -0.498239165300641 -0.465422978173609 -0.432606791496967 -0.399790605216337 -0.366974419315648 -0.334158233788401 -0.301342048628658 -0.268525863832701 -0.235709679378313 -0.202893495167048 -0.170077311083545 -0.137261127021009 -0.104444942894152 -0.0716287586951384 -0.0388125744354924
0.995745600648352 0.961373929583333 0.927002258408368 0.892630586990915 0.858258915189189 0.823887242867876 0.789515569926783 0.75514389630168 0.720772222037058 0.686400547194639 0.652028871796327 0.617657195854075 0.583285519406112 0.548913842595781 0.514542165575781 0.480170488431142 0.445798811202999 0.411427133824583 0.377055456221361 0.342683778395622 0.308312100368862 0.273940422171882 0.239568743872708 0.205197065536743 0.170825387181674 0.136453708822091 0.102082030507909 0.0677103522829863 0.0333386741316245 -0.00103300397676503
-1.02995446236328 -0.994068514732868 -0.958182567178554 -0.922296619795532 -0.886410672726797 -0.850524726092678 -0.814638779875048 -0.778752834037052 -0.742866888605395 -0.706980943635323 -0.671094999232688 -0.635209055515992 -0.599323112573021 -0.563437170368677 -0.527551228843337 -0.491665287962135 -0.455779347693822 -0.419893407996866 -0.384007468824261 -0.348121530117383 -0.312235591814701 -0.276349653834276 -0.240463716012514 -0.204577778179674 -0.168691840223077 -0.132805902059471 -0.0969199636662674 -0.0610340250534384 -0.0251480863005433 0.010737852495462
-1.00920170691702 -0.974157466925114 -0.939104139685782 -0.904025612134685 -0.868903702164971 -0.83372153426548 -0.798469528350317 -0.763138906941704 -0.727716807569066 -0.692188720107108 -0.656537628804464 -0.620745891503248 -0.584798433591037 -0.548690450637271 -0.512421717097181 -0.476000052787316 -0.439436791165942 -0.40274927489686 -0.365956717021719 -0.329079802888003 -0.292139585919658 -0.255154841270648 -0.218135231015013 -0.181087264156507 -0.144013950497651 -0.106919820224106 -0.069818984255329 -0.0327245192391468 0.00436421599692927 0.0414512920804663
-1.00595706788022 -0.9721505427448 -0.938344017715664 -0.904537492897355 -0.870730968332365 -0.836924444049264 -0.803117920082957 -0.76931139647163 -0.735504873260252 -0.701698350509752 -0.667891828338128 -0.634085306877648 -0.600278786276453 -0.566472266746181 -0.532665748483217 -0.498859231559449 -0.465052715990111 -0.431246201688322 -0.397439688536112 -0.363633176393267 -0.329826665114014 -0.29602015453346 -0.262213644410222 -0.228407134489617 -0.194600624540236 -0.16079411436568 -0.12698760388632 -0.0931810930765346 -0.0593745820099473 -0.025568070784995
-0.992069904029278 -0.848534048087813 -0.787306254571017 -0.807689545895209 -0.858359382684546 -0.885515414931576 -0.876081611894559 -0.830779874269031 -0.764799509233919 -0.695048547705774 -0.630842509068265 -0.579598784821839 -0.548819962295131 -0.546349412129527 -0.56699499163231 -0.55308172146159 -0.462192637474123 -0.365425672970398 -0.337408286734046 -0.353371142037509 -0.363695703275434 -0.327988212400606 -0.242754021598356 -0.127235389244639 -0.0547230882453626 -0.0802513984959772 -0.131780113320183 -0.12640196685402 -0.0648159430546581 0.0313774116654552
-0.920794664639666 -0.901053099178641 -0.881013414126191 -0.860285800085304 -0.838561425126949 -0.815594015202734 -0.791306550318839 -0.765653713484526 -0.738547745666818 -0.709921065868491 -0.679829247277577 -0.648358651628423 -0.615611562392664 -0.581753949991089 -0.546982869689786 -0.511556029186872 -0.475742541788985 -0.439796490804813 -0.40394066383942 -0.368287695681338 -0.332922682914969 -0.297942027864373 -0.263487355812261 -0.229594895439518 -0.195834066061081 -0.161733177800718 -0.127122913383477 -0.0919549345433169 -0.0563624464485757 -0.0205240401261847
-0.963465055686986 -0.931692776463469 -0.899920497223015 -0.868148217943767 -0.836375938546571 -0.80460365890826 -0.772831378786908 -0.74105909794554 -0.709286816285729 -0.677514533768555 -0.64574225045458 -0.613969966429234 -0.582197681777536 -0.550425396582856 -0.518653110925751 -0.486880824877168 -0.455108538500503 -0.423336251838541 -0.391563964936363 -0.359791677868855 -0.328019390718354 -0.296247103590861 -0.264474816687031 -0.232702530206178 -0.200930244247582 -0.169157958861309 -0.137385674000606 -0.105613389575128 -0.0738411054169686 -0.0420688213388313
-1.05233010773098 -1.01526829816599 -0.978206488643926 -0.941144679137047 -0.904082869498074 -0.867021059549205 -0.829959249110095 -0.792897438028197 -0.755835626264705 -0.718773813827891 -0.681712000800604 -0.644650187284334 -0.607588373389628 -0.570526559263257 -0.533464745037723 -0.496402930752227 -0.459341116430697 -0.42227930212927 -0.385217487894137 -0.348155673699505 -0.311093859501583 -0.274032045247701 -0.236970230849669 -0.199908416222549 -0.162846601329954 -0.125784786153793 -0.08872297070062 -0.0516611549988353 -0.0145993391395652 0.0224624767703822
-0.969421583573333 -0.935113059498805 -0.900804535410537 -0.866496011282205 -0.832187487122429 -0.797878962957318 -0.763570438847994 -0.729261914882128 -0.694953391218575 -0.660644868014651 -0.626336345350332 -0.592027823286261 -0.557719301860218 -0.523410781018545 -0.489102260669736 -0.454793740662343 -0.420485220845785 -0.386176701132908 -0.351868181451912 -0.317559661729021 -0.28325114188996 -0.248942621891669 -0.214634101815953 -0.1803255817745 -0.146017061873688 -0.111708542192887 -0.0774000227087503 -0.0430915033696923 -0.00878298411387854 0.0255255351230868
-0.966961211350836 -0.932575629866948 -0.8981666133297 -0.863725643800187 -0.829300648738867 -0.794945134380505 -0.760678476657702 -0.726515083308385 -0.692483619593947 -0.658621952029551 -0.624990494621986 -0.591655298250946 -0.558697525229334 -0.526258783602886 -0.494467367666263 -0.463337870976981 -0.432847856118291 -0.402940462513521 -0.373562425679107 -0.344709288663864 -0.316388796399698 -0.28859930644871 -0.261301626893784 -0.234444843981844 -0.207968706095205 -0.181808254979932 -0.155889043701701 -0.130137772362754 -0.104495217891969 -0.078905676424884
-1.013968477585 -0.979449441224572 -0.944930404854928 -0.910411368420758 -0.875892331880869 -0.841373295191415 -0.806854258283826 -0.772335221078925 -0.737816183479849 -0.703297145408958 -0.668778106883187 -0.63425906794312 -0.59974002863469 -0.565220989025243 -0.530701949167089 -0.496182909031001 -0.461663868582374 -0.427144827846653 -0.392625786869949 -0.358106745720992 -0.323587704474167 -0.289068663207381 -0.254549622012623 -0.220030580982489 -0.185511540197898 -0.150992499721038 -0.116473459550866 -0.0819544196543468 -0.0474353799337216 -0.0129163402750525
-1.00005695355674 -0.965987041139019 -0.931917128786928 -0.897847216534331 -0.863777304333131 -0.829707392137932 -0.795637479996097 -0.761567567961874 -0.727497656024302 -0.693427744178561 -0.659357832509603 -0.625287921124827 -0.591218010139303 -0.557148099698805 -0.523078189938455 -0.489008280920062 -0.454938372689169 -0.420868465299551 -0.386798558789894 -0.352728653130305 -0.318658748273742 -0.28458884415398 -0.250518940628042 -0.216449037546824 -0.182379134813442 -0.14830923233597 -0.114239329990087 -0.0801694276631188 -0.0460995253213793 -0.0120296229509295
-0.948106624867313 -0.915935517352383 -0.883764409895886 -0.851593302543253 -0.819422195329987 -0.787251088304852 -0.755079981579566 -0.722908875265095 -0.690737769406415 -0.658566664056538 -0.626395559366581 -0.59422445551219 -0.562053352650956 -0.529882250868252 -0.497711150218929 -0.465540050707964 -0.433368952303705 -0.401197854877839 -0.369026758286317 -0.336855662418801 -0.304684567173382 -0.272513472460703 -0.240342378241618 -0.208171284490122 -0.176000191182555 -0.143829098288579 -0.111658005748806 -0.0794869134930255 -0.0473158214367862 -0.0151447294920782
-0.944565743473473 -0.913106148044725 -0.881646552532435 -0.850186956892857 -0.818727361189077 -0.787267765522246 -0.755808170038948 -0.724348574877608 -0.692888980098593 -0.661429385743555 -0.629969791857334 -0.598510198485568 -0.567050605660967 -0.535591013364529 -0.504131421585557 -0.472671830398284 -0.441212239890409 -0.409752650118552 -0.378293061130131 -0.346833472966811 -0.315373885668822 -0.283914299239863 -0.252454713537518 -0.220995128394221 -0.189535543687926 -0.158075959321999 -0.126616375255938 -0.0951567914495783 -0.063697207807984 -0.0322376242225245
-0.992871021523146 -0.958558108653365 -0.924245195850411 -0.889932283173969 -0.855619370598722 -0.821306458066209 -0.786993545470385 -0.752680632677439 -0.71836771949009 -0.68405480571622 -0.649741891247813 -0.615428975997881 -0.581116059903622 -0.546803142998976 -0.512490225374509 -0.478177307250556 -0.443864388836274 -0.409551470166317 -0.375238551218777 -0.340925631919999 -0.306612712183385 -0.272299791930651 -0.23798687111675 -0.203673949716129 -0.169361027747983 -0.135048105256768 -0.100735182343236 -0.0664222591230523 -0.0321093357152296 0.0022035877603834
-0.976607351504011 -0.951903917106812 -0.927018169995468 -0.901779539100205 -0.875917236422445 -0.849177892520278 -0.82147802910726 -0.79279209843274 -0.76315638373377 -0.732612771267282 -0.70116372838203 -0.668801867699727 -0.635515209393313 -0.601273403840653 -0.566051256693535 -0.529862564494537 -0.492758458009966 -0.454900414010271 -0.4164757283014 -0.377664626827158 -0.338645568065816 -0.299566843799411 -0.260456079025043 -0.221312901555614 -0.182145617252165 -0.142966220933158 -0.103792785198608 -0.0646454294899069 -0.0255463828323895 0.0134815983526205
-1.01459242495109 -0.979455111747577 -0.944317798427075 -0.909180484876671 -0.874043171020949 -0.83890585677482 -0.803768541977026 -0.76863122649134 -0.733493910357834 -0.698356593660527 -0.663219276482931 -0.628081958908431 -0.592944641039262 -0.557807323053061 -0.522670005149625 -0.487532687541978 -0.452395370419686 -0.417258053865236 -0.382120737923693 -0.346983422597507 -0.311846107878473 -0.276708793739799 -0.241571480080337 -0.206434166779122 -0.171296853710245 -0.136159540767095 -0.101022227925181 -0.0658849151771591 -0.0307476025021399 0.00438971012415248
-1.00258835710026 -0.969601938633257 -0.936611357074024 -0.903611477709363 -0.870595913441133 -0.837558497203218 -0.804495194442549 -0.771402475641625 -0.738276698912159 -0.705114839079149 -0.671916450191506 -0.638681731104122 -0.605411136641903 -0.572106145509826 -0.538768054904497 -0.50539641210898 -0.471989102767848 -0.438539115885244 -0.405040073890157 -0.371493029551368 -0.337900893222611 -0.304266562326968 -0.270592882564914 -0.236882359503231 -0.203136189896514 -0.169356560218948 -0.135550924635256 -0.10172771681104 -0.0678940207248807 -0.0340565829336048
-0.939037753412573 -0.924441316588231 -0.910174857491404 -0.896002900369494 -0.88098732990196 -0.863743832503181 -0.841805941095147 -0.813025159959369 -0.777607032307825 -0.736592327697546 -0.692008682135304 -0.646130448240309 -0.6008375174589 -0.556431936545939 -0.513182154200481 -0.472800071589849 -0.436788323387267 -0.404369025821305 -0.374115288622963 -0.344284713977621 -0.313056027184255 -0.27922711389788 -0.24407250119768 -0.209159585774232 -0.174750601339531 -0.140986075224367 -0.108824872213313 -0.0790522410143944 -0.0509406285756641 -0.0233842814051841
-0.984647130212622 -0.952346435089287 -0.920045739917514 -0.887745044652683 -0.855444349180544 -0.823143653377784 -0.790842957154484 -0.758542260432699 -0.726241563148987 -0.693940865233987 -0.66164016658015 -0.62933946707038 -0.597038766622506 -0.564738065294059 -0.532437363191406 -0.500136660476565 -0.467835957325149 -0.435535253911524 -0.40323455041133 -0.370933847006568 -0.338633143880827 -0.306332441185811 -0.274031738945677 -0.24173103713067 -0.209430335622937 -0.177129634299038 -0.144828933101275 -0.112528231990619 -0.0802275309369668 -0.0479268299124467
-0.971335944518974 -0.940988254486702 -0.910645024894626 -0.880306092450455 -0.849912064348702 -0.819390989044234 -0.78867990954653 -0.7577233919855 -0.726487100418151 -0.694933268970864 -0.662989314120391 -0.630573947931082 -0.597623750236846 -0.564146771949834 -0.53017004317864 -0.495725039739376 -0.460857228793867 -0.425663597179262 -0.39024798429564 -0.354690120119465 -0.319063707271296 -0.283445804301832 -0.247926893482315 -0.212588634848216 -0.177463975771367 -0.142568352001859 -0.10789586546647 -0.0734264393927113 -0.039104616034344 -0.0048660924016928
-0.982449603164959 -0.941747024167683 -0.901987573974497 -0.863533992451713 -0.827663635931377 -0.795798727091666 -0.769026337529533 -0.747441048898612 -0.727502634160489 -0.705467129627935 -0.680410433710514 -0.652113410341988 -0.620814450198536 -0.588582050925994 -0.557901370504393 -0.531094101280888 -0.508978222492529 -0.486520326568818 -0.45820284253574 -0.42242293261277 -0.378556442317754 -0.327026277096817 -0.272443582109212 -0.219486354654195 -0.168911760877937 -0.121059458478832 -0.0785199025172597 -0.0435047168959058 -0.0144594035247026 0.0111120661846067
-0.998721355392431 -0.963270408348976 -0.927819461283029 -0.892368514172011 -0.856917567091721 -0.821466620141017 -0.7860156734126 -0.750564726976048 -0.715113780814592 -0.679662834908623 -0.644211889313516 -0.608760944103389 -0.573309999370183 -0.537859055277127 -0.502408111997961 -0.466957169677184 -0.431506228427943 -0.396055288267198 -0.360604349154781 -0.325153410918193 -0.289702473351851 -0.254251536266428 -0.218800599537614 -0.18334966306161 -0.147898726751648 -0.112447790532413 -0.0769968543573623 -0.0415459181941123 -0.006094982038136 0.0293559541081295
-0.948687290466363 -0.916157855145932 -0.883625092010909 -0.851076754824291 -0.818495337394907 -0.785866782129459 -0.753196085780335 -0.720488740591492 -0.687733166427484 -0.654916823763719 -0.62204040789845 -0.589107922835639 -0.556120286719178 -0.523066074252696 -0.489927883226765 -0.456676747220014 -0.423281955953724 -0.389717387931741 -0.355960976601617 -0.322002286403155 -0.287833789524224 -0.253452190814319 -0.218871125769453 -0.184109392078377 -0.149189505554271 -0.11413368352106 -0.0789592312212149 -0.0436858283893177 -0.00834756480985712 0.0270178672202019
-1.01244075538722 -0.977373451154536 -0.942306146926241 -0.907238842749914 -0.872171538664576 -0.837104234698404 -0.80203693084477 -0.766969627059308 -0.731902323181498 -0.696835019047804 -0.661767714598787 -0.626700409801028 -0.591633104625987 -0.556565799064628 -0.521498493109055 -0.486431186736412 -0.451363879955446 -0.416296572916275 -0.381229265791741 -0.346161958704221 -0.311094651763474 -0.276027345057433 -0.240960038586721 -0.205892732318925 -0.170825426176809 -0.135758120068858 -0.100690813891279 -0.065623507562771 -0.0305562011042721 0.00451110543771848
-1.02978849377729 -0.992975446753286 -0.956162399822719 -0.919349353168759 -0.882536306986773 -0.845723261472958 -0.808910216814658 -0.7720971731744 -0.735284130624304 -0.698471089181703 -0.661658048735192 -0.624845009141178 -0.588031970275846 -0.551218932094488 -0.514405894551841 -0.477592857521316 -0.440779820857724 -0.403966784422797 -0.367153748097628 -0.330340711833834 -0.293527675600663 -0.256714639351712 -0.219901602977987 -0.183088566348316 -0.146275529305426 -0.109462491734165 -0.0726494537139837 -0.0358364153715566 0.000976623172143722 0.0377896617975701
-0.982174653422712 -0.96663956632906 -0.946576606781246 -0.91889314742166 -0.884592118017223 -0.845347316270959 -0.801420454505761 -0.752888628958912 -0.700502556905373 -0.645986164163697 -0.594282589689121 -0.551139775721057 -0.520931196339567 -0.502532452987331 -0.492457260120022 -0.483269656882668 -0.468091903652378 -0.446228821045229 -0.417829864087821 -0.380240465209858 -0.33010505119182 -0.267914572488927 -0.209546074255347 -0.17019538490708 -0.146947371208495 -0.131946188923175 -0.1156841114632 -0.0907372917372473 -0.0596692829918783 -0.0275404885581276
-1.01429853306323 -0.979671192709982 -0.945043852281735 -0.91041651169919 -0.87578917087105 -0.841161829712618 -0.8065344881776 -0.771907146242308 -0.737279803935076 -0.702652461270188 -0.668025118153707 -0.633397774464638 -0.598770430093252 -0.56414308497487 -0.529515739087079 -0.494888392531467 -0.460261045456435 -0.425633698073619 -0.391006350589699 -0.356379003128283 -0.321751655792211 -0.287124308662108 -0.252496961729738 -0.217869614952339 -0.183242268237922 -0.14861492148678 -0.113987574617568 -0.0793602275757755 -0.0447328803958625 -0.0101055331345312
0.879337111754261 0.852460883611231 0.825683584064865 0.799128630935502 0.772853298883271 0.746865971176146 0.721045608673689 0.695239106680859 0.669294520692591 0.643073246839344 0.616488883603677 0.589468080056177 0.561945414950264 0.533887185770691 0.505270709536684 0.476085662674023 0.446325309645509 0.415984907655464 0.385048300124686 0.353451682598363 0.321119338652775 0.288006495269294 0.25419215304965 0.21979283369362 0.184951369672799 0.14979708027475 0.1143789212791 0.0787336383735713 0.0429295003862126 0.00704265693015299
-0.92887076081662 -0.897560885213697 -0.866251009639923 -0.834941134105329 -0.803631258609828 -0.772321383163938 -0.741011507830696 -0.709701632674246 -0.678391757710653 -0.647081882967423 -0.615772008565916 -0.584462134650953 -0.553152261332497 -0.521842388581072 -0.490532516344114 -0.459222644616147 -0.427912773384269 -0.396602902558772 -0.365293032034001 -0.333983161717325 -0.302673291519368 -0.27136342137887 -0.240053551347037 -0.208743681483776 -0.17743381177131 -0.146123942184157 -0.114814072743686 -0.0835042034646079 -0.0521943342881349 -0.0208844651371064
-1.01091291241609 -0.974025518672303 -0.937138124990071 -0.900250731412639 -0.863363337960899 -0.826475944653684 -0.789588551523962 -0.752701158604201 -0.715813765910747 -0.678926373442415 -0.64203898114401 -0.605151588946837 -0.568264196779094 -0.531376804556559 -0.494489412186989 -0.45760201955848 -0.420714626558856 -0.38382723309451 -0.346939839109975 -0.310052444683767 -0.273165049927899 -0.236277655001897 -0.19939026025534 -0.162502866036369 -0.125615472497325 -0.0887280796867478 -0.0518406874337789 -0.0149532955255224 0.0219340961996756 0.0588214878906579
-0.995965117666663 -0.961241937992487 -0.926518758319329 -0.891795578631236 -0.857072398852961 -0.822349218889583 -0.787626038626796 -0.752902857971255 -0.718179676932858 -0.683456495557756 -0.648733313933885 -0.614010132159622 -0.579286950327978 -0.544563768510485 -0.509840586753257 -0.475117405022225 -0.440394223257729 -0.405671041377943 -0.370947859302918 -0.336224676982363 -0.301501494373402 -0.266778311439965 -0.232055128173203 -0.197331944599599 -0.162608760859745 -0.127885577113871 -0.093162393486665 -0.0584392100592224 -0.0237160267738094 0.0110071564620146
-0.988658454149361 -0.9528236861478 -0.916988917942733 -0.881154149343894 -0.845319380251787 -0.80948461061776 -0.773649840505737 -0.737815069994282 -0.701980299107923 -0.666145527851831 -0.630310756207795 -0.594475984151754 -0.558641211641703 -0.522806438563846 -0.48697166476357 -0.451136889994797 -0.415302114032708 -0.379467336829006 -0.343632558391916 -0.307797778779242 -0.271962998061178 -0.236128216325397 -0.200293433729475 -0.164458650449089 -0.128623866662398 -0.0927890825221633 -0.0569542980770779 -0.0211195133644885 0.0147152715195695 0.0505500564643885
-0.97772449889565 -0.945374391330263 -0.91302428388092 -0.88067417664406 -0.848324069765337 -0.815973963400099 -0.783623857693261 -0.751273752803775 -0.718923648957168 -0.686573546376746 -0.654223445210357 -0.621873345586987 -0.589523247642775 -0.557173151542496 -0.524823057426346 -0.492472965307578 -0.460122875120418 -0.427772786609934 -0.395422699503338 -0.363072613645575 -0.330722528911021 -0.298372445190225 -0.26602236243842 -0.233672280644954 -0.201322199870958 -0.168972120137109 -0.136622041230489 -0.104271962893885 -0.0719218849264864 -0.0395718071415817
-0.955497269524751 -0.924420608272436 -0.893343947047899 -0.862267285864922 -0.831190624699077 -0.80011396354215 -0.769037302489009 -0.73796064163318 -0.706883980959727 -0.67580732044376 -0.644730660129006 -0.613654000076347 -0.582577340346407 -0.551500680998777 -0.520424022096309 -0.489347363715945 -0.458270705950224 -0.427194048939977 -0.396117392842204 -0.365040737830278 -0.333964084081663 -0.302887431733065 -0.271810780758153 -0.240734131065832 -0.209657482468982 -0.17858083475219 -0.147504187682893 -0.116427541040296 -0.0853508946678389 -0.0542742484250163
-1.01013941731388 -0.978376880026958 -0.946633856711178 -0.914913283454275 -0.883182653199433 -0.851400705353811 -0.819526608325033 -0.787519365918536 -0.755336894530552 -0.722949820940242 -0.690380700867695 -0.657665072268231 -0.624832423059151 -0.591888041005673 -0.558790405175602 -0.52533495999915 -0.491265196275815 -0.456279824919812 -0.420112928927929 -0.382684859512529 -0.343962534939868 -0.303945656249056 -0.262765055570624 -0.220545651651642 -0.177257578613927 -0.132891781762746 -0.087677235762415 -0.0418896482096126 0.00424637092858826 0.0505189860925159
-0.937820965106062 -0.905977210768432 -0.874133456363201 -0.842289701775397 -0.810445946900352 -0.77860219166289 -0.746758436095517 -0.714914680241531 -0.68307092407973 -0.651227167588008 -0.619383410805143 -0.587539653785138 -0.555695896566584 -0.523852139126438 -0.492008381420393 -0.460164623380719 -0.428320864940975 -0.396477106063303 -0.364633346729871 -0.332789586974381 -0.300945826843417 -0.269102066377575 -0.237258305593505 -0.20541454449534 -0.173570783061095 -0.141727021281679 -0.109883259225708 -0.0780394969822762 -0.0461957346446858 -0.0143519723072907
0.978793022064931 0.944427440543691 0.91006185910075 0.875696277801715 0.841330696764158 0.806965116134825 0.772599536125191 0.738233956919998 0.703868378532327 0.669502800928118 0.635137224056399 0.600771647861974 0.566406072283194 0.532040497232613 0.497674922592776 0.463309348152016 0.428943773691035 0.394578199054237 0.360212624110207 0.325847048760546 0.291481472915111 0.257115896500817 0.222750319512815 0.188384741967045 0.154019163894344 0.119653585339133 0.0852880063852714 0.0509224271283028 0.0165568476710809 -0.0178087318817136
1.01454612527104 0.980352113261005 0.946158101334702 0.911964089558909 0.877770077887514 0.843576066263961 0.809382054702817 0.775188043269351 0.740994032160524 0.706800021593365 0.67260601173348 0.638412002733619 0.60421799472352 0.570023987740879 0.535829981827677 0.501635977135082 0.467441973825166 0.433247971994448 0.399053971663404 0.364859972613907 0.330665974568178 0.296471977249027 0.26227798038161 0.228083983727556 0.193889987192034 0.159695990738772 0.125501994422182 0.0913079982939738 0.05711400230434 0.0229200063780971
0.994175464107605 0.959375838228841 0.924773320234533 0.890532681989517 0.856682888694343 0.823217181633888 0.790121713094621 0.75739198974649 0.725068024791762 0.693154007283421 0.661466323145019 0.629774407517743 0.597831230942041 0.565323905555388 0.531939277089106 0.497428984052886 0.46162602520446 0.424624047515346 0.386581863866 0.347658302558825 0.308012195751709 0.267802055226382 0.227185111259927 0.186297949377788 0.145195857603486 0.103912272512194 0.0624745223876022 0.0209104404086578 -0.0207440123731833 -0.0624508429383383
0.969146600889644 0.936281510261969 0.903416419595634 0.870551328809895 0.837686237793434 0.804821146432042 0.771956054630538 0.739090962280436 0.706225869200994 0.673360775230452 0.640495680355215 0.60763058459873 0.574765488026855 0.54190039087508 0.509035293399361 0.476170195767866 0.443305098109966 0.410440000487632 0.37757490292894 0.344709805393795 0.311844707825061 0.278979610165849 0.246114512360266 0.213249414385151 0.180384316347284 0.147519218368039 0.114654120497209 0.0817890227535735 0.048923925103421 0.0160588274999172
-0.991705536451635 -0.957510189073931 -0.923314841775354 -0.889119494559876 -0.854924147255853 -0.820728799688955 -0.786533451849716 -0.752338103768358 -0.718142755469004 -0.683947406968447 -0.649752058260289 -0.615556709332328 -0.581361360164538 -0.547166010705587 -0.5129706609048 -0.478775310745434 -0.444579960239414 -0.410384609479406 -0.376189258579524 -0.341993907658934 -0.307798556838067 -0.273603206224819 -0.239407855876948 -0.205212505825252 -0.171017156042815 -0.136821806481135 -0.102626457063074 -0.0684311077143344 -0.0342357584006318 -4.04090976846133e-05
-0.957455634954019 -0.981307776976611 -0.990694606356825 -0.980047855024216 -0.94956018513761 -0.901836208067352 -0.843367401800594 -0.781130576340255 -0.720157003135516 -0.66395771704413 -0.611908345111845 -0.562350662431409 -0.514887674020788 -0.474167304598824 -0.444739872535442 -0.425720351104031 -0.414169448671927 -0.404366159078793 -0.390586600866092 -0.369877105910167 -0.339976559421084 -0.299905002795576 -0.253807102177058 -0.206900825703753 -0.163572724746441 -0.126115074264871 -0.0892744603421284 -0.0471001482734742 0.00160219092044363 0.0568377847876312
-0.969946766366602 -0.936022130018927 -0.902097493658124 -0.868172857283021 -0.83424822091379 -0.800323584578966 -0.76639894831919 -0.732474312145897 -0.698549675941581 -0.664625039570382 -0.630700402951967 -0.596775766019881 -0.562851128714101 -0.528926491000314 -0.495001852858857 -0.46107721430296 -0.427152575355034 -0.393227936041329 -0.359303296386668 -0.32537865640632 -0.291454016113161 -0.257529375530131 -0.223604734720411 -0.189680093738267 -0.155755452562044 -0.121830811155314 -0.0879061694984558 -0.0539815275987545 -0.0200568855543146 0.0138677565140551
0.975207591764918 0.942790327140157 0.910373062498871 0.877955797886497 0.845538533378124 0.813121269049217 0.780704004947086 0.748286741105017 0.715869477528332 0.683452214224359 0.651034951236416 0.618617688616818 0.586200426409868 0.553783164627827 0.521365903251016 0.488948642164051 0.456531381227261 0.424114120299543 0.39169685923788 0.359279597893058 0.326862336114308 0.294445073779119 0.262027810878012 0.229610547433599 0.197193283483831 0.164776019089809 0.132358754389898 0.0999414895208242 0.0675242245355086 0.0351069594659187
