-1.05701958147388 -0.977457866795969 -0.850687677506622 -0.808821579758533 -0.80829998388322 -0.784366253408528 -0.763147720468791 -0.772400295098166 -0.755510230323609 -0.663120068177746 -0.559267163723095 -0.536337575279645 -0.631392795872909 -0.660196057350487 -0.473684985117659 -0.284793039988307 -0.308411908092243 -0.40527034141437 -0.399546049425985 -0.323375505688869 -0.260884874787424 -0.262360175550905 -0.242726843787982 -0.130584671048655 -0.0445914548688414 -0.0924684429699973 -0.14813267782983 -0.080872829342239 0.02473171769036 0.0302788997384207
-0.92062949065014 -0.890542341763539 -0.860455193027305 -0.830368044647416 -0.800280896806155 -0.770193749650173 -0.740106603207278 -0.71001945746358 -0.679932312357246 -0.649845167823809 -0.619758023836211 -0.589670880376744 -0.559583737418589 -0.529496594898477 -0.499409452730502 -0.469322310774652 -0.439235168900721 -0.409148027071833 -0.379060885251958 -0.348973743315142 -0.318886601112951 -0.288799458501875 -0.258712315358106 -0.228625171605011 -0.198538027334947 -0.168450882693281 -0.138363737868421 -0.108276593025463 -0.0781894481931866 -0.0481023033662986
-0.969670031381427 -0.936914032962561 -0.904158034568783 -0.871402036213774 -0.838646037917177 -0.805890039706724 -0.773134041636554 -0.740378043770491 -0.707622046184701 -0.674866048949487 -0.642110052099353 -0.609354055659855 -0.5765980596665 -0.543842064194597 -0.511086069330172 -0.47833007516231 -0.445574081755664 -0.412818089074094 -0.380062097051824 -0.347306105605345 -0.314550114646711 -0.281794124085469 -0.249038133821129 -0.216282143756443 -0.18352615381718 -0.150770163947238 -0.118014174140032 -0.0852581844009604 -0.0525021947338351 -0.019746205142071
-0.946460803463105 -0.91523211170025 -0.884003419988648 -0.852774728342204 -0.821546036715466 -0.790317345039294 -0.759088653209185 -0.727859961085767 -0.696631268425548 -0.665402574999174 -0.634173880737952 -0.602945185613355 -0.571716489621157 -0.540487792854341 -0.509259095399762 -0.478030397222529 -0.446801698209813 -0.415572998058744 -0.38434429647189 -0.3531155933636 -0.321886888701169 -0.290658182492254 -0.259429474905944 -0.228200766157134 -0.196972056482478 -0.165743346111131 -0.134514635220468 -0.103285923972046 -0.0720572125159253 -0.0408285009992901
-0.983567236493659 -0.950529421793258 -0.917491607069177 -0.884453792264243 -0.851415977360604 -0.81837816237355 -0.785340347411594 -0.752302532614639 -0.719264718154905 -0.686226904189131 -0.653189090779809 -0.620151277965875 -0.587113465777055 -0.554075654206253 -0.521037843239771 -0.488000032874322 -0.454962223077033 -0.421924413686277 -0.388886604526 -0.355848795491185 -0.322810986494572 -0.289773177467575 -0.256735368416296 -0.223697559371496 -0.190659750387878 -0.157621941517997 -0.124584132781854 -0.0915463241800716 -0.0585085156683083 -0.0254707071909802
-1.04485463673059 -1.00666340428548 -0.968472171664964 -0.930280938722822 -0.892089705465716 -0.853898471939613 -0.815707238194839 -0.777516004265098 -0.739324770113263 -0.701133535687476 -0.662942300947806 -0.624751065857298 -0.586559830372898 -0.548368594427144 -0.510177357946231 -0.471986120855387 -0.433794883099428 -0.395603644702479 -0.357412405727077 -0.319221166310096 -0.281029926606993 -0.242838686786319 -0.204647447069007 -0.166456207655544 -0.128264968612273 -0.090073729951988 -0.0518824916074512 -0.0136912534920049 0.0244999844786551 0.0626912223882444
-0.93609715891167 -0.920575616373577 -0.904699532314752 -0.888160487511226 -0.870228723436672 -0.850070458219937 -0.826857155912891 -0.799659737163099 -0.767141703077855 -0.728451957916042 -0.685088438083168 -0.639136338021396 -0.592643406001966 -0.547507605612421 -0.505267663042469 -0.466175139574159 -0.430112392226999 -0.396772125877984 -0.365772128630799 -0.336620173638414 -0.30879653031612 -0.281866609290765 -0.255736386035418 -0.230458901665994 -0.206334895023576 -0.183564576392556 -0.161698344105399 -0.140164807939682 -0.118555235405363 -0.0965015584454972
-1.01419977232061 -0.956117855515533 -0.899675049845383 -0.84750456771028 -0.802980072206866 -0.768819929188336 -0.744380864837565 -0.727686790758099 -0.714791999906478 -0.701607405088007 -0.685440017150057 -0.663945871450513 -0.63573839594298 -0.603260588963935 -0.569156207146131 -0.533042469924541 -0.493663824426434 -0.449300165746025 -0.39901134700876 -0.345441605498064 -0.292131274536854 -0.242047065023065 -0.195861198154705 -0.153840009161606 -0.116920779100836 -0.0853448518432586 -0.0558988766876894 -0.0253778039685927 0.0059355172649179 0.0368862632850664
-1.02103712156977 -0.984590096070147 -0.948143070592631 -0.911696045149087 -0.875249019665069 -0.838801994060879 -0.802354968322133 -0.765907942495514 -0.729460916806669 -0.693013891530784 -0.656566866962239 -0.620119843400217 -0.583672821141841 -0.54722580047601 -0.510778781680502 -0.474331764996844 -0.437884750650995 -0.401437738842912 -0.364990729676679 -0.328543722898915 -0.292096718166868 -0.255649715131445 -0.219202713418169 -0.182755712686678 -0.146308712758428 -0.10986171351509 -0.0734147149173671 -0.0369677169090024 -0.000520719286853393 0.0359262781889426
1.02265846127933 0.985385897719998 0.948113334150707 0.910840770576224 0.873568207102653 0.836295643851337 0.79902308090323 0.761750518312145 0.724477956063706 0.68720539412489 0.649932832456279 0.61266027101685 0.57538770976402 0.538115148648955 0.500842587614495 0.463570026576447 0.426297465459986 0.389024904254804 0.351752342964616 0.3144797815847 0.277207220108227 0.239934658569537 0.202662097167646 0.165389536132411 0.128116975652391 0.0908444158544806 0.0535718566602257 0.0162992979295462 -0.0209732605187927 -0.0582458188763141
-1.00804797363785 -0.97172422676634 -0.934986280085396 -0.898035663546805 -0.862510139429795 -0.829946150027295 -0.800038625359575 -0.771765583081054 -0.743078903655383 -0.712378802875129 -0.680884975039286 -0.650521984073453 -0.622567666543907 -0.59571294957964 -0.568253558606722 -0.539491321676843 -0.508374238422694 -0.471428892175361 -0.425730685356753 -0.372971713053657 -0.315998243519084 -0.257702740330134 -0.201162448360276 -0.149181714299282 -0.103288510805773 -0.0646939754535316 -0.0346182795081406 -0.0136148706112244 0.000438731783229712 0.0103339902681434
-1.04607846677747 -1.00567350094618 -0.965327657599365 -0.925108536453774 -0.885106289232842 -0.845409988599549 -0.806081838968326 -0.767164461815669 -0.728649015114902 -0.690513792554283 -0.652737094185002 -0.615297221648981 -0.578168798409812 -0.541311735217767 -0.504683415629767 -0.468245827142646 -0.431980835587159 -0.395945216189833 -0.360214130932561 -0.324861379422916 -0.289960420674891 -0.255565343119103 -0.221652752852672 -0.188173086120611 -0.155049582093014 -0.122194160196724 -0.0895006579605211 -0.0568723042892011 -0.0242679754896865 0.00833954028056816
-0.923600811334474 -0.893286087185622 -0.862971363177829 -0.832656639412917 -0.802341915898986 -0.772027192581234 -0.741712469246975 -0.71139774563204 -0.68108302142421 -0.650768296327591 -0.62045357015966 -0.590138842766234 -0.559824114050264 -0.529509384143238 -0.499194653171992 -0.468879921016222 -0.438565187500501 -0.408250452476053 -0.377935715851861 -0.347620977741296 -0.317306238308822 -0.286991497719829 -0.256676756143404 -0.226362013757219 -0.196047270769606 -0.165732527380368 -0.135417783724553 -0.105103039909392 -0.0747882959955923 -0.04447355203223
-0.955453943398764 -0.922562482586804 -0.889671021743962 -0.856779560830501 -0.8238880997716 -0.790996638468777 -0.758105176763975 -0.725213714517493 -0.692322251722625 -0.659430788390443 -0.626539324470116 -0.59364785989534 -0.560756394588784 -0.52786492842901 -0.494973461298278 -0.462081993137769 -0.429190523933746 -0.39629905379391 -0.36340758286298 -0.330516111312342 -0.297624639320044 -0.26473316702231 -0.231841694388071 -0.198950221377953 -0.166058748086671 -0.133167274615692 -0.100275800959394 -0.0673843271041955 -0.0344928531117759 -0.00160137906262828
0.999044968500536 0.964731896816134 0.930418825189938 0.896105753652256 0.861792682213751 0.827479610873942 0.793166539607415 0.758853468373957 0.724540397099074 0.690227325726917 0.655914254310509 0.621601182930087 0.587288111681761 0.552975040725121 0.518661970224698 0.484348900301291 0.450035831047492 0.415722762486792 0.381409694614774 0.347096627384508 0.312783560738429 0.27847049462858 0.244157429045418 0.209844363973049 0.175531299331771 0.141218235028031 0.106905170976671 0.0725921071000492 0.0382790433421769 0.0039659796524786
-0.990612739287351 -0.955238606285776 -0.919864473409265 -0.884490340717141 -0.849116208107751 -0.813742075449363 -0.778367942650903 -0.742993809671966 -0.70761967663416 -0.672245543689908 -0.636871410952884 -0.601497278527071 -0.566123146500719 -0.530749014899136 -0.495374883760718 -0.460000753239148 -0.424626623521089 -0.389252494809838 -0.35387836726653 -0.318504240867042 -0.283130115540932 -0.24775599120079 -0.212381867691331 -0.17700774484959 -0.141633622549754 -0.106259500669864 -0.070885379066223 -0.0355112576082923 -0.000137136239898538 0.0352369850765397
-0.995518935730108 -0.962551167737379 -0.929584662420279 -0.896620145852832 -0.863657875013664 -0.830697853314265 -0.797739538992987 -0.764782640404917 -0.731828411545236 -0.698878545555477 -0.665934946522491 -0.632999571269459 -0.600074658327709 -0.56716357306115 -0.534269863604029 -0.501396682339353 -0.468546477167776 -0.43571927381177 -0.402913967619566 -0.37012735462061 -0.337355706014648 -0.304595609497806 -0.271844918751709 -0.239102074824868 -0.206366602247834 -0.173638176628037 -0.140915994398399 -0.108198970921936 -0.0754853764565629 -0.0427733199839201
-1.02125912997445 -0.985509675138443 -0.949739422539866 -0.913931271076439 -0.878081040679534 -0.842190889617541 -0.806275408473296 -0.770354216347589 -0.734454614098585 -0.69861712872359 -0.662927510019095 -0.627482813481386 -0.592378573813957 -0.557704242549112 -0.523530964653867 -0.489862742005243 -0.456677662391564 -0.423917300336325 -0.391525465000026 -0.359491417355992 -0.327815781330756 -0.29649093454336 -0.265476269382882 -0.234719192998052 -0.204152156806155 -0.173705842663988 -0.143318809917841 -0.112942333611769 -0.0825706740914093 -0.0522088380277932
-1.05734476500582 -1.01920443192929 -0.981064098878484 -0.942923765873047 -0.904783432898019 -0.866643099934373 -0.828502766981482 -0.790362434049023 -0.752222101169489 -0.714081768363268 -0.675941435579499 -0.637801102749511 -0.599660769811693 -0.56152043673267 -0.523380103483597 -0.485239770025496 -0.447099436298999 -0.408959102173298 -0.370818767532125 -0.332678432388794 -0.294538096789017 -0.256397760764695 -0.218257424292482 -0.180117087336282 -0.141976749864256 -0.103836411862444 -0.0656960733841501 -0.0275557345103167 0.0105846046348306 0.0487249439162454
-1.02156615450666 -0.985179447324212 -0.94879274032253 -0.91240603365604 -0.876019327441694 -0.839632621773747 -0.803245916693145 -0.766859212225159 -0.730472508385653 -0.694085805182715 -0.657699102602743 -0.62131240062671 -0.584925699234669 -0.548538998402991 -0.512152298103543 -0.475765598293848 -0.439378898911454 -0.402992199828327 -0.366605500928729 -0.330218802211662 -0.293832103704814 -0.257445405425382 -0.221058707348604 -0.184672009422839 -0.148285311530901 -0.111898613553299 -0.0755119154268705 -0.0391252171234265 -0.00273851869834491 0.0336481797721053
-1.07963995744361 -0.888900809691822 -1.05048094315109 -0.955062488959936 -0.772454080876198 -0.772656044647928 -0.847308971364748 -0.838025238981398 -0.764664107571538 -0.683240146574573 -0.616142280773978 -0.577353023789247 -0.574227021066546 -0.587607445358736 -0.592285081512598 -0.565352635443889 -0.497208466206514 -0.429171624337957 -0.400110478927478 -0.388169981787841 -0.356314230412685 -0.286085225794808 -0.233336582923652 -0.244519438325192 -0.254163400674911 -0.198447690512741 -0.132071503686914 -0.111561604040407 -0.0822350520868704 0.038393517492375
-1.01110049989408 -0.973805885477478 -0.93650112595939 -0.899181003525783 -0.861865571408275 -0.824585962762653 -0.787392359395727 -0.750335670822912 -0.713450668743016 -0.676763024753563 -0.640278147863534 -0.603996381434778 -0.567920364525909 -0.532061918982617 -0.496432426195539 -0.461032322948019 -0.425859506645976 -0.39091266179292 -0.35618538436428 -0.32165012912559 -0.28727406553991 -0.253024004322034 -0.218865321193685 -0.184767489647769 -0.150717809254973 -0.116702997533721 -0.0826896177155882 -0.0486480385760225 -0.0145840053528081 0.0194878926006873
-1.00410023121236 -0.96858232643658 -0.93306442168745 -0.897546516938389 -0.862028612103145 -0.826510707088656 -0.790992801834292 -0.755474896278763 -0.719956990325713 -0.684439083871543 -0.648921176818756 -0.613403269071385 -0.577885360567656 -0.542367451382581 -0.506849541646033 -0.471331631570541 -0.435813721385303 -0.400295811303541 -0.364777901496993 -0.329259991987446 -0.293742082759198 -0.258224173784316 -0.222706264985932 -0.187188356296889 -0.15167044773779 -0.116152539331536 -0.0806346310224526 -0.0451167227430305 -0.00959881445698945 0.0259190938641434
-1.04518129057299 -1.00758134821103 -0.969981405775744 -0.932381463192681 -0.89478152041247 -0.857181577393498 -0.819581634100142 -0.781981690481005 -0.744381746415594 -0.706781801801307 -0.669181856676206 -0.63158191111352 -0.593981965208977 -0.556382019148302 -0.518782073116678 -0.481182127207124 -0.443582181509212 -0.405982236190907 -0.368382291413278 -0.33078234723144 -0.293182403674017 -0.255582460740263 -0.217982518311936 -0.180382576249734 -0.14278263444759 -0.105182692799769 -0.0675827511686221 -0.0299828094390447 0.00761713238197737 0.0452170742569356
-0.984598001585502 -0.951045343212174 -0.91749268486175 -0.883940026527929 -0.850387368097988 -0.816834709430148 -0.783282050372852 -0.749729390819802 -0.716176730855528 -0.682624070578529 -0.649071409952355 -0.615518748906821 -0.581966087346347 -0.548413425073787 -0.514860761890668 -0.481308097694773 -0.44775543241421 -0.414202766002135 -0.380650098458635 -0.34709742994648 -0.313544760669111 -0.27999209083979 -0.24643942071106 -0.212886750518642 -0.17933408039168 -0.145781410400315 -0.112228740485252 -0.0786760705727665 -0.0451234006608476 -0.0115707307654142
-1.02471646994732 -0.9664055008275 -0.912486581355131 -0.86016727377736 -0.810743790976391 -0.765396886844089 -0.720756828675884 -0.675124441100606 -0.6380332646771 -0.618246312086612 -0.610211768569985 -0.604799112507961 -0.593972332083331 -0.574073454687091 -0.543145351239204 -0.501656227567315 -0.453118542723674 -0.410796433751276 -0.385686764082965 -0.369965624720217 -0.35110391355667 -0.318250936461347 -0.267269631204821 -0.199166752009364 -0.12881068700251 -0.0720655250476577 -0.0349165240464202 -0.0193137491102548 -0.0209453251517884 -0.0339338920339402
-1.00838251228066 -0.974054703993482 -0.939726895805052 -0.905399087773157 -0.871071279867208 -0.836743472036924 -0.802415664241621 -0.768087856446122 -0.733760048627671 -0.699432240775345 -0.66510443291314 -0.630776625073781 -0.59644881725304 -0.562121009298873 -0.527793201037043 -0.493465392352348 -0.459137583165396 -0.424809773480982 -0.390481963329764 -0.356154152761655 -0.321826341831383 -0.287498530598898 -0.25317071914504 -0.218842907552346 -0.184515095889255 -0.150187284218904 -0.115859472597324 -0.081531661067221 -0.0472038496251296 -0.0128760382560386
-1.03241859180881 -0.985726382991481 -0.939678483286528 -0.893513218458066 -0.8498012342396 -0.811700204426529 -0.78138359509245 -0.759215415501866 -0.739306055404714 -0.715531409406971 -0.687083011053358 -0.65448130362328 -0.61846363454813 -0.580634967867255 -0.543083138385299 -0.50895984736016 -0.479816596389229 -0.449740221974628 -0.412512603729531 -0.368160458806596 -0.31827171374335 -0.265097142647763 -0.21353890990958 -0.168463344217408 -0.131942041173531 -0.105438856473319 -0.0907814192708088 -0.0887974882205037 -0.0959515665201025 -0.107617343503103
-1.02095294541956 -0.985293548138925 -0.949635853274689 -0.913980385018476 -0.878333323367573 -0.842703207224199 -0.807102355304636 -0.771542738647559 -0.736031157767167 -0.700572271946273 -0.665167346066624 -0.629816796409703 -0.594520841271479 -0.559278907005872 -0.524090226651487 -0.488954051927688 -0.453869283353077 -0.418833397962415 -0.383842811009571 -0.348891114108698 -0.313971192964013 -0.279075808476272 -0.244197222332376 -0.209328136827996 -0.174463515907756 -0.139598748116963 -0.104728658754701 -0.0698493852994252 -0.0349628771932897 -7.25368693714636e-05
-1.0484174110591 -1.01416762791978 -0.979917844742177 -0.945668061447945 -0.91141827796464 -0.877168494228948 -0.842918710208153 -0.808668925877262 -0.774419141211604 -0.740169356202695 -0.70591957090648 -0.671669785395014 -0.637419999751707 -0.603170214105397 -0.568920428604234 -0.534670643428194 -0.500420858764008 -0.466171074793608 -0.431921291664044 -0.397671509387636 -0.363421727943018 -0.32917194731304 -0.2949221674974 -0.260672388469067 -0.226422610077239 -0.192172832140907 -0.157923054481992 -0.123673276942129 -0.0894234994388814 -0.0551737219087937
0.965679408236326 0.938162609782444 0.910585660796937 0.882860427293768 0.854838333427918 0.8263798933971 0.797442423428922 0.767988276285697 0.737903148838656 0.707074327890249 0.675472115858896 0.643087569067011 0.609915702994775 0.575967369753455 0.541266117289791 0.505870440261326 0.469839227928483 0.433198001252395 0.395968246658949 0.358188680732325 0.319902327596281 0.281161789288419 0.24205797950172 0.202688423452333 0.163138780793688 0.123499375381549 0.0838910534437369 0.0444134076668622 0.00505049420062684 -0.0342425149394935
-0.991172413587973 -0.956876574181629 -0.922580734616462 -0.888284894722687 -0.85398905439125 -0.81969321354626 -0.785397372183726 -0.751101530291526 -0.716805687753116 -0.682509844431843 -0.648214000215053 -0.61391815499609 -0.579622308721646 -0.5453264615518 -0.511030613625312 -0.476734764782277 -0.442438914816064 -0.408143063631807 -0.373847211156534 -0.339551357293073 -0.305255501938202 -0.270959645014342 -0.236663786546479 -0.202367926607309 -0.168072065357796 -0.133776203006855 -0.0994803398669177 -0.0651844762482915 -0.030888612349265 0.00340725165987799
-0.986450682892956 -0.953465305624941 -0.92047992833918 -0.887494551000266 -0.854509173532625 -0.821523795867916 -0.788538418006855 -0.755553039965103 -0.722567661749037 -0.689582283356636 -0.65659690476157 -0.623611525931433 -0.590626146812412 -0.557640767265061 -0.524655387158407 -0.491670006481004 -0.458684625278531 -0.425699243705651 -0.392713861937832 -0.35972848012478 -0.326743098409764 -0.293757716928574 -0.26077233578711 -0.227786955075142 -0.194801574847825 -0.161816195121142 -0.128830815788989 -0.0958454367208119 -0.0628600578103284 -0.0298746789573243
-1.03610425436369 -1.00069393821806 -0.965283622087315 -0.929873305964685 -0.894462989824318 -0.859052673634907 -0.823642357362427 -0.788232040948363 -0.752821724238963 -0.71741140708203 -0.682001089426809 -0.646590771247909 -0.611180452533715 -0.575770133327719 -0.540359813684107 -0.504949493644748 -0.469539173260071 -0.434128852627049 -0.39871853184489 -0.363308210975194 -0.327897890070158 -0.292487569194024 -0.257077248459217 -0.221666927949422 -0.186256607585195 -0.150846287272303 -0.115435967020481 -0.080025646852786 -0.0446153267415749 -0.00920500664653122
0.965114769209074 0.933209842280095 0.901304915270058 0.869399988126685 0.837495060853359 0.805590133467522 0.773685205987184 0.741780278416402 0.70987535070285 0.677970422791967 0.646065494676659 0.614160566361695 0.582255637846214 0.550350709106824 0.518445780112545 0.486540850824558 0.45463592123935 0.422730991502462 0.390826061781257 0.358921132181333 0.327016202792845 0.295111273680257 0.263206344805251 0.231301416104554 0.199396487517829 0.167491558997895 0.135586630547259 0.103681702177319 0.0717767738853432 0.0398718456650706
-0.990216822703935 -0.957214580467637 -0.924212338218662 -0.891210095950277 -0.858207853665317 -0.825205611379567 -0.792203369151062 -0.759201127050394 -0.726198885156134 -0.693196643530261 -0.660194402160409 -0.627192161015627 -0.594189920047849 -0.561187679140567 -0.528185438158338 -0.495183196958443 -0.462180955398193 -0.429178713342313 -0.396176470684789 -0.363174227429242 -0.330171983606705 -0.297169739275602 -0.264167494603923 -0.231165249761398 -0.198163004815139 -0.165160759783575 -0.132158514593033 -0.0991562691807702 -0.0661540236198785 -0.0331517780174094
-0.958652422077516 -0.934180360054703 -0.904969678346941 -0.867426523834447 -0.823393641287529 -0.77671408186748 -0.733795524409471 -0.699587084018979 -0.670638993208836 -0.642181071975714 -0.612560372844306 -0.58090325647131 -0.546485646923312 -0.509181721906455 -0.469767377353358 -0.432027128462988 -0.399694120479669 -0.373287399562811 -0.352200648041246 -0.334540192006397 -0.318090518490335 -0.300359076497251 -0.277745162919811 -0.246819994618216 -0.205950620434314 -0.154819006594539 -0.0965709568820144 -0.0346853176421058 0.0294907320875426 0.095142930096217
-0.969807809309879 -0.937580805070166 -0.905353800939033 -0.873126797033187 -0.840899793479025 -0.808672790404278 -0.776445787932313 -0.744218786177069 -0.711991785219139 -0.679764785108351 -0.647537785804838 -0.615310787246308 -0.583083789375957 -0.550856792158938 -0.518629795553088 -0.486402799465034 -0.45417580380125 -0.4219488085188 -0.389721813592273 -0.357494819015751 -0.325267824788191 -0.293040830930151 -0.2608138375486 -0.228586844742364 -0.196359852491294 -0.16413286073586 -0.131905869377988 -0.0996788783111858 -0.0674518874338147 -0.0352248966454508
-1.01977132072938 -0.984156123878665 -0.948542572266939 -0.912931750122332 -0.877313931585362 -0.841675493924851 -0.805998037010464 -0.770264500428986 -0.734467960034844 -0.698604109969119 -0.662668981251852 -0.626658689122826 -0.590570136994476 -0.55440338096984 -0.518157367156849 -0.481823448992402 -0.445392116263181 -0.408857996826032 -0.372219085026922 -0.335482703098156 -0.298658505243615 -0.261756578673749 -0.224788742625257 -0.187766858410803 -0.150701223620672 -0.113600531642018 -0.0764686227718652 -0.0393096115727134 -0.00213356275909334 0.0350479714164567
-0.984706658720731 -0.950356326808271 -0.916005994928212 -0.881655663094815 -0.847305331297006 -0.812954999530133 -0.778604667840593 -0.744254336245585 -0.709904004594499 -0.675553672710088 -0.64120334047639 -0.606853007792763 -0.572502674557103 -0.538152340661466 -0.503802006011677 -0.469451670574478 -0.435101334319629 -0.400750997168037 -0.366400659057758 -0.332050320044304 -0.297699980212548 -0.263349639668616 -0.228999298603647 -0.194648957200504 -0.160298615523949 -0.12594827360238 -0.0915979314368348 -0.0572475890348217 -0.0228972464570825 0.0114530962223321
-0.992292019674718 -0.958799614735628 -0.920463218879905 -0.883121799370962 -0.833641210792229 -0.764570621550003 -0.710165568022025 -0.701613020465785 -0.716119316686314 -0.721815431816045 -0.704511522749469 -0.654437541821592 -0.571354291125257 -0.493145971784656 -0.455550519380778 -0.447597408290439 -0.447266852753032 -0.435050487662417 -0.396857026891337 -0.3377520795736 -0.267590478658281 -0.197057515166351 -0.140160312406379 -0.111006511421244 -0.120783991903491 -0.168098259063626 -0.204145081534335 -0.182947556607965 -0.117247832793317 -0.0344678214033036
-1.04605162987025 -0.961612127894601 -0.890746304986568 -0.837659373175811 -0.794447386529544 -0.753085618262839 -0.71717537614465 -0.690947321836132 -0.669523498013375 -0.646497816445338 -0.618460284257524 -0.582749932414573 -0.538118113380694 -0.488965465618374 -0.441329999365064 -0.402149925959804 -0.3774840582743 -0.368973414209348 -0.374481802877627 -0.381181993210279 -0.373573994093058 -0.339880486661293 -0.283214841048597 -0.212930228723963 -0.14844833749962 -0.107684545548489 -0.092460476143056 -0.0993811310651521 -0.120278781034451 -0.145792514005084
-0.95038379975719 -0.93595511628977 -0.922869472287734 -0.910118054402117 -0.895662312742787 -0.877448766294339 -0.854393946081445 -0.825688556725697 -0.790649985196278 -0.748972160781534 -0.70172849969886 -0.650337289897915 -0.596322514776042 -0.541630939521339 -0.488495535194517 -0.439871314556012 -0.39849862302969 -0.365537094993416 -0.341167005562669 -0.323231903849396 -0.30899115746466 -0.295752923073367 -0.281020513555797 -0.262176413831783 -0.235924640763984 -0.199509133627498 -0.153011989404343 -0.097672404233389 -0.0365198131740154 0.0269687889842741
1.00346485843632 0.96816350828547 0.932862158113331 0.897560807907357 0.862259457562909 0.826958106974297 0.791656756123729 0.756355405020019 0.721054053690523 0.685752702165237 0.650451350466197 0.615149998613448 0.579848646638581 0.544547294619381 0.509245942617671 0.473944590585232 0.438643238453848 0.403341886185365 0.368040533771218 0.332739181291163 0.297437828847032 0.26213647654033 0.226835124471253 0.191533772728871 0.156232421359058 0.120931070389007 0.0856297198143745 0.0503283696032245 0.0150270196447803 -0.0202743301914444
-0.976032654074419 -0.943096863578071 -0.910161073075331 -0.877225282535491 -0.844289491918877 -0.811353701226163 -0.778417910628387 -0.745482120305956 -0.712546330306377 -0.679610540636431 -0.646674751272892 -0.613738962185033 -0.580803173344526 -0.547867384732643 -0.514931596348586 -0.481995808253692 -0.449060020508661 -0.416124233109496 -0.383188446049628 -0.350252659376885 -0.317316873152697 -0.284381087410159 -0.251445302069028 -0.218509517009561 -0.185573732067361 -0.152637947080279 -0.119702161939833 -0.0867663765818299 -0.0538305910655575 -0.0208948054811744
-1.11227756237769 -1.04117303921195 -0.975611160696672 -0.924923797603212 -0.873738567021707 -0.809261573885289 -0.753717128180323 -0.728965518300884 -0.720392741218636 -0.708349338027816 -0.689518317735359 -0.664665806326373 -0.634479567108291 -0.599333912677845 -0.561591472226022 -0.531881592031536 -0.515945419172326 -0.491704586835495 -0.437498111461283 -0.361154056393322 -0.277872746701087 -0.203514386383812 -0.156578695159753 -0.148794093593057 -0.162164289912417 -0.172333353767815 -0.159231512829854 -0.11020224440136 -0.0379558662934529 0.0384555935556779
-1.00700649635625 -0.971197685902848 -0.935388875455241 -0.899580065036635 -0.863771254646877 -0.82796244426199 -0.792153633786039 -0.756344823115989 -0.720536012192371 -0.684727200972597 -0.648918389438031 -0.613109577576027 -0.577300765390308 -0.541491952950086 -0.50568314029695 -0.469874327296515 -0.43406551377104 -0.398256699545333 -0.362447884476141 -0.326639068545419 -0.290830251766424 -0.255021434153521 -0.219212615725516 -0.183403796507364 -0.147594976544193 -0.111786155897073 -0.0759773346706822 -0.0401685129904566 -0.00435969102124931 0.0314491310622315
-0.952074999539853 -0.919751707733493 -0.887428415828501 -0.855105123757106 -0.822781831503759 -0.790458539079171 -0.75813524654686 -0.725811953964896 -0.693488661316717 -0.661165368537572 -0.628842075444557 -0.596518781825233 -0.564195487476845 -0.531872192235371 -0.499548895982508 -0.467225598744086 -0.434902300609915 -0.402579001781598 -0.370255702472862 -0.337932402834139 -0.305609103000036 -0.273285803081754 -0.240962503096877 -0.208639203060506 -0.176315903071444 -0.143992603239783 -0.111669303637052 -0.0793460042992494 -0.0470227051587998 -0.0146994061222337
-1.02689816991334 -0.990712100838857 -0.954526031794912 -0.918339962770668 -0.882153893662838 -0.845967824352889 -0.809781754753762 -0.773595684815631 -0.737409614606145 -0.701223544210255 -0.665037473664641 -0.628851402993917 -0.592665332196156 -0.556479261163264 -0.520293189788877 -0.484107118079696 -0.447921046066407 -0.411734973762566 -0.375548901183246 -0.339362828366719 -0.303176755357058 -0.266990682176882 -0.230804608762995 -0.194618535025204 -0.158432460851154 -0.122246386159011 -0.0860603110111786 -0.0498742355151053 -0.0136881598141561 0.0224979159393237
-0.975042933667985 -0.942496730212174 -0.909950526674557 -0.877404322931031 -0.844858118865614 -0.812311914382596 -0.779765709459214 -0.747219504064836 -0.714673298064395 -0.682127091310828 -0.649580883713528 -0.617034675195999 -0.584488465713863 -0.551942255351202 -0.519396044201801 -0.486849832269798 -0.454303619543551 -0.421757406037943 -0.389211191784882 -0.356664976857862 -0.324118761340777 -0.291572545324697 -0.259026328929412 -0.226480112258976 -0.193933895325794 -0.161387678140979 -0.128841460802101 -0.0962952434126509 -0.0637490260133178 -0.031202808629092
-1.03109878794184 -0.994984763927196 -0.958861607860171 -0.922727815125373 -0.886594641794055 -0.850478301608596 -0.81440207830923 -0.778394058218342 -0.742494467989055 -0.706745977131854 -0.671188886255928 -0.635862903745143 -0.600800089924602 -0.566001912884365 -0.531459452716588 -0.497152829756881 -0.463059556393118 -0.429157672978779 -0.395422434847034 -0.361817429284216 -0.328303326564943 -0.294844215088135 -0.261417855749902 -0.228009207574939 -0.194618349605062 -0.161251424653184 -0.127923710599467 -0.0946479484302138 -0.0614175964890152 -0.0282212924587864
-0.998552343847386 -0.96412726200587 -0.929702180282363 -0.895277098793905 -0.860852017605506 -0.826426936752312 -0.792001856202038 -0.757576775875505 -0.723151695573408 -0.688726615072165 -0.654301534171238 -0.619876452675846 -0.585451370423176 -0.551026287378279 -0.516601203510084 -0.482176118675177 -0.447751032740731 -0.413325945728605 -0.378900857716696 -0.344475768852348 -0.310050679300268 -0.275625589195062 -0.241200498550939 -0.206775407361968 -0.172350315662058 -0.137925223501899 -0.103500130959446 -0.0690750381209508 -0.0346499450785616 -0.00022485192590304
-1.02562941317233 -0.996879133091847 -0.964690808278567 -0.928891229681172 -0.885125442935211 -0.831483126964862 -0.780014239161945 -0.741850001205617 -0.710486413456727 -0.676740351554943 -0.638347413573521 -0.59477287819411 -0.546399387996304 -0.497279041151479 -0.452210217092969 -0.415306964710175 -0.389866291529918 -0.376601370172611 -0.373462071857364 -0.369928897104468 -0.353365003759512 -0.315200112855607 -0.263130198175944 -0.208647301697553 -0.162161485422729 -0.131200156480759 -0.112842082483653 -0.102128970210253 -0.0964029226240332 -0.0935811417346205
-0.998626788377311 -0.967976193530665 -0.937255219512131 -0.906338650880502 -0.874411641213109 -0.84059540690316 -0.804445046588797 -0.76579582605317 -0.72516979741451 -0.68322140144083 -0.640447847164213 -0.597307035682754 -0.554229325058094 -0.51153490120605 -0.469468260371723 -0.428081312263164 -0.387466322194339 -0.348069564439919 -0.31033150159386 -0.274315340566568 -0.23998997434756 -0.207383876451885 -0.176763842496728 -0.148379567217144 -0.122174019717555 -0.0979392719959364 -0.0751705332551134 -0.0533323963292814 -0.0320638513732661 -0.0110474878720512
-1.00173408410424 -0.967464396299538 -0.933194708444782 -0.898925020514206 -0.864655332457846 -0.830385644209624 -0.796115955663195 -0.761846266731261 -0.727576577442967 -0.693306887852727 -0.659037197999588 -0.624767507918752 -0.590497817636782 -0.556228127145671 -0.521958436421904 -0.487688745414492 -0.453419054030462 -0.419149362036368 -0.384879669186052 -0.350609975322974 -0.316340280312998 -0.28207058407383 -0.247800886730546 -0.213531188453877 -0.179261489389794 -0.144991789692652 -0.1107220895751 -0.076452389239544 -0.0421826887891372 -0.00791298830221733
0.993381231946963 0.961084774033969 0.928796947621488 0.896530464174264 0.864293249870935 0.832081515890785 0.799849398701802 0.767540951591266 0.735101969834951 0.702480380658507 0.669630897098608 0.636509928644684 0.603085408255 0.569371362763172 0.535390520827393 0.501154324528804 0.46667635998176 0.431990076010519 0.397133206330275 0.362140761510074 0.327047071332425 0.291878531835828 0.256629804082754 0.221289314922352 0.185852289326522 0.150321975422136 0.114726915833187 0.0790983904836963 0.043453334000674 0.00780509468687494
-0.953743411701643 -0.920776622873735 -0.88780983405757 -0.854843045296071 -0.821876256656679 -0.788909468211735 -0.755942680028671 -0.722975892150571 -0.690009104528044 -0.65704231709198 -0.624075529786871 -0.591108742560607 -0.558141955375899 -0.525175168254749 -0.4922083812173 -0.459241594216977 -0.426274807181232 -0.393308020000347 -0.360341232581031 -0.32737444493287 -0.294407657091171 -0.261440869109745 -0.228474081116431 -0.195507293235433 -0.162540505502415 -0.12957371791306 -0.0966069303916842 -0.0636401428620324 -0.0306733553169376 0.00229343223349571
-1.0064798947298 -0.971980033623963 -0.937480172507801 -0.902980311317975 -0.868480449933807 -0.83398058824668 -0.799480726253551 -0.764980864009759 -0.730481001698616 -0.695981139533247 -0.661481277718061 -0.626981416455286 -0.592481555920771 -0.557981696184856 -0.523481837270546 -0.488981979117008 -0.454482121673824 -0.419982265016044 -0.385482409222069 -0.350982554258225 -0.31648270006282 -0.281982846548344 -0.247482993524015 -0.212983140781936 -0.178483288149029 -0.143983435478463 -0.109483582693587 -0.0749837297536031 -0.0404838766909379 -0.00598402355632598
-1.04041354465231 -1.00266558368381 -0.964959828425242 -0.927338726118964 -0.889821192250336 -0.852423205599083 -0.815172529879359 -0.778097153391259 -0.741214177844215 -0.704539663556135 -0.668096391869502 -0.631908824382945 -0.59600332169464 -0.560413840400962 -0.525166079620575 -0.490245112563117 -0.455627754457669 -0.421298414520123 -0.387235439431837 -0.353385331749227 -0.319686632997473 -0.28608124433973 -0.252524505491051 -0.218975469659371 -0.18539460547226 -0.151751922613154 -0.118054179569341 -0.0843179898880682 -0.0505626385525768 -0.0168080784051063
-0.975581096527093 -0.941826326400443 -0.908071556158057 -0.874316785710323 -0.840562015019831 -0.806807244074027 -0.77305247290756 -0.739297701550482 -0.705542929967253 -0.671788158124786 -0.63803338606539 -0.604278613850226 -0.570523841545245 -0.536769069235578 -0.503014296994971 -0.469259524832461 -0.435504752733879 -0.401749980656956 -0.367995208575375 -0.334240436554742 -0.300485664683642 -0.266730893071322 -0.232976121909667 -0.19922135138363 -0.165466581567802 -0.131711812473641 -0.0979570439704418 -0.0642022758916409 -0.0304475080693938 0.00330725966446325
-0.933069980822522 -0.902021374421451 -0.870972768083272 -0.839924161859535 -0.808875555752516 -0.777826949742106 -0.746778343767928 -0.715729737777878 -0.684681131793208 -0.65363252586254 -0.622583920070642 -0.591535314511316 -0.560486709241521 -0.529438104170833 -0.498389499163616 -0.467340894050752 -0.436292288677341 -0.405243682978829 -0.374195076925162 -0.343146470533937 -0.312097863834662 -0.281049256852456 -0.250000649594875 -0.218952042077974 -0.187903434369363 -0.156854826541893 -0.125806218637825 -0.0947576106875981 -0.063709002704951 -0.0326603946994482
-1.00271975161326 -0.969099431498042 -0.935479111383838 -0.901858791219247 -0.868238470886546 -0.834618150252629 -0.800997829189191 -0.76737750757791 -0.733757185335622 -0.700136862368056 -0.666516538501359 -0.632896213541787 -0.599275887311775 -0.565655559698491 -0.532035230634153 -0.498414900166457 -0.464794568382612 -0.431174235412409 -0.397553901414796 -0.36393356662275 -0.330313231287754 -0.296692895640173 -0.263072559825877 -0.229452223977832 -0.195831888261872 -0.162211552815047 -0.128591217626405 -0.0949708826443455 -0.0613505478026676 -0.0277302130315225
-1.03826850032023 -1.00289387036634 -0.967519240422243 -0.932144610443048 -0.896769980286175 -0.86139534979984 -0.826020718893158 -0.790646087473809 -0.755271455382838 -0.71989682248813 -0.684522188831546 -0.649147554498443 -0.613772919611509 -0.57839828444277 -0.543023649271831 -0.507649014259283 -0.472274379538435 -0.436899745252476 -0.401525111540023 -0.366150478511526 -0.330775846270393 -0.295401214889689 -0.260026584321103 -0.224651954468606 -0.189277325166668 -0.153902696242784 -0.118528067566066 -0.0831534390311837 -0.0477788105934417 -0.0124041822233022
-1.02451062389529 -0.988770027220792 -0.953029430333639 -0.917288833023728 -0.881548235204914 -0.845807636790535 -0.810067037567912 -0.774326437304782 -0.738585835816561 -0.702845232964261 -0.667104628743602 -0.631364023183977 -0.595623416331615 -0.559882808300076 -0.524142199228865 -0.488401589293933 -0.452660978662726 -0.41692036743222 -0.381179755662741 -0.345439143338501 -0.309698530424681 -0.273957916916978 -0.238217302933157 -0.202476688604994 -0.166736073998259 -0.13099545916443 -0.0952548441638191 -0.0595142290534694 -0.0237736138685017 0.0119670013614435
-1.03459527460102 -0.99567563183624 -0.956770206793976 -0.9179109121094 -0.879134695720067 -0.840480272552334 -0.801988390185375 -0.763693509306812 -0.725602910385247 -0.687718283966959 -0.650046141127958 -0.612594198076692 -0.575378378245489 -0.538447433962224 -0.501867239694296 -0.465739329571679 -0.430152510538972 -0.395109021136712 -0.360586547908475 -0.326551137814064 -0.292965927917338 -0.259800525037678 -0.22705041501654 -0.194707505223685 -0.162723510120004 -0.131043614938324 -0.0996270809080864 -0.0684289230999434 -0.0373730959527685 -0.0063757887474918
-0.960911143536826 -0.92737132524424 -0.893831506892461 -0.860291688386113 -0.826751869637064 -0.793212050551277 -0.759672231003836 -0.726132410870547 -0.692592590060968 -0.659052768510462 -0.625512946223848 -0.591973123223308 -0.558433299545026 -0.524893475281181 -0.491353650507936 -0.457813825181391 -0.424273999236924 -0.390734172647078 -0.357194345410836 -0.323654517595757 -0.290114689286549 -0.256574860570876 -0.223035031548247 -0.189495202296534 -0.155955372795236 -0.122415543009638 -0.0888757129465417 -0.0553358826369779 -0.021796052167367 0.0117437783620224
-1.04478794705114 -0.993377297178294 -0.942408058272283 -0.892258270260715 -0.843678481896248 -0.797464318783767 -0.754219205112016 -0.714329994994064 -0.677509463656417 -0.64328413649196 -0.611109618445663 -0.58042378435052 -0.550723103329547 -0.521738421665855 -0.493245081811711 -0.464962033735902 -0.43660963295028 -0.407970249622445 -0.378950673072703 -0.349893354576437 -0.321249660897801 -0.293328393937709 -0.265868096144119 -0.2384840929597 -0.210869101258933 -0.182734233464002 -0.153786792756104 -0.123857666517494 -0.0932758881756635 -0.0624950276694101
-0.956354419170195 -0.924037094873588 -0.89171977058363 -0.859402446327658 -0.82708512209176 -0.79476779784699 -0.762450473545527 -0.730133149125047 -0.697815824484109 -0.665498499518333 -0.633181174150716 -0.6008638483111 -0.568546521943816 -0.536229195051155 -0.503911867639022 -0.471594539669819 -0.439277211115675 -0.40695988203113 -0.374642552491133 -0.342325222569875 -0.310007892341355 -0.27769056189812 -0.245373231406912 -0.213055901045584 -0.180738570962257 -0.148421241262393 -0.11610391191056 -0.0837865828329564 -0.051469253943186 -0.019151925151706
-0.983527775515943 -0.950922015950369 -0.918309489761601 -0.885681802792962 -0.853031581800956 -0.820352916733835 -0.787644729393685 -0.754906570504174 -0.722135674621485 -0.689329003085288 -0.656484740536678 -0.623601377442111 -0.590678312195667 -0.557718574901937 -0.524725928755247 -0.491703437598377 -0.458654047891251 -0.425580935913932 -0.392487120835928 -0.359374763564393 -0.326245810440894 -0.2931011427475 -0.259937381528293 -0.226751623563642 -0.193547128817047 -0.16032870056003 -0.127101152113083 -0.0938688296097689 -0.0606342003869671 -0.0273992620823871
-1.01720165578537 -0.97447572336486 -0.93183383192214 -0.889373276023904 -0.847504892326438 -0.806662885379127 -0.767061389214144 -0.728794437758867 -0.691695735038685 -0.655574660347828 -0.620403623957862 -0.586195793884687 -0.553037887971526 -0.521310823370888 -0.491349569279686 -0.463011103763169 -0.435987624165171 -0.409790196075549 -0.383911954198069 -0.357955441446122 -0.331550552785506 -0.304391264224885 -0.276427875944387 -0.247690352466516 -0.21827099151181 -0.188280645674591 -0.157842053846282 -0.127070088695073 -0.0960362716991257 -0.0648012865390915
-0.962930760809554 -0.929576496276024 -0.896222231700046 -0.862867967054965 -0.82951370229916 -0.796159437382617 -0.762805172236714 -0.729450906787495 -0.696096640958267 -0.662742374674246 -0.629388107871038 -0.596033840486843 -0.562679572429996 -0.529325303489366 -0.495971033470928 -0.462616762368556 -0.429262490238646 -0.395908217199802 -0.362553943397632 -0.329199669023543 -0.295845394280395 -0.262491119369719 -0.229136844487728 -0.195782569802898 -0.16242829537805 -0.129074021241642 -0.095719747390329 -0.0623654738006227 -0.0290112004002751 0.0043430728951519
-0.999896109419327 -0.96559006771976 -0.931284026013832 -0.89697798424499 -0.862671941853146 -0.828365898103636 -0.794059852066995 -0.759753802860372 -0.725447749982164 -0.691141693087976 -0.65683563208099 -0.622529566926286 -0.588223497710424 -0.553917425005899 -0.519611349415542 -0.48530527117761 -0.450999190413049 -0.41669310713814 -0.382387021376039 -0.34808093328207 -0.313774843044596 -0.279468750958535 -0.245162657745016 -0.210856564149815 -0.176550470591073 -0.142244377344769 -0.10793828444588 -0.0736321918576145 -0.0393260994971215 -0.00502000727003508
-0.944036540034412 -0.912213114854352 -0.880410283695124 -0.848633413624977 -0.816866628755992 -0.78509167546159 -0.753302032116718 -0.721484704663687 -0.689589077312725 -0.657558578178457 -0.62535043272517 -0.592925315754567 -0.560240916052243 -0.527242978339368 -0.493887393651496 -0.460182582346161 -0.426138107248822 -0.39171557173468 -0.356870684973319 -0.321583538762123 -0.285840320555422 -0.249636514991772 -0.213004795446609 -0.175988083899522 -0.138633108009817 -0.100999096704168 -0.0631914782990139 -0.0253111375014473 0.0126054148086012 0.0505377612079902
-0.987579223179316 -0.952674174815686 -0.917769126490256 -0.882864078249262 -0.847959030105052 -0.813053982059088 -0.778148934103191 -0.743243886210033 -0.708338838285323 -0.673433790234905 -0.63852874203212 -0.603623693667185 -0.56871864512897 -0.533813596400951 -0.498908547487409 -0.464003498481226 -0.42909844946342 -0.394193400378968 -0.359288351170668 -0.324383301908655 -0.289478252694894 -0.25457320364439 -0.219668154924296 -0.184763106669588 -0.149858058834369 -0.114953011334634 -0.0800479641148017 -0.0451429171209173 -0.0102378702770978 0.0246671764980212
-1.00106308144801 -0.965363147487382 -0.929663213666579 -0.893963280139076 -0.858263347005997 -0.822563414346938 -0.78686348220776 -0.751163550644989 -0.715463619791563 -0.679763689774163 -0.644063760618029 -0.608363832323039 -0.572663904851682 -0.536963978016872 -0.501264051612688 -0.465564125507425 -0.429864199595302 -0.394164273800007 -0.358464348050843 -0.322764422270103 -0.287064496378328 -0.251364570298436 -0.215664643962848 -0.179964717328453 -0.144264790440491 -0.108564863378887 -0.0728649362739382 -0.0371650092406665 -0.00146508228261685 0.0342348446245354
-0.947105431089876 -1.06110343328249 -0.941173915168117 -0.827431870537882 -0.788677725344455 -0.826867171934462 -0.847891536068777 -0.772249128357641 -0.674930565394493 -0.642022675788417 -0.649504830227862 -0.64582953492112 -0.596025893981603 -0.531429403143207 -0.492574325866316 -0.490483604896779 -0.519135871380641 -0.533843830779253 -0.493751240472677 -0.411991991200497 -0.31519750704218 -0.231759250471037 -0.197108837535764 -0.228327389381809 -0.262053893966254 -0.23307655574095 -0.149222578325184 -0.0450955151871896 0.0106346799764264 -0.0592185465880339
-0.976167318705565 -0.9555408682135 -0.932883156576553 -0.907409574663538 -0.879702945327292 -0.850745988973717 -0.821753584236962 -0.793765089651818 -0.766885625127398 -0.740655193983525 -0.713287571808551 -0.682664977257958 -0.64708901940494 -0.606538868993533 -0.561508725681775 -0.512875343112873 -0.461844108875625 -0.410552392356019 -0.361243316988365 -0.315651040603083 -0.275382479629616 -0.241393355098958 -0.2120346064483 -0.185237547902511 -0.159859774430989 -0.134979364217596 -0.109630047559555 -0.0830820291654352 -0.0555957592758412 -0.0276792495143879
-1.0443815939553 -1.00869940863029 -0.973017223267553 -0.937335037746661 -0.901652851953442 -0.865970665785158 -0.830288479178569 -0.794606292065999 -0.758924104322544 -0.723241915847785 -0.687559726696482 -0.651877536962189 -0.616195346733867 -0.580513156082102 -0.544830965073698 -0.509148773778716 -0.473466582300383 -0.437784390871352 -0.402102199736482 -0.366420009060056 -0.330737818986209 -0.295055629631488 -0.259373441002076 -0.223691253059331 -0.188009065695659 -0.152326878784829 -0.116644692195011 -0.0809625058028652 -0.0452803195246139 -0.00959813328636857
-0.977024940441185 -0.943070150377366 -0.909115360231053 -0.875160569874378 -0.841205779166639 -0.807250987969712 -0.773296196168589 -0.739341403670364 -0.705386610447419 -0.671431816503061 -0.63747702189902 -0.60352222671163 -0.569567431007011 -0.535612634810426 -0.501657838172799 -0.467703041288543 -0.433748244377746 -0.399793447619703 -0.365838651163578 -0.331883855078802 -0.297929059414876 -0.263974264199301 -0.230019469371603 -0.196064674859681 -0.162109880632914 -0.128155086667819 -0.0942002929279857 -0.0602454993666176 -0.0262907059083195 0.00766408752945472
-0.969035509109097 -0.936903131015957 -0.904770752954767 -0.872638374979757 -0.840505997109021 -0.808373619336377 -0.77624124159467 -0.744108863820839 -0.711976486029156 -0.679844108252323 -0.64771173051943 -0.61557935285866 -0.583446975273713 -0.551314597670341 -0.519182219964801 -0.487049842213297 -0.454917464509972 -0.422785086960755 -0.390652709665972 -0.358520332691763 -0.32638795609572 -0.294255579922523 -0.262123204165215 -0.229990828784941 -0.197858453666921 -0.165726078681588 -0.13359370371618 -0.101461328680712 -0.0693289535595085 -0.0371965783554686
-0.978510818998566 -0.945215682874953 -0.911920546684015 -0.878625410356387 -0.84533027387887 -0.812035137256968 -0.778740000514812 -0.745444863674711 -0.712149726733047 -0.678854589697645 -0.645559452648029 -0.612264315681645 -0.578969178899023 -0.545674042413027 -0.51237890632389 -0.479083770668967 -0.445788635466472 -0.412493500720909 -0.379198366427568 -0.345903232558588 -0.312608099080317 -0.279312965949734 -0.246017833086344 -0.212722700406182 -0.179427567848874 -0.146132435364314 -0.112837302919879 -0.0795421704916583 -0.0462470380731153 -0.0129519056620573
-1.08133148926295 -1.04485790729682 -0.976987023572547 -0.889479838590752 -0.819337351417589 -0.798773025325976 -0.815610181850406 -0.843402099698773 -0.843012028011024 -0.786234947285092 -0.701282793018818 -0.630471739460016 -0.598276474059486 -0.557805737079955 -0.467318809509599 -0.377043082426461 -0.34215696243236 -0.345674808134335 -0.356790903267503 -0.36158328007404 -0.350350907922892 -0.316003776563154 -0.261895957264526 -0.197611763445052 -0.147212395595544 -0.127645190631923 -0.112925144097779 -0.0738566798257077 -0.011334276176639 0.0662250748564131
-1.00447362297128 -0.982459768820097 -0.960192496179459 -0.937328028467458 -0.913275833381428 -0.887499327551973 -0.859924479063567 -0.830580432820406 -0.799446489551728 -0.766519286051607 -0.731914647548394 -0.695778196379012 -0.658283554610594 -0.619716343231114 -0.580340763417327 -0.540223338180261 -0.499402784354468 -0.458004272234297 -0.416200665961638 -0.374269151608742 -0.332512995730452 -0.291238557215545 -0.250764564288544 -0.211365488923581 -0.173126408757495 -0.136001560175623 -0.0996112088945933 -0.0635509017043799 -0.0276512803570418 0.00819823965484024
0.977879876817576 0.942859982130138 0.907840087422939 0.872820192690645 0.83780029798726 0.802780403349772 0.767760508687763 0.732740613892497 0.697720718909355 0.662700823690894 0.627680928164238 0.592661032250155 0.557641135876758 0.52262123900154 0.487601341608045 0.452581443754634 0.417561545520538 0.382541646993643 0.347521748246265 0.312501849279784 0.277481950077848 0.242462050636706 0.207442151003019 0.172422251221764 0.137402351280763 0.102382451149425 0.0673625507806656 0.0323426501483151 -0.0026772506736372 -0.0376971515861625
-1.00627739015556 -0.968499619001738 -0.93066726586934 -0.892753383172064 -0.854791750005973 -0.816833224910193 -0.778936257513727 -0.741162592227049 -0.703579561496626 -0.666250620413939 -0.629218126614499 -0.592519163369826 -0.55619071467441 -0.520269367414605 -0.484780695930436 -0.449706621484707 -0.415012783467712 -0.380643346856884 -0.3465379498479 -0.312639597922269 -0.278892138382955 -0.245246580708738 -0.211682583081666 -0.178184591714149 -0.144727556236795 -0.111291623265492 -0.0778872239390523 -0.0445261500134288 -0.0111953511902105 0.0221244333426043
-0.968543190326962 -0.935324442415109 -0.90210569458148 -0.868886946919994 -0.835668199528735 -0.80244945251271 -0.769230706000458 -0.73601196010377 -0.702793214843937 -0.669574470232881 -0.63635572633556 -0.603136983230195 -0.569918240963055 -0.536699499452616 -0.503480758601417 -0.470262018376027 -0.437043278768574 -0.403824539809386 -0.370605801531118 -0.337387063937546 -0.304168327025219 -0.27094959077891 -0.237730855136258 -0.204512120011882 -0.171293385275425 -0.138074650788397 -0.104855916424729 -0.071637182080993 -0.0384184477319022 -0.00519971337170322
-1.0120930033094 -0.977209744754867 -0.942326486136335 -0.907443227386064 -0.872559968478898 -0.837676709408473 -0.802793450201023 -0.767910190915759 -0.733026931711203 -0.698143672759198 -0.663260414185543 -0.628377156104529 -0.593493898624152 -0.558610641827232 -0.52372738579444 -0.488844130623042 -0.453960876404953 -0.419077623194095 -0.384194371002972 -0.349311119716422 -0.314427869187362 -0.279544619296019 -0.244661370031844 -0.209778121360751 -0.174894873045272 -0.140011624840455 -0.105128376674809 -0.0702451285267431 -0.0353618804008156 -0.000478632308122592
-0.978943848798857 -0.944239281358072 -0.909534714074673 -0.87483014705852 -0.840125580360168 -0.805421014014033 -0.770716448049296 -0.736011882472884 -0.701307317207948 -0.666602752168813 -0.631898187318288 -0.597193622631303 -0.562489058076196 -0.527784493594945 -0.493079929145012 -0.458375364772184 -0.42367080056882 -0.388966236725264 -0.354261673441879 -0.319557110861119 -0.284852549110963 -0.250147988285228 -0.215443428341099 -0.180738869184403 -0.146034310652175 -0.111329752555758 -0.0766251946725103 -0.0419206368074658 -0.0072160789103324 0.0274884790330127
-1.06927843014887 -1.01292402201905 -0.957082982506322 -0.902610881122199 -0.850252217828578 -0.800813708967449 -0.755462005950785 -0.715117590908129 -0.679356333769321 -0.647409380312871 -0.618473591911673 -0.59173725883722 -0.566330507005463 -0.541150804910203 -0.515310534063208 -0.489014385470263 -0.462617588692915 -0.435985218021717 -0.408774812534123 -0.380303925726168 -0.349805114698534 -0.316718072417263 -0.281311035309844 -0.243976046103552 -0.204771829263356 -0.163755329104452 -0.121309687605261 -0.0779325219453421 -0.0342531524455821 0.00906617478779973
-1.03092279644809 -0.99465121999544 -0.958379643416625 -0.9221080665568 -0.885836489168519 -0.849564911013741 -0.813293331984663 -0.777021752014711 -0.740750171072001 -0.704478589154045 -0.668207006341261 -0.631935422734792 -0.595663838424955 -0.559392253458769 -0.523120667874527 -0.486849081718934 -0.450577495066112 -0.414305908091456 -0.378034320984267 -0.341762733888187 -0.305491146935445 -0.269219560228231 -0.232947973748591 -0.196676387451093 -0.160404801300561 -0.124133215259525 -0.0878616292710848 -0.0515900432850689 -0.015318457297638 0.0209531286834641
-1.03152594079375 -0.995820056849486 -0.960114172799176 -0.924408288538706 -0.888702404004633 -0.852996519168498 -0.817290634101113 -0.781584748881111 -0.745878863519158 -0.710172977996692 -0.674467092246222 -0.638761206188025 -0.603055319753531 -0.567349432918776 -0.531643545672934 -0.495937658013136 -0.460231769955145 -0.424525881581305 -0.388819992978075 -0.353114104181797 -0.317408215216282 -0.281702326102939 -0.245996436853564 -0.210290547456739 -0.174584657817806 -0.138878767854167 -0.103172877614693 -0.0674669871817767 -0.0317610966404084 0.00394479392377125
-0.979572961489749 -0.946236775600469 -0.912900589710826 -0.879564403890598 -0.8462282182475 -0.812892032875672 -0.77955584777701 -0.746219662921051 -0.712883478240123 -0.679547293658985 -0.646211109109327 -0.612874924524569 -0.579538739821842 -0.546202554853123 -0.51286636946467 -0.479530183545031 -0.446193997004487 -0.412857809797963 -0.379521621900524 -0.346185433323152 -0.312849244085812 -0.279513054206342 -0.246176863694074 -0.212840672574898 -0.17950448094943 -0.146168288949505 -0.112832096757103 -0.0794959045343544 -0.0461597123138482 -0.0128235200957859
0.939326868315079 0.939223178120584 0.932070855833757 0.914875488745811 0.888680066692214 0.854667053559035 0.810539406890496 0.756652089780691 0.707447593865054 0.676337354744229 0.658521055338381 0.644645440397552 0.626321152921857 0.599014428911707 0.559051826547776 0.502345599731518 0.429213549297563 0.35800996809247 0.307205209070269 0.277697373602962 0.265991500167041 0.266995949052163 0.269232367800651 0.261868791663656 0.243045519474971 0.213272185909748 0.173563505425914 0.125330009400818 0.0710604171067135 0.0135129947895812
1.00010701626726 0.966386128280362 0.93266473809172 0.898938948639297 0.865202379563936 0.831445097089134 0.797645437066126 0.763777422005392 0.729809551426674 0.695708998630752 0.661443155033321 0.626979466578805 0.592293267411261 0.557391444473293 0.522293204413674 0.487035479907296 0.451652447856871 0.416149536050255 0.380523083836347 0.344761825923082 0.30885259585815 0.272786153477702 0.236568963771714 0.200212174442214 0.163729958885574 0.127137305654421 0.0904494382320435 0.0536835184833488 0.0168642268690741 -0.0199818765010866
0.966595019071456 0.934399865842032 0.902204712617418 0.870009559444232 0.837814406417189 0.805619253625978 0.773424101092082 0.741228948812336 0.709033796753173 0.676838644886087 0.644643493233222 0.612448341829381 0.580253190721702 0.548058040006658 0.515862889803735 0.483667740275133 0.451472591576635 0.419277443795603 0.387082296997251 0.354887151226614 0.322692006523676 0.290496862916515 0.25830172038556 0.226106578884892 0.193911438310844 0.16171629854603 0.129521159475937 0.0973260209730769 0.0651308828551771 0.0329357449262705
1.00343509602385 0.967192307061827 0.930953105286458 0.894721309741688 0.858499831722071 0.822291100005376 0.786096521051604 0.749917167605283 0.713753799866805 0.67760712779408 0.641477972919216 0.605367184667872 0.569275763155949 0.533205311260302 0.497157467389679 0.461133409319428 0.425133695883642 0.389156870784785 0.353201044169374 0.317264607091751 0.281346020833215 0.245444136411699 0.209559363791664 0.173692025503943 0.137840535398314 0.102002653869673 0.0661754361744386 0.0303557053098808 -0.00545993962484854 -0.0412749555051271
-1.00106276466335 -0.966934550788503 -0.932806337079316 -0.898678123642155 -0.864549910389884 -0.8304216972027 -0.796293484023639 -0.76216527081802 -0.728037057577439 -0.693908844287305 -0.659780630881984 -0.625652417283083 -0.591524203431378 -0.557395989344331 -0.523267775054951 -0.489139560581758 -0.455011345932986 -0.420883131090212 -0.386754916043843 -0.352626700846268 -0.318498485565372 -0.284370270271687 -0.250242055046343 -0.216113839967567 -0.181985625091399 -0.147857410436848 -0.113729195896997 -0.0796009813538708 -0.0454727667711723 -0.0113445521330267
-1.02378437206689 -0.988295485180902 -0.952806598243992 -0.917317711202101 -0.881828823961256 -0.84633993641702 -0.810851048463003 -0.775362160026142 -0.739873271168641 -0.704384381992299 -0.668895492622035 -0.633406603188548 -0.597917713819679 -0.562428824631845 -0.526939935705224 -0.491451046986457 -0.455962158396903 -0.420473269890305 -0.384984381427725 -0.349495492967092 -0.314006604465556 -0.278517715893058 -0.243028827270708 -0.207539938641499 -0.172051050084787 -0.136562161661597 -0.101073273323282 -0.0655843850068661 -0.0300954967017399 0.00539339158961545
-1.00229048134531 -0.96793407447523 -0.933577667678188 -0.899221260969713 -0.864864854325062 -0.830508447755695 -0.79615204145818 -0.761795635634897 -0.72743923032637 -0.693082825547834 -0.658726421375215 -0.624370017899614 -0.590013615194139 -0.555657213259929 -0.521300812057935 -0.486944411460322 -0.452588011354987 -0.418231611781554 -0.383875212803356 -0.349518814426858 -0.315162416644307 -0.280806019436122 -0.246449622735404 -0.212093226463655 -0.177736830543312 -0.143380434881514 -0.109024039323279 -0.0746676437286003 -0.0403112480794835 -0.00595485238843939
0.993662555490951 0.958986942963142 0.924311330285897 0.889635717308271 0.854960103861255 0.820284489740004 0.785608874614384 0.750933258188472 0.71625764042846 0.681582021401582 0.646906401317123 0.612230780419883 0.577555158942665 0.542879537070295 0.508203914988382 0.47352829293366 0.438852671119548 0.404177049615084 0.369501428438865 0.334825807552115 0.300150186901714 0.265474566457245 0.230798946279106 0.196123326429938 0.161447706890532 0.126772087608727 0.0920964684823832 0.0574208494088276 0.0227452303332146 -0.011930388787344
