-1.01129524949028 -0.97667353938778 -0.942051829246231 -0.907430119053216 -0.872808408761275 -0.838186698326165 -0.803564987751551 -0.768943277052402 -0.734321566240986 -0.699699855337522 -0.665078144396737 -0.630456433481984 -0.595834722627947 -0.561213011754622 -0.526591300760967 -0.491969589576461 -0.457347878175848 -0.422726166684417 -0.388104455255887 -0.353482744007149 -0.318861033045884 -0.284239322445701 -0.249617612143907 -0.214995902056148 -0.180374192147712 -0.145752482383575 -0.111130772677839 -0.0765090629488329 -0.0418873531826905 -0.00726564338249563
-0.983026732353027 -0.948786299483843 -0.91454586667503 -0.880305434008428 -0.846065001534758 -0.811824569276001 -0.777584137170287 -0.74334370513698 -0.709103273104225 -0.674862840992547 -0.640622408683194 -0.606381976047592 -0.572141542977421 -0.537901109445362 -0.503660675452022 -0.469420241028705 -0.435179806237443 -0.40093937123249 -0.366698936171374 -0.33245850113251 -0.298218066174535 -0.26397763132582 -0.229737196493669 -0.195496761561259 -0.161256326436312 -0.12701589105292 -0.0927754554261088 -0.0585350195961801 -0.0242945836236117 0.00994585242607494
-0.997721953223135 -0.962907732283714 -0.928093511271045 -0.893279290052494 -0.858465068539205 -0.823650846675218 -0.788836624492382 -0.754022402058199 -0.719208179494987 -0.684393956935228 -0.649579734497247 -0.614765512295832 -0.579951290434804 -0.545137068974135 -0.510322847953598 -0.475508627376032 -0.440694407240342 -0.405880187566629 -0.371065968369155 -0.336251749617639 -0.301437531270663 -0.266623313274985 -0.231809095530063 -0.19699487793316 -0.162180660420053 -0.127366442947807 -0.0925522255201398 -0.0577380081474445 -0.0229237908201799 0.0118904264761796
-1.01786084668141 -0.985046611614448 -0.952256616272886 -0.919549923648039 -0.886917751085468 -0.854310619556328 -0.821584110179892 -0.788585650555622 -0.755224994055635 -0.721451756742576 -0.687312679668579 -0.652878785133146 -0.618205020640063 -0.583282034510249 -0.548077021114158 -0.512527658203273 -0.476550852113195 -0.440009940134974 -0.402776212295391 -0.364806338608693 -0.326078334085996 -0.286586423643342 -0.246389671816477 -0.205565165825006 -0.164197244004262 -0.122365193267808 -0.0801208437264121 -0.0375217516000771 0.00532416565146451 0.0482964002585476
-0.784516710632746 -0.846706158440376 -0.995842871040245 -0.992431475933076 -0.904905730412552 -0.847699457476073 -0.811317613142959 -0.765727702284097 -0.722676292154726 -0.697055534003573 -0.674560852668953 -0.633588491386585 -0.5676354335676 -0.530601623324801 -0.560527562148607 -0.571613020338233 -0.483627042204633 -0.36245649929692 -0.290578834760405 -0.270715950887056 -0.285650864755498 -0.306993464532998 -0.261661122741372 -0.112732158011703 -0.012621189057584 -0.0874519663771459 -0.168848467524175 -0.0821072100794914 0.0782853553236018 0.150545294788679
-1.01790213652385 -0.983408745256972 -0.948915353904603 -0.914421962467622 -0.879928571010304 -0.845435179607292 -0.810941788311323 -0.776448397161709 -0.741955006165995 -0.70746161532846 -0.672968224672121 -0.638474834224677 -0.603981444054743 -0.569488054394605 -0.53499466548731 -0.500501277455299 -0.466007890368259 -0.431514504205473 -0.39702111889939 -0.36252773428553 -0.328034350175182 -0.293540966366491 -0.259047582605042 -0.224554198665267 -0.190060814489553 -0.155567430067967 -0.121074045413325 -0.0865806605543555 -0.0520872755606833 -0.0175938905121551
-0.968271443986279 -0.935003707741474 -0.901735971548021 -0.868468235459499 -0.835200499454874 -0.801932763494116 -0.76866502753585 -0.735397291520952 -0.70212955532068 -0.668861818777458 -0.635594081688005 -0.602326343837613 -0.569058605044941 -0.535790865262117 -0.502523124502302 -0.469255382889326 -0.435987640577555 -0.402719897732835 -0.369452154498772 -0.336184410918535 -0.302916667010181 -0.269648922783911 -0.236381178218496 -0.203113433308195 -0.169845688140655 -0.136577942824247 -0.103310197456853 -0.0700424521165911 -0.0367747068130078 -0.00350696153850706
-1.03623672742664 -0.999988441371939 -0.963740155292031 -0.927491869163611 -0.891243583005101 -0.854995296854292 -0.818747010784725 -0.782498724863566 -0.746250439096729 -0.710002153497501 -0.673753868169914 -0.63750558324069 -0.601257298836782 -0.565009015086078 -0.528760732099171 -0.492512449916534 -0.456264168537263 -0.420015887865067 -0.383767607794904 -0.347519328282107 -0.311271049297104 -0.275022770815359 -0.238774492832478 -0.202526215355642 -0.166277938418191 -0.130029662042389 -0.093781386180025 -0.0575331107488591 -0.0212848356010005 0.0149634394278536
-1.04936427525644 -0.972373820870362 -0.883746344752535 -0.82139009674122 -0.813740599569697 -0.865612933321596 -0.896813134586898 -0.836354523409331 -0.735088597141252 -0.659297215700235 -0.615145511956098 -0.593769437016715 -0.583050899264705 -0.557855636181651 -0.502498268037568 -0.452105117157215 -0.438990801739094 -0.433411421421923 -0.401800794877359 -0.3573621354686 -0.324991005231728 -0.321423026451385 -0.330754062406448 -0.328983152310127 -0.292361798118705 -0.208376954931918 -0.109204927680216 -0.0300208673339199 0.026694040807885 0.0666321028639233
1.05784270857804 0.99256122047355 0.929590827811115 0.871157779448963 0.817133933984471 0.767628198513387 0.726052064385789 0.696286985423925 0.680791681084398 0.679170234084935 0.681030914553394 0.673483039470168 0.646891940212797 0.604647005747417 0.553644657589855 0.501785389866117 0.4559110673313 0.417624964646686 0.386547487452477 0.35960615539837 0.333055266636433 0.303628468572018 0.2699768056236 0.231392498480727 0.187815075904115 0.139920251303852 0.0906811686163359 0.0431273655803366 -0.00178347538222229 -0.0436116356786274
-0.995139275347289 -0.963861977201423 -0.932518169223103 -0.901058430877113 -0.869457620111678 -0.837680443474577 -0.805626723428364 -0.7731748594759 -0.740182443366502 -0.706526876341429 -0.672185605363272 -0.637161088824953 -0.601464405151177 -0.565141112893776 -0.528249013380147 -0.490860398912809 -0.453054137297854 -0.41492090738052 -0.376551444969102 -0.338024902684965 -0.299417537352742 -0.260782426386653 -0.222079929559254 -0.183257423245173 -0.144303067868987 -0.105221455686489 -0.0660421222284025 -0.0267984920198614 0.0124853977112816 0.0517878565614946
-0.965473546611293 -0.931955380857706 -0.89842021232235 -0.864858616291684 -0.831265777918523 -0.797647962890976 -0.76405114917196 -0.730523676643775 -0.697083620591446 -0.663744643190396 -0.630533018774908 -0.59747817471898 -0.564613026600206 -0.531984442810567 -0.499645019069965 -0.467656307595607 -0.436072008122043 -0.404905453955903 -0.374151086945273 -0.343768149532009 -0.313707084306407 -0.28391518341661 -0.254327137242159 -0.224879139179465 -0.195525996461045 -0.166227031436182 -0.136941013085119 -0.107634949837228 -0.0783093612874293 -0.0489731448220301
-1.00132297882445 -0.967530779964881 -0.933738581153042 -0.899946382437708 -0.866154183932725 -0.832361985753682 -0.798569787958085 -0.76477759058736 -0.730985393676713 -0.697193197221663 -0.663401001065211 -0.629608805012225 -0.595816608867577 -0.562024412436154 -0.528232215544343 -0.494440018104537 -0.460647820067067 -0.426855621448007 -0.393063422284846 -0.359271222634978 -0.325479022560772 -0.291686822137415 -0.257894621491357 -0.22410242074705 -0.190310219969688 -0.156518019212538 -0.122725818540428 -0.088933618000709 -0.0551414175592815 -0.0213492171616804
-1.01962839280031 -0.984987299253799 -0.950346205677593 -0.9157051120538 -0.881064018304381 -0.846422924323068 -0.811781829950825 -0.777140735031992 -0.742499639477182 -0.707858543243115 -0.673217446404651 -0.638576349066186 -0.603935251357149 -0.569294153507104 -0.534653055750874 -0.50001195824418 -0.465370861084035 -0.430729764211716 -0.396088667526215 -0.361447570913132 -0.32680647425472 -0.292165377468648 -0.257524280614265 -0.222883183764124 -0.188242086901906 -0.153600989979714 -0.118959892912211 -0.0843187956336694 -0.0496776981942343 -0.0150366006730189
1.06190168453255 0.974364375589595 0.890664543301924 0.867269834061178 0.863988694454 0.828784500699379 0.758899547350682 0.675178896059709 0.643599758537621 0.707528798116097 0.774758334549531 0.719187101698 0.485806142739489 0.303975738123644 0.374248076663902 0.497573743357233 0.455919233993242 0.354916291348556 0.336679915105709 0.365592885583837 0.361604928261228 0.276267382944062 0.187538046750081 0.171356939021807 0.169186510689308 0.117438516437025 0.0667994943793468 0.0679920724788652 0.0576084546610577 -0.0562917611578787
-1.07350224835475 -1.03129229681768 -0.989070032946221 -0.946823108569346 -0.904562635259918 -0.862308287136584 -0.82009052875726 -0.7779488888668 -0.735948362518555 -0.694150114442263 -0.652574521764723 -0.611231764712002 -0.570133521315811 -0.529297460830455 -0.488754249685363 -0.448580551787863 -0.408867522569713 -0.369718286082481 -0.331223423090607 -0.293411372590195 -0.256295038135264 -0.219866612345847 -0.184035444106034 -0.1486946938307 -0.113755611793819 -0.0791337895648243 -0.0447440940359068 -0.0105043742425722 0.0236548675291626 0.0577999656806528
-0.996178572725845 -0.961624969616508 -0.927071366539394 -0.892517763515339 -0.857964160518093 -0.82341055749559 -0.788856954339581 -0.754303350948613 -0.719749747304596 -0.685196143400809 -0.650642539192635 -0.616088934625981 -0.581535329649161 -0.546981724220117 -0.51242811830689 -0.477874511908301 -0.443320905040411 -0.408767297757457 -0.374213690128261 -0.339660082241801 -0.305106474192092 -0.27055286609024 -0.235999258115696 -0.201445650456336 -0.166892043265368 -0.132338436651218 -0.0977848305778499 -0.0632312249573326 -0.0286776196386283 0.00587598554507786
-1.06548899258826 -1.02499023345825 -0.984493381836193 -0.943968361045545 -0.903358935165395 -0.862621340962366 -0.821787865197547 -0.78092724535401 -0.740177971808286 -0.699691070978752 -0.659597960557709 -0.620025156055937 -0.581075397197254 -0.542756320557627 -0.505083536199164 -0.468199651276389 -0.43225101045223 -0.39727191133082 -0.363265550973617 -0.330222771330191 -0.298131325572136 -0.266957860050234 -0.236584593832002 -0.206891332519569 -0.177832655136763 -0.1493781937977 -0.121483019555949 -0.0940824239090103 -0.0670471411906563 -0.0402317664437261
-1.04348320240769 -0.983932252613013 -0.970353855681287 -0.935805851419982 -0.888124506050628 -0.847665709574944 -0.810085420701356 -0.76538544481148 -0.705650905272992 -0.630052456508996 -0.564019559178265 -0.539546375498483 -0.569295447732619 -0.588602838324766 -0.543418589659133 -0.499475143699269 -0.516920102517163 -0.513779309039242 -0.410971271119702 -0.283106915469403 -0.243220273513369 -0.343634252958387 -0.393827266638302 -0.235268168433584 -0.0802320712841578 -0.139534565049159 -0.247346888205132 -0.208849747476678 -0.0899060739632218 -0.0215493548578968
-1.01418285293382 -0.979626355620335 -0.945086073709511 -0.910581233634509 -0.876132159886292 -0.841758773930469 -0.807478287073423 -0.773306012813947 -0.739252383579689 -0.705325077985388 -0.671525640465299 -0.637854081908553 -0.604307228575768 -0.570869168213507 -0.537522979728243 -0.504260445180146 -0.471074771510496 -0.437956162031331 -0.404898162747823 -0.371910694066928 -0.339007769996052 -0.306200646678058 -0.273489548797639 -0.240870438700905 -0.208333260837772 -0.175863802257412 -0.143437238302183 -0.111029465958415 -0.0786298804951196 -0.0462312517519789
-0.942618323694781 -0.911221467850392 -0.879824611994788 -0.848427756077821 -0.817030900026672 -0.785634043766064 -0.754237187233545 -0.722840330386973 -0.691443473252615 -0.660046615886856 -0.628649758398125 -0.597252900907863 -0.565856043543068 -0.534459186452958 -0.503062329783268 -0.471665473643568 -0.44026861812789 -0.408871763304296 -0.377474909220817 -0.346078055871347 -0.314681203236242 -0.2832843512971 -0.251887500040472 -0.220490649424779 -0.18909379929095 -0.157696949459694 -0.126300099788322 -0.0949032501673497 -0.0635064005834934 -0.0321095510475195
-0.988121959939222 -0.954979712562972 -0.921837465156249 -0.888695217680238 -0.855552970127036 -0.822410722481331 -0.789268474667258 -0.756126226595364 -0.722983978182377 -0.689841729357967 -0.656699480097382 -0.623557230387267 -0.590414980219354 -0.557272729605737 -0.524130478560784 -0.490988227087606 -0.457845975185578 -0.424703722850405 -0.391561470073102 -0.358419216829617 -0.325276963092129 -0.292134708822534 -0.258992453941596 -0.225850198382867 -0.192707942172191 -0.159565685369037 -0.126423428075092 -0.0932811704070999 -0.0601389124998157 -0.0269966544924954
-1.03551375019652 -0.999246480895126 -0.96297921167779 -0.92671194266599 -0.890444674065809 -0.85417740607889 -0.817910138804519 -0.781642872281804 -0.745375606411508 -0.709108341080954 -0.67284107626203 -0.636573811947769 -0.600306548120831 -0.564039284722389 -0.527772021678376 -0.491504758895249 -0.455237496242003 -0.41897023345725 -0.382702970279095 -0.346435706574008 -0.310168442240546 -0.273901177196807 -0.237633911439033 -0.201366644984614 -0.165099377857372 -0.128832110104113 -0.0925648418571756 -0.0562975732677325 -0.0200303044767842 0.0162369643772131
-0.970986457805516 -0.948177401450873 -0.922589903783653 -0.890911903386946 -0.852857731078103 -0.807670467159163 -0.74968179763666 -0.678548586495605 -0.620139803930449 -0.598234703951881 -0.602041569626141 -0.612125941283348 -0.610885288042996 -0.588044794182061 -0.540655157886894 -0.487741417823873 -0.448854401172151 -0.423673748681973 -0.406546978438158 -0.390364304292721 -0.367651614039476 -0.332944244544588 -0.288815328963627 -0.239354599007456 -0.186680384318712 -0.132729591205018 -0.0806848347021717 -0.0332351802281824 0.0101502139982638 0.050807166558312
-1.01805676050259 -0.982200955858472 -0.946345151203536 -0.91048934657978 -0.874633541957099 -0.838777737277712 -0.802921932445214 -0.767066127374218 -0.731210322062004 -0.695354516507637 -0.65949871063464 -0.623642904347655 -0.587787097536186 -0.551931290029207 -0.516075481646536 -0.480219672231881 -0.444363861673045 -0.408508050010297 -0.372652237338728 -0.336796423820254 -0.300940609633496 -0.26508479493949 -0.229228979828914 -0.193373164382853 -0.157517348714354 -0.121661532947898 -0.0858057172217348 -0.0499499016440592 -0.0140940861890744 0.0217617292025146
-1.00735805114004 -0.973559633807237 -0.939761216466422 -0.905962799129918 -0.872164381852096 -0.83836596467467 -0.804567547546676 -0.770769130411896 -0.736970713285792 -0.703172296242993 -0.669373879523143 -0.635575463407137 -0.601777048159966 -0.567978633983006 -0.534180221030021 -0.500381809327956 -0.466583398861794 -0.432784989575512 -0.398986581386508 -0.365188174146895 -0.331389767692463 -0.297591361865317 -0.263792956532832 -0.229994551561816 -0.196196146791534 -0.16239774207903 -0.128599337379999 -0.0948009326788814 -0.0610025279764482 -0.0272041232775536
-0.950582027222431 -0.91952552056402 -0.888469013876679 -0.857412507146998 -0.826356000279023 -0.795299493151035 -0.764242985620787 -0.73318647755338 -0.702129968863831 -0.671073459497577 -0.6400169494718 -0.608960438821624 -0.577903927601694 -0.546847415944753 -0.515790903982888 -0.484734391767453 -0.453677879331672 -0.422621366716971 -0.391564853978386 -0.360508341217203 -0.329451828546267 -0.298395316044429 -0.26733880365454 -0.236282291300693 -0.205225778967932 -0.174169266643774 -0.143112754264692 -0.112056241775501 -0.0809997292054426 -0.0499432166048648
-0.962858020973269 -0.938016497157035 -0.912982270000691 -0.887477884077325 -0.86071181772594 -0.831890800823821 -0.800728635635488 -0.767171469490196 -0.731587757588913 -0.694427885427272 -0.656047651807858 -0.61677920885999 -0.577019865779654 -0.537427560029485 -0.498624099415134 -0.460826144847645 -0.424200447976294 -0.38911927029787 -0.355918392508909 -0.324582162257419 -0.295007068929272 -0.266931425981412 -0.239460843155056 -0.211787648872945 -0.184083749999646 -0.156722218775387 -0.129901210501217 -0.103716574830961 -0.0780298557687083 -0.0526440209061159
-0.948926855525658 -0.790344756367137 -0.976129084207739 -0.976415963401813 -0.865633586951791 -0.820610770725047 -0.823486753400665 -0.815764947888417 -0.771095041209129 -0.682939993428423 -0.591869582680063 -0.550230291614848 -0.578301870422859 -0.568097139451303 -0.437981510967393 -0.339997694761245 -0.415273637385318 -0.527600934918535 -0.520295788951498 -0.432109173595039 -0.350650756090045 -0.331587185791944 -0.30281304051431 -0.200170565404336 -0.119064746485548 -0.147149580599098 -0.181512366980337 -0.1206386921014 -0.0591739889873793 -0.140803652301608
-0.994178013074096 -0.959477594594366 -0.924777176176431 -0.890076757871668 -0.855376339775321 -0.820675922008898 -0.785975504755126 -0.751275088199561 -0.716574672477859 -0.6818742576813 -0.647173843773548 -0.612473430686365 -0.577773018343705 -0.543072606638301 -0.508372195471479 -0.473671784810176 -0.438971374622891 -0.404270964818783 -0.369570555296035 -0.334870145968281 -0.300169736753015 -0.265469327588126 -0.23076891849309 -0.196068509493215 -0.161368100555565 -0.12666769165188 -0.0919672828308461 -0.0572668741413522 -0.0225664655561357 0.0121339429711026
0.999829158372566 0.966124807526144 0.932420456786746 0.898716106215292 0.865011755766156 0.83130740536534 0.797603054931906 0.763898704412489 0.730194353870957 0.696490003393925 0.662785653041761 0.629081302868271 0.595376952919081 0.561672603207085 0.527968253733914 0.494263904488851 0.460559555446401 0.426855206534276 0.3931508576834 0.359446508884312 0.325742160142461 0.292037811464354 0.258333462860754 0.224629114329846 0.190924765815255 0.157220417252081 0.123516068595882 0.089811719822979 0.0561073709722832 0.0224030220983533
-1.0302687693189 -0.996250558448963 -0.962232347626263 -0.928214136916638 -0.894195926464412 -0.860177716399158 -0.826159506712992 -0.792141297382424 -0.758123088459031 -0.724104879999905 -0.690086672009128 -0.656068464477532 -0.622050257408981 -0.588032050859483 -0.554013844917151 -0.519995639746393 -0.485977435491105 -0.451959232136842 -0.417941029648472 -0.383922828066441 -0.349904627450091 -0.315886427842851 -0.281868229224507 -0.24785003154544 -0.213831834702046 -0.179813638568698 -0.145795442985645 -0.111777247789732 -0.0777590528383221 -0.0437408579939072
-1.03652070742987 -0.99978285778154 -0.963045008066434 -0.926307158196844 -0.88956930816855 -0.852831457992846 -0.816093607659604 -0.779355757160486 -0.742617906515726 -0.705880055757837 -0.669142204939876 -0.632404354120036 -0.595666503391312 -0.5589286529859 -0.522190803168699 -0.485452954196184 -0.448715106283044 -0.411977259485214 -0.375239413794152 -0.33850156910215 -0.301763725276708 -0.265025882177007 -0.228288039628962 -0.191550197481213 -0.154812355706575 -0.118074514312336 -0.0813366733195192 -0.0445988327205948 -0.00786099238010711 0.0288768478693816
-0.963697551034544 -0.932132448318875 -0.900565685981856 -0.868986628829841 -0.837387469604123 -0.80575435141875 -0.774046390943843 -0.742214486891732 -0.710203692587479 -0.677962473454984 -0.645458788700737 -0.612665470976877 -0.579562257793361 -0.546156506091411 -0.512466266995268 -0.478524748929968 -0.444362269174949 -0.409982423126446 -0.375385158353302 -0.340582552997977 -0.305589717846337 -0.270423730600302 -0.235109536626001 -0.199676871858049 -0.164166766840772 -0.128623789098475 -0.0930953594656593 -0.0576175752971853 -0.0221783867191582 0.0132462929495054
1.01521829431558 0.979426559941819 0.943634825539386 0.907843091044668 0.872051356413816 0.836259621637098 0.800467886821473 0.764676152094842 0.728884417552164 0.693092683270828 0.657300949290876 0.621509215643013 0.585717482356754 0.549925749456848 0.514134016966934 0.47834228491097 0.442550553301757 0.406758822107143 0.37096709127517 0.335175360719594 0.299383630345599 0.263591900046042 0.227800169664458 0.192008439071388 0.156216708294732 0.120424977412413 0.0846332465451054 0.0488415157922756 0.0130497851258085 -0.0227419455143064
-1.04656808278453 -1.00831230457926 -0.969933470949876 -0.931313961375803 -0.892393161194085 -0.853144053585488 -0.813617007248031 -0.773891826078904 -0.734088669254735 -0.694345824546291 -0.654833738821447 -0.615730898722362 -0.577199588179682 -0.539337280278022 -0.50221769323467 -0.465884336643628 -0.430381965650232 -0.395790526228432 -0.362178828571975 -0.329535948925175 -0.297831030044992 -0.267003596454844 -0.236874699744006 -0.207227896543899 -0.177815236588689 -0.148417018564418 -0.118958043861896 -0.0894086059413895 -0.0597764638362369 -0.0300787429730416
-1.01845580194891 -0.983304104187487 -0.948152406406758 -0.913000708564124 -0.877849010570171 -0.842697312363746 -0.807545614043572 -0.772393915752978 -0.737242217653857 -0.70209051990318 -0.666938822619678 -0.631787125912525 -0.596635429896587 -0.561483734709511 -0.526332040473068 -0.491180347222756 -0.456028654985341 -0.420876963838946 -0.385725273839726 -0.350573584904616 -0.315421896915747 -0.280270209738304 -0.24511852316968 -0.209966836989595 -0.17481515097485 -0.13966346493284 -0.104511778796262 -0.0693600925438725 -0.0342084062133765 0.000943280142786794
-1.00981516364371 -0.97342869958005 -0.937042235419093 -0.900655771059805 -0.864269306401366 -0.827882841338457 -0.791496375747524 -0.755109909501261 -0.718723442475586 -0.682336974558765 -0.645950505685241 -0.609564035801003 -0.573177564867213 -0.536791092905723 -0.500404619947179 -0.464018145996708 -0.427631671050763 -0.391245195096608 -0.354858718148263 -0.318472240335958 -0.282085761818974 -0.245699282746461 -0.209312803227028 -0.172926323360887 -0.136539843255177 -0.100153363004924 -0.063766882649764 -0.0273804022205549 0.00900607823155884 0.0453925586503624
-0.974068021098703 -0.942021530336327 -0.909975039609635 -0.877928548961052 -0.845882058515557 -0.813835568439765 -0.781789078984285 -0.749742590387931 -0.717696102758353 -0.685649616161663 -0.653603130629001 -0.621556646182761 -0.589510162798327 -0.557463680263026 -0.525417198323912 -0.493370716754972 -0.46132423536138 -0.429277754046122 -0.397231272741109 -0.365184791396159 -0.333138309965563 -0.301091828456774 -0.269045347089888 -0.236998866105749 -0.204952385615571 -0.172905905667922 -0.140859426190421 -0.108812947071358 -0.0767664681626542 -0.0447199893071396
-1.00246775725829 -0.965631950225979 -0.92883756390853 -0.892127146458489 -0.855528195231105 -0.819064180873141 -0.782757517994732 -0.746631092212753 -0.710710729207679 -0.675018361625175 -0.639557409908044 -0.604326666448372 -0.569325986221649 -0.534559474536964 -0.500027347303635 -0.465710012498282 -0.431581131034852 -0.39760718350926 -0.363758880878729 -0.330031035863729 -0.29642448662554 -0.262942019314591 -0.229594212037906 -0.196390016357196 -0.163324085696333 -0.130381681368709 -0.0975247943836174 -0.0647137007117313 -0.0319250864733241 0.000860259673929565
-1.01792282976663 -0.982163943490839 -0.946405057140836 -0.91064617066055 -0.87488728401828 -0.839128397180033 -0.803369510078271 -0.767610622630999 -0.731851734731942 -0.696092846274929 -0.660333957178477 -0.624575067367277 -0.58881617678896 -0.553057285482933 -0.517298393524491 -0.481539501040733 -0.445780608164548 -0.410021715000199 -0.374262821612952 -0.338503927940733 -0.302745033889629 -0.266986139381394 -0.231227244400446 -0.195468348948822 -0.15970945303638 -0.123950556688769 -0.088191659986972 -0.0524327630238711 -0.0166738658846173 0.0190850313475723
-0.963048063434559 -0.930523051687427 -0.89799803999327 -0.865473028372495 -0.832948016742869 -0.800423004999817 -0.767897993052056 -0.735372980798522 -0.702847968085752 -0.670322954776282 -0.637797940849053 -0.605272926312108 -0.5727479111863 -0.540222895543723 -0.507697879458584 -0.475172862962293 -0.442647846062691 -0.410122828716141 -0.377597810879572 -0.345072792563665 -0.312547773792538 -0.280022754629597 -0.247497735295413 -0.214972716018317 -0.182447696900522 -0.149922677994913 -0.11739765928317 -0.0848726407264469 -0.0523476222749992 -0.0198226038763581
-0.875020470075385 -0.862291847893698 -0.848256941956231 -0.831609676343735 -0.812319293070981 -0.790929158757867 -0.76900382051078 -0.747512671810099 -0.724023311145661 -0.695982117512746 -0.663752386918952 -0.628426644624956 -0.591176665411844 -0.553491222142344 -0.516590355857628 -0.480302182231012 -0.444597075305389 -0.411406367969801 -0.382439228273921 -0.356555206063786 -0.331901446634519 -0.306710257029646 -0.279554591286272 -0.249300286664449 -0.215644066322419 -0.178087384725973 -0.134519735672919 -0.0832604488521171 -0.0259601581846027 0.0348976763505418
1.04739019143022 1.00825731804617 0.969108299287566 0.929955743312386 0.890837295140646 0.851785179790505 0.812784905410667 0.773821374142706 0.734923780969122 0.696156402010739 0.657679545100753 0.619677526000455 0.582335291280754 0.545840310751044 0.51033473762069 0.475776935460477 0.442079440826526 0.40915527185489 0.376928460613634 0.345366613318967 0.314448229724128 0.284142600743855 0.254382181938874 0.225091371920112 0.196199176853305 0.167640281628685 0.139367478479674 0.111330350793762 0.0834475392315292 0.055629948771824
-0.969562976414043 -0.934562026571091 -0.899587185419002 -0.864668309824197 -0.829827797291352 -0.79508482172888 -0.760453122021885 -0.725944651778072 -0.691569658518854 -0.657337761659627 -0.623257774278007 -0.589338307867162 -0.555585302506587 -0.521994012621066 -0.488558706121713 -0.455280390519648 -0.422169354093591 -0.389266268592669 -0.356609507937246 -0.324197871262249 -0.292020264006245 -0.260058570099621 -0.228266587440032 -0.19659266349273 -0.164991430026083 -0.133427114110057 -0.101896039717902 -0.0704002557629276 -0.0389326140153875 -0.00748366695977455
-1.11899901678745 -0.973640493598251 -0.875448552062318 -0.861300636376922 -0.889467989280437 -0.903907328717825 -0.869923474919314 -0.774674067625071 -0.671379922329769 -0.615626841301244 -0.606397398145485 -0.628523359303017 -0.662955291743336 -0.675118964551806 -0.639651447852043 -0.583559813804807 -0.536389322689438 -0.485467985222474 -0.414943459482179 -0.338459242556518 -0.277032791285887 -0.244236217913625 -0.223860256294864 -0.198862709750794 -0.178651037855055 -0.172326414586834 -0.161315215295092 -0.127538067655844 -0.0825674072835763 -0.0453886217773888
-1.0265241110475 -0.996347302140165 -0.964097621747212 -0.928323159969438 -0.889268503236443 -0.847646095199306 -0.804343312066208 -0.760247756878361 -0.716073007451982 -0.672470105364506 -0.630013972463231 -0.589260500662923 -0.550980989270906 -0.516808367164756 -0.487965493173445 -0.463173316361288 -0.44059529566119 -0.418666839245075 -0.395878749988603 -0.370671460343375 -0.341472810154979 -0.307301417361035 -0.269539012267307 -0.22988772096899 -0.188968140350861 -0.146955324486271 -0.103323685413291 -0.0575977839308901 -0.0102034179169254 0.038208305481025
-0.993656488776141 -0.96005281923204 -0.926449149642963 -0.892845479906432 -0.859241809922221 -0.8256381395926 -0.792034468827574 -0.75843079753245 -0.724827125586015 -0.691223452879316 -0.65761977937897 -0.624016105070485 -0.590412429923497 -0.556808753844145 -0.523205076738279 -0.489601398574071 -0.455997719362993 -0.422394039227382 -0.388790358333103 -0.355186676909255 -0.321582995200748 -0.287979313453262 -0.254375631915576 -0.220771950789061 -0.187168270082377 -0.153564589757404 -0.119960909781615 -0.0863572301077448 -0.0527535506239742 -0.019149871202345
-0.94938199369638 -0.917023741401826 -0.884665489197261 -0.852307237186816 -0.819948985443692 -0.787590734003874 -0.755232482785427 -0.722874231670299 -0.690515980513894 -0.658157729207723 -0.625799477814279 -0.593441226438795 -0.561082975191962 -0.528724724206283 -0.496366473602175 -0.464008223429906 -0.431649973718727 -0.399291724483974 -0.366933475734208 -0.334575227464789 -0.302216979667775 -0.269858732325055 -0.23750048537782 -0.205142238759717 -0.172783992414908 -0.140425746293065 -0.108067500355387 -0.0757092545628895 -0.0433510088643249 -0.0109927632053813
-0.988604454237684 -0.95493842413202 -0.921272394077481 -0.887606364113551 -0.853940334187493 -0.82027430423059 -0.78660827420242 -0.752942244090342 -0.719276213964541 -0.685610183903169 -0.65194415393341 -0.618278124069712 -0.584612094319947 -0.550946064665711 -0.517280035068363 -0.483614005434616 -0.449947975682747 -0.416281945831943 -0.382615915925887 -0.348949886005329 -0.315283856110286 -0.281617826279493 -0.247951796546539 -0.214285766907729 -0.180619737215363 -0.146953707314738 -0.113287677167134 -0.0796216467790622 -0.0459556162219795 -0.0122895855835778
-1.01036118771995 -0.944238961660008 -0.899174937561373 -0.849156003110003 -0.816827779104769 -0.819926280112899 -0.807890362662156 -0.738274421429145 -0.669392161725323 -0.659731090554765 -0.667714611057178 -0.626750100406178 -0.505127405507644 -0.410666252196515 -0.435927715632367 -0.472908389344275 -0.413164074786348 -0.347051886743338 -0.373944784574475 -0.430477792606255 -0.412601451406993 -0.265044964225693 -0.127652185034128 -0.128727025290791 -0.155298975678295 -0.0829788849282121 0.0170225452561739 0.0484050383816478 0.0101098717669828 -0.0751112888160515
-1.01811105169126 -0.983699288322378 -0.949287616060745 -0.914875395917345 -0.88046112044276 -0.846043193757124 -0.811620534719187 -0.777191593226775 -0.742752428595393 -0.708298595418667 -0.673826019985011 -0.639330721506542 -0.604808521800622 -0.570254453105596 -0.535664397019454 -0.501038422157754 -0.466378136240508 -0.431687116387967 -0.396968931316827 -0.362225146729318 -0.327456827574052 -0.292664751755199 -0.257848548999155 -0.223007883129015 -0.18814370253243 -0.153257603766573 -0.118352491502137 -0.0834319456048637 -0.0485009386071961 -0.0135647912082491
-1.02674630091158 -0.989032289508472 -0.949130187008956 -0.906787526837942 -0.865238555529918 -0.827652973921249 -0.793455586946238 -0.760823279132011 -0.726686149279045 -0.688455033457731 -0.646710502544763 -0.602825561118409 -0.55815022053123 -0.513942519232956 -0.471623039955446 -0.433354515461912 -0.400722080827654 -0.372258330344966 -0.346150693984604 -0.322258485214169 -0.300858988375473 -0.281881680505149 -0.263864809419112 -0.244356699021985 -0.218337206793927 -0.181043649684038 -0.131311648941645 -0.0693398419882729 0.00281937336599011 0.0826501592139154
-0.964351243426204 -0.948453342198539 -0.922535493420829 -0.886278626191474 -0.848729797823082 -0.818322585315511 -0.791670516203408 -0.763163154075153 -0.730114256199271 -0.691413086733374 -0.64932674371127 -0.606966783635817 -0.566472431256974 -0.526093584313097 -0.484633020912067 -0.446994367651445 -0.41863769260133 -0.401147981232294 -0.394029509868432 -0.392338800847476 -0.390020438010568 -0.379543363018766 -0.347473948812792 -0.284236410376928 -0.201588899590013 -0.115986057029442 -0.0413345411722669 0.0125398922150522 0.0495871161080765 0.0772009106678728
-0.983761239972717 -0.946576898218977 -0.909375845041351 -0.872193308812079 -0.835046175037945 -0.798001202667541 -0.761342987282148 -0.725527662038399 -0.691479673761644 -0.660000357872828 -0.630930290506544 -0.603869857975796 -0.57835862924291 -0.55369290386749 -0.529076883583202 -0.503589648222679 -0.476370041954214 -0.446921088189768 -0.414896470337219 -0.38018833254444 -0.342748434144308 -0.302621409125306 -0.260223390098349 -0.216066572247681 -0.170675902428408 -0.12452275803521 -0.077851486950191 -0.030857153372286 0.0162352837196794 0.0631933916519068
0.970334273598794 0.936357463267575 0.902380653057367 0.86840384309703 0.834427033449281 0.800450224124386 0.766473414988979 0.732496605891206 0.698519796748915 0.664542987502146 0.630566178109992 0.596589368536313 0.562612558743298 0.528635748686465 0.494658938318511 0.460682127587515 0.426705316448616 0.392728504889825 0.358751692909604 0.32477488051536 0.290798067716737 0.256821254502851 0.222844440780697 0.188867626441773 0.154890811397686 0.120913995616295 0.0869371792703406 0.0529603625666246 0.0189835456432911 -0.0149932713786791
-1.02188250442966 -0.98757113789892 -0.953259771287592 -0.918948404413309 -0.884637036952377 -0.850325668516759 -0.816014298602361 -0.781702926721743 -0.747391552570116 -0.713080175947937 -0.678768796893993 -0.644457415506654 -0.610146031895831 -0.575834646217616 -0.541523258656384 -0.50721186946348 -0.472900478876977 -0.438589087014881 -0.40427769398507 -0.36996629997496 -0.335654905191853 -0.301343509818176 -0.267032113936845 -0.232720717627451 -0.198409321055768 -0.164097924373439 -0.129786527589394 -0.09547513068986 -0.0611637337129868 -0.0268523367099025
-0.984461549242166 -0.951866597741152 -0.919271646246162 -0.886676694788789 -0.854081743437749 -0.821486792256844 -0.788891841253088 -0.756296890407079 -0.723701939650539 -0.691106988931124 -0.658512038309119 -0.625917087872964 -0.593322137706572 -0.560727187875738 -0.52813223845083 -0.495537289538635 -0.462942341260895 -0.430347393762753 -0.39775244716103 -0.365157501435855 -0.332562556533181 -0.299967612372088 -0.267372668764141 -0.234777725517593 -0.202182782534949 -0.169587839746202 -0.136992897097041 -0.104397954539241 -0.0718030120331963 -0.0392080695414619
-0.992041642849919 -0.955865282872098 -0.919688922958347 -0.883512563238179 -0.847336203950112 -0.811159845331639 -0.774983487507158 -0.738807130590901 -0.702630774769543 -0.666454420205117 -0.630278066888639 -0.594101714768373 -0.557925363806815 -0.521749014023397 -0.485572665425746 -0.449396317917337 -0.413219971367956 -0.377043625616779 -0.340867280498512 -0.304690935860586 -0.268514591553616 -0.232338247431919 -0.196161903364619 -0.15998555923234 -0.12380921494691 -0.0876328704476636 -0.0514565257527639 -0.0152801809063402 0.0208961640224443 0.0570725089581674
-1.01410495395048 -0.979102313411498 -0.944099672882009 -0.909097032365242 -0.874094391853014 -0.839091751322141 -0.804089110700855 -0.769086469944204 -0.734083829163098 -0.699081188487682 -0.66407854796918 -0.629075907639083 -0.594073267548009 -0.559070627823072 -0.52406798860067 -0.489065349977842 -0.454062712009589 -0.419060074622123 -0.384057437717103 -0.34905480122676 -0.314052165090967 -0.279049529258764 -0.244046893715846 -0.209044258425327 -0.174041623223326 -0.139038987940559 -0.104036352513126 -0.0690337169202337 -0.0340310812081335 0.000971554560161807
-0.974087288203264 -0.941151026327375 -0.908214764379589 -0.875278502260994 -0.842342239904594 -0.80940597727282 -0.776469714413918 -0.74353345139234 -0.710597188251562 -0.677660925043192 -0.644724661872341 -0.611788398857493 -0.578852136114534 -0.545915873748934 -0.512979611856502 -0.480043350504805 -0.447107089729743 -0.414170829468811 -0.381234569644122 -0.348298310214689 -0.315362051148747 -0.282425792398824 -0.249489533854613 -0.216553275394046 -0.183617016910834 -0.150680758307239 -0.117744499503949 -0.0848082404540956 -0.0518719812221733 -0.0189357219005158
-0.976358505174995 -0.951508751340889 -0.926589313010586 -0.901504354435772 -0.876127650318291 -0.850303969828673 -0.823792449562036 -0.79630867914429 -0.767479692899943 -0.737002098015837 -0.704939348429551 -0.671446609766348 -0.636690465081957 -0.600883167153971 -0.564264480471059 -0.527138546644335 -0.489773524646287 -0.452229265772437 -0.414499667928304 -0.376523123136357 -0.338224146948299 -0.299508402498684 -0.260206143253438 -0.220162207931648 -0.179355185933639 -0.137853492505038 -0.0959510955914341 -0.0539479014157288 -0.0119420166101316 0.0300189020908224
-1.06786791602445 -0.732269786951708 -0.980986634607898 -0.963803801519276 -0.789817618118829 -0.730937161172007 -0.751011504867367 -0.759423105998065 -0.755747954352538 -0.755168215531223 -0.745097225387269 -0.706006112337004 -0.628703866575886 -0.545350925415891 -0.490213711988228 -0.464631145584504 -0.458086090749883 -0.445564696883363 -0.407003172629998 -0.356634678765235 -0.317266614097122 -0.300663136850848 -0.274415442920173 -0.211180746086786 -0.1480532940155 -0.113686298747841 -0.0385317959490422 0.121012533711213 0.206565253169161 0.00924898626251494
-0.946054560404157 -0.912702740848847 -0.895044207947608 -0.892465441814508 -0.887450410282586 -0.862190501968976 -0.814609300908219 -0.750792897470542 -0.69374521195152 -0.663646618021192 -0.652465472922114 -0.645117129789971 -0.628523685434838 -0.597634211364352 -0.552768008360355 -0.507698319603949 -0.475260317096736 -0.45108294572306 -0.426759078176611 -0.394943525505719 -0.348556583347372 -0.284187247608033 -0.213099315272053 -0.14873885989285 -0.0986062602222223 -0.0664928893257376 -0.0472997923256642 -0.0345207584551785 -0.0249108813343871 -0.0160405806801291
-1.08978682666203 -1.0374160912081 -0.985073894271658 -0.932866311888875 -0.880952660277285 -0.829581307824187 -0.779303591414603 -0.730743220653177 -0.684510427525308 -0.641067330554539 -0.600297072036238 -0.56193805020873 -0.525715104267877 -0.491298837239699 -0.458432683642651 -0.42720564013478 -0.39765482791247 -0.369264304185849 -0.341422600247249 -0.313689207704065 -0.285666358242455 -0.257023950411035 -0.227702550208246 -0.197772940696324 -0.167556105742871 -0.13739260396403 -0.107451092164738 -0.0778246287677794 -0.048475780478516 -0.0193344910729561
-0.935498243808522 -0.905363525093468 -0.875183480658588 -0.844911941301116 -0.814513432795585 -0.783955751848008 -0.753209083913024 -0.722252363636816 -0.691097133683115 -0.659759406795315 -0.62824046801791 -0.596537920470669 -0.564638103742114 -0.532482303295778 -0.500009226309933 -0.467192320946777 -0.434020084819859 -0.400506472364194 -0.366675235940901 -0.332563862794046 -0.298213273888427 -0.263666995391375 -0.228978974280336 -0.194206990961977 -0.159413738749747 -0.124651901918775 -0.0899292156841318 -0.0552408790120627 -0.0205768949335593 0.0140740325041995
-1.01469250816763 -0.97931158209738 -0.943930656072913 -0.908549730119556 -0.873168804249698 -0.837787878455189 -0.802406952658665 -0.767026026779824 -0.731645100795823 -0.696264174699761 -0.660883248491027 -0.625502322170582 -0.5901213957536 -0.55474046931209 -0.519359542894855 -0.48397861640103 -0.448597689682284 -0.413216762550091 -0.377835834831852 -0.34245490645888 -0.307073977388466 -0.271693047581465 -0.236312117012979 -0.200931185676838 -0.165550253627545 -0.130169320946951 -0.0947883877656406 -0.0594074542208917 -0.0240265204280111 0.0113544135031864
-0.986559821189139 -0.952644727717042 -0.918729634235669 -0.884814540786148 -0.850899447521097 -0.816984354599957 -0.783069262097968 -0.749154170044913 -0.715239078372938 -0.68132398697678 -0.647408895699178 -0.613493804369874 -0.579578712837335 -0.545663621024944 -0.511748528872957 -0.477833436314218 -0.443918343290634 -0.41000324978779 -0.376088155809458 -0.342173061388497 -0.308257966565039 -0.274342871383749 -0.240427775907432 -0.206512680219028 -0.17259758446388 -0.138682488783178 -0.104767393239105 -0.070852297858657 -0.0369372026070886 -0.00302210743421882
-1.05995450992382 -1.01510382233825 -0.970334120222054 -0.925738896095601 -0.881387806894889 -0.837372000432677 -0.79389242361313 -0.751170567525953 -0.70940030091161 -0.668721757266658 -0.629087751461268 -0.590404268709013 -0.552597232585361 -0.515672320113366 -0.479704117645007 -0.444963095400389 -0.411704837356382 -0.379929498648807 -0.349517678487669 -0.320127181220771 -0.291360112480367 -0.262832407330287 -0.234215318560668 -0.205230286745288 -0.175744185866174 -0.145692590734511 -0.11514044606987 -0.0841997899195408 -0.0530416637333155 -0.0218518598116092
-1.01526781623251 -0.981394336903906 -0.94752085756754 -0.913647378227814 -0.879773898864134 -0.845900419437785 -0.812026939862553 -0.778153460046827 -0.744279979924901 -0.710406499455912 -0.676533018672482 -0.6426595376256 -0.608786056344562 -0.574912574771909 -0.541039092842148 -0.507165610544428 -0.473292127890017 -0.439418644924017 -0.405545161680086 -0.371671678112297 -0.337798194154824 -0.303924709767666 -0.270051225014108 -0.236177739972828 -0.202304254680787 -0.168430769169372 -0.134557283489404 -0.100683797696061 -0.0668103118425182 -0.032936825981447
-0.937395144209932 -0.914686170828866 -0.891042173305255 -0.865882459888537 -0.840465908464843 -0.816089054919125 -0.792359497494914 -0.768444781503298 -0.74344117816699 -0.716612804615716 -0.687966435695636 -0.657694510682018 -0.625774934355013 -0.591327473514304 -0.553406605115396 -0.51166378471753 -0.466154575174207 -0.4179539899122 -0.368560416663081 -0.320146289804329 -0.275052555374897 -0.235191113649937 -0.200757681849395 -0.171430666193053 -0.146535411955242 -0.125301775261644 -0.106930716588804 -0.0906764535047163 -0.0760351275923256 -0.0625633614383153
-0.977699797584968 -0.944161583906166 -0.910623370113549 -0.877085156075558 -0.843546941718294 -0.810008727010525 -0.776470512034048 -0.742932296891098 -0.709394081652634 -0.67585586639745 -0.642317651266955 -0.608779436418209 -0.575241222012736 -0.541703008229912 -0.508164795255044 -0.474626583279312 -0.441088372455298 -0.407550162775302 -0.374011954189604 -0.34047374664067 -0.30693554006901 -0.273397334403761 -0.239859129528544 -0.206320925292432 -0.172782721451788 -0.139244517772912 -0.105706314154546 -0.0721681105459718 -0.0386299069661636 -0.00509170345152132
-1.08997831117409 -0.946533371614247 -0.863732254801609 -0.897363171990852 -0.943802833846213 -0.898397426053174 -0.811782534972611 -0.753445700923446 -0.712992879381367 -0.667617601611542 -0.624745286880283 -0.599359326454185 -0.596628694452209 -0.582464696402769 -0.52471326121554 -0.438216479915793 -0.352017728508801 -0.304969360804248 -0.32031460799198 -0.349051232978058 -0.324115631597601 -0.212597461135404 -0.118199424674973 -0.135497807773723 -0.185950180085997 -0.17510206181172 -0.117969491236207 -0.0519412973654375 0.00557304599735995 0.0421589038496418
-1.02010560663267 -0.984514921364723 -0.948923696664969 -0.913331114445004 -0.877736389095149 -0.842138835569412 -0.806538138597831 -0.770934018662422 -0.735325969477078 -0.699713482539215 -0.66409626724848 -0.628474087480076 -0.592846792629617 -0.55721457417436 -0.521577694430772 -0.485936356990514 -0.450290770106455 -0.41464121940109 -0.378988023333556 -0.343331554339928 -0.307672198350512 -0.272010210255744 -0.236345320786575 -0.200677248011557 -0.165006183509145 -0.1293323930731 -0.0936559658484945 -0.0579770766244252 -0.0222964194147496 0.0133851819604836
-1.00140260735942 -0.966243222056405 -0.931083836804093 -0.89592445163562 -0.860765066592686 -0.825605681705247 -0.790446296947741 -0.755286912292678 -0.720127527760378 -0.684968143375399 -0.649808759131426 -0.614649375014424 -0.579489991014207 -0.544330607135975 -0.509171223381186 -0.474011839720932 -0.438852456125803 -0.403693072594732 -0.368533689137388 -0.333374305778042 -0.298214922544615 -0.263055539469077 -0.227896156599579 -0.192736773976557 -0.157577391593395 -0.12241800942083 -0.0872586273860765 -0.052099245412181 -0.0169398634490476 0.0182195185467061
-1.01264480437435 -0.975478157685841 -0.938311511077867 -0.901144864630138 -0.863978218307404 -0.826811572030185 -0.789644925657045 -0.752478279005651 -0.715311631792053 -0.678144983746266 -0.640978334755809 -0.603811684747573 -0.566645033680948 -0.529478381645322 -0.492311728755264 -0.455145075096084 -0.41797842074863 -0.380811765805159 -0.343645110350066 -0.306478454424881 -0.269311798060419 -0.232145141300476 -0.194978484240766 -0.157811826992058 -0.120645169673417 -0.0834785123840014 -0.0463118551350412 -0.00914519791579248 0.028021459284458 0.0651881164764157
-0.962216721153908 -0.929279113392516 -0.896341505719166 -0.863403898180514 -0.830466290779825 -0.797528683504447 -0.764591076321422 -0.731653469189772 -0.698715862056716 -0.665778254863845 -0.632840647542038 -0.599903040019492 -0.566965432227898 -0.534027824112907 -0.501090215628677 -0.468152606749408 -0.435214997461949 -0.402277387783681 -0.369339777745206 -0.336402167399495 -0.303464556805105 -0.270526946002565 -0.237589334960271 -0.204651723650178 -0.171714112130608 -0.138776500471976 -0.105838888706707 -0.0729012768609688 -0.0399636649738883 -0.00702605308783287
-0.990774365418936 -0.95566437926062 -0.920554393127646 -0.885444407094928 -0.850334421375127 -0.815224436201167 -0.780114451749297 -0.745004468157007 -0.70989448546345 -0.674784503694843 -0.639674522923997 -0.604564543235371 -0.569454564683305 -0.534344587201656 -0.499234610701829 -0.464124635125905 -0.429014660422585 -0.393904686536371 -0.358794713393037 -0.323684740847642 -0.288574768737565 -0.253464796930679 -0.218354825416825 -0.183244854189436 -0.148134883134348 -0.113024912121132 -0.0779149410619013 -0.0428049698959827 -0.00769499862902787 0.0274149727167314
-1.00859708943635 -0.97333819657211 -0.93807930357067 -0.902820410301277 -0.867561516592014 -0.832302622283078 -0.797043727304309 -0.761784831638776 -0.726525935392827 -0.691267038685884 -0.656008141566389 -0.62074924406504 -0.585490346195161 -0.5502314479006 -0.514972549122974 -0.479713649864468 -0.444454750142087 -0.409195849971549 -0.373936949380798 -0.338678048447975 -0.303419147263767 -0.2681602459196 -0.232901344509858 -0.197642443108014 -0.162383541700944 -0.127124640261926 -0.0918657387964536 -0.0566068373171105 -0.0213479358326151 0.0139109656492795
-0.97613359262483 -0.92129553830547 -0.876113601433132 -0.85669494234657 -0.858458113682234 -0.866638268634478 -0.846425570331552 -0.772532262727825 -0.677803903148219 -0.600647882668234 -0.54358561399513 -0.500167015244106 -0.467171551644313 -0.454296876880709 -0.467985689549894 -0.488742679439221 -0.493112566058055 -0.46773819661304 -0.407971517968753 -0.333902747924237 -0.271806672012152 -0.24071052038659 -0.230651301687376 -0.224173122454708 -0.202838702344538 -0.154911054446141 -0.0964357524663315 -0.0470100122050493 -0.0126550572172088 0.00400188700353203
-0.999389952175286 -0.961268007789416 -0.923186753957492 -0.885209424901025 -0.847347295799063 -0.809601448201389 -0.771984148183193 -0.734524157194228 -0.697305033657069 -0.660413007273504 -0.623890195889352 -0.587767689386439 -0.552076421570611 -0.51684670194379 -0.482112457391627 -0.44792270863861 -0.414321897625764 -0.381321057321416 -0.348917024818217 -0.317083262678812 -0.285787389833346 -0.255007555396655 -0.224764029222347 -0.195084631239108 -0.165985260937167 -0.137441590504937 -0.109280303362017 -0.0813138200157984 -0.0534464980936391 -0.0256056795028901
-0.991375904057177 -0.956370454036089 -0.921365003996455 -0.886359553925341 -0.851354103857598 -0.816348653841217 -0.78134320392899 -0.746337754174738 -0.711332304631604 -0.676326855343842 -0.641321406320818 -0.60631595756318 -0.571310509076526 -0.536305060886277 -0.501299613027943 -0.466294165557592 -0.431288718539146 -0.396283272047382 -0.361277826132083 -0.326272380732201 -0.291266935758977 -0.256261491106276 -0.221256046598447 -0.186250602067831 -0.151245157448238 -0.116239712708986 -0.0812342678599408 -0.0462288229217921 -0.0112233779179684 0.0237820671274168
-1.02861799969511 -0.993731560734102 -0.95884512185354 -0.923958683095661 -0.889072244382875 -0.854185805606315 -0.819299366651806 -0.784412927413163 -0.749526487821455 -0.714640047828449 -0.679753607431437 -0.644867166639087 -0.609980725442473 -0.575094283762259 -0.540207841512093 -0.50532139864793 -0.470434955156636 -0.435548511106406 -0.400662066575126 -0.365775621598122 -0.330889176200077 -0.296002730437446 -0.261116284493754 -0.226229838583724 -0.191343392919777 -0.156456947674728 -0.121570502865267 -0.0866840584542567 -0.0517976143453596 -0.0169111704274408
0.949299139689117 0.916436975820483 0.883574812004905 0.850712648286812 0.817850484734539 0.784988321407292 0.752126158303863 0.719263995411435 0.686401832731163 0.653539670248002 0.620677507868128 0.587815345478026 0.554953182969994 0.522091020259589 0.489228857282653 0.456366694032893 0.423504530525241 0.390642366801653 0.357780202898227 0.324918038800607 0.292055874481823 0.259193709934175 0.226331545227043 0.193469380431052 0.160607215544723 0.127745050538214 0.0948828853403324 0.0620207198945637 0.029158554244476 -0.00370361154134306
-0.998245747997447 -0.964565893714562 -0.930886039478396 -0.897206185302109 -0.863526331113913 -0.829846476828944 -0.796166622394993 -0.762486767799918 -0.72880691315919 -0.69512705858703 -0.661447204065018 -0.627767349541578 -0.594087494962883 -0.56040764026611 -0.526727785391016 -0.49304793029668 -0.459368074938792 -0.425688219240157 -0.39200836312475 -0.358328506554102 -0.324648649499129 -0.290968791941687 -0.257288933907366 -0.223609075441091 -0.189929216621366 -0.156249357529596 -0.122569498225182 -0.0888896387657079 -0.0552097792234729 -0.0215299196744545
-1.00569238433969 -0.970730549101965 -0.935768713912816 -0.900806878832482 -0.865845043964772 -0.830883209405583 -0.795921375175583 -0.760959541230428 -0.725997707340948 -0.691035873251849 -0.656074038788176 -0.621112203795058 -0.5861503681402 -0.551188531781618 -0.516226694731502 -0.481264857128434 -0.44630301912504 -0.411341180803747 -0.376379342210208 -0.341417503313194 -0.30645566406225 -0.271493824417768 -0.236531984383503 -0.20157014398082 -0.166608303258136 -0.131646462267736 -0.0966846210503378 -0.0617227796486819 -0.0267609381251837 0.00820090345282327
-0.958477070678969 -0.925357461695562 -0.892237852603419 -0.859118243285972 -0.82599863358189 -0.792879023330808 -0.759759412421 -0.726639800786211 -0.693520188493428 -0.660400575647122 -0.627280962368471 -0.59416134878283 -0.561041735005754 -0.527922121113612 -0.494802507176079 -0.461682893275254 -0.428563279496851 -0.395443665928635 -0.362324052655792 -0.32920443975115 -0.296084827284443 -0.262965215317697 -0.229845603882076 -0.196725992978718 -0.163606382519493 -0.1304867724046 -0.0973671625768164 -0.0642475529839606 -0.031127943551443 0.00199166580092848
-0.986018769399513 -0.951986410457058 -0.917954051547232 -0.883921692701584 -0.849889333901986 -0.815856975107607 -0.781824616236483 -0.747792257223345 -0.713759898110827 -0.679727538974737 -0.645695179915672 -0.611662821040424 -0.577630462457879 -0.54359810428529 -0.509565746639188 -0.475533389624857 -0.441501033360532 -0.407468678027494 -0.373436323783394 -0.339403970628312 -0.305371618522937 -0.27133926738486 -0.237306916959287 -0.203274566981662 -0.169242217320774 -0.135209867883758 -0.10117751859781 -0.0671451694027445 -0.0331128202687933 0.000919528826206142
-0.986552212114727 -0.957090736568352 -0.927565628090273 -0.897917315150509 -0.868099217513605 -0.83807725191889 -0.807854331710328 -0.777432924148054 -0.746776715552251 -0.715829350869956 -0.684493090495572 -0.652659848685341 -0.620227045003451 -0.58711412024587 -0.553260591186506 -0.518664257279229 -0.483335868996847 -0.447279698207934 -0.410505112198143 -0.373048338525674 -0.334952319816864 -0.296290928624557 -0.257261757207627 -0.218070445755717 -0.178831106475523 -0.139614074453174 -0.100406104275472 -0.0611791406228336 -0.0219294690494614 0.0173405396719948
-1.01994423239105 -0.984581599235474 -0.949204608219625 -0.913798524752872 -0.878350905686037 -0.842851017804306 -0.807292676188895 -0.771671441596752 -0.735985309191726 -0.700232737727956 -0.664411605913828 -0.628519647446292 -0.592556036187188 -0.556525706657924 -0.520434558002111 -0.484286587192597 -0.448084777327324 -0.411829958175355 -0.375523159025756 -0.339168360576473 -0.302770281377672 -0.266333276380765 -0.229860246142141 -0.193355318237359 -0.156828982713649 -0.120292210683366 -0.0837515350476705 -0.0472114811756687 -0.0106729825194325 0.0258639254482243
-0.909142533441992 -0.898910801081423 -0.888010985949476 -0.87645268224122 -0.862981707195608 -0.845878355740047 -0.822824610511862 -0.79209321689894 -0.754918283581467 -0.71322327940663 -0.668727750597301 -0.623100262720271 -0.577899407379596 -0.534243880328384 -0.493102779743234 -0.455286709345658 -0.421196382415356 -0.389751444919862 -0.359540731263482 -0.329310896909772 -0.2978480525871 -0.264137497961524 -0.227961288449848 -0.189364573279644 -0.148648121170792 -0.105962547499989 -0.0606022347788837 -0.0118962024369288 0.0398317495601695 0.0940091261126413
-1.01953240159712 -0.984619676017673 -0.949706950468513 -0.914794224946174 -0.879881499433018 -0.844968773905963 -0.810056048334326 -0.775143322678745 -0.740230596872758 -0.70531787083043 -0.670405144415029 -0.635492417477123 -0.600579689872049 -0.565666961474218 -0.530754232188958 -0.495841502026191 -0.460928771043007 -0.426016039380546 -0.391103307196608 -0.356190574631576 -0.321277841821475 -0.286365108877978 -0.251452375815351 -0.216539642624725 -0.181626909302097 -0.146714175839503 -0.111801442208273 -0.076888708391512 -0.0419759744401254 -0.00706324042196863
0.973459745379537 0.940768826158572 0.908046302598321 0.875262571463015 0.842406705779133 0.809470780809142 0.776440204497232 0.743297377242235 0.710019336579839 0.676579697357048 0.64294374652928 0.609074689079057 0.574940776049953 0.540530442729744 0.505842500731626 0.47089708272628 0.435715475725217 0.400302263045798 0.364663829361498 0.328830468464411 0.292838451426282 0.256720850348923 0.22049794145441 0.184183393976801 0.147777245077823 0.111279615857382 0.0747045952404192 0.0380705424588339 0.00139893014732368 -0.0352879907087142
1.00518057292274 0.970722139719485 0.936263706460993 0.901805273096672 0.86734683958953 0.832888405933567 0.798429972233152 0.763971538597601 0.729513105045671 0.695054671553918 0.660596238020653 0.626137804324627 0.591679370356648 0.557220936055753 0.522762501382018 0.488304066331447 0.45384563090488 0.419387195086558 0.384928758862316 0.350470322240959 0.316011885237035 0.281553447873863 0.247095010209848 0.212636572307103 0.178178134207473 0.14371969594503 0.109261257543021 0.0748028190263112 0.0403443804370669 0.00588594182177911
0.914241202947502 0.890689067373936 0.866587497791337 0.841469046558774 0.8157585571964 0.789823927482367 0.762912981065725 0.734190906949831 0.703612429684387 0.671401781262492 0.638071687904497 0.604206999387571 0.570468490259372 0.537820634149536 0.507157302420098 0.478786258280695 0.45257851813996 0.42724421935487 0.401421931340878 0.374624830798976 0.346584746251541 0.316850960263452 0.284242571569584 0.247620624048169 0.206744125980844 0.161794217527897 0.113742601960796 0.0636973551754636 0.0125214804544406 -0.0389832870730754
0.996132830015952 0.960944457340944 0.925756084720755 0.890567712213523 0.855379339884949 0.820190967784664 0.785002595890473 0.749814224154271 0.714625852496162 0.67943748085002 0.644249109236586 0.609060737698323 0.573872366283565 0.538683995064146 0.503495624117212 0.468307253517672 0.43311888335538 0.39793051378222 0.362742144936563 0.327553776840694 0.292365409487876 0.257177042879153 0.221988677046692 0.186800312018045 0.151611947771182 0.116423584251484 0.081235221323553 0.0460468588333841 0.0108584966333261 -0.0243298654226842
-1.03334779760685 -0.998566346294191 -0.963784894870133 -0.92900344323388 -0.894221991392427 -0.859440539389801 -0.824659087310344 -0.789877635271677 -0.755096183484217 -0.7203147321484 -0.685533281331945 -0.650751831069393 -0.615970381377547 -0.581188932202266 -0.546407483481003 -0.51162603518856 -0.476844587283957 -0.44206313962576 -0.407281692084218 -0.372500244676774 -0.337718797457671 -0.302937350487105 -0.268155903849071 -0.233374457602398 -0.19859301168144 -0.163811565993421 -0.12903012046153 -0.0942486750192999 -0.0594672296256439 -0.0246857842458241
-0.971206822166613 -0.938164858267387 -0.905122894276404 -0.872080930127893 -0.839038965766693 -0.805997001130001 -0.77295503611386 -0.73991307063823 -0.706871104759903 -0.673829138552394 -0.640787172019279 -0.607745205146649 -0.574703237921503 -0.541661270334473 -0.508619302395049 -0.475577334184533 -0.442535365810389 -0.409493397412908 -0.376451429115823 -0.3434094609438 -0.310367492896737 -0.277325524962209 -0.244283557078483 -0.211241589179613 -0.178199621232082 -0.14515765322057 -0.112115685170114 -0.0790737171080374 -0.0460317490304492 -0.012989780925656
-1.01084692394835 -0.975743204491577 -0.940639485093053 -0.905535765820884 -0.870432046661105 -0.835328327573068 -0.800224608491453 -0.765120889348981 -0.73001717009518 -0.694913450680611 -0.659809731043146 -0.624706011117481 -0.5896022908433 -0.554498570180229 -0.519394849087062 -0.48429112749934 -0.449187405373076 -0.414083682769443 -0.378979959769223 -0.343876236426483 -0.308772512788609 -0.273668788872696 -0.238565064574668 -0.20346133980338 -0.168357614640584 -0.133253889216208 -0.0981501636799903 -0.0630464381586397 -0.0279427126669306 0.00716101280834571
0.985941667225063 0.952011921813319 0.918082176425085 0.884152431131746 0.850222685985023 0.816292941030984 0.782363196312719 0.748433451857058 0.714503707628778 0.680573963603377 0.646644219861299 0.612714476509225 0.578784733633665 0.544854991240451 0.510925249281449 0.476995507573338 0.443065765931542 0.409136024301629 0.375206282672913 0.341276541079533 0.307346799566832 0.273417058145835 0.239487316690282 0.205557575067588 0.171627833257146 0.137698091279788 0.103768349210122 0.0698386071251971 0.0359088650580377 0.00197912303066254
