-0.949869181419698 -0.917325999403483 -0.886669854849452 -0.859401871663656 -0.835335335336524 -0.813766165971689 -0.79360866054122 -0.773441015816115 -0.750878650894657 -0.723730740601543 -0.69154426033983 -0.654300635657166 -0.612672237994935 -0.57009522236947 -0.529733489746536 -0.490898141314702 -0.452064799025843 -0.412219967662291 -0.370667304892113 -0.32746819709589 -0.282873462832326 -0.237461729728026 -0.193122861681176 -0.152134850979062 -0.117016967193783 -0.0896678160714758 -0.0692620707696287 -0.0541398285737566 -0.0420268158701341 -0.0304951663202262
-0.90338027825861 -0.880918757825693 -0.858257680569748 -0.835165600715063 -0.811333781891449 -0.786490376713037 -0.760588384325705 -0.733665556425269 -0.70587380837554 -0.677303051170939 -0.647681014660325 -0.616644883406167 -0.583858088656721 -0.549089048403386 -0.512332880669553 -0.474386516863432 -0.436154654630414 -0.398171243179788 -0.360807152392067 -0.324151683268746 -0.288223744591569 -0.253076891088961 -0.218903261276073 -0.185917431123901 -0.154285142640071 -0.124063168616899 -0.0949212389488248 -0.066458368984436 -0.0383777587867795 -0.0104086545975182
-0.995012665392195 -0.960424163801822 -0.925835662261993 -0.891247160776469 -0.856658659236962 -0.822070157494741 -0.787481655351338 -0.752893152606575 -0.718304649103179 -0.683716144726385 -0.649127639488555 -0.614539133433837 -0.579950626630091 -0.545362119240029 -0.510773611442323 -0.476185103384624 -0.441596595172809 -0.407008086776665 -0.372419578151173 -0.337831069328193 -0.3032425603588 -0.268654051298006 -0.234065542216561 -0.199477033174103 -0.164888524170085 -0.130300015205652 -0.0957115063489175 -0.0611229976559653 -0.0265344890677744 0.00805401950345087
-1.00160467427285 -0.967597955714711 -0.933591237077499 -0.899584518254589 -0.865577799128233 -0.831571079583791 -0.79756435953018 -0.763557638909767 -0.729550917775156 -0.6955441962122 -0.6615374743295 -0.627530752241346 -0.593524030030098 -0.559517307650392 -0.525510585045127 -0.491503862237972 -0.45749713923721 -0.423490415908803 -0.389483692095709 -0.355476967691178 -0.321470242601036 -0.287463516770522 -0.253456790302539 -0.219450063320167 -0.185443335869524 -0.151436607992345 -0.117429879789781 -0.0834231513713952 -0.0494164228209891 -0.0154096942159232
-1.01737442462413 -0.981140296269018 -0.943852505718694 -0.905142502084417 -0.865623096622733 -0.826007990739823 -0.786433084295139 -0.746935678414604 -0.70773648083678 -0.669216680546958 -0.632215984904718 -0.597688730863215 -0.566255859555793 -0.53720472883656 -0.509566605194824 -0.482681972939935 -0.455926299652013 -0.428505768174219 -0.399726420337146 -0.369463018658069 -0.337732505825938 -0.304401541097768 -0.268735650002842 -0.229819262346027 -0.186613558762242 -0.138346210560691 -0.0854341009176678 -0.0287409260411961 0.0302715776008766 0.0899921634757463
-0.889894961887086 -0.878214430527822 -0.865819582920563 -0.851852871823145 -0.835317571192509 -0.815376409954003 -0.791969115707511 -0.765336586844972 -0.736147406252012 -0.705085538367749 -0.67246878935157 -0.638523425792933 -0.603515536100449 -0.56787049595935 -0.531925069200144 -0.495502284957841 -0.458365301404124 -0.420551527552903 -0.382226542243598 -0.343794352775466 -0.305718573562719 -0.268454468054236 -0.232423895837551 -0.198008398700258 -0.165461651091524 -0.134788410349447 -0.105125632706263 -0.0755454072755607 -0.0457281558021998 -0.015506383188856
-1.00046988483725 -0.966062003879274 -0.931654122903243 -0.897246241889657 -0.862838360760657 -0.828430479413711 -0.794022597705949 -0.759614715490449 -0.725206832644414 -0.690798949069186 -0.656391064738532 -0.621983179644327 -0.587575293792359 -0.553167407244064 -0.518759520089386 -0.484351632476618 -0.44994374455306 -0.415535856403647 -0.381127968103921 -0.346720079754196 -0.312312191460981 -0.277904303326196 -0.243496415433406 -0.209088527830404 -0.174680640440236 -0.140272753165169 -0.105864865949086 -0.0714569787477826 -0.0370490915230973 -0.00264120423837728
-1.01048988954266 -0.973192505660791 -0.935831666236951 -0.898353857927626 -0.860715268281079 -0.82289729910428 -0.784972508347226 -0.747036926380557 -0.70918931711446 -0.671523743562562 -0.634112731612729 -0.597023422871386 -0.560344516492097 -0.524250941816987 -0.488920333706728 -0.454454918907612 -0.420930356573188 -0.388391443600419 -0.356846120409237 -0.32618576376805 -0.296272609532385 -0.26696618343626 -0.238115170727653 -0.209574170434965 -0.18123227719431 -0.15300642433096 -0.124890404319087 -0.0968873934080935 -0.0689612437994088 -0.0410659766824673
-0.953375636214619 -0.925336248409179 -0.89729825996884 -0.869270087704616 -0.841255969965596 -0.813238829680915 -0.785120506561808 -0.756781396346817 -0.728097202101613 -0.698964734167527 -0.669369924661416 -0.639320986144014 -0.608817723406616 -0.577826310162754 -0.546304913644997 -0.514213306239845 -0.481518347475959 -0.448213640296714 -0.414286262316406 -0.379670446418286 -0.344287214302844 -0.308069125297759 -0.270994889239467 -0.233095847465152 -0.19456771680625 -0.155632549989729 -0.116453367830469 -0.0771605872923937 -0.0378132418477175 0.00154748090427394
1.06810414521376 1.01891356972609 0.969733182445347 0.920766587928285 0.872535339539298 0.825624101701229 0.780552034263045 0.737742351022993 0.697299986150327 0.659221275823387 0.623386443885864 0.589646686097785 0.557847494674532 0.527811547652914 0.49928943645564 0.471766220227602 0.444576335269916 0.416717258786428 0.387268383885035 0.355973726387121 0.322743457792436 0.28749073617674 0.250140665919807 0.210684325518799 0.169364743636401 0.126509626147173 0.0825334376076499 0.0378520630367944 -0.00719968937869665 -0.0523072806601921
-0.900174314812401 -0.890110695168798 -0.878509969454742 -0.864782999395235 -0.84926889090804 -0.832101172800046 -0.811662821241894 -0.78642534955949 -0.756964972336038 -0.724315852478429 -0.689239244930988 -0.652428177647398 -0.614362525095697 -0.574669547801341 -0.532976726008117 -0.489765032775722 -0.44581128950351 -0.402222218133557 -0.360062497601195 -0.319898734272046 -0.282173016369303 -0.247504759650785 -0.217222690012809 -0.192618397250647 -0.174125616616891 -0.161777062937982 -0.154859223878438 -0.152334854578304 -0.152618007241656 -0.153985558338583
-1.02989802752455 -0.996322844676049 -0.962753079545125 -0.929176587767081 -0.895557454726415 -0.86185764779472 -0.828054432542791 -0.794113307673681 -0.759937406220308 -0.725431435591865 -0.690568766372792 -0.65533993494134 -0.619742800252108 -0.583804511565083 -0.547552972900712 -0.510989817015907 -0.474111775300084 -0.436922244936233 -0.399435253930393 -0.361700687787233 -0.323777396386078 -0.285717094938754 -0.247542959987091 -0.209269746778583 -0.170907064053388 -0.132464846987152 -0.0939594830048316 -0.0554085640225989 -0.0168280476721937 0.0217665169857528
-1.04389035369464 -1.00892075427004 -0.973951154642819 -0.938981554625657 -0.904011954133464 -0.869042353100095 -0.834072751432979 -0.799103149006324 -0.764133545587898 -0.7291639409636 -0.69419433509832 -0.659224728001692 -0.624255119695806 -0.589285510252569 -0.554315899727594 -0.519346288061504 -0.484376675198706 -0.449407061213731 -0.414437446235422 -0.379467830479745 -0.344498214184445 -0.309528597582735 -0.274558980889706 -0.239589364296437 -0.204619747916079 -0.169650131831412 -0.134680516081661 -0.0997109006685849 -0.0647412854876422 -0.0297716704077135
-0.988956547671191 -0.95480882779145 -0.920661108014684 -0.886513388487057 -0.852365669388712 -0.818217950896639 -0.784070233141222 -0.749922516229594 -0.715774800222481 -0.681627085165824 -0.647479371092821 -0.613331658033484 -0.579183945990486 -0.545036234857145 -0.510888524472227 -0.476740814565638 -0.442593104862584 -0.408445395178309 -0.374297685378769 -0.340149975442729 -0.306002265377157 -0.271854555193991 -0.237706844925058 -0.203559134599964 -0.169411424219538 -0.135263713779985 -0.101116003287792 -0.0669682927532813 -0.0328205821918374 0.00132712837988792
0.973184927514829 0.939309948572264 0.905434969703819 0.871559990972132 0.837685012482106 0.803810034344471 0.769935056651007 0.736060079499563 0.702185103031216 0.668310127378468 0.634435152596289 0.600560178720267 0.566685205760795 0.532810233627489 0.498935262208941 0.465060291410428 0.431185321159304 0.397310351454526 0.363435382290602 0.329560413572608 0.295685445183265 0.261810477012784 0.227935508981331 0.194060541019003 0.160185573065657 0.126310605071995 0.0924356370223464 0.0585606689131539 0.0246857007557013 -0.00918926743501819
-0.993773153623078 -0.959828640298348 -0.925884126883332 -0.891939613307716 -0.85799509959855 -0.824050585828022 -0.790106072151537 -0.756161558730168 -0.722217045664464 -0.688272533019212 -0.654328020776686 -0.620383508898531 -0.586438997361441 -0.552494486202299 -0.518549975481541 -0.484605465293624 -0.450660955708776 -0.416716446666311 -0.382771938082025 -0.348827429908577 -0.314882922107836 -0.280938414616515 -0.246993907270676 -0.213049399903181 -0.179104892434719 -0.1451603848167 -0.111215877035595 -0.077271369095262 -0.0433268610340437 -0.00938235289890623
-1.00080699380076 -0.96305214217357 -0.924978095535763 -0.886403148306812 -0.847829007218675 -0.809851777206719 -0.772761743707442 -0.736791857164687 -0.702251547550545 -0.669417077390168 -0.638355559892726 -0.609081820938392 -0.581456564035203 -0.554724003202654 -0.528039757120689 -0.500821552599582 -0.472744899676418 -0.444254333165187 -0.415789447664857 -0.387001052137379 -0.357342759135453 -0.326293618758898 -0.293434431296019 -0.258445869870495 -0.221306348759038 -0.182124735635462 -0.141233970608981 -0.099032550576416 -0.0559571271496234 -0.0124538906192187
-0.954976855272534 -0.921541378699292 -0.888105902142212 -0.854670425618264 -0.821234949171876 -0.787799472866578 -0.754363996814861 -0.720928521127705 -0.687493045861093 -0.654057571050494 -0.620622096704313 -0.587186622824192 -0.553751149392681 -0.520315676315969 -0.486880203507909 -0.453444730989369 -0.420009258752344 -0.386573786566328 -0.353138314175731 -0.319702841447151 -0.286267368277726 -0.252831894599389 -0.219396420483234 -0.185960946025768 -0.152525471285973 -0.119089996302788 -0.0856545210725089 -0.052219045597683 -0.0187835699485285 0.0146519057878199
-1.02681276653319 -0.990150494702177 -0.953486217538385 -0.916812928870428 -0.880130757044352 -0.843443013701938 -0.806758609150485 -0.770089977239743 -0.733458047323771 -0.69689214767323 -0.660446706720918 -0.62418242794016 -0.588151471591086 -0.552371825081028 -0.51684596498869 -0.481548497431052 -0.446450433602117 -0.411536275465698 -0.376796668875231 -0.342233344472835 -0.307850804097801 -0.273650805696691 -0.239624131645171 -0.205759413816764 -0.172047657647338 -0.138472776778287 -0.104987944110769 -0.0715444908990963 -0.0381171225504332 -0.00468638801015727
-1.01154947558247 -0.976841953062436 -0.942134430500873 -0.90742690783224 -0.872719384931928 -0.838011861672675 -0.803304337975655 -0.768596813765885 -0.733889288935307 -0.69918176338495 -0.664474237085273 -0.629766710024094 -0.59505918220572 -0.560351653700433 -0.525644124596046 -0.490936594984534 -0.456229064927136 -0.421521534357992 -0.386814003228279 -0.352106471684446 -0.317398939921755 -0.282691408142508 -0.247983876577148 -0.213276345429606 -0.178568814769608 -0.143861284603723 -0.109153754820096 -0.0744462252809287 -0.0397386958630799 -0.00503116644707162
-1.03591631151227 -0.991354051642038 -0.946857901698957 -0.902504053544397 -0.858393419425825 -0.814684025304675 -0.771737631612147 -0.729945095728734 -0.689609928362329 -0.650971562387044 -0.614100466014466 -0.579024866290552 -0.545724364026411 -0.513984055093767 -0.483508385170292 -0.453873704096856 -0.424664358577475 -0.395624778605584 -0.36657904050985 -0.337509722670467 -0.30843902898051 -0.279374564727537 -0.25026554077704 -0.221126515696166 -0.19229183328077 -0.164109542610469 -0.136662728671243 -0.109916210206227 -0.0836267050808084 -0.057498905940941
-1.031527041584 -0.994910481830118 -0.958293922051422 -0.921677362278557 -0.885060802698138 -0.84844424352904 -0.811827684963218 -0.775211127190236 -0.738594570417038 -0.70197801481788 -0.665361460418907 -0.628744907209233 -0.592128355197567 -0.555511804470996 -0.518895255110688 -0.482278707095754 -0.445662160364619 -0.409045614795001 -0.372429070257598 -0.335812526655716 -0.299195983900816 -0.262579441878264 -0.225962900369062 -0.189346359145298 -0.152729818047791 -0.1161132769585 -0.0794967358552228 -0.0428801947427362 -0.00626365363789751 0.030352887439416
-0.990829965625958 -0.956240078371277 -0.921650191229319 -0.887060304260753 -0.852470417408797 -0.81788053058032 -0.783290643654242 -0.748700756505727 -0.714110869022869 -0.679520981098536 -0.644931092631762 -0.610341203523119 -0.575751313703611 -0.541161423225961 -0.506571532184619 -0.47198164071922 -0.437391748949861 -0.402801856873305 -0.368211964462272 -0.333622071716661 -0.299032178643162 -0.264442285264558 -0.229852391668 -0.195262497956694 -0.160672604233702 -0.126082710593611 -0.0914928170972629 -0.0569029237773862 -0.0223130305880127 0.0122768625365009
-1.00826654760577 -0.971875433550439 -0.935484319533066 -0.899093205565543 -0.862702091643024 -0.826310977745953 -0.789919863812679 -0.753528749765888 -0.717137635507721 -0.680746520938607 -0.644355405972681 -0.607964290527506 -0.571573174541835 -0.535182058039189 -0.498790941075401 -0.462399823750784 -0.426008706161652 -0.389617588343824 -0.353226470323404 -0.316835352148121 -0.280444233871111 -0.244053115559683 -0.207661997337849 -0.171270879312925 -0.134879761468744 -0.0984886437522673 -0.0620975260864485 -0.0257064084002335 0.0106847093294554 0.0470758271137017
-1.03841820587039 -1.00225947965153 -0.966100753405314 -0.92994202706018 -0.893783300436315 -0.85762457335029 -0.821465845712508 -0.785307117480622 -0.749148388707462 -0.712989659464161 -0.676830929799893 -0.640672199758344 -0.604513469379799 -0.568354738690935 -0.532196007719327 -0.496037276509732 -0.459878545124599 -0.42371981367995 -0.38756108227085 -0.351402350854962 -0.315243619355602 -0.279084887694918 -0.242926155790394 -0.206767423569455 -0.170608691003966 -0.134449958075639 -0.0982912247611463 -0.0621324910629497 -0.0259737570916943 0.0101849770149278
-0.952016068730597 -0.943500691928845 -0.93343968910135 -0.920013919244308 -0.901829062175511 -0.877927060448794 -0.848670086740549 -0.814700486465857 -0.776461065871966 -0.734558841561305 -0.690457210724861 -0.64583366570076 -0.601965956780319 -0.558532866067628 -0.515063643294037 -0.472088376887162 -0.430339598365004 -0.390358772910803 -0.35243120285421 -0.316008605445243 -0.280334301664014 -0.244767263275875 -0.209129065187142 -0.17357678425918 -0.139146902032604 -0.106964568967951 -0.0776302065262163 -0.0513004342371618 -0.0268813929051514 -0.00296660365320101
-0.980083371549113 -0.947983875779149 -0.915884380006715 -0.883784884211692 -0.851685388361268 -0.819585892394873 -0.787486396153598 -0.755386899481199 -0.723287402330417 -0.691187904686883 -0.659088406558789 -0.626988907959971 -0.594889408900182 -0.562789909372861 -0.530690409368611 -0.498590908883011 -0.466491407908166 -0.434391906417289 -0.402292404393171 -0.370192901875794 -0.338093398919443 -0.305993895586419 -0.27389439197111 -0.241794888186797 -0.209695384390265 -0.177595880715835 -0.145496377164483 -0.113396873700421 -0.0812973702741446 -0.04919786683272
-1.02129294057493 -0.998666516579548 -0.969263708653324 -0.93231622871798 -0.889425590346906 -0.842018845751339 -0.788455400042219 -0.730498871962411 -0.686597381882754 -0.672771200934763 -0.678644701664649 -0.687243281972304 -0.68130897328914 -0.64245034117267 -0.561834232342103 -0.469994084037335 -0.39927574554713 -0.349908123835018 -0.315021840601139 -0.291471318817288 -0.277041931773173 -0.268466394019754 -0.258266785152978 -0.238867894405602 -0.206515984512602 -0.161465189025447 -0.116179651259338 -0.0826138155911161 -0.0584733208804296 -0.0379016046076299
-0.946200835177362 -0.915029149642502 -0.883857464124042 -0.852685778659227 -0.821514093253469 -0.790342407920398 -0.759170722738374 -0.72799903780296 -0.696827353213804 -0.665655669061464 -0.634483985396059 -0.603312302257593 -0.57214061967758 -0.54096893765356 -0.509797256172212 -0.478625575210734 -0.447453894718619 -0.416282214544025 -0.385110534514908 -0.353938854479761 -0.322767174292208 -0.291595493834425 -0.260423813102787 -0.229252132131111 -0.198080450988788 -0.166908769739303 -0.135737088386949 -0.104565406928636 -0.0733937253909453 -0.042222043807875
-1.01797238874768 -0.982007923896621 -0.946019294413787 -0.90999685894308 -0.873966472532414 -0.837961938697358 -0.80201335842009 -0.766144760253432 -0.730359585566175 -0.694662978968903 -0.659087485223391 -0.623672499129213 -0.58845632389652 -0.553472896377774 -0.518753725291972 -0.484324973181951 -0.450203067328558 -0.416370840140863 -0.382802879011012 -0.349474386135256 -0.316360717410872 -0.283442918582243 -0.250724794782185 -0.218210993084773 -0.185886768940689 -0.153726695599685 -0.121682009131181 -0.08970319461364 -0.0577610703420129 -0.0258315379153745
1.01512102487013 0.978298781353565 0.941484149150438 0.904682766155326 0.867891690563588 0.831111908464665 0.794368697223526 0.757693556915746 0.721118587183779 0.684674133422345 0.648382924468337 0.612265785019191 0.576338765305443 0.540598817690025 0.505042082101604 0.469680546599386 0.434524288760912 0.399559896106523 0.364765252092305 0.330106913974519 0.295548607459472 0.261055745569089 0.226600490587776 0.192161187018873 0.157734158978967 0.12331980945052 0.0889168772662191 0.0545229371764665 0.0201325717522802 -0.0142603844801672
-1.17581496846126 -1.03420041779626 -0.933269121156924 -0.879047831299383 -0.854655454585509 -0.839047672983026 -0.817435117277318 -0.780177796600634 -0.731978284655008 -0.680354877425147 -0.629746195456669 -0.583820940435419 -0.544215078353658 -0.504433632429311 -0.460674094750956 -0.428034775664119 -0.418550558207049 -0.413101797931919 -0.390017168104999 -0.348573140335032 -0.293283135816375 -0.231838236649936 -0.184640168562821 -0.167837729832746 -0.167857365313669 -0.166488638217808 -0.156695938614166 -0.134293995338753 -0.0953240654388105 -0.0358840380143905
-0.999574297766655 -0.965330831286314 -0.931087364763032 -0.896843898168603 -0.862600431504959 -0.828356964796661 -0.79411349812866 -0.759870031594125 -0.725626565258707 -0.691383099198724 -0.657139633560677 -0.622896168508611 -0.58865270418895 -0.554409240677642 -0.520165778017642 -0.485922316190425 -0.451678855183467 -0.417435395069719 -0.383191935935434 -0.348948477834583 -0.314705020813068 -0.280461564872798 -0.246218109839727 -0.211974655485705 -0.177731201542128 -0.143487747747772 -0.109244293911384 -0.0750008399001156 -0.0407573857447606 -0.00651393151702391
-1.03352073433171 -0.99236811169428 -0.951306227676903 -0.910418338492809 -0.869759554548366 -0.829386128314416 -0.789387026326549 -0.749854989161121 -0.710865139492796 -0.672489451000861 -0.634804919284799 -0.59788979542414 -0.561813977880674 -0.526613954645234 -0.492308795871979 -0.458881310839336 -0.426295148630188 -0.394473578420963 -0.363334986424598 -0.33281860690653 -0.30286888614532 -0.273414808328612 -0.244323509280388 -0.215440290545658 -0.186584964917213 -0.157586227940068 -0.12833379492037 -0.0987675207432291 -0.0689667988484881 -0.039045907314673
1.00089896309055 0.971376486450583 0.942108323947774 0.913036048400607 0.88390248918463 0.854365314398375 0.823940290475244 0.792155416303267 0.758729522254122 0.723420865814695 0.685954581449074 0.646047522865646 0.6035319794894 0.558701983611733 0.512107411491233 0.464859772388844 0.417983178414301 0.371590520070149 0.325750663977392 0.281267602838052 0.239129110874408 0.200359954822132 0.166132871470469 0.137372417019993 0.113862455263027 0.0948367204666473 0.0784691212052084 0.0629937971305039 0.047945637896812 0.0331847206590319
-0.99321010276263 -0.959206560595318 -0.925203018572066 -0.891199476841753 -0.857195935532322 -0.823192394739244 -0.789188854449048 -0.755185314656132 -0.721181775495326 -0.687178237107121 -0.653174699514223 -0.619171162709893 -0.585167626671351 -0.551164091311653 -0.517160556539473 -0.483157022310134 -0.449153488609378 -0.415149955497974 -0.381146423025444 -0.347142891121298 -0.313139359685038 -0.279135828592792 -0.245132297627188 -0.211128766584778 -0.17712523541134 -0.143121704104105 -0.1091181727169 -0.0751146413092102 -0.0411111099065467 -0.0071075785259258
-0.942433992725089 -0.948915640085742 -0.953341400021347 -0.947470548135579 -0.924479237655636 -0.88092531752712 -0.825476541945741 -0.769143947036167 -0.720201791388821 -0.683845563130458 -0.655692446067407 -0.628965047925892 -0.597747747728261 -0.559572009681363 -0.51364293038674 -0.462413050840213 -0.410039862945201 -0.364253217841245 -0.331253698495637 -0.307552455950579 -0.287238283266996 -0.266628899308049 -0.250957726145831 -0.243780214536206 -0.233024226761191 -0.20563472017052 -0.160252620858652 -0.0993416677310687 -0.0289608821926155 0.0439318937270213
-0.971008753009329 -0.937069251698735 -0.903129750483454 -0.869190249490478 -0.835250748878965 -0.801311248789196 -0.767371749253747 -0.733432250284892 -0.699492751921381 -0.665553254191935 -0.631613757058669 -0.597674260467051 -0.563734764348348 -0.529795268577035 -0.49585577303651 -0.46191627770266 -0.427976782579322 -0.394037287689648 -0.360097793036697 -0.326158298523843 -0.292218804029538 -0.258279309440836 -0.224339814679195 -0.190400319684147 -0.156460824433124 -0.122521328928853 -0.0885818332373541 -0.0546423374322073 -0.0207028415539335 0.0132366543652101
-0.998210042071696 -0.963617019162383 -0.929023996229275 -0.894430973263564 -0.859837950304164 -0.825244927403425 -0.790651904619726 -0.756058882037096 -0.72146585983612 -0.686872838200058 -0.652279817226311 -0.61768679699081 -0.583093777552387 -0.548500758901463 -0.513907740993835 -0.479314723715227 -0.444721706946493 -0.410128690619094 -0.375535674666916 -0.340942658982945 -0.30634964344994 -0.271756627945297 -0.237163612324948 -0.202570596461405 -0.167977580314959 -0.133384563877663 -0.0987915471808668 -0.0641985302708198 -0.0296055132140913 0.00498750391766973
-0.9889001272881 -0.953821625105215 -0.918743122938961 -0.883664620768771 -0.848586118630584 -0.8135076166035 -0.778429114882779 -0.743350613679922 -0.708272113155263 -0.673193613434684 -0.638115114557434 -0.603036616541102 -0.567958119385031 -0.532879623015569 -0.497801127355527 -0.462722632386551 -0.427644138095233 -0.392565644429119 -0.357487151303442 -0.32240865854323 -0.287330165950958 -0.252251673344273 -0.217173180601497 -0.182094687638124 -0.147016194457649 -0.111937701083563 -0.0768592075313359 -0.0417807138198305 -0.00670221998948235 0.0283762739138791
-1.02095839263438 -0.986421046527322 -0.951883700400873 -0.91734635420917 -0.882809007887085 -0.848271661390127 -0.813734314775637 -0.779196968116162 -0.744659621443241 -0.71012227478298 -0.675584928180743 -0.641047581686711 -0.606510235348943 -0.571972889207022 -0.537435543296341 -0.502898197644016 -0.468360852285491 -0.433823507297828 -0.399286162785242 -0.364748818918968 -0.330211475886993 -0.295674133850633 -0.261136792864506 -0.226599452923034 -0.19206211388654 -0.157524775580992 -0.122987437829043 -0.0884501004603867 -0.053912763336194 -0.019375426325507
-0.956400523429482 -0.925299269574049 -0.894198015721813 -0.863096761847445 -0.831995507853977 -0.800894253634689 -0.769792999115482 -0.738691744225544 -0.7075904888746 -0.676489232984888 -0.645387976548176 -0.614286719573615 -0.583185462066841 -0.552084204019436 -0.520982945411483 -0.489881686191112 -0.458780426324602 -0.427679165882755 -0.396577904970866 -0.365476643727668 -0.334375382300258 -0.303274120834742 -0.272172859473275 -0.241071598340966 -0.209970337498688 -0.178869076974949 -0.147767816733027 -0.116666556711597 -0.0855652968161803 -0.0544640369440046
-1.01828564584265 -0.981905148591077 -0.945524651454634 -0.909144154586285 -0.87276365816981 -0.836383162358411 -0.800002667152155 -0.763622172522508 -0.727241678479682 -0.690861185037166 -0.65448069218283 -0.618100199898137 -0.581719708189153 -0.545339217160356 -0.508958726919733 -0.472578237490901 -0.436197748893021 -0.39981726121179 -0.363436774544054 -0.327056288964697 -0.290675804543114 -0.254295321304659 -0.217914839098525 -0.181534357737523 -0.145153877065099 -0.108773396914933 -0.0723929170509986 -0.0360124372586859 0.000368042521249247 0.0367485223092086
1.03774087010384 1.00163021600986 0.965519561812692 0.929408907397898 0.893298252712435 0.857187597727875 0.821076942452836 0.784966286915378 0.748855631184278 0.712744975301327 0.676634319159668 0.640523662615279 0.604413005514738 0.568302347667016 0.532191688900396 0.496081029158009 0.459970368459244 0.423859707013665 0.387749045050583 0.351638382688126 0.315527720016623 0.279417057100352 0.243306393899391 0.207195730375234 0.171085066599255 0.134974402665633 0.0988637386498871 0.0627530746103604 0.0266424105553381 -0.00946825351940836
-1.02632460453878 -0.990496573807828 -0.95466854312877 -0.918840512531303 -0.88301248207114 -0.847184451808174 -0.811356421793028 -0.775528392097079 -0.739700362884011 -0.703872334324446 -0.66804430652443 -0.632216279573869 -0.596388253519262 -0.560560228233482 -0.52473220354544 -0.488904179281824 -0.453076155267336 -0.417248131320962 -0.381420107269808 -0.345592082979173 -0.309764058323901 -0.273936033196781 -0.238108007562357 -0.202279981384718 -0.166451954554352 -0.13062392697352 -0.0947958986651613 -0.0589678697171445 -0.0231398403563694 0.0126881891555065
-1.00480257998468 -0.965811838891094 -0.926873828305965 -0.888011128804209 -0.849296308869225 -0.810820488607577 -0.77269900671002 -0.735043841408813 -0.697929310518047 -0.661407104080857 -0.625476061474729 -0.590121809410733 -0.555325336825547 -0.521049081558254 -0.487259705986951 -0.453959321743368 -0.421151036875911 -0.388806495846067 -0.356893448054439 -0.325395526245015 -0.294300333997624 -0.263593168603954 -0.233250102203108 -0.203249565559192 -0.17358864908891 -0.144262383688312 -0.115238902518242 -0.0864713619541039 -0.0578799089647671 -0.029376438167465
-1.00593830774162 -0.971428600398901 -0.936918893069546 -0.902409185757408 -0.867899478511335 -0.833389771394563 -0.798880064482904 -0.764370357850677 -0.72986065155366 -0.695350945633272 -0.66084124009204 -0.626331534922769 -0.591821830140298 -0.557312125847604 -0.522802422139655 -0.488292718991227 -0.453783016349569 -0.419273314172014 -0.384763612417433 -0.350253911040765 -0.315744209995966 -0.281234509227383 -0.246724808640926 -0.21221510814315 -0.177705407681633 -0.143195707216047 -0.108686006713431 -0.0741763061535472 -0.0396666055596808 -0.00515690496599803
-1.00476340093708 -0.969905008134825 -0.935046615395531 -0.900188222821802 -0.865329830540505 -0.830471438678467 -0.795613047338088 -0.760754656628224 -0.725896266707973 -0.691037877726509 -0.656179489743062 -0.621321102794373 -0.586462716887686 -0.55160433191224 -0.516745947756344 -0.481887564422581 -0.44702918192235 -0.412170800188064 -0.377312419135135 -0.342454038689998 -0.307595658781839 -0.272737279314932 -0.237878900093908 -0.203020520925292 -0.16816214172284 -0.133303762436866 -0.098445383056691 -0.0635870035844593 -0.0287286240345995 0.00612975557538837
-1.00719909036521 -0.972638380389029 -0.938077670387647 -0.903516960340176 -0.868956250198654 -0.834395539900866 -0.799834829354669 -0.765274118481911 -0.730713407290359 -0.69615269584372 -0.661591984343546 -0.627031273025851 -0.592470562135792 -0.557909851955098 -0.523349142730678 -0.488788434533568 -0.454227727384665 -0.419667021280186 -0.385106316186976 -0.350545611979072 -0.315984908507313 -0.281424205623149 -0.246863503180481 -0.21230280105073 -0.177742099172945 -0.143181397492226 -0.108620695910239 -0.074059994335294 -0.0394992927456922 -0.00493859113723429
-1.00037724623224 -0.96706341953645 -0.933749592806654 -0.900435765999249 -0.867121939076374 -0.833808111996815 -0.800494284700191 -0.767180457140862 -0.733866629351331 -0.70055280139825 -0.66723897340676 -0.633925145516617 -0.60061131785474 -0.567297490496673 -0.533983663508216 -0.500669836967543 -0.467356010931909 -0.434042185362504 -0.400728360182256 -0.367414535257103 -0.334100710438734 -0.30078688558574 -0.267473060584322 -0.234159235344156 -0.200845409841231 -0.167531584070468 -0.134217758036223 -0.100903931758092 -0.0675901053071938 -0.0342762787675275
-0.989774759576839 -0.954887987053029 -0.919998180923994 -0.885109183673657 -0.850229552827506 -0.815366088029327 -0.780513842354536 -0.74566355267968 -0.710800437654203 -0.675909693476622 -0.640981944768863 -0.606009173258705 -0.570982678936878 -0.535891034845912 -0.500722622224013 -0.465467782040253 -0.430119219040908 -0.394677133350166 -0.359143811390703 -0.323522389401214 -0.287816216074404 -0.252027969304111 -0.216157643788707 -0.180206006640053 -0.14417959781942 -0.108088420173581 -0.0719505552418902 -0.0357843609367649 0.000398778029716525 0.0365892202455605
-1.04162246553579 -1.00362351529705 -0.965624565088315 -0.927625614945975 -0.88962666485603 -0.851627714787421 -0.813628764691281 -0.775629814547192 -0.737630864466352 -0.699631914565546 -0.661632964852295 -0.623634015306803 -0.585635065903016 -0.547636116589844 -0.509637167325898 -0.471638218133605 -0.43363926904922 -0.395640320100467 -0.357641371324631 -0.319642422805782 -0.281643474639683 -0.243644526887204 -0.205645579469644 -0.167646632278153 -0.129647685222862 -0.0916487382225673 -0.0536497912117445 -0.0156508441430021 0.0223481029742016 0.0603470501161959
-1.02134512854504 -0.986827764557288 -0.952310400425114 -0.917793035996274 -0.883275671099924 -0.848758305594494 -0.814240939474101 -0.779723572769678 -0.74520620552372 -0.710688837766027 -0.676171469464056 -0.641654100569681 -0.607136731041249 -0.572619360863009 -0.538101990004204 -0.503584618348133 -0.469067245772997 -0.434549872222528 -0.400032497677542 -0.365515122201646 -0.330997745879147 -0.296480368793182 -0.261962991022214 -0.227445612647791 -0.192928233768488 -0.158410854488839 -0.123893474920201 -0.0893760951658402 -0.0548587152898477 -0.0203413353465204
-0.970692378542661 -0.936946986749548 -0.903201594944073 -0.869456203111428 -0.835710811244313 -0.801965419322907 -0.768220027269793 -0.734474635040609 -0.700729242780825 -0.666983850681992 -0.633238458930159 -0.599493067710004 -0.565747677196521 -0.532002287525976 -0.498256898809212 -0.464511511094101 -0.430766124389019 -0.397020738607323 -0.363275353637787 -0.329529969365872 -0.295784585676211 -0.262039202455419 -0.22829381959803 -0.194548437011628 -0.160803054648077 -0.127057672479968 -0.0933122905185458 -0.0595669087689426 -0.0258215271732088 0.00792385434237621
-1.04679662113009 -0.996290787249754 -0.947510181108245 -0.90193679769458 -0.860043151392675 -0.821799583946563 -0.786177227145854 -0.751813321873355 -0.717008755339098 -0.680459800437498 -0.642780626473291 -0.605064876853791 -0.56828503812248 -0.532928969367498 -0.498963872477104 -0.464758947995365 -0.428673444518538 -0.390624804195839 -0.350954875604747 -0.310144939482837 -0.268711134607705 -0.227447306816389 -0.188258130183687 -0.153458274823148 -0.125891566765567 -0.107524721310221 -0.0962868549130853 -0.0892921091114994 -0.0844323246115671 -0.0797937669115833
0.957473415534653 0.930970692726172 0.912800738326122 0.906320441200384 0.898289663250206 0.874340556618559 0.832191461379948 0.774305762916803 0.710040839911737 0.64936510773948 0.597797135243043 0.559743029632505 0.537101958590449 0.521745331689451 0.503460651043832 0.47372754704488 0.427741510375931 0.37386934461154 0.322218973752277 0.276691490611546 0.239636280205964 0.212074606683301 0.189715250715938 0.168027637599052 0.146836254594386 0.126331509494266 0.103812430246787 0.0769614123516151 0.0478857013589355 0.019798755331563
-1.03110105252992 -1.02453428559284 -1.01882359732596 -1.01419079975358 -0.982347605509996 -0.901830138576208 -0.806982267710064 -0.73696696787673 -0.694415894093797 -0.672159921775508 -0.660358127870287 -0.648501639710106 -0.626480381588614 -0.585779465646174 -0.527416524531848 -0.488944085082785 -0.498823638598861 -0.512617640042755 -0.48315033379299 -0.425192158228643 -0.36900010022893 -0.337049451087468 -0.320688719755477 -0.303566997712439 -0.269662488893285 -0.208445382399953 -0.131024695546967 -0.0532555919744915 0.011661007587322 0.051187743135825
-0.988675040025473 -0.955249082369332 -0.921821860016069 -0.888391462663492 -0.854956734598126 -0.821517352316745 -0.788075566568404 -0.754634519669046 -0.72119834594987 -0.687771495984268 -0.654358693299133 -0.620964729659734 -0.587594634171281 -0.554254385298746 -0.520949597524768 -0.487683480042897 -0.454457782017082 -0.421270817781966 -0.388120902095912 -0.355009786241479 -0.321940080632275 -0.288914487563723 -0.255936076858507 -0.223005989023632 -0.190117279776128 -0.157261553943347 -0.124432697583921 -0.0916249189097366 -0.0588314335144386 -0.0260452088371098
-0.962950460796897 -0.93141371378779 -0.89987696692214 -0.868340220328191 -0.83680347401079 -0.805266727948641 -0.773729982139293 -0.742193236578694 -0.710656491237539 -0.679119746085828 -0.647583001116022 -0.616046256326195 -0.584509511710035 -0.552972767243669 -0.521436022923823 -0.489899278847167 -0.458362535139077 -0.426825791939798 -0.395289049367355 -0.363752307436038 -0.332215566134201 -0.300678825435811 -0.269142085257273 -0.237605345523114 -0.206068606247906 -0.174531867447082 -0.142995129049493 -0.111458390959997 -0.0799216530740772 -0.0483849152848725
-1.02076146589529 -0.985828511990768 -0.950895558015789 -0.915962603904261 -0.88102964964582 -0.846096695246006 -0.811163740718233 -0.776230786040763 -0.741297831043361 -0.7063648755178 -0.671431919252363 -0.636498962034459 -0.60156600370034 -0.566633044281607 -0.531700083868216 -0.496767122588169 -0.461834160573853 -0.426901197937146 -0.391968234773715 -0.357035271134906 -0.32210230706098 -0.287169342617612 -0.252236377972111 -0.217303413284576 -0.18237044858463 -0.1474374838719 -0.112504519156506 -0.0775715544492759 -0.0426385897533572 -0.007705625069979
-0.961844729553576 -0.929241079689488 -0.896637429768282 -0.864033779805993 -0.831430129871978 -0.798826480052497 -0.766222830448093 -0.733619181147223 -0.701015532175711 -0.668411883532099 -0.635808235168411 -0.603204587025045 -0.570600939024706 -0.537997291019349 -0.505393642855143 -0.472789994425884 -0.440186345620558 -0.407582696261294 -0.374979046187679 -0.342375395376019 -0.309771743836794 -0.277168091600054 -0.244564438774129 -0.211960785480179 -0.179357131812424 -0.146753477872911 -0.114149823821935 -0.0815461698037524 -0.0489425158402106 -0.0163388619225569
-1.01951348242747 -0.984422493710225 -0.949331505060669 -0.914240516574043 -0.879149528396924 -0.844058540681781 -0.808967553553311 -0.773876567129941 -0.738785581532792 -0.703694596851412 -0.668603613046374 -0.63351263004601 -0.598421647796104 -0.563330666312261 -0.528239685619032 -0.493148705706918 -0.458057726551062 -0.4229667480992 -0.387875770267891 -0.352784792876387 -0.317693815719611 -0.282602838609145 -0.247511861423193 -0.212420884086596 -0.177329906644099 -0.142238929171483 -0.107147951748772 -0.0720569744359529 -0.0369659972086274 -0.00187502002129886
-1.03063666881049 -0.992116152494343 -0.953499090875237 -0.914688777464354 -0.875682535880271 -0.836518533657928 -0.797304283890313 -0.758155980358836 -0.719155194040543 -0.680390786336529 -0.642015403148473 -0.604197636503196 -0.5670891768911 -0.530774108656897 -0.495298329546124 -0.460622597053298 -0.426680438657142 -0.393381602024205 -0.36063453804741 -0.328366290337331 -0.296508550683959 -0.264998162591591 -0.233792576421759 -0.202845648980724 -0.172076255996448 -0.141395825455502 -0.110720975457219 -0.0799873432747554 -0.0492014527638023 -0.0183875494256843
-0.97154039988443 -0.939779518836299 -0.908018637891442 -0.876257757127478 -0.84449687666169 -0.812735996624837 -0.780975117161914 -0.749214238401488 -0.717453360392186 -0.685692483145534 -0.653931606604594 -0.622170730695312 -0.590409855346433 -0.558648980497898 -0.526888106088696 -0.495127232042799 -0.463366358311301 -0.431605484968788 -0.399844612126087 -0.368083739915489 -0.33632286847465 -0.304561997904245 -0.272801128157011 -0.241040259147738 -0.209279390787356 -0.177518522985418 -0.14575765564982 -0.113996788682978 -0.082235921967046 -0.0504750553791104
-0.998388891719615 -0.960877092951465 -0.923401119289154 -0.886009945628232 -0.848785129547591 -0.811804508576906 -0.775098457365645 -0.738690786040982 -0.702626509521123 -0.666943746482256 -0.631631825841477 -0.596667879076109 -0.562035598292246 -0.527744918111062 -0.493808207406451 -0.460221329548099 -0.426978154374886 -0.394081083106678 -0.36152658055467 -0.329278834514389 -0.297293963527445 -0.265521551308802 -0.233885042266842 -0.20231036191208 -0.170759499470152 -0.139202012552728 -0.107601668600477 -0.0759321774227191 -0.0442128084743677 -0.0124742211217346
-1.01952931851994 -0.984500498702869 -0.949471678748085 -0.914442858533835 -0.879414037967481 -0.844385216964526 -0.809356395443912 -0.774327573349038 -0.739298750717686 -0.704269927615057 -0.669241104121626 -0.634212280321693 -0.599183456260355 -0.56415463182592 -0.529125806893814 -0.494096981444741 -0.459068155493017 -0.424039329082125 -0.389010502251594 -0.353981674995962 -0.318952847298517 -0.283924019147937 -0.248895190554449 -0.213866361537842 -0.17883753213461 -0.14380870241207 -0.108779872544115 -0.0737510426955825 -0.038722212888488 -0.00369338310914356
-1.03754515975089 -0.99925660604248 -0.960968052333222 -0.922679498651622 -0.88439094508656 -0.846102391743891 -0.807813838736982 -0.769525286152081 -0.731236733959429 -0.692948182103088 -0.654659630538414 -0.616371079223584 -0.578082528141879 -0.539793977376984 -0.501505427008341 -0.463216876998009 -0.424928327284034 -0.386639777825811 -0.348351228598529 -0.310062679619216 -0.271774130915354 -0.233485582501261 -0.19519703433859 -0.156908486381769 -0.118619938609014 -0.0803313909908195 -0.042042843443026 -0.00375429588641911 0.0345342516837783 0.0728227992537338
-1.05611698730218 -0.948667117761534 -0.860151880588766 -0.823643777396568 -0.832950259360886 -0.864613772595625 -0.865381793403291 -0.79647474613211 -0.7067998171246 -0.651672586272918 -0.624355445673491 -0.602597490473816 -0.568924843169481 -0.524971735648436 -0.478865574449452 -0.445598355322216 -0.434398303866448 -0.424573975871091 -0.396211390059258 -0.362426086701525 -0.344590986455334 -0.352141870903643 -0.346765965331476 -0.291885372633033 -0.205610262437152 -0.119407091869044 -0.0634794013047729 -0.0576644112947654 -0.0815969798360381 -0.104861374287257
-0.958828596770059 -0.927271553233277 -0.895714509731778 -0.864157466318394 -0.832600423038661 -0.801043379933486 -0.769486337032544 -0.737929294381593 -0.706372252101943 -0.674815210307431 -0.643258169006464 -0.611701128181093 -0.580144087799567 -0.54858704777495 -0.517030008019251 -0.485472968495482 -0.453915929196451 -0.422358890183163 -0.390801851509548 -0.359244813133037 -0.327687774986937 -0.296130737017626 -0.264573699223763 -0.233016661627125 -0.201459624289669 -0.169902587252516 -0.138345550433269 -0.106788513727308 -0.0752314770646339 -0.0436744403839024
-0.987662979010654 -0.954860353548394 -0.922057728260779 -0.889255103313147 -0.856452478746293 -0.823649854555632 -0.790847230679594 -0.758044607062857 -0.725241983732095 -0.692439360725038 -0.659636738041659 -0.626834115672497 -0.594031493600966 -0.561228871781989 -0.528426250163164 -0.49562362869127 -0.462821007308085 -0.430018385936219 -0.397215764495952 -0.364413142917427 -0.331610521133255 -0.29880789910928 -0.266005276944274 -0.233202654774781 -0.200400032755495 -0.167597411007809 -0.134794789501776 -0.101992168171805 -0.0691895469610704 -0.0363869258149374
-0.993675780594807 -0.958330086422359 -0.92298439221788 -0.887638697976068 -0.852293003776704 -0.816947309704095 -0.78160161577558 -0.746255922004041 -0.71091022845153 -0.675564535180371 -0.640218842204835 -0.604873149527181 -0.569527457149146 -0.53418176507039 -0.498836073316144 -0.463490382016017 -0.428144691295939 -0.392799001162777 -0.357453311587516 -0.32210762251668 -0.286761933890679 -0.251416245654119 -0.216070557768396 -0.180724870169482 -0.145379182674881 -0.110033495095896 -0.0746878073375167 -0.0393421193551787 -0.00399643121242187 0.0313492570001872
-0.968679387438239 -0.935493790599211 -0.90230819369273 -0.869122596645735 -0.835936999396897 -0.802751401909763 -0.76956580423565 -0.736380206478903 -0.703194608868197 -0.670009011645476 -0.636823414981424 -0.603637819028909 -0.570452223924027 -0.537266629735782 -0.504081036507583 -0.47089544424754 -0.43770985295388 -0.404524262620589 -0.371338673224655 -0.33815308467932 -0.304967496881891 -0.271781909693451 -0.23859632283019 -0.205410736022329 -0.172225149201112 -0.139039562354467 -0.10585397549605 -0.0726683886398977 -0.0394828017758389 -0.00629721488765117
-0.986334374398093 -0.955354574855288 -0.92436215822468 -0.893343734276446 -0.862321603081972 -0.83132577667503 -0.800381424637701 -0.769499646798911 -0.738640106426627 -0.707749237152627 -0.676771990624861 -0.645652947995324 -0.61434304227567 -0.582818613916173 -0.551037357431426 -0.518856976154679 -0.486117790789654 -0.452690582703318 -0.418473121368932 -0.383440668021669 -0.347587856837187 -0.310934925179315 -0.273604523164589 -0.235759994340742 -0.197625043227602 -0.159408817832717 -0.121201879142415 -0.0830529062293711 -0.0449616375328596 -0.00691557633380415
-0.976016300322362 -0.942815605125457 -0.909614910062016 -0.876414215242934 -0.843213520768355 -0.810012826741578 -0.776812133289272 -0.74361144053619 -0.710410748576049 -0.677210057480904 -0.644009367267209 -0.610808677937519 -0.577607989479292 -0.544407301819602 -0.51120661487947 -0.478005928616102 -0.444805242988891 -0.411604557929806 -0.378403873343314 -0.345203189051289 -0.312002504854959 -0.278801820565465 -0.245601136033609 -0.212400451148409 -0.179199765912099 -0.145999080376953 -0.112798394682193 -0.079597708965602 -0.0463970232722454 -0.0131963376240115
-0.947503568863641 -0.92093704312108 -0.894312723917399 -0.867593679509281 -0.840750018816456 -0.81373448196861 -0.786423293272193 -0.758674378105349 -0.730348981956238 -0.701326476762569 -0.671555420150231 -0.641001666167153 -0.609643766874628 -0.57751106638738 -0.544639386338078 -0.511039666377731 -0.476736254876131 -0.441832017059869 -0.406426797873913 -0.370529844279938 -0.334127753743795 -0.297184037835841 -0.259569864544455 -0.221167664123361 -0.181997259469659 -0.142146757370755 -0.101840007531915 -0.061304018162775 -0.0206426885725736 0.0200708591545476
-1.00307813184532 -0.972198401341043 -0.940986118777184 -0.909025084514254 -0.87621435287422 -0.842566743710195 -0.808234885038421 -0.773316816856579 -0.737552418924981 -0.700696203093024 -0.662919369803843 -0.624497291649001 -0.585699420961035 -0.546771529036377 -0.507928781301989 -0.469287600743064 -0.430981304685097 -0.393309530256555 -0.356591998100668 -0.321062443116756 -0.286933103768159 -0.25438612717552 -0.223483295088696 -0.194228260329136 -0.166512525375431 -0.140150495842744 -0.114760340235381 -0.0899552898213241 -0.0655250640341165 -0.0413035043486916
-1.13519525631167 -0.989237648121793 -0.884205325156512 -0.840975349823802 -0.849031700007985 -0.884995516877824 -0.90542967926351 -0.87396871251909 -0.8025919904326 -0.715186914906092 -0.634928151863682 -0.584812183235004 -0.574745477825435 -0.56227445194333 -0.508436980761703 -0.440596827409216 -0.395910186674378 -0.384377092029437 -0.402288653102568 -0.418256445461904 -0.39397216116057 -0.312428544827114 -0.241822551391774 -0.240816435633354 -0.244729441423221 -0.183860093265653 -0.0917670491040016 -0.0167438569553369 0.0372365083074786 0.0772812150976341
-1.05523157100102 -0.995124141612943 -0.936735587776185 -0.882145239923784 -0.832528946888357 -0.788457168609535 -0.74898229105544 -0.712944311790241 -0.679851748733819 -0.649461066082592 -0.621851992783407 -0.597185073970724 -0.575095759401472 -0.553119117322466 -0.52871481626561 -0.501141307413281 -0.470192902272375 -0.436008570997383 -0.39880387961383 -0.358756118983795 -0.316033011178489 -0.271054854542501 -0.225252252513905 -0.180351156572298 -0.138248605269858 -0.100138380048712 -0.0642301468382074 -0.0283682874739948 0.00807983707027165 0.0453661210364377
-1.00725204865216 -0.973136326826511 -0.939020604983516 -0.904904882997771 -0.870789160655067 -0.8366734377301 -0.802557714041981 -0.768441989388275 -0.734326263435929 -0.700210535889543 -0.666094806734946 -0.631979076028276 -0.597863343841869 -0.563747610312865 -0.529631875565673 -0.49551613960898 -0.461400402404472 -0.427284663841536 -0.393168923849091 -0.359053182586471 -0.324937440270616 -0.2908216971185 -0.25670595334725 -0.222590209140969 -0.18847446455151 -0.154358719622935 -0.12024297450038 -0.086127229332584 -0.0520114841816226 -0.0178957390879044
-1.04796223049097 -1.00483484753162 -0.961420176545573 -0.917634832654762 -0.874033568266875 -0.831312751091386 -0.790097072759169 -0.750983876846658 -0.714532790791126 -0.681118783723912 -0.650415907691773 -0.621922985470321 -0.594991118317414 -0.568380521419913 -0.540942844362618 -0.512486360393098 -0.483026847896201 -0.452453482143119 -0.420572584248412 -0.38698566181377 -0.351243019062662 -0.31304966414541 -0.272729420919739 -0.230759246112312 -0.187609812218148 -0.143587988618688 -0.098351716472711 -0.0515817312320682 -0.00369887374356749 0.0446909887972447
-1.0815779777208 -1.03747004778693 -0.993253573858279 -0.949004324129465 -0.905142629325231 -0.862115098879613 -0.820128894533689 -0.77925000340163 -0.739219161782939 -0.699689988700773 -0.660292884887569 -0.620652446503085 -0.580432867994966 -0.539456736962406 -0.497729332416286 -0.455828305862675 -0.414456368973789 -0.374244101591251 -0.335809039016177 -0.299788670218259 -0.266825472584333 -0.237397212016341 -0.211322808476646 -0.188233378939451 -0.167667674365892 -0.149033061504861 -0.13130373626934 -0.113513660336041 -0.095369029272478 -0.0767440971188671
-1.01475700490386 -0.978736822381713 -0.94271663985075 -0.90669645726066 -0.870676274444011 -0.834656091216727 -0.79863590744525 -0.762615723004384 -0.726595537751839 -0.690575351576122 -0.654555164506002 -0.618534976605315 -0.582514787941079 -0.546494598593046 -0.510474408616937 -0.47445421795962 -0.438434026560554 -0.402413834438422 -0.366393641655191 -0.330373448366738 -0.294353254752415 -0.258333060962273 -0.222312867029144 -0.186292672947875 -0.150272478678568 -0.114252284165816 -0.0782320893269223 -0.0422118941098368 -0.00619169861238742 0.0298284970301282
-0.986578731570721 -0.952471718723754 -0.918364705970226 -0.884257693523372 -0.850150681836254 -0.816043671420871 -0.781936662785133 -0.747829656377078 -0.713722652409349 -0.679615651032857 -0.645508652386984 -0.611401656608228 -0.577294663824054 -0.543187674125794 -0.509080687555681 -0.474973703995686 -0.440866723259258 -0.406759745046008 -0.372652769035907 -0.338545794944189 -0.304438822494905 -0.270331851363277 -0.236224881029207 -0.202117910917667 -0.168010940429201 -0.133903969097986 -0.099796997017136 -0.0656900244113188 -0.031583051472457 0.00252392161571157
1.0702651452391 1.02558778169524 0.981055745940959 0.936719546602771 0.892774354343382 0.849441451394994 0.806901904231634 0.765292504801676 0.724613162709075 0.684881871049112 0.646325839226807 0.609224580724615 0.573770704546816 0.539809201784995 0.507112099531214 0.475507186792142 0.444832309687874 0.41490978087761 0.385510733506541 0.356217116124709 0.326563581133373 0.296109583683534 0.264513789925171 0.231541598116495 0.197286123949668 0.161954171769506 0.125879583097498 0.0893979586912917 0.0527248990764961 0.0160460047207127
-0.994834845649968 -0.957206305172734 -0.919582506692208 -0.881974019932009 -0.844416228576882 -0.806953668895712 -0.769642673532829 -0.73254872069827 -0.695762074489462 -0.659375785650759 -0.623469265626843 -0.588118516037479 -0.553375428682319 -0.519195456080565 -0.485513473141248 -0.452278483613168 -0.419445855911756 -0.386982288279209 -0.354852496907239 -0.323001939958852 -0.291371261089878 -0.25990284555353 -0.22854604499256 -0.197258420680362 -0.166023406023376 -0.134838716385286 -0.103733322825707 -0.0727318994499806 -0.0418106768504104 -0.01093377474104
-1.02437009128402 -0.988702733905973 -0.953035376496068 -0.917368019010277 -0.881700661406196 -0.846033303650682 -0.810365945746018 -0.774698587693624 -0.739031229456044 -0.703363870993869 -0.667696512298732 -0.63202915337003 -0.596361794218038 -0.56069443489654 -0.525027075472441 -0.489359716021617 -0.453692356626243 -0.418024997384728 -0.382357638377192 -0.346690279594378 -0.31102292100468 -0.275355562610003 -0.239688204546272 -0.204020846949252 -0.168353489820052 -0.132686133123256 -0.0970187768120269 -0.0613514208262678 -0.0256840650642611 0.00998329058611482
-0.971675415306675 -0.956518722451402 -0.937985767019758 -0.913944957951014 -0.884331695426483 -0.849754085902144 -0.811444069690591 -0.770773721940124 -0.729051823285253 -0.687300284674871 -0.645456832829188 -0.603188148411249 -0.560566145508906 -0.519283671909256 -0.480838441835717 -0.444326701557749 -0.409117258194867 -0.378070630220754 -0.353807677710979 -0.334498915794481 -0.317202273363544 -0.298812649345819 -0.275572822810433 -0.24413493272563 -0.203440677514642 -0.153176416743826 -0.0937175950970516 -0.0260742392229276 0.0468943814884862 0.121866686961768
-0.949150022370628 -0.916174215674837 -0.883198409062123 -0.850222602601979 -0.817246796331895 -0.784270990294425 -0.751295184584346 -0.718319379292174 -0.68534357443914 -0.652367770013094 -0.619391965937654 -0.586416162120383 -0.553440358488141 -0.520464555044997 -0.487488751823849 -0.454512948895732 -0.421537146351447 -0.388561344322748 -0.355585542926414 -0.322609742178391 -0.289633942069411 -0.256658142586022 -0.223682343698018 -0.190706545359799 -0.157730747480958 -0.124754949970604 -0.0917791527807497 -0.0588033558629361 -0.0258275591239259 0.00714823754071293
-1.07865303462588 -1.04093882525103 -1.0032246158631 -0.965510406444071 -0.927796196946789 -0.890081987319626 -0.852367777522146 -0.814653567504065 -0.776939357164496 -0.739225146407061 -0.701510935204015 -0.66379672354477 -0.626082511432941 -0.588368298928958 -0.550654086091567 -0.512939872915977 -0.47522565939056 -0.43751144553986 -0.399797231397604 -0.36208301699809 -0.324368802375758 -0.286654587567967 -0.24894037262375 -0.211226157605195 -0.173511942614918 -0.135797727749486 -0.0980835130407426 -0.060369298487298 -0.0226550840195713 0.0150591304490673
-0.980177162999806 -0.945650337658944 -0.911123512417627 -0.876596687292146 -0.842069862196833 -0.807543037009048 -0.773016211560233 -0.738489385667945 -0.703962559140117 -0.669435731789466 -0.634908903457452 -0.600382073992723 -0.565855243260507 -0.531328411192352 -0.496801577769667 -0.462274743106989 -0.427747907344029 -0.393221070588086 -0.3586942329525 -0.324167394607217 -0.28964055573633 -0.255113716516949 -0.220586877098249 -0.186060037606628 -0.151533198105298 -0.117006358647662 -0.0824795193110709 -0.0479526801510929 -0.0134258411122143 0.0211009978888495
-1.00601003616617 -0.973938214734046 -0.941808141651077 -0.909554316448892 -0.877125881385832 -0.844476654312195 -0.811564512719393 -0.778351253420513 -0.74481029087422 -0.710925061518597 -0.676707472063812 -0.642176546788058 -0.607344742712042 -0.572198247826533 -0.53671975043242 -0.500904209100997 -0.464752438439944 -0.428276406932085 -0.391488098400395 -0.35438840415333 -0.316975442370711 -0.279264551411926 -0.241339950354604 -0.203295079330428 -0.165191381969044 -0.127074941990579 -0.0889623999790991 -0.0508611002109775 -0.0127706448678628 0.0253112993922771
-0.975674729743501 -0.942832915812549 -0.909991101824717 -0.877149287748471 -0.844307473615074 -0.811465659467487 -0.778623845332678 -0.745782031253464 -0.712940217352083 -0.680098403758741 -0.647256590556089 -0.614414777814891 -0.581572965600703 -0.548731153958249 -0.51588934294253 -0.483047532670482 -0.450205723262845 -0.417363914793627 -0.384522107296047 -0.351680300686895 -0.318838494853856 -0.285996689684111 -0.25315488506284 -0.22031308087418 -0.187471277000117 -0.154629473320697 -0.121787669710387 -0.0889458660668434 -0.0561040623860766 -0.0232622586886843
1.00376472238941 0.968486568413357 0.933208414462452 0.897930260592918 0.862652106902774 0.82737395348629 0.792095800380929 0.756817647640068 0.721539495437551 0.686261343949724 0.650983193242475 0.61570504335408 0.580426894291775 0.54514874593864 0.50987059816128 0.474592450884568 0.439314304042484 0.404036157547179 0.368758011332457 0.333479865440575 0.298201719940897 0.262923574893413 0.227645430320594 0.192367286200569 0.157089142371599 0.121810998658994 0.0865328549761175 0.0512547112719909 0.0159765675502056 -0.0193015761720044
0.997750737777371 0.964151139593029 0.930551541464298 0.896951943542778 0.863352345969027 0.829752748886683 0.796153152462725 0.762553556894247 0.728953962475467 0.695354369493829 0.661754778112543 0.628155188463762 0.594555600648373 0.560956014642201 0.527356430378735 0.493756847747194 0.460157266618039 0.426557686830969 0.392958108194043 0.359358530419514 0.325758953195681 0.292159376240075 0.258559799387151 0.224960222524796 0.191360645637713 0.157761068717002 0.124161491682534 0.0905619144647949 0.0569623371079394 0.0233627596845413
0.951007062203674 0.924913416920844 0.898358375445533 0.870967795464092 0.842481135895311 0.812656239436103 0.781210882663437 0.747969145859555 0.713220390247722 0.677375119799494 0.640863128538554 0.604119033001617 0.567562688755249 0.531554907485419 0.496443455531187 0.462582961724569 0.430233403516935 0.39926929034411 0.369465545250377 0.340584213729393 0.312384121887159 0.284743197833551 0.258015777693942 0.232567473303084 0.208332591317746 0.185111887899288 0.162603222405427 0.140522256600065 0.11875875867548 0.0972460234310455
0.928669790065576 0.902806932395838 0.882347550510902 0.869315492828376 0.85833533557714 0.842935483267975 0.819658925727982 0.787246874322726 0.750218841255314 0.713394683124314 0.6770173332726 0.640185494229125 0.602580234984062 0.566212090372484 0.533469305967725 0.505921504451283 0.483517782477835 0.460543755486615 0.430767725495626 0.391552222053391 0.34115833159106 0.279974651517479 0.216899823152276 0.161880552628794 0.120545761424444 0.0946324053657921 0.0746273623319473 0.0507372255439181 0.0232975275377746 -0.00482396432164808
-1.0059461871845 -0.965832536549395 -0.925706078376371 -0.885576294590622 -0.845515245095249 -0.805621978258503 -0.76604091833131 -0.726936988945559 -0.6885117353743 -0.650957635040864 -0.614394272328554 -0.578923008360662 -0.544616537624907 -0.511432888066716 -0.479277377905799 -0.447959153001316 -0.417288404624744 -0.387175678057388 -0.357545882252793 -0.328281026843649 -0.299252396632435 -0.270339606373105 -0.241455590625516 -0.212547044861338 -0.183662388393561 -0.154868955213274 -0.126208014182628 -0.0976986643869075 -0.0692973909328502 -0.0409450254325571
-1.08553353544616 -1.02291723646962 -0.961141609962999 -0.901309491043412 -0.843863689699168 -0.789624184226969 -0.74157965128593 -0.702203078486107 -0.669735998878898 -0.641454231529941 -0.615002194120503 -0.588116453985754 -0.559457221623637 -0.531379280183176 -0.50612340727556 -0.481779785709555 -0.455894715227748 -0.427989558110435 -0.398328758830105 -0.368174028090312 -0.339036393152371 -0.312397691686096 -0.289623002995286 -0.269787469777915 -0.242923246674676 -0.199329171025346 -0.139413799023317 -0.0665642131256912 0.0140281180092138 0.0967206291727751
-0.980878610052209 -0.946394168342821 -0.911909726558888 -0.877425284617581 -0.842940842461174 -0.808456400044363 -0.773971957346419 -0.739487514357975 -0.705003071090525 -0.670518627582416 -0.636034183958533 -0.601549740365393 -0.567065296920199 -0.532580853622891 -0.498096410446609 -0.463611967374564 -0.429127524409821 -0.394643081624772 -0.360158639114836 -0.325674196998197 -0.291189755398729 -0.256705314423082 -0.222220874109008 -0.187736434456345 -0.153251995382197 -0.118767556793682 -0.0842831186407314 -0.0497986808657874 -0.0153142433385309 0.0191701940895484
1.00212826233643 0.966862228103137 0.931598011244648 0.896340576205861 0.861098383746432 0.825881274611887 0.790701113176479 0.755571418919777 0.720510308113898 0.685536929955545 0.650669968547223 0.61592799171789 0.581326000502013 0.546864728756113 0.512538894090458 0.478333416308257 0.444232251858391 0.410225301579495 0.376306253147895 0.34247799720092 0.308745725116154 0.27511117798412 0.241562295747116 0.208085817299238 0.174677478490004 0.14133364374635 0.108044194849464 0.0747966776850792 0.0415757772028534 0.00836546311842568
