-0.981597863655588 -0.946746920519386 -0.911895977514383 -0.877045034722876 -0.842194092093972 -0.807343149528196 -0.772492206864941 -0.737641263946016 -0.702790320684012 -0.667939377008963 -0.633088432849886 -0.598237488135548 -0.563386542816624 -0.528535596931431 -0.493684650549258 -0.458833703775649 -0.423982756736685 -0.389131809604346 -0.354280862540297 -0.319429915619038 -0.28457896889328 -0.249728022411058 -0.214877076201705 -0.180026130298239 -0.145175184767124 -0.110324239650788 -0.0754732948620704 -0.0406223502863386 -0.00577140582866038 0.0290795386009714
-1.00525029802251 -0.965378609423342 -0.925505490273722 -0.885659066425098 -0.845896086633398 -0.806285254923252 -0.766914473489628 -0.727878700320553 -0.68928191840594 -0.651217372814943 -0.613726331931798 -0.576837069969509 -0.540582063136117 -0.505010595619809 -0.470176622469651 -0.436135974198095 -0.402911470049761 -0.37039200873456 -0.338446618395209 -0.306998765440354 -0.275985525845121 -0.245334054673235 -0.2149318233428 -0.184667372852436 -0.154473206168434 -0.124313735475158 -0.0942370478615882 -0.0642940615176366 -0.0344633441323079 -0.00470537576938063
-1.01628877600842 -0.980980584552334 -0.94567239308951 -0.91036420162097 -0.875056010186171 -0.839747818843946 -0.804439627692196 -0.769131436829772 -0.733823246320247 -0.698515056205781 -0.66320686647815 -0.627898677116536 -0.592590488083548 -0.557282299275526 -0.52197411059454 -0.486665922031864 -0.451357733601902 -0.416049545322371 -0.380741357214394 -0.345433169309398 -0.310124981641389 -0.27481679423926 -0.239508607111447 -0.204200420257296 -0.168892233660236 -0.133584047300994 -0.0982758611653965 -0.0629676752297856 -0.027659489427458 0.00764869631905104
-1.00584438464541 -0.97165774608486 -0.937306085574681 -0.902705595089454 -0.868028548319573 -0.833532783668299 -0.799562316674556 -0.766399524398963 -0.733994052853271 -0.702213875394781 -0.670933005811873 -0.640026968000701 -0.609367182517572 -0.578808656559427 -0.54819603201193 -0.517348902875026 -0.486070935432706 -0.454127132990877 -0.421235527024459 -0.386964924662506 -0.35084682694761 -0.312545727192177 -0.272258087787884 -0.230294632387993 -0.186891160612845 -0.142226131533921 -0.0963235660601915 -0.0492385852845338 -0.00130514919797108 0.0470730724839378
-1.00711939033509 -0.971677852977915 -0.936236315675524 -0.900794778508957 -0.865353241603255 -0.829911705094026 -0.794470169115144 -0.759028633803717 -0.723587099311539 -0.688145565736162 -0.652704032943471 -0.617262500741437 -0.581820968926957 -0.546379437252646 -0.510937905488328 -0.475496373516977 -0.440054841271591 -0.404613308772119 -0.369171776042153 -0.333730243032893 -0.298288709677444 -0.262847175925163 -0.227405641790423 -0.191964107310705 -0.156522572550924 -0.12108103758143 -0.085639502466886 -0.050197967264786 -0.0147564320096305 0.0206851032698279
-0.966490307007346 -0.935099919984132 -0.903725534315576 -0.872395843961996 -0.841136353034416 -0.809961901442354 -0.778847862138625 -0.747746168841214 -0.716554465285508 -0.685175129134559 -0.653583763744692 -0.621774278895548 -0.589742667109646 -0.557493251881004 -0.525019433085495 -0.492262585154917 -0.459154411945463 -0.425639960454992 -0.391680122920478 -0.357285829393698 -0.32248051938013 -0.287293996504477 -0.251781520868347 -0.215999914671943 -0.179986792032942 -0.143778467159322 -0.107425262702779 -0.0709774785149257 -0.0344713148033158 0.00206055313551004
-1.04487111291211 -0.960104464207543 -0.879755802933141 -0.816198647598705 -0.782921271103468 -0.785200942923201 -0.794356164450391 -0.779934817685171 -0.738361075141548 -0.675736507471075 -0.609995987361621 -0.562032713010132 -0.545178064149045 -0.542516146652751 -0.532957104613073 -0.508962508849602 -0.46965498649084 -0.427249963173139 -0.393559131613166 -0.36568645434097 -0.337058961339951 -0.303357885325573 -0.26928126994156 -0.239175856441143 -0.206966365587323 -0.165350279838687 -0.112538148926413 -0.0478598902296618 0.0303901755530713 0.124176626893456
-0.99793227214629 -0.963437165214172 -0.928942058328627 -0.894446951497142 -0.859951844725476 -0.825456738024899 -0.790961631430472 -0.756466524967899 -0.721971418601676 -0.687476312274737 -0.65298120590496 -0.61848609940396 -0.583990992727849 -0.549495886010738 -0.515000779396724 -0.480505672891874 -0.446010566438803 -0.411515459864367 -0.377020352981471 -0.342525245662988 -0.308030137796783 -0.273535029291327 -0.239039920137503 -0.204544810370939 -0.170049700123839 -0.135554589530777 -0.101059478639229 -0.0665643674880047 -0.0320692561683577 0.00242585521534991
-0.956216236600982 -0.921830096838139 -0.887443957078104 -0.853057817371817 -0.818671677723964 -0.784285538141144 -0.749899398683844 -0.715513259457161 -0.681127120690748 -0.646740982616299 -0.612354845349134 -0.577968708975481 -0.543582573568531 -0.509196439149333 -0.474810305726773 -0.440424173313241 -0.406038041929005 -0.37165191162233 -0.337265782428269 -0.302879654301019 -0.268493527174561 -0.234107400981978 -0.199721275652751 -0.165335151098629 -0.130949027164024 -0.0965629036825666 -0.0621767805120881 -0.0277906575268473 0.00659546535739362 0.0409815882144963
0.900750547669582 0.903051625141727 0.904929510275718 0.904852566345998 0.898195727641605 0.880261217787697 0.849153846739296 0.804994586207888 0.753166468600935 0.699755145543302 0.648394684833482 0.602106258313375 0.562933473444092 0.529009680163592 0.498285522134398 0.471891075440447 0.450659125636399 0.431053863738406 0.409011069756487 0.382721474214639 0.350939545265349 0.313437853645595 0.274061380430294 0.237345244703099 0.206512707244648 0.183875948175419 0.169414683278251 0.162241144533727 0.160330093051043 0.161371922221551
-0.97693499804076 -0.946843701910536 -0.916725917919734 -0.88655578867661 -0.856281527713517 -0.825839182637376 -0.795142066429256 -0.764109387316202 -0.732706669134992 -0.700911175174706 -0.668700810923901 -0.636053642421002 -0.602946446091703 -0.569350839910787 -0.535245667633727 -0.500643834589685 -0.465568540068578 -0.430050097629661 -0.394124761205734 -0.357845431954424 -0.321269172839567 -0.284451637555463 -0.247442842718268 -0.210287484056561 -0.173014610826739 -0.135638427680404 -0.098129407322145 -0.0604630296285242 -0.0226785351109982 0.0151688955602523
-1.03198061513474 -0.996063123307371 -0.960145631338189 -0.924228139110869 -0.888310646596133 -0.852393153798378 -0.816475660769639 -0.780558167578254 -0.74464067431014 -0.708723181038047 -0.672805687764519 -0.636888194474543 -0.600970701158936 -0.565053207831819 -0.529135714519566 -0.493218221274248 -0.457300728157863 -0.421383235246429 -0.385465742592457 -0.349548250140422 -0.31363075780779 -0.277713265521613 -0.24179577324728 -0.205878280966019 -0.169960788684058 -0.134043296430986 -0.0981258043048212 -0.0622083123914544 -0.0262908206598417 0.00962667095029538
-0.976987090573645 -0.942942968583268 -0.908898846598546 -0.874854724645041 -0.840810602740649 -0.806766480942581 -0.77272235947297 -0.738678238580779 -0.70463411845735 -0.670589999260485 -0.636545881071431 -0.6025017639523 -0.568457647966915 -0.534413533185939 -0.5003694196746 -0.466325307469511 -0.432281196567455 -0.398237086834509 -0.364192978109934 -0.330148870256437 -0.296104763142586 -0.2620606566333 -0.228016550578899 -0.193972444822442 -0.159928339192525 -0.125884233544826 -0.0918401278578196 -0.0577960221433511 -0.0237519164239626 0.0102921892751299
-1.04709254103154 -1.00091924307853 -0.954918576416149 -0.909250708395837 -0.864292624017752 -0.820394995736899 -0.777586428179001 -0.735965332794542 -0.696231416162343 -0.659043559176385 -0.624296044862943 -0.591692006781367 -0.560923600695904 -0.531639071190392 -0.503457637659089 -0.475926329918357 -0.448574226097702 -0.420930787157098 -0.392591983542695 -0.363419440814862 -0.333341198312521 -0.302295802646313 -0.270263829513749 -0.23722210326681 -0.203090413788469 -0.167852881959962 -0.131807987124575 -0.0952981940740838 -0.0585275509321797 -0.0216655016555319
1.03764347861236 0.99148607170946 0.945634876000231 0.899948163120383 0.854033680739375 0.807707103890701 0.761866341030244 0.717719289400676 0.67663156796942 0.639682248603305 0.606646493042023 0.576973485493483 0.549997392200269 0.524592307543656 0.499588630395136 0.474102049448358 0.447410907367711 0.419158872878399 0.389112688631834 0.357166066923453 0.323244462459703 0.287290154308859 0.249312718986518 0.209537800082294 0.168988012034545 0.128660075038112 0.088650161465033 0.048831498550046 0.0090860808015033 -0.0307019054538396
-0.971041448933323 -0.950511910284582 -0.926950296648619 -0.898574880069016 -0.865571841248863 -0.828725423550392 -0.789244212312887 -0.748316507940733 -0.706625129121665 -0.665009926604364 -0.625444361097938 -0.590185295801605 -0.560999578095311 -0.537693992081917 -0.519327139473106 -0.503924955692921 -0.488890316753594 -0.470166527307716 -0.443969770837363 -0.409067317502179 -0.364864209131196 -0.31186919315315 -0.255005839395579 -0.199544964071195 -0.14773154653458 -0.101045236859592 -0.0609302048552967 -0.0280844318457617 -0.000256625479846821 0.0255418250123897
-1.16756888504695 -1.04593482447595 -0.958525306873515 -0.898710081131052 -0.839509587856361 -0.765852076785035 -0.73064634244747 -0.773018024120403 -0.80897959527116 -0.755788998209036 -0.658799216420615 -0.595386993686804 -0.615394666986968 -0.65852694609431 -0.650446328139596 -0.57078408689001 -0.431300504696414 -0.318303121607963 -0.30618767266322 -0.347155415160098 -0.362858986961344 -0.300084697707642 -0.206153544151401 -0.138111531928008 -0.0913700150930279 -0.052355865642447 -0.0331926789137765 -0.0425606189294222 -0.0496694011098434 -0.0138611287250133
-1.00517306582548 -0.972530007450022 -0.939868662518286 -0.907181306289408 -0.874456066468253 -0.841676203335289 -0.808809655027645 -0.775824221512052 -0.742702472216992 -0.709427018146348 -0.675965867143855 -0.642283376263209 -0.608339816922402 -0.574079117996613 -0.539446957420585 -0.504412351910134 -0.46895095268992 -0.433041610238882 -0.396678766783723 -0.359916032287924 -0.322821808649155 -0.285471427164825 -0.247967936731272 -0.210403030144308 -0.172795258198695 -0.135151532237805 -0.0975053478004904 -0.0598889319125155 -0.0223028533518016 0.0152602336656904
-1.04298704507296 -1.00477249858298 -0.966550586552799 -0.928307385790929 -0.890066294848268 -0.851865640520414 -0.813766140839393 -0.775828709440356 -0.738092651134528 -0.700586734754087 -0.663319194038952 -0.626293128955982 -0.589510427546079 -0.552968130146353 -0.516660557978313 -0.480576003504874 -0.444707504363016 -0.409073107644553 -0.373691734796187 -0.338560795229344 -0.303672320346624 -0.269013793079715 -0.234554502476645 -0.200253795294744 -0.166049443012237 -0.131881454894842 -0.0977203666373745 -0.063549292987833 -0.0293711384778604 0.00480624491498986
-0.928038628105706 -0.911834884531819 -0.895663264393662 -0.87882645813209 -0.860356961004539 -0.83927040612602 -0.814785173225271 -0.786144766021804 -0.752490437584492 -0.71344103615291 -0.67062804130011 -0.626186090432506 -0.582018668638591 -0.539104651735158 -0.498200999115882 -0.460101613753648 -0.425262069707444 -0.392747681801445 -0.361412794895706 -0.330658133228621 -0.300021015883162 -0.269138729550096 -0.238048431351358 -0.206820647688528 -0.175259511650617 -0.142925505747072 -0.108670903481662 -0.0715665247862621 -0.0322655843108376 0.00818310461512149
-1.01985134538795 -0.985382933042702 -0.950914520581954 -0.916446107891196 -0.881977694841433 -0.847509281316344 -0.8130408672648 -0.77857245266641 -0.744104037558553 -0.709635621998274 -0.67516720606353 -0.640698789837504 -0.606230373405935 -0.571761956864771 -0.537293540308327 -0.502825123814162 -0.468356707453631 -0.433888291290024 -0.39941987538237 -0.364951459780708 -0.330483044532832 -0.296014629687618 -0.261546215298258 -0.227077801400603 -0.192609387956791 -0.158140974899555 -0.123672562117689 -0.0892041495021251 -0.054735736996278 -0.0202673245566814
-1.00749534456197 -0.971825770418375 -0.936156196331792 -0.900486622363795 -0.864817048544203 -0.829147474881346 -0.793477901329356 -0.757808327827914 -0.722138754313097 -0.686469180719733 -0.650799606981253 -0.615130033030742 -0.579460458804743 -0.543790884253638 -0.508121309333773 -0.472451734011498 -0.436782158258729 -0.401112582059635 -0.36544300540732 -0.329773428318371 -0.294103850815243 -0.258434272915543 -0.222764694617488 -0.187095115914429 -0.151425536799652 -0.115755957283 -0.0800863774406069 -0.0444167973648999 -0.0087472171471785 0.0269223631215394
-1.13638293781123 -1.07758994049387 -1.01924780297774 -0.961724800751642 -0.905573710237185 -0.851356009764654 -0.799483484366289 -0.750310190477918 -0.704108963447769 -0.660987737943101 -0.62047606699489 -0.581958908225042 -0.5448777187133 -0.508899953370744 -0.473844272671056 -0.439908161506989 -0.407265587504765 -0.375617624805428 -0.344542249629567 -0.313597940001142 -0.282338299394956 -0.250398250447177 -0.217737992439443 -0.18448354774437 -0.151098954453028 -0.11802104431884 -0.0852398080262007 -0.0526435358491768 -0.0201605574895735 0.0122707874938706
-1.02611749736572 -0.98979787205864 -0.953413854295218 -0.916901263525976 -0.880208674164017 -0.84331047094271 -0.806271524913907 -0.769178596976164 -0.73211552109635 -0.695161327420613 -0.658378757743897 -0.621826481773348 -0.585561161107809 -0.549631424912934 -0.514079967889268 -0.478933779310119 -0.444214113858493 -0.409934993283417 -0.376101085244255 -0.3426868739757 -0.309659297856278 -0.276989774635285 -0.244667639545082 -0.212677999935449 -0.180971134142752 -0.149486408152456 -0.118154367559835 -0.0869100186344365 -0.0557150307331081 -0.0245377389845207
-1.01250565999167 -0.978019473295237 -0.943533286626887 -0.909047100034844 -0.874560913660298 -0.840074727664665 -0.80558854219729 -0.771102357377571 -0.736616173217186 -0.70212998969587 -0.667643806773288 -0.633157624404087 -0.598671442532235 -0.564185261058964 -0.529699079871668 -0.495212898845093 -0.460726717858998 -0.42624053682583 -0.391754355690977 -0.35726817449889 -0.322781993318786 -0.288295812232182 -0.253809631369796 -0.219323450842883 -0.184837270635662 -0.150351090712229 -0.115864911083224 -0.0813787317491451 -0.0468925526233765 -0.0124063735975242
-1.01078661392975 -0.975130444094916 -0.939474274243201 -0.903818104464125 -0.868161934955064 -0.832505765924521 -0.796849597517655 -0.76119342985571 -0.72553726302762 -0.689881097111871 -0.654224932177489 -0.618568768291132 -0.582912605550392 -0.54725644417661 -0.511600284392114 -0.475944126299464 -0.440287969914469 -0.404631815025727 -0.368975661362802 -0.33331950864633 -0.297663356594718 -0.262007204972286 -0.22635105372702 -0.190694902836768 -0.155038752215161 -0.119382601782461 -0.0837264515496774 -0.0480703015336842 -0.0124141516840641 0.0232419980664224
-0.924227738959371 -0.898649693048879 -0.873117952811115 -0.847636789182192 -0.822130408284343 -0.796510418085432 -0.770718098749713 -0.744659264992555 -0.718068197537382 -0.690682760797859 -0.662426687940567 -0.633270179320314 -0.603190511497347 -0.572193265853667 -0.540259171096318 -0.507241240410783 -0.472978011392121 -0.437377834795284 -0.400414049975169 -0.362250137526565 -0.323097113354235 -0.28317071117311 -0.242705535938802 -0.201934133585086 -0.161061942717726 -0.120241511953348 -0.0794409372800555 -0.038596820087728 0.0022957639981348 0.0432271207931279
-0.98504013912168 -0.951555361440759 -0.918070583852898 -0.884585806471848 -0.85110102936402 -0.817616252551944 -0.784131475929967 -0.750646699397199 -0.717161922999966 -0.683677146789536 -0.650192370689719 -0.61670759459246 -0.583222818393308 -0.549738042002225 -0.516253265348071 -0.482768488420887 -0.44928371123425 -0.415798933834703 -0.382314156285424 -0.348829378683171 -0.315344601133096 -0.281859823696506 -0.248375046259335 -0.214890268658506 -0.181405490710264 -0.147920712265891 -0.114435933337513 -0.0809511539928516 -0.0474663743611966 -0.0139815945872278
-0.975865362181887 -0.94327962978755 -0.91069687243236 -0.878106300075456 -0.845484053151801 -0.812807457302434 -0.780071648516858 -0.747276069682484 -0.714419580929873 -0.681500065331508 -0.64851208048441 -0.615449352616735 -0.582303718929032 -0.549059460511427 -0.515697837370569 -0.482195581289623 -0.448531060679645 -0.414693718686742 -0.380678809469755 -0.34649375650341 -0.312149025591406 -0.277659513036084 -0.243057837134364 -0.208377066018391 -0.173634345166645 -0.138843707495377 -0.104022658325599 -0.0691874780609 -0.0343460750304014 0.000495735455389379
-0.984344303107192 -0.953980553774474 -0.923708675619461 -0.893611763956162 -0.863631859685133 -0.83366534205221 -0.803566998097808 -0.773189681398401 -0.742420103880115 -0.711155099752941 -0.679298134012669 -0.646754329351544 -0.613437478503297 -0.579296054367626 -0.544287951722012 -0.508374072689111 -0.471538996039895 -0.433858999793426 -0.39543604800506 -0.356383149627243 -0.316816074836695 -0.276862374562379 -0.236696722742233 -0.19646993067563 -0.15619023609871 -0.115838693335895 -0.075430196627962 -0.0349861835468827 0.00547957492695336 0.0459552244610516
0.984148270498501 0.951003421766688 0.917858573023908 0.884713724259594 0.851568875441002 0.81842402654482 0.785279177607666 0.752134328711309 0.718989480058215 0.68584463184196 0.652699784099861 0.619554936830175 0.586410090038045 0.553265243756175 0.5201203980338 0.486975552958724 0.453830708632286 0.42068586517141 0.387541022693727 0.354396181304112 0.321251341104249 0.288106502174702 0.254961664511553 0.221816828058851 0.188671992637003 0.155527158032129 0.122382324016838 0.0892374903806636 0.0560926569943286 0.0229478237488547
-1.01949162956745 -0.98356884363595 -0.947646057697359 -0.91172327172861 -0.87580048568046 -0.839877699515269 -0.803954913267988 -0.768032126997686 -0.732109340787313 -0.696186554714239 -0.660263768809627 -0.624340983093093 -0.588418197555698 -0.552495412074303 -0.516572626496513 -0.480649840667111 -0.444727054435656 -0.408804267673633 -0.37288148028526 -0.336958692283757 -0.301035903709598 -0.265113114616018 -0.229190325107302 -0.193267535276672 -0.157344745122069 -0.121421954634654 -0.0854991638737663 -0.0495763729174251 -0.0136535818502 0.0222692092417027
-0.919067838653725 -0.893513627763955 -0.867913155067462 -0.842167385863446 -0.816125546132072 -0.78964145667346 -0.762639056886589 -0.735073728733327 -0.70695650582825 -0.678322437370958 -0.649246983248453 -0.619815706019586 -0.590098002984668 -0.560098610409855 -0.529803272455652 -0.499186425894119 -0.468204931615567 -0.436756654371747 -0.404737673948475 -0.372095926406385 -0.338792311874816 -0.304801987306381 -0.270157136946782 -0.23490965044428 -0.199133211764276 -0.162911092197937 -0.126343118022352 -0.0895303536122866 -0.0525622607472931 -0.0155254005581205
-1.03423717569681 -0.996919223377716 -0.959601270986926 -0.922283318463986 -0.884965365788912 -0.847647412952373 -0.810329459947155 -0.773011506769123 -0.735693553424336 -0.698375599928972 -0.661057646329475 -0.623739692679862 -0.586421739006258 -0.549103785223245 -0.51178583122204 -0.474467876911967 -0.437149922220681 -0.399831967131056 -0.362514011649729 -0.325196055823183 -0.287878099707864 -0.250560143363388 -0.213242186862055 -0.175924230278491 -0.138606273683933 -0.101288317139032 -0.0639703606654757 -0.0266524042709432 0.0106655520539524 0.0479835083228655
1.00532727034576 0.973679347049817 0.942031423776324 0.910383500507613 0.878735577252041 0.847087654006667 0.815439730697339 0.783791807233439 0.752143883529699 0.720495959507897 0.688848035112657 0.65720011029431 0.625552184988349 0.593904259070911 0.562256332417052 0.530608404956864 0.498960476596519 0.467312547091483 0.435664616207095 0.404016683898911 0.372368750170035 0.340720815059514 0.309072878750148 0.277424941463438 0.245777003431942 0.214129064864601 0.182481125864854 0.150833186519076 0.119185246950904 0.08753730729329
-0.976579857463263 -0.942632137909096 -0.908684418339261 -0.874736698747933 -0.84078897907527 -0.806841259274482 -0.772893539405037 -0.73894581951601 -0.704998099508661 -0.671050379254544 -0.637102658654203 -0.603154937615432 -0.569207216054467 -0.535259493921312 -0.501311771172973 -0.467364047760692 -0.433416323614946 -0.399468598588907 -0.365520872535892 -0.331573145387096 -0.297625417093185 -0.263677687622146 -0.229729957011256 -0.195782225329197 -0.161834492700981 -0.127886759261671 -0.0939390251302096 -0.0599912904342154 -0.0260435553521243 0.00790417992492295
-1.06615568793433 -0.96172883749471 -0.875014214040997 -0.822201408006802 -0.794554430046627 -0.780345018063784 -0.780801398735938 -0.793777621211012 -0.790674535743628 -0.745977584150979 -0.672963773393858 -0.594608001718955 -0.531522686107932 -0.494870318482329 -0.487407649243664 -0.487718387773497 -0.472993158638365 -0.439023288164678 -0.388119373456325 -0.330068392967219 -0.276526420488784 -0.236222223172103 -0.206175341606915 -0.179542656120524 -0.145739632551832 -0.0987604092275544 -0.0546552289140511 -0.0309792721934802 -0.0292513664715471 -0.0469812508598441
-1.01466415785808 -0.963737748117041 -0.918734504463317 -0.884412353127961 -0.861254443419454 -0.847442312482102 -0.836225825726059 -0.81927045122362 -0.786835739429777 -0.732886631806361 -0.66761555145985 -0.605271791907886 -0.556776939286451 -0.519741750204904 -0.487896371642955 -0.452759341588357 -0.408135701155731 -0.359188112959129 -0.313963263300546 -0.28068631173431 -0.267627036127829 -0.276897289291073 -0.285977223804251 -0.27133193909789 -0.229998022233562 -0.16620795409766 -0.0924063032448172 -0.0211245560185224 0.0429702177505563 0.0971770523599562
-0.98931925632742 -0.973652104053282 -0.95661039780842 -0.93732780300984 -0.913583432458076 -0.883107135701488 -0.844786261896198 -0.798554332325846 -0.747372057176401 -0.694618727207279 -0.642320766569375 -0.592166382761451 -0.546369837902615 -0.50924961259335 -0.483755816331389 -0.465260855722077 -0.4475234421716 -0.425425209181891 -0.395202589868704 -0.35738829370732 -0.313589099262908 -0.266084330539145 -0.219843493293753 -0.179634922236413 -0.146732086130598 -0.121487424447132 -0.104064125432461 -0.0942581031682179 -0.0905854263011616 -0.0912422021193311
-1.03780737934384 -1.00082332023707 -0.963839261125979 -0.926855201968286 -0.889871142746458 -0.852887083449946 -0.815903024071406 -0.778918964628228 -0.741934905233551 -0.704950846041585 -0.667966787275084 -0.63098272917394 -0.593998671939599 -0.557014615619734 -0.52003056023754 -0.483046505872089 -0.446062452618392 -0.409078400579332 -0.372094349839054 -0.335110300398882 -0.298126252239432 -0.261142205328787 -0.224158159584892 -0.187174114913384 -0.150190071220791 -0.113206028390144 -0.0762219862095921 -0.0392379444581381 -0.00225390297306221 0.0347301383937847
-1.03917207189598 -1.0064920379873 -0.973807262441342 -0.941101661431088 -0.908349610375273 -0.875521353832345 -0.842580153673862 -0.809475871054115 -0.776111746945221 -0.742384638345785 -0.70821248654253 -0.673518503894211 -0.638246511765712 -0.602422767546448 -0.566089681837093 -0.52927184205884 -0.491989436808973 -0.45426288256863 -0.41611022021704 -0.377539760341967 -0.338557380958302 -0.299166116299298 -0.259357625471631 -0.219127151107519 -0.178495645067906 -0.13750553255394 -0.0962594228988403 -0.0548644547874648 -0.0133857001791328 0.0281222856482201
-0.909671186147612 -0.8788603407844 -0.848049495506586 -0.817238650393954 -0.786427805399888 -0.755616960412256 -0.72480611518325 -0.693995269464205 -0.663184423138718 -0.632373576136812 -0.601562728441972 -0.570751880051046 -0.539941030944147 -0.509130181034439 -0.478319330243401 -0.44750847859272 -0.416697626142391 -0.385886773005444 -0.355075919302537 -0.324265065131789 -0.293454210585686 -0.262643355725014 -0.23183250048375 -0.201021644796512 -0.17021078872728 -0.139399932364366 -0.108589075764042 -0.0777782189754632 -0.0469673620513734 -0.0161565050454109
-0.980459063280902 -0.947727549463718 -0.91499603575562 -0.882264522306933 -0.849533009245933 -0.816801496690126 -0.784069984735976 -0.751338473457349 -0.718606962858756 -0.685875452935667 -0.653143943716733 -0.620412435238899 -0.587680927544877 -0.554949420700452 -0.522217914787654 -0.489486409930434 -0.456754906246469 -0.424023403786415 -0.391291902597825 -0.358560402782863 -0.325828904457348 -0.293097407701962 -0.260365912456833 -0.227634418597249 -0.194902925879666 -0.162171434024237 -0.129439942724724 -0.0967084517039877 -0.0639769608276862 -0.0312454699971772
1.03384793984644 0.99527095147429 0.956687843821048 0.918131426270424 0.879671230763467 0.841384802698171 0.803345018742978 0.765623980413612 0.728295357344473 0.691428840839712 0.655076640763808 0.619286596621322 0.584086933386407 0.54942741791158 0.515243770090843 0.481493980105772 0.448145539955534 0.4151816786221 0.382602325917441 0.350458477990735 0.318813897575459 0.28770817451138 0.2570842070634 0.226857744606882 0.196932632533883 0.167216069533925 0.137640571469694 0.108151219010841 0.0787180348817123 0.049317277320329
-0.986189224371555 -0.952237788185081 -0.918286351996714 -0.884334915813708 -0.850383479659581 -0.816432043559313 -0.782480607527485 -0.748529171593491 -0.714577735856396 -0.680626300429401 -0.64667486541257 -0.612723430902685 -0.578771996991958 -0.544820563754319 -0.510869131245268 -0.476917699464865 -0.442966268399728 -0.409014838038168 -0.375063408375596 -0.341111979434132 -0.307160551242578 -0.273209123798492 -0.23925769697447 -0.205306270615528 -0.171354844581327 -0.137403418725745 -0.103451992864885 -0.0695005668481008 -0.0355491406955237 -0.00159771446997971
-1.01614228827818 -0.980833791095494 -0.94552529385759 -0.910216796482798 -0.874908298966007 -0.839599801334173 -0.804291303665951 -0.768982806052169 -0.733674308580634 -0.698365811315089 -0.663057314226037 -0.627748817260668 -0.592440320360507 -0.557131823444409 -0.521823326465608 -0.486514829537514 -0.451206332795017 -0.415897836298731 -0.380589340075314 -0.345280844089892 -0.309972348292207 -0.274663852634852 -0.239355357081833 -0.204046861610596 -0.168738366240958 -0.133429870999692 -0.0981213758990333 -0.0628128809372253 -0.027504386071081 0.00780410875294445
-0.98500696398089 -0.950442474789797 -0.915877985512922 -0.881313496063973 -0.846749006380522 -0.81218451640716 -0.777620026092689 -0.743055535399912 -0.70849104434343 -0.673926552938702 -0.639362061152801 -0.604797568940709 -0.570233076250114 -0.535668582999539 -0.501104089153204 -0.466539594887289 -0.43197510043518 -0.397410606047118 -0.362846111963384 -0.328281618367532 -0.293717125428935 -0.259152633269075 -0.224588141817862 -0.190023650963522 -0.155459160619124 -0.120894670697543 -0.0863301810860342 -0.0517656916701557 -0.0172012023543004 0.0173632869524305
-0.94903554237893 -0.91598924627708 -0.882942950146659 -0.84989665397103 -0.81685035780247 -0.783804061679207 -0.750757765514358 -0.717711469210215 -0.684665172750856 -0.651618876126889 -0.618572579273244 -0.585526282110934 -0.552479984538824 -0.519433686367203 -0.486387387399296 -0.453341087498641 -0.420294786551777 -0.387248484476917 -0.354202181260903 -0.321155877133416 -0.288109572384846 -0.255063267283453 -0.222016962008976 -0.188970656705554 -0.155924351463447 -0.12287804635197 -0.0898317414105329 -0.056785436650709 -0.0237391320026252 0.0093071726239532
-1.01966380047049 -0.983715878369646 -0.947767956332969 -0.911820034408905 -0.875872112596337 -0.839924190883472 -0.80397626926538 -0.768028347740646 -0.732080426315073 -0.696132505017311 -0.660184583960182 -0.624236663277553 -0.588288743079217 -0.552340823378675 -0.516392904151156 -0.480444985315092 -0.444497066765952 -0.408549148364155 -0.372601229956733 -0.336653311372246 -0.300705392434633 -0.264757473000546 -0.228809553057474 -0.19286163265866 -0.156913711989525 -0.120965791236438 -0.0850178704574048 -0.0490699496724482 -0.0131220288780424 0.0228258919352263
-1.08512052224966 -1.02162564597495 -0.959430914746578 -0.900338902516764 -0.845262548050699 -0.795012696057029 -0.750881450205289 -0.713712241721533 -0.682072553097007 -0.65421793009167 -0.629432120275129 -0.607255921669405 -0.586759964328833 -0.56513420643701 -0.539390893116416 -0.507712089115813 -0.46891218384035 -0.423165045694441 -0.371811762241897 -0.319502818684861 -0.27171604963506 -0.232300265725119 -0.198588181671257 -0.166777470265765 -0.135041732521633 -0.102712902535139 -0.0717803185150391 -0.044149762404044 -0.018735386968228 0.00629656232049453
-0.940458516168004 -0.910349447643675 -0.880234543270286 -0.850125284872446 -0.820035460999764 -0.789967598521372 -0.759876870859502 -0.729727843721485 -0.69957000540196 -0.669445808293163 -0.639284638590428 -0.608987615939861 -0.578462598292283 -0.547644396817365 -0.516465531000291 -0.484822400369439 -0.452603747510857 -0.419703807198083 -0.386038478000423 -0.351604821482784 -0.31642018995897 -0.280509722962145 -0.243929708902909 -0.206760280651758 -0.16914580004133 -0.13123176117875 -0.0931039583069557 -0.0548322855254007 -0.0164827362237842 0.0218796713856328
-0.946275901949499 -0.912432205255234 -0.879409386065334 -0.847893735903697 -0.81890981293711 -0.793223766986532 -0.770229847846712 -0.748863329474863 -0.72759548250425 -0.704852394507358 -0.679343424137491 -0.649848747818159 -0.615579866856365 -0.577473582093098 -0.536859472674558 -0.494912931433825 -0.452520896192542 -0.409570671039728 -0.365864455080245 -0.321863661214954 -0.278194505793715 -0.23559469516579 -0.195247895678045 -0.15825981869415 -0.124978395647372 -0.0951722716063892 -0.0670507261119156 -0.0387897823603247 -0.00999180369858456 0.019384261488688
-0.976844816760661 -0.942291754938466 -0.907738693122089 -0.873185631331793 -0.838632569646745 -0.804079508160456 -0.76952644696489 -0.734973386135589 -0.700420325683954 -0.665867265612847 -0.631314205955145 -0.596761146751229 -0.562208088008546 -0.527655029602825 -0.493101971401321 -0.458548913369123 -0.423995855499341 -0.389442797799338 -0.354889740275428 -0.32033668291548 -0.28578362570275 -0.251230568643208 -0.216677511833666 -0.18212445537274 -0.147571399275407 -0.113018343520249 -0.0784652880239074 -0.0439122326962466 -0.00935917748195278 0.0251938776655817
-1.0253127149502 -0.988880597348794 -0.952448479925491 -0.916016362801861 -0.879584245978042 -0.843152129423178 -0.806720013103866 -0.770287896974921 -0.733855780946556 -0.69742366495245 -0.660991549064724 -0.62455943339011 -0.588127318049272 -0.551695203218586 -0.515263089071364 -0.478830975712931 -0.442398863215729 -0.405966751588665 -0.369534640810725 -0.333102530804758 -0.296670421479579 -0.260238312752398 -0.22380620457401 -0.18737409690183 -0.150941989686179 -0.114509882855388 -0.0780777762569359 -0.0416456697434631 -0.00521356326910081 0.0312185431866466
-1.01959742808135 -0.983675660521325 -0.947753892931671 -0.91183212527879 -0.875910357569964 -0.839988589837864 -0.804066822175872 -0.768145054699476 -0.732223287551907 -0.69630152086593 -0.660379754704727 -0.624457989114081 -0.588536224121456 -0.552614459681035 -0.51669269574755 -0.480770932351201 -0.444849169517545 -0.408927407178095 -0.373005645240843 -0.337083883613736 -0.301162122204714 -0.265240360914709 -0.229318599616638 -0.193396838197449 -0.157475076628222 -0.121553314910016 -0.0856315530796598 -0.0497097911837216 -0.013788029271957 0.0221337326050822
0.967507447816844 0.933961754352264 0.900416060936645 0.86687036763225 0.833324674489438 0.799778981533548 0.766233288701732 0.732687595904424 0.699141903033349 0.665596209974537 0.632050516609939 0.598504822820491 0.564959128498943 0.531413433585329 0.497867738021632 0.464322041710356 0.430776344537092 0.397230646359261 0.363684947036006 0.330139246461532 0.29659354453881 0.263047841191035 0.22950213642231 0.19595643029629 0.162410723033925 0.128865014900959 0.0953193061850264 0.0617735971531155 0.0282278879677479 -0.00531782123467156
-0.973886219081214 -0.940660300050374 -0.907434381032582 -0.874208462004149 -0.840982542894181 -0.807756623622698 -0.774530704120558 -0.741304784309093 -0.708078864060685 -0.674852943263149 -0.641627021914983 -0.608401100042361 -0.575175177693023 -0.541949255000996 -0.50872333212268 -0.475497409217703 -0.442271486461547 -0.409045564089881 -0.375819642324003 -0.342593721267533 -0.309367800994669 -0.276141881545494 -0.24291596282362 -0.209690044706453 -0.17646412710304 -0.143238209917031 -0.110012292998866 -0.0767863762083987 -0.0435604594963617 -0.0103345428362047
-1.01180897323771 -0.977555661238279 -0.943302349215066 -0.909049037145013 -0.874795724991474 -0.840542412720173 -0.806289100319899 -0.772035787787081 -0.737782475125634 -0.703529162335456 -0.66927584939289 -0.635022536268392 -0.600769222956276 -0.566515909546296 -0.532262596110774 -0.498009282556875 -0.463755968752362 -0.429502654572557 -0.395249339926142 -0.360996024847698 -0.326742709403279 -0.292489393624025 -0.258236077401411 -0.223982760609405 -0.189729443191608 -0.155476125131062 -0.121222806498937 -0.0869694874040636 -0.0527161680177757 -0.0184628485270354
-1.04784220034367 -1.01190257065107 -0.9759629408961 -0.940023311010331 -0.904083680910004 -0.868144050493967 -0.83220441960686 -0.796264788067021 -0.76032515564179 -0.724385522121741 -0.688445887441381 -0.652506251571204 -0.61656661452576 -0.580626976495829 -0.544687337680476 -0.508747698135691 -0.472808057887367 -0.43686841698409 -0.400928775485936 -0.364989133476232 -0.329049491044123 -0.293109848301902 -0.257170205454465 -0.22123056270433 -0.185290920151905 -0.149351277851134 -0.113411635772205 -0.0774719938669402 -0.0415323520974431 -0.00559271042838967
-1.01390867107011 -0.979634453567837 -0.945360236223448 -0.911086019216451 -0.876811802722099 -0.842537586916986 -0.808263371987324 -0.773989158096881 -0.739714945310015 -0.705440733653309 -0.671166523101662 -0.636892313617051 -0.602618105175163 -0.568343897806528 -0.534069691519485 -0.499795486178766 -0.46552128161779 -0.431247077688323 -0.396972874252897 -0.362698671198767 -0.328424468419363 -0.294150265816198 -0.259876063323087 -0.225601860916599 -0.191327658712 -0.157053456828259 -0.122779255260464 -0.0885050539570797 -0.0542308528039618 -0.019956651671313
-0.939509230858413 -0.908587596395163 -0.877665961921061 -0.84674432741796 -0.815822692945074 -0.784901058578997 -0.753979424388486 -0.723057790448256 -0.692136156864687 -0.661214523749078 -0.630292891200712 -0.599371259315872 -0.568449628202938 -0.537527998018687 -0.50660636889641 -0.475684740827062 -0.444763113705559 -0.413841487184984 -0.382919860897263 -0.351998234631541 -0.321076608216267 -0.290154981522943 -0.259233354595284 -0.228311727515489 -0.197390100347456 -0.166468473166089 -0.135546846108598 -0.104625219289889 -0.0737035926733311 -0.0427819661844105
-1.02092114728087 -0.985233966146661 -0.949546784963715 -0.913859603694926 -0.878172422355745 -0.8424852409838 -0.806798059652885 -0.771110878460269 -0.735423697560941 -0.699736517097298 -0.664049337103641 -0.628362157587246 -0.592674978590779 -0.556987800298472 -0.521300622897576 -0.485613446445882 -0.449926270953849 -0.414239096372092 -0.378551922623058 -0.342864749576373 -0.307177577088458 -0.271490405037305 -0.235803233387203 -0.200116062118139 -0.164428891186613 -0.128741720539394 -0.0930545501077989 -0.0573673798254413 -0.0216802096505446 0.014006960452514
-1.04496954800448 -1.00376979051878 -0.962651730652942 -0.921708861312167 -0.881054080392974 -0.840788792516319 -0.800949024209555 -0.761561649355384 -0.722682309351513 -0.684381992815628 -0.64676430973034 -0.609941025419493 -0.574014169349523 -0.539046827557254 -0.505104305569225 -0.472299730300458 -0.440724212344981 -0.410332975624352 -0.381028764272928 -0.352640289948738 -0.324977756190726 -0.297892757373661 -0.271402451215598 -0.245554047730715 -0.220349402774398 -0.195759376159267 -0.171676197685675 -0.147968955858952 -0.124492804016601 -0.101099411704166
-0.992731825348859 -0.959413195227714 -0.926096662934978 -0.892785505707466 -0.859477549273023 -0.826167785389352 -0.792845321442572 -0.759497075081259 -0.726107089375404 -0.692658339595859 -0.659132404395479 -0.625510513272622 -0.591776125153234 -0.557921616673611 -0.523943724190474 -0.489847705231868 -0.455640364278389 -0.421326172449481 -0.38691063483023 -0.352405725729436 -0.317825036761826 -0.283180526177239 -0.248477618765957 -0.213720174404586 -0.17891232677459 -0.144059767666057 -0.109174147498719 -0.0742674692819339 -0.0393471877539267 -0.00441962058513766
-1.04476612704078 -1.007904033558 -0.971041940049471 -0.934179846446614 -0.897317752600617 -0.860455658354332 -0.823593563597504 -0.786731468265637 -0.749869372430368 -0.713007276210923 -0.676145179780726 -0.639283083326757 -0.60242098704045 -0.565558891131083 -0.528696795791562 -0.491834701131464 -0.454972607228606 -0.418110514117066 -0.381248421817417 -0.344386330339932 -0.30752423969231 -0.270662149860627 -0.23380006074445 -0.196937972225976 -0.160075884204412 -0.123213796573161 -0.0863517091854033 -0.0494896219069987 -0.0126275346947601 0.0242345524717618
-1.12118568180257 -1.06258423760858 -1.00376716985926 -0.945202237759463 -0.888029714816097 -0.833552445934407 -0.783051047311061 -0.737533315571629 -0.696937997765872 -0.660826146441319 -0.628317085712389 -0.59841970758522 -0.570105177904049 -0.542193757865522 -0.513646868753893 -0.484141476851454 -0.453569228123625 -0.421964942270295 -0.389427845612751 -0.35617161722341 -0.322438549362474 -0.288291132411529 -0.253072649237715 -0.215988468438993 -0.176411509051069 -0.133940332322549 -0.0889085179158812 -0.0418567852658816 0.00658060551701073 0.0557460091534508
-1.03639061668172 -1.00070193020145 -0.965013243698772 -0.929324557169883 -0.893635870667285 -0.857947184261101 -0.822258498035622 -0.786569812070719 -0.750881126414401 -0.715192441100192 -0.67950375613554 -0.643815071521372 -0.608126387249405 -0.572437703274525 -0.536749019544498 -0.501060336015455 -0.465371652652476 -0.429682969448085 -0.393994286402666 -0.358305603520624 -0.32261692080737 -0.28692823826844 -0.251239555909884 -0.215550873717401 -0.179862191594785 -0.144173509444352 -0.108484827244406 -0.0727961449974033 -0.0371074627264171 -0.00141878045967595
-1.02866471285361 -0.989810019297486 -0.950985691253032 -0.912232796690682 -0.873597095887903 -0.835129039974578 -0.796893151183217 -0.758957868708756 -0.721393228493203 -0.684257450417677 -0.647559893372666 -0.611297701001004 -0.575463525417539 -0.5400320526252 -0.504967550181207 -0.470210577971877 -0.435710227416066 -0.401473423733691 -0.367517724834171 -0.333845385583873 -0.300454835088401 -0.267327534535649 -0.234377073442659 -0.201512026291325 -0.168688779093793 -0.135880789892074 -0.103081993317387 -0.0702894114669319 -0.0374919397126053 -0.00467644174498048
-1.03115664179598 -0.995093037653111 -0.959029433459179 -0.922965829216237 -0.886902224944943 -0.850838620662414 -0.814775016352985 -0.778711411993947 -0.742647807567213 -0.706584203058589 -0.67052059846484 -0.63445699378547 -0.598393389030963 -0.562329784255726 -0.526266179509338 -0.490202574778132 -0.45413897003047 -0.41807536522606 -0.382011760343482 -0.345948155445455 -0.309884550615733 -0.273820945935476 -0.237757341475464 -0.201693737276549 -0.165630133270269 -0.129566529372081 -0.0935029255424545 -0.0574393217582708 -0.0213757180170553 0.0146878856785066
-0.900642915058082 -0.882557263808114 -0.864097036614642 -0.844867632317059 -0.824851617976321 -0.804046746735183 -0.78213434784203 -0.758766405985535 -0.733793951509883 -0.707127738475194 -0.678718370149791 -0.648526412104052 -0.61648788817108 -0.582440655234895 -0.546308713446098 -0.508458802970736 -0.469414750565045 -0.429885989330597 -0.390612879019465 -0.352273879640386 -0.31553197626626 -0.280807231933677 -0.247548021533978 -0.214991644189793 -0.182502784094165 -0.149591833287786 -0.116224630131532 -0.0824897063893582 -0.0485109211173369 -0.0144209651945714
-0.923345763155388 -0.892896406958429 -0.862210966394576 -0.83147887352337 -0.802492234315512 -0.777106484515405 -0.75582770505113 -0.738383963692316 -0.722740630391146 -0.706596646834036 -0.688347939461803 -0.666564680903863 -0.640069505651936 -0.608694895646964 -0.572531225573604 -0.531690593642145 -0.486565114829355 -0.438645247652269 -0.389590863797805 -0.340641144092138 -0.292930096646257 -0.247395730795215 -0.204192060770333 -0.163479091312885 -0.126224784307692 -0.0932387710678062 -0.063889403475673 -0.037108733842422 -0.0115248956245392 0.0143099574351502
-1.00975771478088 -0.973340516992934 -0.936923319036935 -0.90050612072783 -0.864088921909841 -0.82767172245417 -0.791254522310671 -0.754837321461659 -0.718420119940645 -0.682002917799525 -0.64558571511255 -0.609168511959559 -0.572751308412483 -0.53633410451163 -0.499916900287389 -0.463499695762113 -0.427082490941495 -0.390665285772635 -0.354248080201111 -0.317830874225003 -0.281413667855512 -0.244996461108487 -0.208579254018355 -0.172162046632491 -0.135744839031477 -0.0993276312954858 -0.0629104234698492 -0.0264932155876168 0.0099239923324503 0.046341200275163
-1.00861193445427 -0.972912266242315 -0.937212598087487 -0.901512930054544 -0.865813262146953 -0.830113594329706 -0.794413926475211 -0.758714258451896 -0.723014590204874 -0.687314921690487 -0.651615252833299 -0.615915583549933 -0.580215913757926 -0.54451624337848 -0.50881657237139 -0.473116900847156 -0.437417228976554 -0.401717557020774 -0.366017885222891 -0.330318213663141 -0.294618542381044 -0.258918871401616 -0.223219200691841 -0.187519530191461 -0.151819859789274 -0.116120189386587 -0.0804205189856913 -0.0447208486089691 -0.00902117825817949 0.0266784920700742
-0.999298225954015 -0.964849661962165 -0.930401098076523 -0.895952534418488 -0.861503971135476 -0.82705540835804 -0.792606846123268 -0.758158284443539 -0.723709723325881 -0.689261162786059 -0.654812602880165 -0.620364043674369 -0.585915485222498 -0.55146692752898 -0.517018370596731 -0.482569814471992 -0.448121259179901 -0.413672704617845 -0.379224150649115 -0.344775597128377 -0.310327043908136 -0.275878490827246 -0.241429937669946 -0.206981384255858 -0.172532830600757 -0.138084276765427 -0.103635722794523 -0.0691871687240279 -0.0347386145713466 -0.000290060349239698
-0.949913666050505 -0.91880178066824 -0.887689895207791 -0.856578009578556 -0.825466123638603 -0.79435423723002 -0.763242350182331 -0.732130462366431 -0.701018573831292 -0.669906684682122 -0.638794795071008 -0.607682905161756 -0.576571015114806 -0.54545912507714 -0.514347235182263 -0.483235345523229 -0.452123456176345 -0.421011567191383 -0.389899678595152 -0.358787790349146 -0.327675902398532 -0.29656401471796 -0.265452127400021 -0.234340240546748 -0.203228354180003 -0.172116468276139 -0.141004582709633 -0.109892697340433 -0.0787808120722433 -0.0476689268197063
-0.987379155602864 -0.88328319268629 -0.829067950239287 -0.847996236396995 -0.867187866469813 -0.820680471866388 -0.766325941213077 -0.766136893140356 -0.774954609077437 -0.737435490061898 -0.664667752766034 -0.584347567770818 -0.526741526398657 -0.5323979029377 -0.609427680163093 -0.625910991832234 -0.478322139266856 -0.316742943063779 -0.300158220159011 -0.369557253570204 -0.411430442835422 -0.345228208162423 -0.222241052437743 -0.121140615901748 -0.0982830055313474 -0.172774838048962 -0.237040302422513 -0.189934093975344 -0.082715361207008 -0.00474436591110629
-1.05337782599098 -1.01686428625613 -0.980350746576405 -0.943837206996273 -0.907323667489256 -0.870810128036876 -0.834296588723617 -0.797783049649414 -0.761269510873043 -0.724755972458299 -0.688242434530201 -0.651728897229077 -0.615215360685284 -0.578701824989307 -0.542188290206452 -0.50567475634119 -0.469161223391912 -0.432647691393529 -0.396134160364232 -0.359620630218811 -0.323107100846209 -0.286593572102815 -0.250080043714817 -0.213566515412705 -0.177052987074401 -0.140539458623778 -0.104025930021092 -0.0675124012563042 -0.0309988724018069 0.0055146564493973
-0.930012364583234 -0.901619692518237 -0.877183379779662 -0.85985406488449 -0.843194332285748 -0.820289299440155 -0.791902269883153 -0.760989142178623 -0.731598008925511 -0.706722907614049 -0.684049461264565 -0.659936189279913 -0.630545336814717 -0.591254052030684 -0.538833267905957 -0.476414153677322 -0.409934935145551 -0.350201828108697 -0.306722491436938 -0.278942366291654 -0.263791339407025 -0.256830548647031 -0.248146136394847 -0.229027831175405 -0.201054701561464 -0.167704847938445 -0.129763157894603 -0.0875222769606896 -0.041999095234605 0.00560843604396127
-0.941691762138655 -0.908533368392743 -0.875374974545191 -0.84221658050988 -0.809058186282736 -0.775899791879696 -0.742741397314684 -0.709583002594069 -0.676424607696012 -0.643266212587593 -0.61010781721977 -0.576949421539469 -0.543791025531405 -0.510632629331439 -0.477474233097731 -0.444315836926499 -0.411157440883458 -0.377999044974247 -0.344840649192999 -0.3116822535479 -0.278523858050649 -0.245365462704353 -0.212207067477747 -0.179048672305863 -0.145890277023284 -0.11273188146978 -0.0795734856063064 -0.0464150894458997 -0.0132566930887172 0.019901703343303
-0.976207771679823 -0.942850172424102 -0.909492573164143 -0.876134973893662 -0.842777374591449 -0.809419775246099 -0.776062175900375 -0.742704576590897 -0.709346977275545 -0.675989377903394 -0.642631778467022 -0.609274178969882 -0.575916579419752 -0.542558979841715 -0.509201380268722 -0.475843780747902 -0.442486181330205 -0.409128582067691 -0.375770983002627 -0.342413384137009 -0.309055785462765 -0.275698186985058 -0.242340588761983 -0.208982990847382 -0.175625393225153 -0.142267795857455 -0.108910198689455 -0.0755526016629844 -0.0421950047235275 -0.00883740781748219
-1.03090138598641 -0.994590089916007 -0.958278793911054 -0.921967498007777 -0.885656202221384 -0.849344906551361 -0.813033610955313 -0.776722315396097 -0.74041101989946 -0.704099724508123 -0.66778842926982 -0.631477134233538 -0.595165839458977 -0.558854545048682 -0.522543251109421 -0.486231957722002 -0.449920664956868 -0.413609372868961 -0.377298081486797 -0.340986790748689 -0.304675500570398 -0.268364210878474 -0.232052921642612 -0.19574163284879 -0.159430344504959 -0.123119056609956 -0.0868077691041943 -0.0504964819075203 -0.0141851949159474 0.0221260919804696
-0.946203080732373 -0.915056845543339 -0.883904192830604 -0.852742114595552 -0.821563960283778 -0.790359362061335 -0.759106725531919 -0.727780115056995 -0.696347456591461 -0.664778197309849 -0.633054007671779 -0.601159613958144 -0.569083304989353 -0.536827619743887 -0.504395548211816 -0.471777634271502 -0.438966544720678 -0.405975884146281 -0.372824347876601 -0.339530056416159 -0.306110986563534 -0.272585187684351 -0.238970999412424 -0.205285337589094 -0.171539132617618 -0.137740006866846 -0.103888336006091 -0.0699863009198592 -0.0360505500529685 -0.00210134874031546
-0.979338048556938 -0.949210014467465 -0.919047139328535 -0.888823803726816 -0.858488292789432 -0.827977740833741 -0.79721077439757 -0.766108834760724 -0.734623129950453 -0.702720557652997 -0.670401007443122 -0.637672616867723 -0.604541081400881 -0.571002328225415 -0.537062254333145 -0.502776404243157 -0.468201876705358 -0.433352339865681 -0.398235410298726 -0.362877928897757 -0.327311542635697 -0.291573958358964 -0.255727122407925 -0.219838427802018 -0.183972814782992 -0.14818251711672 -0.112471395443267 -0.0768283799110131 -0.0412310518273997 -0.00565415528963531
0.982418038719295 0.949473813773772 0.916528357217894 0.883581004779815 0.850629416884393 0.817669996953707 0.784695795702031 0.75169889624423 0.71867086400535 0.685604792818001 0.652500407834869 0.619359092038657 0.586182193594045 0.552970921393611 0.519726643084352 0.486451500603028 0.453147912418292 0.419818628836598 0.386465871625707 0.353089416560814 0.319688427918973 0.28626225388578 0.252810978281003 0.219335147781487 0.185836424858216 0.15231757940424 0.118784695206726 0.0852440525699839 0.0516994039727678 0.0181538699374428
-0.965029920932621 -0.931913411946863 -0.898796902981111 -0.865680394099518 -0.832563885360625 -0.799447376804778 -0.766330868405149 -0.733214360107133 -0.700097851812194 -0.666981343418295 -0.633864834853341 -0.600748326052721 -0.567631816954355 -0.534515307506289 -0.501398797654784 -0.46828228732884 -0.435165776471789 -0.402049265101543 -0.3689327532638 -0.33581624104082 -0.302699728523999 -0.269583215790555 -0.236466702860985 -0.203350189746567 -0.17023367647845 -0.137117163098852 -0.104000649674426 -0.0708841362654877 -0.0377676228825938 -0.00465110952385792
-0.999865676572111 -0.967093899429145 -0.934322122278266 -0.901550345064089 -0.868778567677006 -0.836006790004172 -0.803235011974006 -0.770463233547048 -0.737691454771064 -0.7049196757112 -0.672147896414909 -0.639376116925218 -0.606604337324231 -0.573832557850354 -0.541060778750767 -0.508289000151428 -0.475517222138096 -0.442745444756951 -0.409973668023475 -0.377201891869945 -0.344430116207836 -0.311658340923059 -0.278886565799276 -0.246114790625455 -0.213343015314046 -0.180571239817665 -0.147799464126117 -0.115027688247852 -0.0822559122287301 -0.0494841361239604
-1.03934446392613 -1.00202202983269 -0.96469959576156 -0.927377161763205 -0.890054727872452 -0.852732294117941 -0.815409860519196 -0.778087427083982 -0.740764993782142 -0.70344256057519 -0.666120127429264 -0.628797694311654 -0.591475261160022 -0.554152827793515 -0.516830394026752 -0.479507959774769 -0.442185524965137 -0.404863089475152 -0.367540653199263 -0.330218216150806 -0.292895778372839 -0.255573339944992 -0.218250901093198 -0.180928462061066 -0.143606023016625 -0.106283584086328 -0.0689611453059167 -0.0316387066771877 0.00568373184312232 0.0430061703095421
-1.02379765577844 -0.987235451444909 -0.950673247121151 -0.914111042834662 -0.877548838572406 -0.84098663429753 -0.804424429918466 -0.767862225333383 -0.731300020454152 -0.694737815216402 -0.658175609637107 -0.621613403753577 -0.585051197641779 -0.548488991532307 -0.511926785663078 -0.475364580146674 -0.438802375060254 -0.402240170464646 -0.365677966415324 -0.329115762962702 -0.292553560155927 -0.255991358035122 -0.219429156604315 -0.182866955843211 -0.14630475567032 -0.109742555981192 -0.0731803566407357 -0.0366181575175857 -5.59585259300296e-05 0.0365062404086551
-0.959258365024176 -0.92855431780849 -0.897850270567382 -0.867146223250753 -0.836442175868869 -0.805738128447439 -0.775034081013567 -0.744330033588954 -0.713625986172299 -0.682921938739821 -0.652217891200834 -0.621513843447924 -0.590809795351485 -0.560105746693138 -0.529401697251457 -0.498697646881582 -0.467993595455763 -0.437289542838105 -0.406585488916012 -0.375881433678219 -0.345177377138795 -0.314473319358704 -0.283769260586495 -0.253065201103768 -0.222361141136756 -0.191657080872367 -0.160953020395592 -0.130248959765908 -0.0995448990426548 -0.0688408382851364
-1.02859849173668 -0.994853042142974 -0.961085853079891 -0.927262683132219 -0.89333563384762 -0.859250984762924 -0.824945384408735 -0.790360749719886 -0.755469702254337 -0.720259176132206 -0.684742651099121 -0.648940243307087 -0.61287602365491 -0.576589882028608 -0.540121025371612 -0.503490109869784 -0.466706566278533 -0.429753474389001 -0.3926052380653 -0.355227908427661 -0.317585448410346 -0.279658237876251 -0.241492324402807 -0.203152736695206 -0.164714760255172 -0.126243865442463 -0.0877560052524639 -0.0492551102873309 -0.0107465389406966 0.0277639934459379
-1.02935416102748 -0.993086383826773 -0.956818606687724 -0.92055082971658 -0.884283053009671 -0.848015276631249 -0.811747500527162 -0.775479724632955 -0.739211948961353 -0.70294417353072 -0.666676398304798 -0.630408623233669 -0.594140848237636 -0.557873073117876 -0.521605297653737 -0.485337521656377 -0.449069744967835 -0.412801967521858 -0.376534189296748 -0.340266410357316 -0.303998630790003 -0.267730850692919 -0.23146307021086 -0.19519528947464 -0.15892750851247 -0.12265972733518 -0.0863919459866835 -0.0501241645166742 -0.013856382964896 0.0224113986313952
-0.979283757945627 -0.955774493597463 -0.932130525557084 -0.908113926349139 -0.883293067924455 -0.857144501203613 -0.828971193560025 -0.798170813727126 -0.76469341942561 -0.728715689240142 -0.690768396224015 -0.651470837047679 -0.611385970860979 -0.570851406731354 -0.530125477965117 -0.489374764906494 -0.448725412070547 -0.408233573617768 -0.367970459621368 -0.328137494160006 -0.288968654813703 -0.25065585750909 -0.213222771559235 -0.17673687575561 -0.141609133416859 -0.108238522085673 -0.0766325916737778 -0.0466145567931192 -0.0176617184874964 0.0108351005913284
0.982613303477364 0.984840834844037 0.965290171743233 0.9301223655068 0.890821503471483 0.856535659162904 0.821745814857303 0.78022263154473 0.737562576319876 0.701380028893536 0.6755352133363 0.662949814808706 0.663690569919989 0.666404421074174 0.65556674624634 0.610386459901 0.518392747444564 0.405662341561592 0.303682468301563 0.227034779895499 0.186074535119802 0.184108040779897 0.196245795797287 0.195707173360953 0.176342851613702 0.13897556032833 0.0916849308437757 0.0443822687155302 0.00704867479915064 -0.0103173012247888
1.00983713778813 0.966572754541755 0.923376635687955 0.88035928903058 0.837699806394146 0.795576232050137 0.754093836037229 0.713352219817989 0.673501084783341 0.634682041438521 0.596954236817644 0.560356202087046 0.52490578700428 0.490538115691755 0.457142323171811 0.424506313701643 0.392428817587335 0.360853100095676 0.329749206912919 0.29904977044248 0.268678069767064 0.238531984795909 0.208407798744386 0.17812758598199 0.14771818218859 0.117253898493715 0.0867941865151794 0.0563784685340774 0.0259809089963431 -0.00444064211087968
1.04922944316809 1.00937789036293 0.969558975955336 0.929768847954709 0.889990608460235 0.850211722541764 0.810450153062019 0.7707227515924 0.731011426746134 0.691303374462721 0.65164188294493 0.612084263461342 0.572699900446249 0.533606470996765 0.494927586591747 0.456762303574189 0.419198616536378 0.382304828203639 0.346134806804394 0.310704374446437 0.276019841707402 0.242072463751183 0.208793274086707 0.176090471443184 0.14384113708592 0.111910076625855 0.0801441105203801 0.0484116808658515 0.0166857014680286 -0.0150347959399772
0.998598393048457 0.963917651797609 0.929236910607972 0.894556169535178 0.859875428547386 0.825194687596709 0.790513946658541 0.755833205719054 0.72115246478423 0.686471723871469 0.651790983024007 0.617110242291541 0.582429501705378 0.547748761223269 0.513068020801657 0.478387280465309 0.44370654024259 0.409025800107935 0.374345060036808 0.339664320062737 0.304983580233767 0.270302840598049 0.235622101204165 0.200941362076036 0.166260623138513 0.131579884305236 0.0968991455440629 0.0622184068394594 0.0275376681881108 -0.00714307041024338
-1.05860688361072 -1.01867744113912 -0.978678051232061 -0.938489738981621 -0.898033692445043 -0.857272163142237 -0.816291493478631 -0.775225913932194 -0.73427711638554 -0.693652826626368 -0.653517444658075 -0.614024539037987 -0.57529932728511 -0.537353622765196 -0.500169007574812 -0.463719542887056 -0.427981395535514 -0.392946675919192 -0.358602315671658 -0.324898587799307 -0.291776600651741 -0.259185570772798 -0.227107147483265 -0.195530768527782 -0.16444459256947 -0.133832322783222 -0.103661119472562 -0.073881655950436 -0.0443952004388628 -0.0150906698871288
-1.01064963341652 -0.975188521830849 -0.939727410176259 -0.904266298295983 -0.868805186157226 -0.833344073783587 -0.79788296130028 -0.762421848843013 -0.726960736487852 -0.691499624359569 -0.65603851283741 -0.620577402364241 -0.585116293411799 -0.549655186567315 -0.514194082427228 -0.478732981509331 -0.443271884326971 -0.407810791454377 -0.372349703295101 -0.336888619509119 -0.301427539570511 -0.265966462907108 -0.230505388761747 -0.195044316420384 -0.15958324552647 -0.124122175797274 -0.0886611068878592 -0.0532000384659745 -0.0177389703123009 0.0177220977642463
-0.979873657658429 -0.94539886015868 -0.910919173139878 -0.876430186128127 -0.841931205036849 -0.807422861580443 -0.772907374289892 -0.738385856108392 -0.703853410811395 -0.669301913508816 -0.634716333816142 -0.600079914975254 -0.565375991591132 -0.530588263721142 -0.495702160124972 -0.460709658919196 -0.425604208276371 -0.390378587236101 -0.355029005316158 -0.31956606307994 -0.284003958852247 -0.248356576126338 -0.212636539069304 -0.176856552417952 -0.141030902514135 -0.105174558712641 -0.0693036408149557 -0.0334320872613245 0.0024360393996589 0.0382991455923148
0.992097029147666 0.942787745014983 0.893898771390106 0.846152104595409 0.801097767138576 0.760191858944411 0.72368676342089 0.691270989466185 0.661581264456074 0.633254534484434 0.605980402039924 0.5797116337099 0.554388718959843 0.529903038767738 0.506010436503932 0.481973713595709 0.456786293486169 0.428857129624728 0.396898061409738 0.361416942028958 0.323370628117502 0.283663772338936 0.242992211470629 0.201825495404355 0.15993684237569 0.117037434387997 0.0732866401719568 0.0289405760240957 -0.0158058382230157 -0.0607729818527949
