-1.00097386334158 -0.968431983726575 -0.93589010427961 -0.90334822516058 -0.870806346476788 -0.838264468330743 -0.805722590858361 -0.773180714176874 -0.740638838295393 -0.70809696318933 -0.675555088807434 -0.643013215091789 -0.610471341965812 -0.577929469278252 -0.545387596869625 -0.512845724622197 -0.480303852468052 -0.447761980496799 -0.415220108840825 -0.382678237646104 -0.350136367062011 -0.31759449721379 -0.285052628130185 -0.252510759817595 -0.219968892289544 -0.187427025528788 -0.1548851593879 -0.122343293687447 -0.0898014282501786 -0.0572595628993893
-0.985263969865554 -0.951378698931416 -0.917493427931042 -0.883608156810306 -0.849722885553083 -0.815837614164192 -0.781952342694238 -0.74806707120723 -0.714181799775028 -0.680296528464457 -0.646411257314387 -0.612525986356696 -0.578640715630399 -0.54475544520305 -0.510870175137211 -0.476984905446925 -0.443099636145456 -0.409214367291455 -0.375329098951244 -0.341443831176444 -0.307558564014997 -0.273673297470597 -0.239788031369936 -0.205902765537572 -0.17201749996653 -0.138132234681824 -0.104246969667946 -0.0703617048868263 -0.0364764402506672 -0.00259117565923695
-0.969859236754552 -0.936861368919706 -0.903863500997182 -0.870865632906653 -0.837867764506265 -0.804869895642041 -0.77187202617302 -0.738874155977913 -0.705876285001118 -0.672878413215149 -0.639880540639313 -0.606882667304616 -0.573884793242927 -0.540886918489575 -0.507889043079075 -0.474891167039221 -0.441893290382134 -0.408895413063952 -0.375897535041242 -0.342899656328252 -0.309901776953651 -0.27690389694355 -0.243906016313827 -0.210908135098795 -0.17791025341674 -0.144912371386189 -0.111914489042651 -0.0789166064097328 -0.0459187235464495 -0.0129208405206673
-1.00616772736313 -0.970449320629441 -0.934730913926922 -0.899012507286005 -0.86329410064294 -0.827575693902861 -0.79185728694061 -0.756138879652616 -0.720420472051941 -0.684702064187655 -0.648983656136201 -0.61326524798087 -0.577546839794772 -0.541828431610315 -0.506110023448125 -0.470391615322433 -0.434673207238245 -0.398954799170076 -0.36323639107516 -0.327517982872117 -0.291799574469907 -0.256081165818752 -0.220362757033907 -0.18464434826016 -0.148925939595393 -0.113207531118399 -0.0774891228785159 -0.0417707148980384 -0.00605230712053454 0.0296661005301093
-0.976983774903759 -0.946594511127846 -0.916147400109412 -0.885571909942831 -0.854805330843829 -0.823794713203657 -0.792518325994328 -0.760956787914365 -0.729068897987579 -0.696810835900429 -0.664150123664692 -0.631057118873473 -0.597504710775176 -0.563475915239398 -0.528969704349017 -0.494038748418854 -0.458755169594122 -0.42321519910965 -0.387516104493425 -0.351735189356445 -0.315944766330456 -0.280198435912307 -0.244474950059236 -0.208746278325574 -0.173032109193621 -0.137361694448807 -0.101754820161118 -0.0662229148553934 -0.0307534425913203 0.00467212368770001
-0.967164846431435 -0.934166946419797 -0.901169046467989 -0.868171146695997 -0.835173247290733 -0.802175348433448 -0.769177450215812 -0.736179552707147 -0.703181655976965 -0.670183760096957 -0.637185865147323 -0.604187971210395 -0.57119007834326 -0.538192186502044 -0.505194295600583 -0.472196405484507 -0.439198515964842 -0.406200626782387 -0.373202737679235 -0.340204848472881 -0.307206958999668 -0.274209069115818 -0.24121117875706 -0.208213287902489 -0.175215396625152 -0.142217505020998 -0.109219613183639 -0.076221721195384 -0.0432238290956844 -0.010225936913276
-0.965099254512953 -0.932295909120555 -0.899492563743727 -0.866689218421393 -0.833885873132999 -0.801082527831895 -0.768279182426553 -0.735475836802511 -0.702672490798475 -0.669869144253347 -0.637065797053657 -0.604262449097839 -0.571459100295337 -0.538655750599622 -0.505852399979615 -0.473049048422008 -0.440245695903564 -0.407442342343532 -0.374638987674113 -0.341835631936823 -0.309032275200502 -0.276228917534244 -0.243425559008159 -0.210622199686103 -0.177818839605928 -0.145015478820821 -0.112212117471333 -0.0794087557183945 -0.0466053937170767 -0.0138020316209887
-1.02606273297346 -0.989779753593444 -0.953502671357623 -0.917236932475518 -0.880991731874244 -0.844776779424033 -0.80860009605001 -0.772468399650589 -0.736384884962445 -0.700351598085676 -0.664369513735808 -0.628439338782221 -0.592561662661714 -0.556736605080764 -0.520963613125283 -0.485239913129244 -0.449561894299269 -0.41392481808452 -0.378322962987984 -0.342747803485399 -0.307190113045695 -0.271640062363001 -0.236085411032242 -0.200515124412736 -0.164925402020565 -0.129316046353595 -0.0936940376800663 -0.0580669632201732 -0.0224376602315536 0.0131922215187927
-0.998121873064299 -0.967627247261529 -0.937940968933118 -0.907783719342711 -0.870580562894209 -0.822779340515311 -0.778214616088652 -0.750864358957064 -0.737893437349237 -0.731169369267275 -0.718183372921101 -0.685332591572592 -0.624551172002384 -0.549921275066168 -0.479659478618866 -0.426372014437276 -0.396309204543855 -0.375908078021823 -0.349874746119265 -0.315804941682989 -0.274516802959477 -0.228469256291871 -0.186684380409927 -0.157416496542602 -0.139285743529021 -0.128273405368772 -0.11943952909312 -0.108984689038155 -0.0985928057275924 -0.0913186362320559
0.963409449987204 0.921550545453065 0.879389078745559 0.841465462957314 0.811637060029772 0.793548995940835 0.790680503965431 0.802502752028202 0.81262053935563 0.803739489782485 0.770834894274863 0.71194946058169 0.629576412778927 0.54401104025067 0.475317278140921 0.424831579325169 0.389575850095945 0.368041292682456 0.35733315846153 0.347543599463799 0.327011492883346 0.287578089101078 0.235094131245201 0.177462255504228 0.11678317756059 0.0551859560132088 0.000714941633049966 -0.0390872299470854 -0.064600075819098 -0.0781836512560638
-0.953121889677831 -0.920072978514591 -0.887024067328483 -0.853975156120164 -0.820926244955162 -0.787877333899102 -0.754828422953135 -0.72177951208999 -0.688730601233211 -0.65568169029592 -0.622632779198755 -0.589583867864231 -0.556534956217949 -0.523486044197847 -0.490437131760342 -0.457388218923417 -0.424339305719574 -0.391290392177796 -0.358241478327127 -0.32519256420037 -0.292143649831267 -0.259094735236954 -0.226045820368142 -0.192996905165028 -0.159947989592167 -0.126899073637344 -0.0938501573569043 -0.0608012408250657 -0.0277523241189917 0.0052965926834183
-0.984311184975971 -0.951253369849792 -0.918195554726892 -0.885137739681423 -0.852079924860726 -0.819022110402998 -0.785964296336665 -0.752906482648044 -0.719848669264773 -0.686790856105856 -0.653733043114419 -0.620675230239622 -0.587617417432723 -0.554559604653388 -0.521501791884011 -0.4884439791895 -0.455386166636683 -0.422328354217554 -0.389270541900386 -0.35621272963341 -0.323154917359842 -0.290097105008186 -0.257039292448084 -0.223981479548794 -0.190923666236903 -0.157865852482105 -0.124808038369205 -0.0917502240063928 -0.0586924094802856 -0.0256345948721096
-0.979976102547655 -0.94534793123585 -0.910719759985665 -0.876091588794941 -0.841463417552991 -0.806835246123458 -0.772207074375826 -0.737578902180578 -0.702950729406345 -0.668322555935016 -0.63369438170335 -0.599066206661822 -0.564438030737718 -0.529809853765572 -0.495181675584618 -0.460553496145642 -0.425925315455316 -0.391297133632284 -0.356668950795125 -0.322040766950189 -0.287412582075764 -0.252784396172381 -0.218156209329518 -0.183528021665886 -0.148899833328149 -0.114271644460582 -0.0796434551699266 -0.0450152655576233 -0.0103870757414377 0.0242411141567838
-1.02309781106724 -0.984868432510172 -0.94668697373239 -0.908609845855963 -0.870694399666406 -0.832994590821735 -0.795549854806561 -0.758388170421245 -0.721506209902564 -0.684892198086215 -0.648531876767166 -0.612410366980201 -0.576519722039027 -0.540879724373029 -0.505516135817044 -0.470450906712033 -0.435701815478168 -0.401273764346338 -0.367159261549999 -0.333314115522167 -0.299684959745748 -0.266224159672025 -0.232907008625791 -0.199708226263666 -0.166577309696065 -0.133462711483758 -0.100333928535162 -0.0671722969506876 -0.0339854652510807 -0.000787660062170043
1.05408667778129 1.0168218483314 0.979557018864533 0.942292189356407 0.905027359767353 0.867762530066177 0.830497700270961 0.793232870419596 0.755968040579927 0.718703210823482 0.681438381206579 0.64417355178173 0.606908722586056 0.569643893595112 0.53237906475096 0.495114235923242 0.457849407002474 0.42058457803508 0.383319749088983 0.3460549201622 0.308790091235266 0.271525262286571 0.234260433285904 0.196995604200722 0.159730774997741 0.122465945644219 0.085201116110324 0.0479362863858452 0.0106714565361469 -0.0265933733545125
-0.982375192456429 -0.949080123247825 -0.915785054152259 -0.882489985267075 -0.849194916659647 -0.815899848398793 -0.782604780589061 -0.749309713354423 -0.716014646860807 -0.682719581260096 -0.649424516606031 -0.616129452927821 -0.582834390258612 -0.549539328647312 -0.516244268124229 -0.48294920862952 -0.449654150078544 -0.416359092377624 -0.383064035413984 -0.349768979007486 -0.316473922961153 -0.283178867086771 -0.249883811231179 -0.216588755274084 -0.18329369919163 -0.149998642997441 -0.116703586758663 -0.0834085305401145 -0.0501134743438141 -0.0168184181560775
-0.978751229961979 -0.948995673721681 -0.912124097415904 -0.865273753390533 -0.8176076788193 -0.779714249219125 -0.755857408651814 -0.746514299771375 -0.743339291055746 -0.737334035003201 -0.725712094369438 -0.707240009474512 -0.679333292849571 -0.634003345870134 -0.566700853037997 -0.492037742515699 -0.427118386415031 -0.379855688984043 -0.353853988330137 -0.344674825861843 -0.345869043812978 -0.348839653399087 -0.336398341762642 -0.295063796891267 -0.234774034226268 -0.168804644854118 -0.100362194988264 -0.0301601064177026 0.0409917518933546 0.112259399186893
-0.981062618682653 -0.948102607821144 -0.915142596827891 -0.882182585496161 -0.849222573575587 -0.816262560808029 -0.783302546947878 -0.750342531816778 -0.717382515492863 -0.684422498103762 -0.651462479718586 -0.618502460391819 -0.585542440176702 -0.552582419121502 -0.519622397258799 -0.486662374563406 -0.453702351033271 -0.420742326816676 -0.387782302105314 -0.35482227711419 -0.321862252064141 -0.288902227160793 -0.255942202548939 -0.2229821783216 -0.190022154425543 -0.15706213077214 -0.124102107277436 -0.0911420838688556 -0.0581820605146661 -0.0252220371933469
-0.962459251922905 -0.928964030194918 -0.89547036801559 -0.861985091924077 -0.828516230058592 -0.795070719134855 -0.761649928579564 -0.728254868470387 -0.694890678777924 -0.661563213614013 -0.628277053762529 -0.595036461675352 -0.561845145733485 -0.528704598034405 -0.495617877445287 -0.462596526195622 -0.429653909950682 -0.396802204756578 -0.364051969227793 -0.331408481871483 -0.298875701167973 -0.266455936018933 -0.234144897011415 -0.201933748012289 -0.169802064322312 -0.137729818888179 -0.105710163806452 -0.0737374143475277 -0.0417973593272937 -0.009873655948009
-1.04125606126282 -0.87641941164967 -0.830337746344314 -0.86312000172834 -0.907701581546846 -0.903960252336325 -0.846716764435352 -0.7499036024894 -0.648957204569452 -0.577980587643155 -0.544239130839287 -0.548288803826913 -0.576415518120434 -0.557824952615597 -0.446854844229789 -0.355451394585613 -0.387885620825642 -0.460119337467095 -0.468048463514509 -0.415614538547022 -0.333770507287423 -0.253549070358083 -0.206301951979698 -0.207677329186486 -0.210190166668434 -0.167745773401045 -0.102944047846112 -0.050300627656131 -0.0232995177601212 -0.030166814906233
-0.998234022002246 -0.964407174329632 -0.930580326669015 -0.896753479075112 -0.862926631655795 -0.829099784533762 -0.79527293783787 -0.761446091688272 -0.727619246164183 -0.693792401320251 -0.659965557153806 -0.626138713647852 -0.592311870773818 -0.558485028456851 -0.524658186610681 -0.490831345149635 -0.45700450396148 -0.423177662827116 -0.389350821560427 -0.355523980214105 -0.321697138900547 -0.287870297724561 -0.254043456760624 -0.220216616058978 -0.186389775603284 -0.152562935345493 -0.118736095177311 -0.0849092549929904 -0.0510824147571962 -0.0172555744521976
-0.919812835959185 -0.889074669816685 -0.858336503643034 -0.827598337445882 -0.796860171282859 -0.766122005201169 -0.735383839156336 -0.704645673103453 -0.67390750708757 -0.643169341166614 -0.61243117536005 -0.581693009677731 -0.550954844123946 -0.520216678680748 -0.489478513339373 -0.458740348150021 -0.428002183190466 -0.397264018589815 -0.366525854484213 -0.335787690986651 -0.305049528204325 -0.274311366221349 -0.243573205029501 -0.212835044574338 -0.18209688470888 -0.151358725271255 -0.120620566132574 -0.0898824071821704 -0.0591442483492947 -0.0284060895731758
-1.03826677671158 -0.996927138793591 -0.955156451145234 -0.912490704505888 -0.869204723866225 -0.825882102490935 -0.783602672489482 -0.743388066371705 -0.705530879404175 -0.670068681391731 -0.636747977535546 -0.605242506885875 -0.575277966203783 -0.546787883093562 -0.51955093636351 -0.492518578794704 -0.464589082153973 -0.435275220178358 -0.404213835352957 -0.370923543184886 -0.334893402436766 -0.295893061720141 -0.254814529042247 -0.212857244236677 -0.171328015046754 -0.131305327665674 -0.0928470141763792 -0.0557137925168934 -0.0194985781558204 0.0162476640555918
-1.10190739246198 -1.01752569282323 -0.934653787826008 -0.8596734898567 -0.802371602687778 -0.769316850179781 -0.750800645159399 -0.733900941004465 -0.709119164331239 -0.670582834172656 -0.623500365989917 -0.575850399351288 -0.534790411483868 -0.504193230250084 -0.483473893094386 -0.457500925153991 -0.412884632494777 -0.357748957204505 -0.3039412690667 -0.256689012626058 -0.219564651117569 -0.196153891712427 -0.190095417326637 -0.200901875542732 -0.211528796864526 -0.203981086628562 -0.173018266581011 -0.118634128976663 -0.0490049316951595 0.0256474509776428
-1.02738962419255 -0.990408964295526 -0.953428304435693 -0.916447644650906 -0.879466984973325 -0.84248632543385 -0.805505666064029 -0.7685250068875 -0.731544347895598 -0.694563689044286 -0.657583030180345 -0.620602371123258 -0.583621711727851 -0.546641051990326 -0.509660391955389 -0.472679731720396 -0.435699071386929 -0.398718411020854 -0.361737750676813 -0.324757090400287 -0.287776430234467 -0.25079577022547 -0.213815110431121 -0.176834450918371 -0.13985379177898 -0.102873133076195 -0.0658924747344005 -0.0289118166442921 0.00806884129932559 0.0450494992006216
-0.979590049322641 -0.950068175378794 -0.920359339445393 -0.890320644042614 -0.859907531042054 -0.82908560255018 -0.797762762261494 -0.765862585379489 -0.733429031555581 -0.700545209808793 -0.667330442180645 -0.633913103968284 -0.600354017509664 -0.56644379330597 -0.531951139514833 -0.496827366756433 -0.461044140810999 -0.424471945636392 -0.386973701107994 -0.348483252593644 -0.308952176834298 -0.268367244384893 -0.226856001056306 -0.184573961942965 -0.141647744017546 -0.0981942829998508 -0.0543206877199249 -0.0101337012760028 0.0342515692711668 0.0787179258702067
-0.991145904582826 -0.957507146448543 -0.923868388298777 -0.890229630145714 -0.856590871988879 -0.822952113802382 -0.789313355471321 -0.755674596860843 -0.722035837845306 -0.688397078340641 -0.654758318419866 -0.62111955819527 -0.587480797765743 -0.553842037176578 -0.520203276441346 -0.486564515500319 -0.452925754304622 -0.419286992922092 -0.385648231468156 -0.3520094701319 -0.318370709120824 -0.284731948585069 -0.251093188445326 -0.217454428566185 -0.183815668817276 -0.150176909093558 -0.116538149386289 -0.0828993897094665 -0.0492606300717445 -0.0156218704804432
-1.03669296275213 -0.980224924206915 -0.928162185104559 -0.883676607560557 -0.847175870031183 -0.818102906939327 -0.794805860233572 -0.775136345590871 -0.756054666075951 -0.73455041553215 -0.708621663529478 -0.676518598569615 -0.63707063359616 -0.591424079320384 -0.542523220038182 -0.498187336616248 -0.464980059540398 -0.439567421202132 -0.416495932070657 -0.39173161302033 -0.361595362526797 -0.323039163752307 -0.275539338605513 -0.220191115886141 -0.162041013211788 -0.106413442413004 -0.0557931033542612 -0.0113066648201025 0.0285116167585932 0.0657755880393619
-1.05153352424345 -1.01342101745074 -0.975305119651911 -0.937186893308299 -0.899093424072087 -0.861058564067198 -0.823117208113654 -0.78530704539688 -0.747675899867794 -0.710270134375511 -0.673120132596438 -0.636252283413806 -0.5996873029646 -0.563423216400838 -0.527453804715099 -0.491778563247181 -0.456395497776695 -0.421290941495278 -0.386442545687472 -0.351804906597425 -0.317326856709185 -0.282960475056671 -0.248670826873287 -0.214433492060311 -0.180253122991048 -0.146138770494067 -0.112088006746979 -0.0780923658452976 -0.0441307082071136 -0.0101787258311607
-1.02783781522479 -0.989475010662161 -0.95116742703826 -0.912967332375755 -0.874894424029055 -0.83696321875787 -0.799200081611365 -0.761640996104361 -0.724348571324861 -0.687386117376216 -0.650793122849983 -0.614603120959773 -0.578870128354304 -0.54373009542272 -0.509303541807859 -0.475567330426904 -0.442467358957454 -0.409969320844445 -0.378034056489446 -0.346583198353233 -0.315528576911384 -0.284790457898377 -0.254322848084283 -0.224096402904056 -0.194114631416575 -0.164373353978455 -0.134804782513342 -0.105332003624222 -0.0759052110644021 -0.0464813753747738
1.01177877569256 1.01519285904966 1.00332376125871 0.963212568102984 0.909112204722791 0.854475851406426 0.782345869677017 0.682536921997273 0.602363693353395 0.586151447544522 0.608767741098052 0.627715703723454 0.610061897541659 0.561126614319469 0.496479004244781 0.434429921543999 0.38965471918622 0.359545041072798 0.336897845933105 0.313415060876314 0.280524855106552 0.234508224523498 0.191057471809047 0.163233214065827 0.134158019297178 0.0879382885691956 0.0425538042982756 0.0196736596790051 0.0218508096684266 0.0468591746641972
-0.978687755158012 -0.946172478502199 -0.913657201973589 -0.88114192571745 -0.848626649834427 -0.816111374422517 -0.783596099613755 -0.751080825514189 -0.718565552091883 -0.686050279274775 -0.65353500696829 -0.621019735072226 -0.588504463472635 -0.555989192000604 -0.523473920489574 -0.490958648837376 -0.458443376994577 -0.425928105058296 -0.393412833147047 -0.360897561318373 -0.328382289614573 -0.295867018064644 -0.263351746644384 -0.230836475320199 -0.198321204074146 -0.165805932895254 -0.133290661784817 -0.100775390742041 -0.0682601197455297 -0.035744848768733
-0.938442376642101 -0.906375500103325 -0.8743086236855 -0.842241747490574 -0.810174871540799 -0.778107995835596 -0.746041120362739 -0.713974245107668 -0.681907370058124 -0.649840495212534 -0.617773620609753 -0.585706746298746 -0.553639872303206 -0.521572998545731 -0.489506124915688 -0.457439251270591 -0.425372377481769 -0.393305503507653 -0.361238629315811 -0.329171754823274 -0.297104879934434 -0.265038004576116 -0.232971128764861 -0.200904252570432 -0.168837376185741 -0.136770499813657 -0.104703623573714 -0.0726367475360918 -0.0405698716568762 -0.00850299586363035
-0.948383529857337 -0.917474496773515 -0.886565463609108 -0.855656430291411 -0.824747396766728 -0.793838363000888 -0.762929329018807 -0.732020294852449 -0.701111260502888 -0.670202225958605 -0.639293191188614 -0.608384156157061 -0.577475120818392 -0.546566085088237 -0.515657048887751 -0.484748012198993 -0.453838974985142 -0.422929937072965 -0.392020898302101 -0.361111858700079 -0.330202818341397 -0.299293777309546 -0.268384735723961 -0.23747569370551 -0.206566651344841 -0.175657608714092 -0.144748565841572 -0.113839522755291 -0.0829304795258905 -0.0520214362346676
0.974250719166424 0.94479823693593 0.91535352348811 0.885868031879046 0.856237205454301 0.826356664307671 0.796178745236395 0.765664563012566 0.734753627604269 0.703383808976537 0.671508021886239 0.6390829422882 0.606075797526442 0.572496020501766 0.538368268575953 0.503735891397902 0.468643760858039 0.433124145525756 0.397200777065409 0.360875842842228 0.324146144146661 0.287014864773985 0.249510718538785 0.211678253580371 0.173599825317639 0.135347737337515 0.096916278619445 0.0582953141402941 0.0195350274740638 -0.0192993181559593
-0.962834946251278 -0.930894099570298 -0.898953252974242 -0.867012406562001 -0.835071560427591 -0.803130714637735 -0.771189869154869 -0.739249023917332 -0.707308178871378 -0.675367333981835 -0.643426489279948 -0.611485644813567 -0.579544800647202 -0.547603956912022 -0.515663113743907 -0.483722271230915 -0.451781429453781 -0.419840588511759 -0.387899748472472 -0.35595890925848 -0.324018070756079 -0.292077232860388 -0.260136395501813 -0.228195558635595 -0.196254722281033 -0.164313886448706 -0.132373051050241 -0.100432215968361 -0.0684913810691221 -0.0365505462144113
-0.957132221560345 -0.92380419347144 -0.890476165337108 -0.857148137094485 -0.82382010868909 -0.790492080073906 -0.757164051223395 -0.723836022129243 -0.690507992830552 -0.657179963401036 -0.623851934005439 -0.590523904831265 -0.557195876039288 -0.523867847683356 -0.490539819781525 -0.4572117923156 -0.423883765273315 -0.390555738702372 -0.357227712638506 -0.323899687009612 -0.290571661716626 -0.257243636671684 -0.223915611831734 -0.190587587161567 -0.15725956261255 -0.123931538141499 -0.0906035137404516 -0.0572754894044428 -0.0239474651052683 0.00938055919108605
-0.973335013181125 -0.939389144735277 -0.905443276210874 -0.871497407494896 -0.837551538458442 -0.803605669000963 -0.769659799151203 -0.735713928952632 -0.701768058378331 -0.667822187411451 -0.633876316145822 -0.599930444702939 -0.565984573206079 -0.532038701785645 -0.498092830549313 -0.464146959506742 -0.430201088608449 -0.396255217666411 -0.362309346462822 -0.328363474799312 -0.294417602482366 -0.260471729352518 -0.226525855386487 -0.192579980610398 -0.158634105111778 -0.124688228996862 -0.0907423523852893 -0.0567964753993623 -0.0228505981586186 0.0110952792180943
-1.00125028731294 -0.98069243503664 -0.95757425235896 -0.92987448399745 -0.898343811420902 -0.864083651618305 -0.826826426908186 -0.786175513055022 -0.742587094277567 -0.696900942806023 -0.650638374462117 -0.60549109096546 -0.562703507450286 -0.521730892709334 -0.482114190584594 -0.445526191456553 -0.413568631149951 -0.385427180728047 -0.359712166574853 -0.335148601118875 -0.310490168299745 -0.284537219305674 -0.256276774319202 -0.224872216304258 -0.190005710355991 -0.15158523042892 -0.109903203783825 -0.0654384186423705 -0.0190306537634953 0.0283900644595416
-1.00678189108345 -0.973469907602054 -0.940166309048465 -0.906878321923512 -0.873593333168773 -0.840287645861607 -0.806913067181784 -0.773420783201587 -0.739783991460952 -0.705983829378639 -0.672011182421058 -0.637859373066531 -0.603516540607611 -0.568950091593779 -0.53413085317113 -0.499064067615284 -0.463763709451255 -0.428244267072101 -0.39252124474435 -0.356613696360368 -0.320541563218979 -0.284324306597862 -0.247979467690118 -0.211526884891067 -0.174997505489505 -0.138422626094434 -0.101823831702216 -0.0652166558403539 -0.0286021377735696 0.00802230679911103
-1.00607333387884 -0.971590037612002 -0.937106741322772 -0.902623444982858 -0.868140148617211 -0.833656852257532 -0.799173555909272 -0.764690259565202 -0.730206963193617 -0.695723666760596 -0.661240370247831 -0.62675707364092 -0.592273776931116 -0.557790480132303 -0.523307183269035 -0.488823886385914 -0.454340589509431 -0.419857292573577 -0.385373995515649 -0.350890698378668 -0.316407401232084 -0.281924104127092 -0.24744080704187 -0.21295750993407 -0.178474212752251 -0.143990915444 -0.109507617962107 -0.075024320279234 -0.0405410224423292 -0.00605772451691289
-1.01680609124638 -0.981904804907164 -0.947003518714671 -0.912102232786229 -0.877200947222628 -0.842299662082572 -0.807398377272954 -0.772497092658342 -0.737595808085817 -0.702694523401848 -0.667793238467942 -0.632891953149362 -0.597990667317375 -0.563089380867244 -0.528188093732384 -0.49328680597481 -0.458385517705535 -0.423484229102935 -0.388582940334704 -0.353681651458436 -0.318780362504199 -0.28387907350663 -0.248977784518637 -0.214076495597648 -0.1791752068009 -0.144273918170657 -0.109372629689486 -0.0744713413271368 -0.0395700530618006 -0.00466876487377735
-0.958422085216176 -0.927051070503703 -0.895663630969494 -0.864245330175674 -0.832782834307234 -0.801260138021441 -0.769649447241809 -0.73792371126545 -0.706070641617632 -0.674082526321156 -0.641955197160802 -0.609685371861845 -0.577269529778578 -0.544703196781357 -0.511982297382913 -0.479105304149417 -0.446072466931782 -0.412888596666454 -0.379560902053056 -0.346101621758404 -0.312524251941111 -0.278843381028644 -0.245077966523908 -0.211247146991357 -0.177366416166229 -0.143450439184802 -0.10951421161675 -0.0755710284250859 -0.0416270517127779 -0.00768666036778587
0.9756788087963 0.944666929316293 0.913676605938969 0.882736612351455 0.851881006949437 0.821122086171081 0.790379813915919 0.759550480786432 0.72852801673553 0.697198971722346 0.665422736380454 0.633051911512039 0.59994532026109 0.565986675138809 0.531107004559876 0.49540171118566 0.458998913734167 0.421993220903257 0.384457078354005 0.346407789620485 0.307848872705018 0.268789775541257 0.229263665788161 0.189293592025221 0.148838406788748 0.107872309081957 0.066495079818876 0.024830328240804 -0.017028605012688 -0.0589959464524608
-1.06267428371283 -1.02661352570372 -0.99055912307396 -0.954526773303199 -0.918527780223705 -0.882558923524337 -0.846563279967734 -0.81047756133136 -0.774266722378182 -0.737900550804042 -0.701339923050777 -0.664543487746723 -0.627473956153338 -0.590110290064569 -0.552440988747892 -0.514476450832417 -0.476230188196102 -0.437706266350681 -0.398916250738699 -0.35991115289216 -0.320751845865435 -0.281503354660059 -0.242247312066209 -0.203056467497554 -0.163951429073063 -0.124935501078222 -0.0859949137592912 -0.0471109406996373 -0.00826210287029567 0.030573766910782
-0.995460097086405 -0.960702716666447 -0.925945336261547 -0.891187955853685 -0.856430575379025 -0.821673194764102 -0.786915813942747 -0.752158432870339 -0.717401051581134 -0.682643670157316 -0.647886288793898 -0.613128907714101 -0.578371527146062 -0.5436141473376 -0.508856768483285 -0.474099390545007 -0.439342013433087 -0.40458463708426 -0.369827261440636 -0.335069886439437 -0.30031251201666 -0.265555138087506 -0.230797764483983 -0.196040391019434 -0.161283017515711 -0.12652564382536 -0.0917682699151643 -0.057010895793873 -0.0222535215238507 0.0125038528191346
-1.0330298357258 -0.996873432166288 -0.960717028536422 -0.924560624736991 -0.888404220674599 -0.852247816245779 -0.81609141130097 -0.779935005694485 -0.743778599342241 -0.707622192178309 -0.671465784147775 -0.635309375198475 -0.599152965277026 -0.562996554325154 -0.526840142302935 -0.490683729248708 -0.454527315232342 -0.418370900371551 -0.38221448477309 -0.346058068452024 -0.309901651400499 -0.273745233599364 -0.237588814984292 -0.201432395501137 -0.165275975181648 -0.12911955411433 -0.0929631325288305 -0.0568067106656919 -0.0206502886679099 0.015506133345907
-0.990572229462969 -0.956009700642684 -0.921447171981551 -0.886884643589344 -0.852322115471294 -0.817759587596214 -0.783197059891805 -0.748634532243275 -0.714072004406977 -0.679509476125072 -0.644946947211811 -0.61038441749947 -0.575821886847728 -0.541259355225893 -0.506696822631514 -0.472134289065489 -0.437571754548225 -0.403009219174817 -0.36844668306635 -0.333884146373171 -0.299321609252944 -0.26475907183882 -0.230196534165904 -0.195633996241326 -0.161071458058371 -0.126508919633541 -0.0919463810900666 -0.0573838425509945 -0.0228213040318939 0.0117412344785348
-1.00756775001195 -0.972181299705527 -0.936801926795585 -0.901441385265935 -0.866117221511027 -0.830848670377711 -0.795655928111806 -0.760559936289358 -0.725583656408374 -0.690745286550807 -0.656041951212445 -0.621465506492533 -0.587008096094765 -0.552663014140637 -0.518422518653625 -0.484273572847343 -0.450203143025594 -0.416203502662791 -0.382268770573746 -0.348395139764258 -0.314579321787873 -0.280819544020056 -0.247120097123948 -0.213483749742858 -0.179901119153085 -0.146361582834327 -0.112861710446886 -0.0793982014256996 -0.0459610821236246 -0.0125387106229987
-1.0014797425977 -0.96680025903228 -0.93212077542999 -0.897441291714345 -0.862761807750053 -0.828082323389105 -0.793402838491421 -0.758723352905323 -0.7240438664248 -0.689364378843296 -0.654684890006396 -0.62000539977272 -0.585325908049761 -0.550646414940495 -0.515966920597123 -0.481287425173247 -0.446607928836745 -0.411928431811186 -0.377248934327202 -0.342569436587967 -0.307889938789789 -0.273210441096244 -0.238530943539961 -0.203851446127293 -0.169171948890425 -0.134492451869161 -0.0998129551079518 -0.0651334586271315 -0.0304539623459301 0.00422553384169933
-1.03324291373439 -0.993617433686223 -0.954020730713006 -0.914472894241615 -0.874997602220516 -0.835618673301404 -0.796356900427318 -0.757235135586003 -0.718287492652689 -0.679549414265528 -0.641050396226854 -0.602818447630053 -0.564875007289066 -0.527215232900076 -0.489829242837502 -0.45271327930649 -0.415861819823486 -0.379256159319437 -0.342874080366051 -0.306692498683592 -0.270688113279464 -0.234845596745221 -0.199181516009023 -0.163716029930699 -0.128451770760153 -0.093375047280133 -0.0584244010146879 -0.0235351494460883 0.0113225188518137 0.0461696975322707
-0.973973285391107 -0.940965158206213 -0.907957031045737 -0.874948903929074 -0.841940776914985 -0.808932650063223 -0.775924523398144 -0.742916396920439 -0.709908270571537 -0.676900144278971 -0.643892017973958 -0.610883891588636 -0.57787576506094 -0.544867638351998 -0.51185951142788 -0.478851384251244 -0.445843256786202 -0.412835129006106 -0.379827000897235 -0.346818872488338 -0.313810743818783 -0.280802614957562 -0.247794486092176 -0.214786357417305 -0.181778229037842 -0.148770101000098 -0.115761973205826 -0.0827538455372506 -0.0497457179430163 -0.0167375903883752
-0.964613695100215 -0.93195675469404 -0.899299814412777 -0.866642874394667 -0.833985934679823 -0.801328995283612 -0.768672056220545 -0.736015117513838 -0.703358179222388 -0.670701241398644 -0.638044304033588 -0.605387367102837 -0.57273043056406 -0.540073494303128 -0.507416558183169 -0.474759622048122 -0.44210268575584 -0.409445749239007 -0.376788812437943 -0.344131875248669 -0.311474937556134 -0.278817999255956 -0.246161060286444 -0.213504120623279 -0.180847180348939 -0.148190239575281 -0.115533298424878 -0.0828763570190937 -0.0502194154637666 -0.0175624738608507
-0.985193471390912 -0.95135713591825 -0.917520800364592 -0.883684464609268 -0.849848128510201 -0.816011791933319 -0.782175454797982 -0.748339117054694 -0.714502778725118 -0.680666439865591 -0.646830100600002 -0.612993761069129 -0.579157421406859 -0.545321081719516 -0.511484742101859 -0.477648402629945 -0.443812063403044 -0.409975724631977 -0.376139386522176 -0.342303049145945 -0.308466712542307 -0.274630376731549 -0.240794041659017 -0.206957707254526 -0.173121373460714 -0.13928504021318 -0.105448707406529 -0.0716123749232123 -0.0377760426380437 -0.00393971042392671
-1.0233173893678 -0.993606987627866 -0.96345443978318 -0.933286549977027 -0.902047116045011 -0.868556730395436 -0.832626170035082 -0.794967960849432 -0.758911439640294 -0.727326665057957 -0.698629772230287 -0.670123415404546 -0.639262292870697 -0.604109279089509 -0.563465690486452 -0.51847843517499 -0.470942816599885 -0.422902127843082 -0.376017456567757 -0.330173079124818 -0.284809069037104 -0.239749677779842 -0.196355868637794 -0.156465984746418 -0.122291176834409 -0.0957411201302988 -0.0771467802687491 -0.0659962596459981 -0.0599849172984687 -0.0563599264226304
0.977908840806039 0.945097092435548 0.912285344019419 0.879473595477934 0.846661846753438 0.813850097809272 0.781038348670686 0.748226599377938 0.715414849969399 0.682603100475804 0.649791350899222 0.616979601234554 0.584167851458284 0.551356101473229 0.518544351171412 0.48573260047536 0.452920849299724 0.420109097497163 0.387297344934376 0.354485591596222 0.321673837497099 0.288862082660749 0.256050327148293 0.223238571034513 0.190426814411463 0.157615057385143 0.12480330010005 0.0919915426927671 0.0591797852297009 0.026368027759715
-0.953914991457683 -0.926068619668081 -0.898384034530284 -0.870960830807898 -0.843787320584947 -0.81679537962542 -0.789802421092751 -0.762580245555098 -0.734832665800067 -0.706283655392897 -0.676805818789893 -0.646308918170127 -0.614708984090392 -0.581947120618354 -0.547993119015183 -0.512906445805183 -0.476769197320902 -0.43966431386475 -0.401676204252075 -0.362894307380135 -0.323409319666664 -0.283311565289237 -0.242689879464796 -0.201628801424375 -0.160197175416032 -0.118480511431513 -0.0766466774202936 -0.0348501542598346 0.00689048341819761 0.048590637543585
-1.03948884992613 -1.00379378542799 -0.968098720811244 -0.932403656013607 -0.896708591060678 -0.861013526021183 -0.82531846104849 -0.789623396264836 -0.753928331583306 -0.718233266847708 -0.682538201833907 -0.646843136300781 -0.611148070017264 -0.575453002792506 -0.539757934423667 -0.504062864619714 -0.46836779311951 -0.43267271986969 -0.39697764487748 -0.361282568184726 -0.325587489841926 -0.289892409908235 -0.254197328477436 -0.218502245675168 -0.182807161719873 -0.14711207686818 -0.111416991436688 -0.075721905718145 -0.0400268198499394 -0.0043317339306182
-1.02972538584783 -0.994135015843946 -0.958544645824022 -0.922954275820308 -0.887363906023965 -0.851773536603941 -0.816183167481406 -0.780592798527995 -0.745002429664983 -0.70941206087386 -0.673821692327347 -0.638231324245968 -0.602640956845866 -0.567050590325664 -0.531460224842389 -0.495869860404218 -0.460279496986063 -0.424689134578626 -0.389098773151369 -0.353508412573016 -0.317918052687105 -0.282327693355765 -0.246737334515481 -0.211146976125499 -0.175556618161752 -0.139966260591204 -0.104375903328261 -0.0687855462806301 -0.0331951893817958 0.00239516742831383
-1.02290924344561 -0.987115046309354 -0.951320849068058 -0.9155266516174 -0.879732453918528 -0.84393825597169 -0.808144057868057 -0.772349859714913 -0.736555661593082 -0.700761463580438 -0.664967265769534 -0.629173068256593 -0.593378871142951 -0.557584674550396 -0.521790478593136 -0.485996283334601 -0.450202088825321 -0.414407895115001 -0.378613702253239 -0.342819510290021 -0.30702531927543 -0.271231129220411 -0.235436939979347 -0.199642751362505 -0.163848563160261 -0.128054375184857 -0.0922601873559004 -0.0564659996215902 -0.0206718119371295 0.015122375740528
-1.01105290736433 -0.976195642574024 -0.941338377789989 -0.906481112979379 -0.871623848171977 -0.836766583413113 -0.801909318747692 -0.767052054240638 -0.732194790037384 -0.697337526265027 -0.662480262896791 -0.627622999867433 -0.592765737065735 -0.557908474196567 -0.523051210947652 -0.488193947122021 -0.453336682580117 -0.418479417296711 -0.383622151280299 -0.348764884559953 -0.313907617169888 -0.2790503491535 -0.244193080590908 -0.209335811569345 -0.174478542167788 -0.139621272468241 -0.104764002573086 -0.069906732577976 -0.0350494625312687 -0.000192192469498527
-1.02145112606606 -0.98299600193653 -0.940263048296668 -0.890677142131718 -0.838015828359397 -0.787115086861616 -0.7406919694446 -0.700014335744617 -0.662672204793784 -0.625815504092628 -0.588511635619472 -0.550307369972085 -0.512063628359911 -0.479897934439085 -0.459051692466664 -0.446005226656705 -0.435370035083657 -0.423043391306553 -0.405620043590128 -0.381198863537351 -0.34825475358575 -0.305969559446521 -0.25635289992552 -0.202342952225266 -0.147764354040267 -0.0965447809216588 -0.0521375993551124 -0.0167189259345834 0.0121698132473624 0.0381458647235068
-0.979983868631032 -0.948146729369949 -0.916277860522856 -0.884411420314598 -0.852647893989707 -0.82109698589033 -0.789838949729386 -0.758914678469741 -0.728237072703302 -0.697668890785176 -0.667000314494249 -0.636003381465351 -0.60446449897403 -0.572227552858707 -0.539148410181736 -0.505073384338325 -0.469889804216496 -0.433658614342649 -0.396493643778387 -0.358546644087722 -0.319978847460272 -0.280921769816951 -0.24138806200386 -0.201364392844174 -0.16085236814416 -0.119864104152416 -0.0784388219037645 -0.0366334043525691 0.00545172265487026 0.0477052475492693
-0.999920001237042 -0.963582928369217 -0.927592126509408 -0.892069867073308 -0.857406572117489 -0.823842349170641 -0.790747897009069 -0.757441972154935 -0.723904970866205 -0.690135294599269 -0.655541725868408 -0.619385642452375 -0.581067264347367 -0.540542180419365 -0.498059707728154 -0.454488707238947 -0.410844643110671 -0.368109848371659 -0.327185005292695 -0.288677324244939 -0.253120647624648 -0.220992321785634 -0.192543708911942 -0.167886780382985 -0.146801928529403 -0.128799120156734 -0.112638199018879 -0.0971049304228032 -0.0818388889393794 -0.0666931014554558
-1.01999879142069 -0.984791620897703 -0.949584450385124 -0.914377279912131 -0.879170109502565 -0.84396293918312 -0.808755768997272 -0.773548598988445 -0.73834142918309 -0.703134259592546 -0.667927090184667 -0.632719920916438 -0.597512751761509 -0.562305582760193 -0.527098413939211 -0.491891245204251 -0.456684076452575 -0.42147690766878 -0.386269738848341 -0.351062569942907 -0.31585540089317 -0.280648231622467 -0.245441061984706 -0.210233891864915 -0.175026721342037 -0.139819550541782 -0.104612379583026 -0.0694052085677482 -0.034198037537189 0.00100913348259726
-0.815921196805602 -0.850237629570841 -0.875127378382805 -0.89234347987053 -0.905115223708018 -0.913494901642044 -0.903350560665511 -0.862433234404109 -0.800210147768561 -0.730495310016443 -0.662773676507695 -0.60544793912785 -0.565731674458134 -0.546081997862551 -0.542715060986415 -0.531639621817501 -0.490534440719756 -0.423965681219334 -0.34489700425996 -0.272994657293436 -0.22960053439858 -0.22688466229841 -0.240329598292726 -0.240426352260369 -0.214387213819546 -0.158621931369432 -0.089608808693723 -0.0264427137161156 0.0213837844642008 0.0467786914541643
-0.993178087218739 -0.957629849503011 -0.922081611816852 -0.886533374142375 -0.8509851363666 -0.815436898363799 -0.779888660052364 -0.744340421359176 -0.708792182200973 -0.673243942480538 -0.63769570205498 -0.602147460769993 -0.566599218482136 -0.531050975091433 -0.49550273053013 -0.459954484815904 -0.424406238010823 -0.38885799026911 -0.353309741753164 -0.317761492565952 -0.282213242795577 -0.246664992516089 -0.211116741745309 -0.175568490508909 -0.140020238920188 -0.104471987102092 -0.0689237351285371 -0.0333754830572995 0.00217276906936622 0.0377210212130857
-0.995362054697462 -0.963304713886364 -0.931247373240148 -0.899190032957512 -0.867132693211208 -0.8350753541492 -0.803018015846241 -0.770960678357841 -0.738903341735725 -0.70684600600466 -0.674788671085348 -0.642731336872474 -0.610674003278285 -0.578616670285266 -0.546559337874357 -0.514502005950063 -0.482444674402822 -0.450387343143216 -0.418330012099279 -0.3862726812487 -0.354215350581581 -0.32215802006328 -0.290100689560188 -0.258043358944123 -0.225986028207584 -0.193928697371913 -0.161871366453141 -0.129814035467963 -0.0977567044410394 -0.0656993733990205
-0.97156399781796 -0.939513032737912 -0.907462067565212 -0.875411102263847 -0.843360136844542 -0.811309171344445 -0.779258205859675 -0.747207240494409 -0.715156275326078 -0.683105310407871 -0.651054345722755 -0.619003381236138 -0.586952416936317 -0.554901452903132 -0.522850489232543 -0.490799525993453 -0.458748563259209 -0.426697601147991 -0.394646639776959 -0.362595679214362 -0.330544719516222 -0.298493760675266 -0.266442802431062 -0.234391844503178 -0.202340886784359 -0.170289929219016 -0.13823897178506 -0.106188014466517 -0.0741370572383855 -0.0420861000734081
-0.983276433191654 -0.949752637391016 -0.916228841649365 -0.88270504605061 -0.849181250715432 -0.815657455755753 -0.782133661211677 -0.748609867098084 -0.715086073400772 -0.681562280096371 -0.648038487153927 -0.614514694540589 -0.580990902226016 -0.547467110189894 -0.513943318402982 -0.480419526790282 -0.446895735272289 -0.413371943797225 -0.379848152297124 -0.346324360611536 -0.312800568556888 -0.279276775968808 -0.245752982759729 -0.212229188874356 -0.178705394309681 -0.14518159910882 -0.111657803447111 -0.07813400751378 -0.0446102114214073 -0.0110864152634107
-0.988003292872506 -0.955110793876926 -0.922218294847957 -0.889325795713509 -0.856433296286379 -0.823540796374347 -0.790648295880232 -0.757755794759719 -0.724863293084926 -0.69197079094722 -0.659078288398518 -0.626185785480881 -0.593293282215348 -0.560400778538885 -0.527508274383814 -0.494615769747946 -0.461723264641305 -0.428830759057273 -0.395938252990892 -0.36304574646048 -0.330153239490176 -0.297260732118659 -0.264368224442771 -0.231475716565963 -0.198583208559952 -0.165690700483122 -0.132798192372262 -0.0999056842580541 -0.0670131761683655 -0.0341206681303578
-1.00753619288171 -0.973481137758479 -0.939426082576717 -0.905371027269283 -0.871315971786062 -0.837260916082647 -0.803205860120448 -0.769150803855974 -0.735095747220329 -0.701040690166305 -0.666985632758862 -0.632930575091002 -0.598875517254538 -0.56482045933654 -0.530765401398059 -0.49671034340083 -0.462655285296272 -0.428600227093849 -0.394545168812242 -0.360490110448968 -0.32643505199625 -0.292379993444732 -0.258324934778745 -0.224269875988982 -0.19021481709792 -0.156159758140278 -0.122104699167979 -0.0880496402298974 -0.0539945813455154 -0.0199395225269664
-0.976927621857811 -0.944062021005419 -0.911196420127739 -0.878330819194245 -0.845465218172983 -0.812599617048601 -0.779734015873595 -0.746868414698247 -0.714002813496114 -0.681137212216003 -0.648271610784427 -0.615406009122324 -0.582540407146169 -0.549674804754573 -0.516809201830548 -0.48394359821255 -0.451077993760782 -0.418212388466971 -0.38534678232705 -0.352481175222255 -0.319615567005146 -0.286749957566319 -0.253884346948523 -0.221018735239818 -0.188153122557378 -0.1552875090316 -0.122421894816681 -0.0895562800758414 -0.0566906649845973 -0.0238250497215373
-1.00517358918444 -0.971319122227245 -0.937464655212373 -0.903610188113944 -0.869755720914968 -0.835901253617034 -0.802046786287162 -0.768192318993322 -0.734337851741886 -0.70048338453949 -0.666628917455431 -0.632774450574671 -0.598919983952498 -0.56506551752551 -0.531211051230627 -0.497356585124764 -0.463502119299029 -0.429647653861307 -0.395793188931916 -0.36193872466412 -0.328084261219418 -0.294229798726235 -0.260375337180692 -0.226520876544128 -0.192666416771048 -0.15881195778339 -0.124957499379666 -0.0911030413411758 -0.0572485835037919 -0.0233941257170324
-1.08102352684363 -1.03235296488264 -0.983836140751094 -0.935640809071124 -0.887896821089446 -0.840714308871016 -0.79416243112916 -0.748316187970222 -0.703314918424246 -0.659349252860867 -0.616750648084364 -0.575885767507681 -0.537044267394906 -0.500207775414714 -0.465225428348176 -0.431724428021363 -0.399324122073032 -0.367834376347689 -0.337129986885305 -0.307154952301977 -0.277870571857833 -0.249274403763742 -0.22150904203355 -0.194719687352548 -0.168916931288848 -0.144050699387366 -0.119962862217422 -0.0964548812632701 -0.073274636644509 -0.0501566131395721
-0.85905500297311 -0.928004120449399 -0.998012210593824 -0.879040182051377 -0.736956825925723 -0.751688082547665 -0.803480606697885 -0.751047151772895 -0.666644151182639 -0.646248488990336 -0.667175171858883 -0.677073737101092 -0.641768634055029 -0.599783960159767 -0.588265186971899 -0.566143634417083 -0.494441879040409 -0.420761675495627 -0.396135294525221 -0.398737893117947 -0.388530349824133 -0.337877727429477 -0.268761825661176 -0.207358729473139 -0.147004927784638 -0.0797855191782075 -0.0256196369240724 -0.000312599205748335 0.0246195708277726 0.0887331737861292
-1.02620895528622 -0.991191551836981 -0.956178344006616 -0.921177236568861 -0.886201517283654 -0.851263963413984 -0.816369927248841 -0.781521860527196 -0.746718037761927 -0.711956385151696 -0.677237612864388 -0.642563127060194 -0.60793547316715 -0.573361753684672 -0.538853026299493 -0.504431612376229 -0.470120404152332 -0.435933313678715 -0.4018798040762 -0.367960522931793 -0.334173913949045 -0.300515268702916 -0.266967270254006 -0.233510042992243 -0.200126085139224 -0.166799346922821 -0.133517212764329 -0.100267979277095 -0.0670401576492221 -0.0338223127125087
-0.990710687688045 -0.954553540744244 -0.918446160609937 -0.882440616790853 -0.846584081682787 -0.810911568785542 -0.775414353124857 -0.74008149022171 -0.704936896052071 -0.670017496209248 -0.635377394300893 -0.60107498843825 -0.567152199458133 -0.533585039099655 -0.500340851710788 -0.467418221172654 -0.434824437125984 -0.402570372716808 -0.370668875722277 -0.339137108938722 -0.307993313917266 -0.277247046662864 -0.246873120995788 -0.216845573940119 -0.187170077519848 -0.157848266327825 -0.128833990232419 -0.100063835161818 -0.0714531160079565 -0.0429118299037076
-1.00211404735041 -0.967446257983596 -0.932776656970824 -0.898101644060754 -0.863413722514928 -0.828703657204195 -0.79395915592373 -0.759167082785701 -0.724313984245923 -0.689389187122598 -0.654393457339834 -0.619330420598214 -0.584203770561678 -0.549017472747583 -0.513775281648479 -0.478479835804279 -0.44313269306602 -0.407732204481889 -0.372276603930517 -0.336766863415177 -0.301204639470303 -0.265590978079903 -0.229924483026281 -0.194202269417684 -0.158417939867825 -0.122568021945793 -0.0866642555367243 -0.0507220599093172 -0.0147563595504781 0.0212180447483344
-1.02096549352664 -0.980523777600293 -0.939834925493964 -0.898465613064599 -0.856068613195508 -0.81259487168869 -0.769101928994564 -0.726848643970944 -0.686792554456835 -0.649686714218256 -0.615767561748122 -0.585142381721068 -0.557736546150627 -0.532747776405911 -0.50926863373254 -0.486698689526568 -0.464342346957217 -0.440816326135945 -0.414830377432338 -0.386154055306246 -0.354821865240085 -0.320895544829165 -0.284545760120361 -0.246000962565645 -0.205611816785807 -0.163827355617333 -0.121367871590674 -0.0789144544749437 -0.0367201232999565 0.00506912058930083
-1.04437044337739 -1.0103157701034 -0.975361422061999 -0.93769439466302 -0.896305042200546 -0.850923436598536 -0.803435161416188 -0.756213250597588 -0.711425027991135 -0.670807048349139 -0.634578500135215 -0.60257923024081 -0.574659769205109 -0.550713382158247 -0.530025281400985 -0.509405733325637 -0.485421278915547 -0.456138503426633 -0.420543584513534 -0.379801025153205 -0.335619909653181 -0.289490045961036 -0.242024136584512 -0.193547578110156 -0.144113648879577 -0.0941915365405767 -0.0461861842106799 -0.00228462243295116 0.038133524017104 0.07639048180587
-0.980229473314639 -0.947212524201342 -0.914195575193549 -0.881178626381137 -0.848161677825764 -0.815144729567381 -0.782127781587315 -0.74911083388239 -0.716093886570032 -0.68307693978158 -0.650059993583429 -0.617043048025739 -0.584026103161279 -0.551009159053271 -0.517992215750899 -0.484975273236759 -0.451958331448946 -0.418941390214148 -0.385924449347771 -0.352907508731496 -0.319890568263573 -0.286873627833496 -0.253856687295736 -0.220839746512603 -0.18782280541279 -0.154805863963402 -0.121788922218811 -0.0887719802544693 -0.0557550381429042 -0.0227380959559086
-1.01872647746137 -0.984701179830686 -0.950675882293036 -0.91665058492612 -0.882625287774971 -0.848599990856025 -0.814574694103984 -0.780549397466936 -0.746524101028243 -0.712498804854578 -0.678473508810595 -0.644448212710444 -0.610422916360053 -0.576397619532477 -0.542372322020541 -0.50834702372903 -0.474321724616899 -0.440296424747808 -0.406271124226488 -0.37224582321724 -0.338220521899258 -0.304195220453493 -0.270169919067942 -0.236144617892225 -0.202119316915423 -0.168094016078229 -0.134068715288318 -0.100043414464106 -0.0660181135999844 -0.0319928127093383
1.02681178061843 0.991982137751276 0.957152494894849 0.922322852068016 0.887493209266427 0.852663566443758 0.817833923409017 0.783004279962707 0.748174636015996 0.713344991523988 0.678515346506871 0.643685701001103 0.608856055054313 0.574026408758795 0.539196762218326 0.504367115537933 0.469537468817226 0.434707822132917 0.399878175545347 0.365048529072299 0.330218882720917 0.295389236494708 0.260559590382647 0.225729944361441 0.190900298373269 0.156070652367919 0.121241006360135 0.0864113603736803 0.0515817144034205 0.0167520684369981
-1.02603052529942 -0.990669375789738 -0.955308226315939 -0.919947076922697 -0.884585927569757 -0.849224778188828 -0.813863628684407 -0.77850247895044 -0.743141328865874 -0.707780178291585 -0.672419027031156 -0.637057874873848 -0.601696721629642 -0.566335567191401 -0.530974411470049 -0.495613254365876 -0.460252095804412 -0.424890935822786 -0.389529774482402 -0.354168611830151 -0.318807447909295 -0.283446282767787 -0.248085116472341 -0.212723949096698 -0.177362780723942 -0.142001611479066 -0.106640441645331 -0.0712792715154904 -0.0359181012619841 -0.00055693102717212
-0.974054005054402 -0.942158703595214 -0.910255817195465 -0.878331282279839 -0.846339782647007 -0.814237097449235 -0.782014639879178 -0.74967210054379 -0.717206645666823 -0.684608279700936 -0.651840884397598 -0.618861810832987 -0.585621125415469 -0.552039755882175 -0.518045280295829 -0.483621016692764 -0.448772107101629 -0.413535249546718 -0.377961130375579 -0.342124833233101 -0.306107541088509 -0.269980511413817 -0.23377529969219 -0.197506476316114 -0.161160373304212 -0.124724763696894 -0.0882214229955934 -0.051677377053928 -0.0151066506732387 0.021479981608203
-0.958048629890747 -0.933472292731397 -0.908440068354238 -0.882146650356874 -0.853540707113231 -0.821816628327785 -0.787397714250883 -0.751131158320738 -0.714330816181158 -0.678176100862398 -0.642841992734923 -0.608252364004253 -0.574359840758335 -0.541232064614842 -0.508918624690459 -0.477281884568202 -0.446088563362192 -0.41491002784464 -0.383254353106433 -0.350571799855077 -0.316298175202234 -0.279861399132666 -0.240657843123535 -0.198289695729563 -0.153213962323317 -0.106134947740136 -0.0578913378486202 -0.00920393421909431 0.0398123798044831 0.0891942004347446
-1.07695668718842 -1.00248962595955 -0.918934918860518 -0.864799079330618 -0.854811016780346 -0.886343711951019 -0.911124034936057 -0.884569902110611 -0.822509525624646 -0.751610640250972 -0.681488775478958 -0.617496409477116 -0.564628364844099 -0.526448841899143 -0.501840634092944 -0.472391529681463 -0.427554760996171 -0.405540341865312 -0.43691091519172 -0.472882858679823 -0.444835983734447 -0.322158133175977 -0.22626927548704 -0.260264348198366 -0.301906039370864 -0.224196441631911 -0.106427515344578 -0.0489089122148489 -0.0297311815846606 0.00356990279506198
-1.04726499600811 -1.01006641741158 -0.972867838765737 -0.93566925999965 -0.898470681037858 -0.861272101829047 -0.824073522423003 -0.786874942879959 -0.749676363200865 -0.712477783367496 -0.67527920334422 -0.638080623091055 -0.600882042576967 -0.563683461806722 -0.526484880773407 -0.489286299387609 -0.452087717533695 -0.414889135073657 -0.377690551893557 -0.340491967998126 -0.30329338342176 -0.266094798202003 -0.228896212388993 -0.191697626040378 -0.154499039231251 -0.117300452049615 -0.080101864617676 -0.0429032770528277 -0.00570468941902187 0.0314938982331503
-1.01196233498175 -0.976172754499789 -0.940383174127069 -0.904593594011986 -0.868804014339298 -0.833014435289023 -0.797224856985885 -0.761435279562207 -0.725645703236023 -0.689856128210316 -0.65406655454219 -0.618276982252273 -0.582487411350386 -0.546697841803114 -0.510908273541102 -0.475118706394491 -0.439329140178873 -0.403539574752151 -0.36775000998494 -0.33196044575639 -0.296170881947787 -0.260381318455693 -0.224591755237775 -0.188802192266416 -0.153012629511748 -0.117223066947633 -0.0814335045650912 -0.0456439423508981 -0.00985438025768896 0.0259351817704367
-0.981864521573733 -0.949262127247613 -0.916659733036491 -0.884057339043426 -0.851454945276527 -0.818852551719277 -0.786250158351609 -0.75364776515487 -0.721045372119633 -0.688442979222739 -0.655840586376881 -0.623238193478713 -0.590635800438211 -0.558033407218641 -0.525431013809417 -0.492828620251253 -0.460226226571501 -0.427623832692748 -0.395021438521786 -0.362419044006993 -0.329816649107145 -0.297214253813561 -0.264611858247747 -0.232009462552815 -0.199407066828124 -0.16680467116049 -0.134202275630322 -0.101599880288553 -0.0689974850746224 -0.0363950899000995
-0.976089123515291 -0.943717894258462 -0.911346664983154 -0.878975435603414 -0.846604205896852 -0.814232975638274 -0.781861744727717 -0.749490513129195 -0.717119280937391 -0.684748048290123 -0.652376815367091 -0.620005582358464 -0.587634349479095 -0.55526311704257 -0.522891885338454 -0.490520654461494 -0.458149424445019 -0.425778195271495 -0.393406966897658 -0.36103573922818 -0.328664512154717 -0.296293285561799 -0.263922059305446 -0.231550833244383 -0.199179607276652 -0.166808381321294 -0.134437155342025 -0.102065929319013 -0.0696947032535606 -0.0373234771522517
0.988236903951142 0.952152977327438 0.916114757616215 0.880170355495466 0.844390644852439 0.808853705607168 0.773643678601562 0.738833401310415 0.704444436818173 0.670478503062422 0.636909211783648 0.603703148173064 0.570818362398438 0.538178764533754 0.505711547599268 0.473391176494104 0.441211351592602 0.409195443291099 0.377371252795653 0.345754634529218 0.314358456218968 0.283198127094756 0.25229922239714 0.221676042797364 0.191287624678694 0.161075641317026 0.130967577846743 0.100896367990779 0.0708309279677654 0.0407491696202601
1.0445846351045 1.00764508368916 0.970705532269432 0.933765980800577 0.896826429075889 0.859886876865017 0.822947324004981 0.786007770335404 0.749068215638956 0.712128659723769 0.675189102556762 0.638249544144551 0.601309984498971 0.564370423652726 0.527430861665105 0.490491298680865 0.453551734885789 0.416612170544296 0.379672605933611 0.342733041303562 0.305793476897129 0.268853912954706 0.231914349706368 0.194974787325468 0.158035225768812 0.121095664930414 0.0841561046696635 0.0472165448379302 0.0102769852891327 -0.0266625741221735
1.05614681246326 1.02010271251187 0.984058612694578 0.948014513144585 0.91197041392667 0.875926315096124 0.839882216738727 0.803838118933823 0.767794021704533 0.731749925062408 0.69570582902895 0.659661733628154 0.623617638875248 0.5875735447504 0.55152945121868 0.515485358219816 0.47944126567549 0.443397173460548 0.407353081466275 0.37130898969657 0.335264898183484 0.299220806973926 0.263176716174242 0.227132625873155 0.191088536029473 0.155044446549904 0.119000357262688 0.0829562680073516 0.0469121787470265 0.0108680894757486
1.03002885029707 0.91142689068848 0.841272009134295 0.843984365573547 0.880929195631161 0.901515963445534 0.870385971523058 0.777129698309237 0.695902487638037 0.692576247863735 0.71532428003338 0.682895233367215 0.556733075207589 0.469063045385265 0.531508811988857 0.602506483649976 0.538111539673741 0.438044501516327 0.42138664392275 0.440997212642347 0.408179946175535 0.274854086951142 0.155400893111636 0.154637564967821 0.176663055790194 0.114377357709636 0.0166028653388376 -0.0497283267246488 -0.101167726425659 -0.175137742344625
-1.02696330697103 -0.746893040405424 -0.900801947019928 -0.908490107033851 -0.820661673606564 -0.793903735914291 -0.777431054260581 -0.703324935950815 -0.642505205170368 -0.670485043238407 -0.742312543129279 -0.782919525731126 -0.737317418748937 -0.630836077155088 -0.511730044851981 -0.439634194194724 -0.446453594870771 -0.441793777444236 -0.342625210825073 -0.217677656429918 -0.173620698802083 -0.266157120520389 -0.347122496305714 -0.278337565171676 -0.165430931160811 -0.126569525982877 -0.0862657269876209 0.034000669754635 0.13122563893125 0.0570240979190033
-1.03504259819249 -0.994993083353465 -0.954974932921933 -0.915014133180242 -0.875121708029952 -0.835314228828208 -0.79564541913528 -0.756175917451736 -0.716956869836197 -0.67804080501504 -0.639495274827604 -0.601391586891471 -0.563786572100125 -0.52667915445066 -0.490045860971743 -0.453831537714732 -0.417984604250564 -0.38249945520581 -0.347387889278798 -0.312685346399264 -0.278433176804792 -0.244651055822338 -0.211271959136345 -0.178206617707909 -0.145363483247267 -0.112657808640346 -0.080034330726699 -0.0474506479405349 -0.0148863211410631 0.0176735982062576
-0.982973282645109 -0.948724594057705 -0.914475905507443 -0.880227217045081 -0.845978528685299 -0.811729840434838 -0.777481152304778 -0.743232464295259 -0.708983776358309 -0.674735088420442 -0.640486400354209 -0.606237712018669 -0.571989023297084 -0.537740334169526 -0.503491644645605 -0.469242954756259 -0.43499426453029 -0.400745573966612 -0.366496883066141 -0.332248191867658 -0.297999500419417 -0.263750808748605 -0.229502116798164 -0.195253424501918 -0.16100473184149 -0.126756038823398 -0.0925073455059489 -0.058258651961656 -0.0240099582680782 0.0102387354959644
0.986317855932763 0.858983038023935 1.08084032606459 1.0304577892802 0.842471928231674 0.768029144867891 0.76824701535417 0.756258559301016 0.74328739588321 0.75136705912217 0.747680142861579 0.68569650590069 0.550408850934706 0.452901256242632 0.484373503770305 0.53039681454709 0.472166787003719 0.379005090092879 0.340666046012293 0.340508519417877 0.335292510580092 0.295706440707757 0.248152414763113 0.2222697384208 0.204932836451623 0.177298655270443 0.140419108772167 0.101986651747767 0.0763609350924465 0.0795684087274614
