-1.01455747582503 -0.981082059662913 -0.947606643604328 -0.914131227730273 -0.880655812180747 -0.847180397095738 -0.81370498255617 -0.780229568586208 -0.746754155042035 -0.713278741738416 -0.679803328492422 -0.646327915121695 -0.612852501431588 -0.579377087178273 -0.545901672111153 -0.512426256001724 -0.478950838666548 -0.445475420080362 -0.412000000264661 -0.378524579269797 -0.345049157153336 -0.31157373397004 -0.278098309763448 -0.244622884588781 -0.211147458559199 -0.17767203182012 -0.144196604588037 -0.1107211770733 -0.0772457493905914 -0.0437703216306788
-1.08826052909186 -1.04846967566268 -1.00865507337858 -0.968801245832995 -0.928923675689743 -0.889039830504842 -0.849144158332693 -0.809231981925315 -0.769325142326823 -0.729452660273122 -0.689645756975179 -0.649936203762727 -0.610354332484169 -0.570924717062579 -0.531670699453663 -0.49261645166897 -0.45378394938551 -0.415185552886278 -0.376826357258341 -0.338692012199056 -0.300763306058355 -0.263017413025065 -0.225417050643599 -0.187926043894136 -0.150527104144345 -0.113205905069587 -0.0759410831885236 -0.038711583914829 -0.00150462539892396 0.0356905060245833
-1.02002600539489 -0.969525222883009 -0.928193017956065 -0.902860294352076 -0.888892555113018 -0.878617072088913 -0.863673593058008 -0.837326421077211 -0.800025604389838 -0.754028737162457 -0.701637852068219 -0.645166091406923 -0.587417560582485 -0.533160217415289 -0.487644708085697 -0.456088579797508 -0.441162690595999 -0.435384240868926 -0.429033589393999 -0.413597386166279 -0.380863853985164 -0.326578910246367 -0.262319250730865 -0.201503505339549 -0.149087262067702 -0.107777967616713 -0.0797535454180039 -0.065708563203024 -0.0609336891732986 -0.0593686166478715
-1.01454047494704 -0.978659781448395 -0.942779088103595 -0.906898395102128 -0.871017702619821 -0.835137010782877 -0.799256319532672 -0.763375628775387 -0.727494938461235 -0.691614248543636 -0.655733558944824 -0.61985286957923 -0.583972180374723 -0.548091491312914 -0.512210802377555 -0.476330113507215 -0.440449424644431 -0.40456873579278 -0.368688046983473 -0.332807358297216 -0.296926669827087 -0.261045981649859 -0.225165293777083 -0.189284606198984 -0.153403918885704 -0.117523231796982 -0.0816425448710318 -0.0457618580435459 -0.00988117126164772 0.0259995155246808
-1.001630608239 -0.966627877037305 -0.931625145795065 -0.896622414454207 -0.861619682983912 -0.82661695135611 -0.791614219526478 -0.75661148744099 -0.721608755023069 -0.686606022204926 -0.651603288976484 -0.616600555342092 -0.58159782133261 -0.546595087084925 -0.511592352759799 -0.476589618507458 -0.441586884476629 -0.406584150820576 -0.371581417671735 -0.336578685074678 -0.301575953052013 -0.26657322162106 -0.231570490777999 -0.196567760513111 -0.161565030814209 -0.126562301652301 -0.0915595729336289 -0.0565568445454396 -0.0215541163637767 0.013448611738118
-0.984571391507772 -0.950662907735168 -0.918201374527085 -0.88774137202696 -0.858948348572159 -0.831440528430935 -0.805536371401151 -0.78124586814169 -0.756644897225911 -0.72944012468429 -0.697795478461308 -0.659989201979946 -0.615051652746686 -0.565021644602015 -0.512449104935731 -0.458919959000889 -0.406155072403198 -0.357379074295741 -0.315555116204133 -0.281096675596743 -0.25377981142763 -0.23306642437025 -0.21716178197566 -0.203813622338442 -0.190196198849695 -0.173620377101294 -0.15251695619172 -0.126114775811374 -0.09571490451174 -0.0631364680595723
-1.01322972095194 -0.962687354570658 -0.914104630637698 -0.868346065090922 -0.833424544562477 -0.816213472669239 -0.811879950272711 -0.812195400580381 -0.807054838939044 -0.787744375845297 -0.752990910255627 -0.703381538241495 -0.64060328987838 -0.570742931257844 -0.500810451849287 -0.437108998617388 -0.384687458945039 -0.344284524392699 -0.315254227164377 -0.295722157860714 -0.283506796681504 -0.276205336057909 -0.270529817346562 -0.262429264903603 -0.245685786157745 -0.215081671468917 -0.171566859849338 -0.118037327114111 -0.0590055476375702 0.000611879566142485
-1.0532158888451 -1.01532431057891 -0.977432732394003 -0.939541154372782 -0.901649576523289 -0.86375799884268 -0.825866421358946 -0.787974844138597 -0.750083267371407 -0.712191691265772 -0.674300115981308 -0.636408541665439 -0.598516968427486 -0.560625396224365 -0.522733824979359 -0.484842254633617 -0.446950685171848 -0.409059116735124 -0.371167549479399 -0.333275983463785 -0.295384418723183 -0.257492855261979 -0.219601292962493 -0.18170973163909 -0.143818170956373 -0.105926610574812 -0.0680350502881041 -0.0301434899584047 0.00774807041151026 0.0456396307837104
-0.996021289522497 -0.978577815491908 -0.961893464924364 -0.942237998511947 -0.915646839098985 -0.879087301576781 -0.833488606872305 -0.781213200861447 -0.726394523180106 -0.673031474320477 -0.622813804439903 -0.57685397611202 -0.536175103040488 -0.501442903449066 -0.472301241163773 -0.444663957899556 -0.414467442930613 -0.381468297879203 -0.346613903303187 -0.311794543154777 -0.279136227234771 -0.250735898232821 -0.228574230394 -0.213089204802502 -0.198664298343585 -0.178769500354236 -0.14927535417729 -0.107862051485973 -0.0570478232692406 -0.00056041034497915
1.03701784895897 1.00025397602448 0.963490103060413 0.926726230028536 0.889962356899956 0.853198483628727 0.816434610091339 0.779670736178604 0.742906861916192 0.706142987356302 0.669379112522391 0.632615237430734 0.595851362073396 0.559087486345622 0.522323610161755 0.485559733609356 0.448795856833487 0.412031980035993 0.37526810344244 0.338504227316498 0.301740351931366 0.264976477514495 0.228212604110358 0.191448731708536 0.154684860262032 0.117920989694133 0.0811571198458458 0.0443932505351837 0.00762938157046282 -0.0291344872424248
-0.965626416112712 -0.933339632172824 -0.901052848335069 -0.86876606463347 -0.836479281027093 -0.80419249745528 -0.771905713853418 -0.73961893016945 -0.707332146405486 -0.675045362582381 -0.642758578741826 -0.610471794930712 -0.578185011178352 -0.545898227443718 -0.513611443652426 -0.481324659666997 -0.449037875359235 -0.416751090701169 -0.384464305678539 -0.3521775202317 -0.31989073428966 -0.287603947795712 -0.255317160750272 -0.223030373190021 -0.190743585239567 -0.158456797045955 -0.126170008758043 -0.0938832204960889 -0.0615964322641289 -0.0293096440371431
-1.00248936529878 -0.967982010581688 -0.933474655953154 -0.898967301500457 -0.864459947243753 -0.829952593170839 -0.795445239207182 -0.760937885264836 -0.726430531264556 -0.691923177136499 -0.657415822839742 -0.622908468340595 -0.588401113622208 -0.5538937587351 -0.519386403751383 -0.484879048762182 -0.450371693839404 -0.41586433895908 -0.381356984066648 -0.346849629081061 -0.312342273914646 -0.277834918509991 -0.243327562930715 -0.208820207257556 -0.174312851518716 -0.13980549573487 -0.105298139949115 -0.0707907841986972 -0.0362834284750089 -0.00177607275798031
-1.00892056494991 -0.976754153254722 -0.944587741658848 -0.912421330192502 -0.880254918689113 -0.848088506963177 -0.815922094950267 -0.783755682654891 -0.751589270236221 -0.719422857891098 -0.68725644581239 -0.65509003419197 -0.622923623201089 -0.590757212928511 -0.558590803450196 -0.526424394873376 -0.494257987291311 -0.462091580710089 -0.429925175115826 -0.397758770501927 -0.365592366863613 -0.333425964179038 -0.301259562358069 -0.269093161276775 -0.236926760744317 -0.204760360563077 -0.172593960575238 -0.140427560649722 -0.108261160722607 -0.0760947607467549
-0.983710305708361 -0.950508358330117 -0.917306411006647 -0.884104463718613 -0.850902516352597 -0.817700568777738 -0.784498620887496 -0.751296672586205 -0.718094723797376 -0.684892774461238 -0.65169082456569 -0.618488874110555 -0.585286923113813 -0.552084971666084 -0.5188830198514 -0.4856810676548 -0.452479115063651 -0.419277162173607 -0.386075209109084 -0.352873256001245 -0.31967130298294 -0.286469350173083 -0.253267397634838 -0.220065445415695 -0.186863493556191 -0.153661542086048 -0.120459590998686 -0.0872576402616403 -0.0540556897751922 -0.0208537394228125
0.994198137424061 0.956663035600285 0.919163720503237 0.881754069440114 0.844481438046597 0.80739513922412 0.770558836608634 0.734037508902494 0.697887044339164 0.662152811734055 0.626847192699256 0.591974322046028 0.557530121317376 0.523477658983286 0.489779704285356 0.456430682624651 0.42343417176671 0.390798702775484 0.358534295721683 0.326651973404622 0.295163009305771 0.264074900082053 0.233380035092216 0.203051500616308 0.173000277917754 0.143139510441213 0.113453095372893 0.0839332946019681 0.0545350750879341 0.0252040800578655
-0.98718983709908 -0.956166587443542 -0.925114251934312 -0.894010092822503 -0.862815005223492 -0.831476088806007 -0.799901628587901 -0.768008694977871 -0.73578831459885 -0.703235676127006 -0.670288660237194 -0.63687082060394 -0.602916324691118 -0.568401795119981 -0.533302780387886 -0.497548077339225 -0.461065997581778 -0.423829663429854 -0.385826734103872 -0.347058205742157 -0.307528408712511 -0.267266985787701 -0.22640482936035 -0.185086763417876 -0.14341208870702 -0.101465011420438 -0.0593148827751345 -0.0170237932865371 0.0253603543605816 0.0677932044391125
-0.995565306542342 -0.960213336624249 -0.924861366644867 -0.889509396541119 -0.854157426239024 -0.818805455684461 -0.783453484913654 -0.748101513994359 -0.712749543030103 -0.677397572131217 -0.64204560139947 -0.606693630934492 -0.571341660828447 -0.535989691143644 -0.500637721910636 -0.4652857530628 -0.429933784513242 -0.394581816191143 -0.359229848032426 -0.323877879983925 -0.288525911995199 -0.25317394401323 -0.217821975974688 -0.182470007816321 -0.147118039485487 -0.111766070942617 -0.0764141021898313 -0.041062133246486 -0.00571016415920039 0.0296418050185905
-0.99281017651814 -0.958038690570892 -0.923267204653979 -0.88849571877573 -0.85372423288981 -0.818952746946403 -0.78418126093642 -0.749409774870028 -0.714638288793702 -0.679866802764942 -0.645095316849045 -0.61032383111325 -0.575552345628506 -0.540780860480572 -0.50600937575754 -0.471237891542002 -0.436466407868246 -0.401694924582831 -0.366923441497646 -0.332151958473629 -0.297380475383977 -0.262608992145654 -0.227837508850691 -0.193066025612021 -0.158294542451143 -0.123523059363739 -0.0887515763336752 -0.05398009334015 -0.0192086103555055 0.0155628726496301
-0.949430405195426 -0.920523091672772 -0.891629168822453 -0.862717482864586 -0.833669992044459 -0.804354655498989 -0.774670323906439 -0.74454025021869 -0.713954404940729 -0.682913737840653 -0.651396398185865 -0.619374835118597 -0.586818933529887 -0.553688321305991 -0.519945743828199 -0.48557667346273 -0.450585317141447 -0.415028093073875 -0.378965304571759 -0.342420584078072 -0.305408396318587 -0.267939394165445 -0.230008983076236 -0.191620145363638 -0.152821418175229 -0.113677648613207 -0.074273368763342 -0.0346965479988908 0.00497078014051756 0.0446480660736612
-0.992598107680558 -0.964091605056979 -0.935566019631854 -0.906964012191501 -0.878157469229994 -0.848996372141911 -0.819313856216083 -0.78895253803588 -0.75780980546856 -0.725820927431092 -0.693017925755395 -0.659457010502124 -0.625188111905358 -0.59023604089287 -0.554620690792582 -0.518367403839321 -0.481512690131209 -0.444132282312644 -0.406307711731346 -0.368104482002052 -0.329584089806253 -0.290812036898037 -0.251869845321884 -0.212855691118163 -0.173918346020426 -0.13521241142229 -0.0968652116644657 -0.0589494876295131 -0.0213469234202973 0.016108561055241
-0.966957312560359 -0.931786595208307 -0.896608166521001 -0.861423633579701 -0.826248862754656 -0.791102279791588 -0.755998288649138 -0.720952182720206 -0.685986834921804 -0.651126401196821 -0.616392590067544 -0.58180649820111 -0.547383904695177 -0.513119318369495 -0.478998965953781 -0.444997216095538 -0.411087858966128 -0.377254228914567 -0.343485199900295 -0.309782260146781 -0.276150051443504 -0.242593300643885 -0.209117074857127 -0.175724448261735 -0.142410183057651 -0.109163474381002 -0.0759595610912303 -0.0427738282996709 -0.00959620240192735 0.0235797548853303
-0.983037091839947 -0.949552318912644 -0.91606754604249 -0.882582773251766 -0.849098000465862 -0.815613227582493 -0.78212845448555 -0.748643681052604 -0.715158907149761 -0.681674132657106 -0.648189357522104 -0.614704581709065 -0.581219805202875 -0.54773502807071 -0.514250250399174 -0.480765472270264 -0.447280693769621 -0.41379591500205 -0.380311136077752 -0.346826357109346 -0.313341578210053 -0.279856799485923 -0.246372021014321 -0.212887242867684 -0.179402465127421 -0.145917687849366 -0.112432910978069 -0.0789481344229692 -0.0454633580643443 -0.0119785817751797
-0.948848426206702 -0.918480314904658 -0.888112203594593 -0.857744092220093 -0.827375980609285 -0.797007868583542 -0.766639756052663 -0.736271642969333 -0.705903529369345 -0.675535415324573 -0.645167300968094 -0.614799186448287 -0.584431071900162 -0.554062957405242 -0.523694843033612 -0.493326728863072 -0.462958614977412 -0.432590501476668 -0.402222388429221 -0.371854275760609 -0.341486163360657 -0.31111805113026 -0.280749939014607 -0.250381826984652 -0.220013715070136 -0.189645603298065 -0.159277491625731 -0.128909380000361 -0.098541268398627 -0.0681731568045671
-1.1298509320882 -1.07169091954237 -1.01429784029344 -0.95826252885275 -0.904681174901359 -0.854890794539646 -0.810686354375459 -0.773133512732612 -0.739922744291324 -0.708354090000459 -0.677541039527052 -0.647050444717683 -0.616482976148873 -0.585574579316907 -0.553934062087659 -0.520526406885567 -0.484486928328392 -0.4462760952486 -0.40663129989008 -0.366072473927689 -0.325065183894029 -0.28408016241457 -0.243608806486262 -0.204266928327698 -0.167147336672572 -0.133321714076927 -0.103300241871102 -0.0771903780627525 -0.0540501885944929 -0.0326753913926795
-1.01044204389342 -0.975412578687509 -0.940383113329007 -0.905353647618317 -0.870324181389726 -0.835294714522204 -0.800265247039588 -0.765235779022897 -0.730206310637002 -0.695176842080365 -0.660147373601959 -0.625117905463383 -0.590088437864189 -0.555058970755734 -0.520029504037884 -0.485000037652744 -0.449970571590409 -0.414941105990695 -0.379911640980418 -0.344882176484669 -0.309852712378107 -0.27482324854249 -0.239793784887983 -0.204764321350145 -0.169734857937701 -0.134705394660131 -0.0996759314567552 -0.0646464682598527 -0.0296170050436952 0.00541245820694772
-0.984928822674179 -0.953128872166084 -0.921228229674881 -0.889142373207403 -0.856844703722036 -0.824331843934994 -0.791635380642231 -0.758788302255996 -0.725794239573982 -0.692639260839043 -0.659268541689252 -0.625617034611483 -0.591616885388681 -0.557189012988073 -0.522265769488305 -0.486836466229437 -0.45089656828932 -0.414409196435564 -0.377338883016619 -0.339688151014535 -0.301469021069763 -0.262716546813912 -0.223557913843214 -0.184122302106025 -0.144454736994556 -0.104587957653929 -0.0645897127970533 -0.0245289326821029 0.0155557358194795 0.0556332166829338
-0.898608751466158 -0.954911364261498 -0.997055846725602 -0.99425740127486 -0.935501819290478 -0.827124554123347 -0.725089118038284 -0.680229584516919 -0.673234212994175 -0.670945711346982 -0.65497039526698 -0.610605482399488 -0.534692213222987 -0.470247919548597 -0.455583891963054 -0.464011164822899 -0.460663347764255 -0.442964607771768 -0.416196918899954 -0.384782926134303 -0.352930442193047 -0.319658959604939 -0.263234690140821 -0.171808425142663 -0.0938225549948549 -0.0758114822826789 -0.0963860593525736 -0.116793950949338 -0.0967536216500559 0.00439876401011589
-0.962899377821651 -0.92855538254957 -0.894219934488399 -0.859898828340421 -0.825596194628939 -0.791321842677329 -0.757109961188238 -0.72300022484961 -0.689029872911308 -0.655229716552427 -0.621607290107059 -0.588164308698047 -0.554897870993569 -0.521786609843147 -0.488804921193251 -0.455928719196825 -0.423136742813566 -0.390417512023709 -0.357762861637177 -0.325168104762104 -0.292629424081176 -0.260143106398998 -0.227705855007836 -0.195314306811271 -0.162964416670458 -0.130650555464824 -0.0983614401892869 -0.0660863087338688 -0.0338221364534991 -0.00156783306933477
-1.03788854447576 -1.00177363794421 -0.965658731443851 -0.929543825076138 -0.893428918995139 -0.85731401334372 -0.821199108167333 -0.785084203452216 -0.748969299045173 -0.712854394774392 -0.676739490533038 -0.640624586230523 -0.604509681801687 -0.568394777283089 -0.532279872713707 -0.496164968040474 -0.460050063200886 -0.423935158186719 -0.387820253030431 -0.351705347872933 -0.315590442882243 -0.279475538194546 -0.243360633818673 -0.2072457297177 -0.17113082579903 -0.135015921985285 -0.0989010183156296 -0.0627861148344539 -0.0266712114904821 0.00944369179147725
-1.00156165160367 -0.967290990615867 -0.933020329654592 -0.898749668818974 -0.864479008298159 -0.830208348300533 -0.795937689021448 -0.761667030638896 -0.727396373274446 -0.693125717008154 -0.658855061810428 -0.624584407624259 -0.590313754402495 -0.556043102137389 -0.52177245081622 -0.487501800366979 -0.453231150678829 -0.418960501544912 -0.384689852751674 -0.350419204154813 -0.316148555627336 -0.281877907053249 -0.247607258360551 -0.213336609502021 -0.179065960485559 -0.14479531132167 -0.110524661976168 -0.076254012421803 -0.0419833627037677 -0.00771271288536552
0.998240538044116 0.964984447658484 0.93172835726846 0.898472266879412 0.86521617648522 0.831960086044499 0.798703995386291 0.765447904339851 0.732191812864865 0.698935720990707 0.665679628895079 0.632423536792764 0.599167444898922 0.565911353430217 0.532655262599396 0.499399172602043 0.466143083594039 0.432886995589607 0.399630908547675 0.366374822347632 0.333118736848986 0.29986265192045 0.266606567467569 0.233350483398329 0.200094399593647 0.166838315940698 0.133582232378747 0.100326148862756 0.0670700653583521 0.0338139818338345
-0.980011165494537 -0.944080606484673 -0.90815087253346 -0.872222273698163 -0.836295040117529 -0.80036988725602 -0.764449551799459 -0.72853718781575 -0.692635597679747 -0.656747621948725 -0.620876605602692 -0.585026019727334 -0.549199107574398 -0.513398201059849 -0.477624880990457 -0.44187863507198 -0.40615832679766 -0.370462415911699 -0.334789135782535 -0.299136218024611 -0.263501268813868 -0.227881901675435 -0.192275759531184 -0.156680294023012 -0.121092162276167 -0.0855079959249576 -0.0499251191565954 -0.0143415908309599 0.0212422840542923 0.05682563896706
-0.937318763635379 -0.913442509451021 -0.896118156235142 -0.876787989368467 -0.86787539637496 -0.878028561174594 -0.87981375112816 -0.84485736224445 -0.777108221683471 -0.691409752023694 -0.613861326366249 -0.573376305442933 -0.584250570878071 -0.602310087866102 -0.583534077080071 -0.54298469753734 -0.503589915929436 -0.460657991300256 -0.405159892884948 -0.338337138331294 -0.263998882390236 -0.190495270037311 -0.144340407146444 -0.143844267169521 -0.156336332971909 -0.145688838557981 -0.112925513074663 -0.068655236723722 -0.0246759987837421 0.00691693419748772
-1.05145554560747 -1.0138272362286 -0.976198926983896 -0.938570618033286 -0.900942309572514 -0.863314001769118 -0.825685694642049 -0.788057388166459 -0.750429082290901 -0.712800776957643 -0.675172472110418 -0.637544167693325 -0.59991586362999 -0.56228755976215 -0.524659255916303 -0.48703095193986 -0.449402647705632 -0.411774343167098 -0.374146038293167 -0.336517733033786 -0.298889427334161 -0.261261121145952 -0.223632814446615 -0.186004507235817 -0.148376199576254 -0.110747891532611 -0.0731195831145015 -0.0354912743383834 0.0021370346968315 0.0397653438716177
0.978973826660605 0.94629216600372 0.913610505428063 0.880928844970856 0.848247184571902 0.81556552415323 0.782883863663208 0.750202203047298 0.717520542212999 0.684838881096275 0.652157219784904 0.619475558404619 0.586793897060095 0.554112235771774 0.521430574543496 0.488748913396912 0.456067252362119 0.423385591485162 0.390703930797141 0.358022270253428 0.325340609790459 0.292658949357335 0.259977288953804 0.227295628571961 0.194613968122648 0.161932307505121 0.129250646653546 0.0965689855361348 0.0638873242223798 0.0312056628070906
-0.989109039350731 -0.954793639427461 -0.920478239560858 -0.886162839829878 -0.851847440309152 -0.817532041045748 -0.783216641980823 -0.748901243032815 -0.71458584413522 -0.680270445222164 -0.645955046215261 -0.611639647032995 -0.577324247590765 -0.543008847791616 -0.50869344753004 -0.47437804667865 -0.440062645114914 -0.405747242757609 -0.371431839569148 -0.337116435645185 -0.302801031114687 -0.268485626086358 -0.234170220587851 -0.199854814620462 -0.165539408161086 -0.131224001196311 -0.0969085937758867 -0.0625931859790331 -0.0282777779397 0.00603763019448074
-1.04884563974278 -0.987499289995074 -0.928886718866488 -0.875001738258926 -0.826359465139063 -0.783212152016761 -0.746239288509872 -0.715633665525466 -0.689214042019485 -0.664391299064141 -0.639318838147822 -0.612335690862964 -0.582319968296675 -0.550306099514762 -0.517731912794234 -0.485492515278189 -0.454126540961233 -0.423289452377878 -0.392590197207937 -0.362334835172506 -0.333003704003004 -0.304410701738549 -0.273703967649069 -0.237961352025928 -0.19664530801544 -0.150036047419463 -0.0993002138070758 -0.0457466284956131 0.00963360797178649 0.0659288252455341
-1.02860442675489 -0.991847529313224 -0.955090632005816 -0.918333734949434 -0.881576838130869 -0.844819941493586 -0.808063044937739 -0.771306148344448 -0.73454925156201 -0.697792354437068 -0.661035456842447 -0.624278558657525 -0.587521659795798 -0.550764760307256 -0.514007860275129 -0.477250959779109 -0.440494058910317 -0.403737157809099 -0.366980256633721 -0.330223355564876 -0.293466454788869 -0.256709554454954 -0.21995265456419 -0.183195755081712 -0.146438855977154 -0.109681957195202 -0.072925058576264 -0.0361681599656382 0.000588738667517203 0.03734563732308
-1.00186547655564 -0.967317477131354 -0.932769477573664 -0.898221477670483 -0.863673477240351 -0.829125476146522 -0.794577474400466 -0.760029472051266 -0.725481469150226 -0.690933465729987 -0.656385461746304 -0.621837457135714 -0.587289451844839 -0.552741445860661 -0.518193439177482 -0.483645431778537 -0.449097423656281 -0.414549414851109 -0.380001405426012 -0.345453395486409 -0.310905385148328 -0.27635737452119 -0.241809363687995 -0.207261352702793 -0.17271334153025 -0.138165330117517 -0.10361731843108 -0.0690693064637312 -0.0345212942941734 2.67179774155939e-05
-1.05280861891964 -1.0090948556124 -0.965425668885017 -0.921900956425129 -0.878621172262352 -0.835678364085118 -0.793130397875122 -0.751032781251862 -0.709465770092786 -0.668496860482618 -0.628117761077252 -0.58830123367537 -0.549038839637475 -0.510397338571338 -0.472454818803396 -0.435259485287485 -0.398857928197026 -0.363320161956383 -0.328686504442777 -0.294855063093893 -0.261688392737532 -0.229018318965793 -0.196553750427966 -0.164012931141609 -0.131274363540166 -0.0982881416166231 -0.0651304671862571 -0.0318979078228404 0.00135761368816812 0.0345953357583879
-0.963978252676936 -0.932401387374993 -0.90082452206442 -0.869247656759044 -0.837670791314599 -0.806093925536908 -0.774517059190243 -0.742940192053627 -0.711363324006635 -0.679786454918709 -0.648209584518201 -0.616632712498194 -0.585055838570434 -0.553478962521334 -0.521902084212395 -0.490325203730822 -0.458748321269367 -0.427171437217277 -0.39559455196341 -0.364017665698576 -0.332440778564073 -0.300863890689132 -0.269287002154722 -0.237710113061682 -0.206133223638591 -0.174556334110811 -0.142979444563095 -0.111402555037732 -0.0798256655477572 -0.0482487760988934
-1.02360578792587 -0.987514377980309 -0.951422967929711 -0.915331557643023 -0.879240146948182 -0.843148735650503 -0.80705732350583 -0.770965910269688 -0.734874495745804 -0.698783079800429 -0.662691662501718 -0.626600243968301 -0.590508824326266 -0.554417403731544 -0.518325982349966 -0.482234560357135 -0.446143137933104 -0.41005171526596 -0.373960292524432 -0.337868869791783 -0.301777447129913 -0.265686024593396 -0.229594602207509 -0.193503179963391 -0.157411757744914 -0.121320335442693 -0.0852289130815712 -0.0491374907133675 -0.0130460683635654 0.0230453539489347
-0.990571189985755 -0.955501138674425 -0.920431087323989 -0.885361035871899 -0.850290984248149 -0.815220932394661 -0.780150880308534 -0.745080827994061 -0.710010775429135 -0.674940722606063 -0.639870669601202 -0.604800616511923 -0.569730563442674 -0.534660510526213 -0.499590457872577 -0.464520405472605 -0.429450353288212 -0.394380301284816 -0.359310249449872 -0.324240197855478 -0.289170146594895 -0.254100095780901 -0.219030045604347 -0.183959996216212 -0.148889947529916 -0.113819899398345 -0.0787498516698012 -0.0436798042038528 -0.00860975690971157 0.0264602902910002
1.06075523226474 1.02152251800567 0.982316764622246 0.943164266303951 0.904087009464755 0.865108275089142 0.826260830219197 0.787575060719327 0.749062341685636 0.710729251609095 0.672582193328448 0.634627525769382 0.596872941522184 0.559331467835551 0.522012563882622 0.484906081875901 0.447999878346609 0.411293434061438 0.3747855818101 0.338460938238886 0.302300565958235 0.266289245083976 0.230426625753501 0.194711288065512 0.159122661942378 0.123631343765936 0.0881917459322353 0.052762318868904 0.0173338491156733 -0.0180947927596998
-1.05580387504123 -1.01618720567104 -0.976632124829133 -0.937193882710541 -0.897911412731427 -0.858816499700533 -0.819928650775733 -0.781262388769397 -0.742824576762712 -0.704618171045699 -0.666638160474887 -0.62887754204843 -0.591334750127964 -0.554029968529043 -0.516979569049285 -0.480162925960651 -0.443559188826126 -0.407183605898454 -0.371052813597405 -0.335152902321093 -0.299462325962215 -0.263958448719719 -0.228614276017544 -0.193404916115522 -0.158318247392058 -0.123342204357737 -0.0884521759332809 -0.053621616824454 -0.0188287904670476 0.0159468375206403
-0.985741276334324 -0.95170300511598 -0.917647938109511 -0.883564421011119 -0.849449816743515 -0.815305175146983 -0.781137276505598 -0.746961325333324 -0.71282049261987 -0.678760568087002 -0.644809849908956 -0.610992263373085 -0.577334900791292 -0.543877522573688 -0.510662913002187 -0.477733283747737 -0.445121506906299 -0.412823668884861 -0.380827122149023 -0.34912106908779 -0.317695174571023 -0.286534872405721 -0.255608672147446 -0.224884107796376 -0.194341735382598 -0.163959796691287 -0.133694254498075 -0.103500135662867 -0.0733510023922205 -0.0432250507293513
-1.00071370155832 -0.966336337319298 -0.931958973151021 -0.897581609143253 -0.863204245344046 -0.828826881776851 -0.794449518408423 -0.760072155200232 -0.725694792149297 -0.691317429278659 -0.656940066679878 -0.622562704461645 -0.58818534272774 -0.553807981562304 -0.519430621032577 -0.485053261157829 -0.450675901969242 -0.416298543593607 -0.38192118616507 -0.347543829751578 -0.313166474404532 -0.278789120144035 -0.24441176686502 -0.21003441441462 -0.175657062573958 -0.141279711123931 -0.106902359910538 -0.0725250088150796 -0.0381476577949523 -0.00377030682657529
-0.998776483540299 -0.963558332486336 -0.928356003777691 -0.893187183192656 -0.858078829849452 -0.823059206298156 -0.788152515476329 -0.753384172652206 -0.718788502029227 -0.684392855058772 -0.650187783248777 -0.616154638121314 -0.582275652262021 -0.548536582510786 -0.514925785272657 -0.481438490959052 -0.448072862352697 -0.414831917715192 -0.38171718867792 -0.348719404872538 -0.315826595430772 -0.283026211659852 -0.250303393569014 -0.217644113062621 -0.185039980923525 -0.152480624112366 -0.119942095422455 -0.0874020893943831 -0.0548584417251802 -0.0223140234009886
-1.04284152196262 -1.00817481749547 -0.973524514970805 -0.938913187399094 -0.904337851888605 -0.869793220168799 -0.835290338356076 -0.800830644311973 -0.76636080849164 -0.731815214688598 -0.697133867456237 -0.662258176537915 -0.627123124136184 -0.591637982290365 -0.555719686651931 -0.519341537484193 -0.482501773497481 -0.445242022578394 -0.407602126599207 -0.369571394198667 -0.331126500707135 -0.292230396488028 -0.25279113203699 -0.212732480154182 -0.172096002725623 -0.130957377735762 -0.089410958476912 -0.0475570647767812 -0.00550120729679367 0.0366498055931979
-1.05823992049494 -1.02092620026435 -0.983612480003081 -0.946298759667901 -0.90898503925333 -0.871671318763013 -0.834357598199374 -0.797043877548363 -0.759730156731252 -0.722416435682833 -0.685102714456655 -0.647788993135955 -0.61047527181724 -0.573161550650097 -0.535847829808181 -0.498534109508351 -0.461220389966206 -0.423906671349125 -0.386592953782736 -0.3492792372739 -0.311965521799785 -0.27465180731358 -0.237338093672563 -0.200024380724305 -0.162710668373466 -0.125396956519234 -0.0880832449818218 -0.0507695335851596 -0.0134558222470199 0.0238578890913639
-0.977619081080253 -0.944683670842026 -0.91174826051327 -0.878812849969101 -0.84587743914234 -0.812942028014107 -0.780006616701002 -0.747071205353193 -0.714135794119636 -0.681200383126179 -0.64826497240745 -0.615329561975275 -0.582394151832768 -0.549458741948197 -0.516523332307899 -0.483587923005332 -0.450652514147123 -0.417717105785445 -0.384781697948954 -0.351846290626668 -0.318910883797696 -0.285975477408047 -0.253040071271327 -0.220104665180925 -0.187169258981768 -0.154233852560862 -0.121298445922014 -0.0883630391003837 -0.055427632139768 -0.0224922250861204
-1.07188752365784 -1.03538577809315 -0.998884032466708 -0.962382286696638 -0.925880540680493 -0.889378794320246 -0.852877047556098 -0.816375300377543 -0.779873552933013 -0.743371805373781 -0.706870057703542 -0.670368309889095 -0.63386656189838 -0.597364813703903 -0.560863065270762 -0.524361316529838 -0.487859567416773 -0.451357817920449 -0.414856068048441 -0.378354317829837 -0.341852567299104 -0.305350816470955 -0.268849065281082 -0.232347313660365 -0.195845561599443 -0.159343809109235 -0.122842056222014 -0.0863403029894354 -0.049838549519329 -0.013336795933569
-0.947018139263144 -0.912464068756975 -0.877909998192691 -0.843355927492966 -0.808801856576906 -0.774247785383512 -0.739693713934931 -0.705139642263753 -0.670585570361192 -0.636031498219259 -0.601477425874515 -0.566923353374663 -0.532369280756276 -0.49781520801141 -0.463261135111056 -0.428707061986456 -0.394152988554822 -0.359598914717006 -0.325044840377786 -0.290490765474023 -0.255936689950596 -0.221382613788374 -0.186828537112192 -0.152274460070075 -0.117720382758842 -0.0831663052603346 -0.0486122276477031 -0.0140581499841194 0.0204959276984626 0.0550500053758937
-1.05350113795782 -1.01599206675872 -0.978482995749128 -0.940973925072084 -0.903464854916057 -0.865955785528392 -0.828446717346526 -0.790937650775209 -0.753428585898344 -0.715919522757745 -0.678410461547723 -0.640901402500712 -0.603392345902695 -0.565883292253852 -0.528374242027245 -0.490865195373253 -0.453356152316568 -0.415847112701794 -0.378338076281616 -0.34082904262112 -0.303320011238488 -0.265810981739807 -0.228301954082771 -0.190792928247744 -0.153283903954157 -0.115774880853412 -0.0782658585857292 -0.0407568368251929 -0.00324781539253308 0.0342612058548592
-1.02896032131473 -0.989900457730307 -0.950466186053095 -0.910408136163113 -0.869317532488017 -0.826974882393441 -0.784077230449276 -0.741554148870181 -0.700348783245618 -0.66129896528734 -0.624807697821458 -0.591169276452673 -0.56046048308991 -0.531888044858988 -0.504645063544652 -0.478740194350464 -0.453955713839004 -0.428352830590119 -0.399893421177244 -0.367863102130894 -0.331878424970853 -0.291781415449518 -0.248315996249737 -0.202414539446025 -0.154861317749119 -0.106406808086949 -0.0578144036200075 -0.00966267396239169 0.0382220216899326 0.0862013767455326
1.04843603496717 1.01286053540422 0.977285035744575 0.941709535874794 0.906134035661753 0.870558534971474 0.834983033686215 0.799407531682072 0.763832028794252 0.728256524883253 0.69268101995162 0.657105514037405 0.621530007183271 0.585954499450305 0.550378990910624 0.514803481662044 0.479227971821343 0.443652461555451 0.408076951018143 0.372501440260403 0.336925929307519 0.301350418169802 0.265774906797641 0.230199395150903 0.194623883287264 0.159048371267804 0.123472859069407 0.0878973466648737 0.05232183409487 0.0167463214170259
-1.04520999456476 -1.00795476360175 -0.97069953259161 -0.93344430142277 -0.896189069929665 -0.858933837941273 -0.821678605318776 -0.784423371932555 -0.747168137657588 -0.709912902401645 -0.672657666199072 -0.635402429115856 -0.598147191203662 -0.560891952456844 -0.523636712863678 -0.486381472445412 -0.449126231234085 -0.411870989271916 -0.374615746594065 -0.337360503197271 -0.300105259068663 -0.262850014184023 -0.225594768473723 -0.188339521878836 -0.151084274428652 -0.113829026210628 -0.0765737774566759 -0.0393185284083038 -0.00206327920094286 0.0351919700564944
-0.923461140209242 -0.910469890764096 -0.895789938473818 -0.878929751401785 -0.860043739490748 -0.839688937282846 -0.819386935838391 -0.800283872320296 -0.781059511783697 -0.759500929228477 -0.732290811541275 -0.695835748580415 -0.647652989655003 -0.589702421877259 -0.525428122391779 -0.459768290669547 -0.398277422520039 -0.347481076780311 -0.312041322472048 -0.288195206327867 -0.270073519508119 -0.252734181198514 -0.234943622686207 -0.216011950230399 -0.193715457877028 -0.16603410301555 -0.133296308622735 -0.0964706246145608 -0.0567376430765134 -0.0153309666364546
-0.967164946338331 -0.939081993289471 -0.910844205922914 -0.882383847180408 -0.853696702741512 -0.824766136467389 -0.795462302207789 -0.765608000436101 -0.734949828131683 -0.703262506227686 -0.670509454966455 -0.636701269417639 -0.601888627030295 -0.566282534771136 -0.530126055702176 -0.493630147748994 -0.456978098309603 -0.420274617808187 -0.383598328164195 -0.347002074251973 -0.310532256684588 -0.274240676022595 -0.238200732616492 -0.202485279011689 -0.167143376743295 -0.132196957911343 -0.0975832278858567 -0.0632188480533826 -0.0290230305965444 0.00508437460301338
-1.01876174933005 -0.984515747812275 -0.950269746336617 -0.916023744932693 -0.881777743610959 -0.847531742371343 -0.813285741190832 -0.77903974003971 -0.744793738884378 -0.710547737699015 -0.676301736492767 -0.642055735283528 -0.607809734080533 -0.573563732858395 -0.539317731609926 -0.505071730435364 -0.470825729424088 -0.436579728514622 -0.402333727621538 -0.368087726714462 -0.333841725776783 -0.299595724802272 -0.265349723826226 -0.231103722902764 -0.196857722119777 -0.162611721548482 -0.128365721159648 -0.0941197208995279 -0.0598737207167859 -0.0256277205606855
-1.01647516383418 -0.986619207089721 -0.956726712890678 -0.92677734293839 -0.896692578033311 -0.866379146408118 -0.835742946925221 -0.804691289697474 -0.773137959209769 -0.740989850361533 -0.708119825338315 -0.674392238147194 -0.639654822077699 -0.603688827549153 -0.566299202383797 -0.527452166885718 -0.487202981609667 -0.445801795631173 -0.403521039230054 -0.360527378982475 -0.316961040538691 -0.272926213702629 -0.228382944892894 -0.183257954786865 -0.137488804482328 -0.0910514657412669 -0.0440647125620348 0.00332372267548029 0.0509930763016331 0.0988293268243392
-0.967602652115351 -0.933391800197578 -0.89918094836645 -0.864970096740801 -0.830759245375447 -0.796548394295048 -0.762337543467655 -0.728126692858834 -0.69391584248082 -0.659704992351619 -0.625494142465667 -0.591283292811508 -0.557072443403644 -0.522861594360421 -0.48865074578368 -0.45443989760542 -0.420229049733054 -0.386018202145499 -0.351807354824266 -0.317596507689738 -0.283385660647016 -0.24917481362316 -0.214963966633072 -0.180753119698659 -0.146542272782024 -0.112331425835234 -0.0781205788300173 -0.0439097317502787 -0.00969888460894486 0.0245119625738011
-1.15578316349685 -0.857979386163032 -0.936536571587353 -0.918848956301921 -0.839496312341803 -0.823619259925945 -0.851416276505856 -0.872149199337392 -0.856275447661238 -0.789812503898632 -0.699822521208205 -0.623628820432935 -0.586167402160798 -0.562824985959763 -0.520893134782403 -0.444832066139714 -0.340519627659995 -0.282335532882312 -0.328035175071056 -0.40037480048113 -0.388360868615069 -0.239341649875041 -0.134032658261761 -0.225067926250659 -0.319388316617486 -0.219267671694332 -0.0540049217383281 0.0113273765642049 -0.00441275126475479 -0.0363846341511555
-0.983277033660548 -0.949409276503578 -0.915541519309802 -0.881673762041721 -0.847806004599704 -0.813938246863437 -0.780070488691994 -0.746202729966275 -0.712334970675085 -0.678467210833687 -0.644599450455249 -0.610731689552417 -0.576863928133278 -0.542996166187693 -0.509128403716984 -0.475260640786549 -0.441392877477165 -0.407525113867036 -0.373657350001103 -0.339789585793827 -0.305921821127048 -0.272054055887025 -0.238186289977683 -0.20431852332698 -0.170450755941325 -0.136582987859829 -0.102715219173958 -0.0688474500007737 -0.0349796805073643 -0.00111191087332566
-0.98876376695481 -0.956167073658157 -0.923570380263912 -0.890973686709252 -0.858376992995991 -0.825780299172242 -0.793183605406694 -0.760586911881591 -0.727990218712852 -0.695393525986506 -0.662796833735383 -0.630200141979007 -0.597603450741472 -0.56500676006515 -0.532410069986548 -0.499813380500442 -0.467216691597687 -0.434620003295177 -0.402023315612925 -0.369426628557363 -0.336829942131529 -0.304233256344407 -0.271636571228759 -0.239039886801063 -0.206443202988886 -0.173846519680181 -0.141249836693371 -0.10865315384949 -0.0760564710495304 -0.0434597882144776
-1.00552661237524 -0.970692939111244 -0.935859265763436 -0.901025592241679 -0.866191918452827 -0.831358244316112 -0.796524569803291 -0.761690894884255 -0.726857219468921 -0.692023543455772 -0.657189866757549 -0.622356189290556 -0.587522510972264 -0.552688831724826 -0.517855151487953 -0.483021470266905 -0.448187788096541 -0.413354105064543 -0.378520421254068 -0.34368673667734 -0.30885305132885 -0.274019365233356 -0.239185678536685 -0.20435199143172 -0.169518304178511 -0.134684617025215 -0.0998509301052552 -0.0650172434869486 -0.0301835570929179 0.00465012919063805
-0.986654978598464 -0.951906889216899 -0.917162546137277 -0.882428227640095 -0.847708711497372 -0.813011841319887 -0.778359224581969 -0.74377846947434 -0.70930742318976 -0.674982823771418 -0.64082673366219 -0.606857546404868 -0.573089364868146 -0.53951912922431 -0.506140349300286 -0.47294997623797 -0.439941775238201 -0.407093326422611 -0.374376058887292 -0.341752982705374 -0.309185003194248 -0.276639692155828 -0.244111287330117 -0.211597811703876 -0.179085763312819 -0.146561780752735 -0.114024589810791 -0.0814766303721692 -0.0489231115227499 -0.016369934648587
-0.933422680134851 -0.904170836207561 -0.874918992412813 -0.845667148830427 -0.816415305563866 -0.787163462715417 -0.757911620359001 -0.728659778551727 -0.699407937311806 -0.670156096625016 -0.640904256386284 -0.611652416467827 -0.58240057675848 -0.553148737213573 -0.523896897795294 -0.494645058426773 -0.465393219025617 -0.436141379526378 -0.406889539857221 -0.377637699903834 -0.348385859541283 -0.319134018644058 -0.289882177084353 -0.260630334765122 -0.231378491714665 -0.20212664801169 -0.172874803811192 -0.143622959277625 -0.114371114536986 -0.0851192697056566
-1.0642706871027 -1.0239341596254 -0.983620454997014 -0.943366627677475 -0.903236134939651 -0.86329158272885 -0.823565768867205 -0.784084823972134 -0.744878017965376 -0.705966903323405 -0.667339023437314 -0.62897341942685 -0.590851342696661 -0.552962885790988 -0.515296685139234 -0.477826711571851 -0.440526136264559 -0.403379597373103 -0.366381291891773 -0.329552185189012 -0.292919934726804 -0.256500053427649 -0.220259476056129 -0.184149844239684 -0.148110205215118 -0.112082383483993 -0.0760319069975662 -0.039937969428192 -0.00381072388293397 0.0323319366724679
-0.990114174015536 -0.95682895650246 -0.923543738949666 -0.890258521296406 -0.856973303596188 -0.823688085940187 -0.790402868455994 -0.757117651239649 -0.723832434224561 -0.690547217312528 -0.657262000441527 -0.623976783558581 -0.590691566616922 -0.557406349594639 -0.524121132489792 -0.490835915355494 -0.457550698238933 -0.424265481108555 -0.390980263901317 -0.357695046506954 -0.324409828803396 -0.291124610708758 -0.257839392301884 -0.224554173695979 -0.191268954980961 -0.157983736252042 -0.124698517648892 -0.0914132992831273 -0.0581280811096842 -0.0248428630443287
-0.984761829150447 -0.975458854348808 -0.961376699064544 -0.93700672430847 -0.899475818302927 -0.848106021746807 -0.788364458033704 -0.727598015021811 -0.674527555733006 -0.636114832299881 -0.61091117813416 -0.595365321967358 -0.585128308791313 -0.572660448639178 -0.551305900246735 -0.521134952118977 -0.485040661809956 -0.450481033300757 -0.423397078447308 -0.39909689417788 -0.370230348688833 -0.331730748197565 -0.287665151005638 -0.243162119299667 -0.198462478722327 -0.152976738359995 -0.107681877617817 -0.063692928472479 -0.0211106628680731 0.020217712259457
-1.03670323853457 -1.00099854364964 -0.965293848865366 -0.929589154244401 -0.893884459738723 -0.858179765283117 -0.82247507085426 -0.78677037641349 -0.751065681818871 -0.715360986935468 -0.679656291759613 -0.643951596320449 -0.608246900653385 -0.57254220481887 -0.536837508876022 -0.501132812853589 -0.465428116793661 -0.429723420822076 -0.394018725062118 -0.358314029543098 -0.322609334270835 -0.286904639244122 -0.251199944433649 -0.215495249791265 -0.179790555221554 -0.144085860621685 -0.108381165906415 -0.0726764710188502 -0.0369717759978893 -0.00126708090637889
-1.03982882947222 -1.00424329642991 -0.968657763609602 -0.933072231202208 -0.897486699298032 -0.861901167955198 -0.826315637203718 -0.790730107074687 -0.755144577631649 -0.719559048934292 -0.683973520994456 -0.648387993812016 -0.612802467369918 -0.577216941583401 -0.541631416384221 -0.50604589183793 -0.470460368027242 -0.434874844969721 -0.399289322658869 -0.363703801057088 -0.328118280119002 -0.292532759804687 -0.256947240096032 -0.221361720954827 -0.185776202240677 -0.150190683794025 -0.114605165480865 -0.0790196471924884 -0.0434341288958329 -0.0078486105767455
-0.987095832044798 -0.953388377665123 -0.919680923360037 -0.88597346922222 -0.852266015408761 -0.818558562080021 -0.784851109345028 -0.75114365728852 -0.717436205949416 -0.683728755305345 -0.650021305134585 -0.616313855165578 -0.582606405131785 -0.548898954786733 -0.515191503910948 -0.481484052372873 -0.447776600070154 -0.414069146929346 -0.380361692903407 -0.346654238022024 -0.312946782334065 -0.279239325865993 -0.245531868554658 -0.211824410323161 -0.178116951129235 -0.144409490981393 -0.110702030056648 -0.0769945685748073 -0.0432871067583515 -0.00957964483043109
-1.02452303538154 -0.989597699942307 -0.954672364672654 -0.919747029754481 -0.884821695385902 -0.849896361768355 -0.814971029100382 -0.780045697544259 -0.745120367120115 -0.710195037798252 -0.675269709491815 -0.640344382099662 -0.60541905552658 -0.570493729701077 -0.535568404547796 -0.500643079952215 -0.465717755808274 -0.43079243208293 -0.395867108768025 -0.360941785881907 -0.326016463449555 -0.291091141479777 -0.256165819916702 -0.221240498688048 -0.186315177720559 -0.151389856950411 -0.116464536352481 -0.0815392159050379 -0.0466138955612361 -0.0116885752679484
-0.998346935850025 -0.962272555039058 -0.926174322589156 -0.890041053411431 -0.85388033767357 -0.817706037089325 -0.781538324300141 -0.745395042615224 -0.709278407087146 -0.673190386289209 -0.637147591134288 -0.601170293120152 -0.565277995362767 -0.529487127450896 -0.493815664876606 -0.458290840272373 -0.422937921649407 -0.38776506139345 -0.352773563184386 -0.317954451504134 -0.283296181035121 -0.248787723871555 -0.214420121754767 -0.180184610446912 -0.146071132146326 -0.112067885090978 -0.078157385241185 -0.0443193588960091 -0.0105280559871445 0.023243642645557
-0.991556049602924 -0.964634566039045 -0.939370742793709 -0.915573831436952 -0.888471333684076 -0.853258289939474 -0.809581645218613 -0.759159914031788 -0.707545984257508 -0.6605089000153 -0.62084795702055 -0.590620013887609 -0.571058267418517 -0.560101267166071 -0.553431667819197 -0.54100319186056 -0.514085882371238 -0.474943997032197 -0.427917735311556 -0.374656849226154 -0.316138478930013 -0.254070641905484 -0.193084864948244 -0.138369332137404 -0.0944153473724717 -0.0645911666570399 -0.0484697345906455 -0.0443546638705864 -0.0492675509892614 -0.0599094883878449
-1.00267050893974 -0.967505816704217 -0.932341124470892 -0.897176432255593 -0.862011740207283 -0.826847048501671 -0.791682357288316 -0.75651766671002 -0.72135297690869 -0.686188288031368 -0.651023600246516 -0.615858913727951 -0.580694228637114 -0.545529545085942 -0.510364863134691 -0.475200182686381 -0.440035503597912 -0.404870825698908 -0.369706148798319 -0.334541472649663 -0.299376796992599 -0.264212121553143 -0.229047446002744 -0.193882770034875 -0.158718093485678 -0.123553416282109 -0.0883887385717182 -0.0532240605422731 -0.0180593823218212 0.0171052959765205
-1.051276077966 -1.01476758737932 -0.978257357104885 -0.941743792849385 -0.90522486935634 -0.868698453273947 -0.832162409832279 -0.795614494103657 -0.759052021947542 -0.722472454302901 -0.685874271639587 -0.649256209310178 -0.612617459201901 -0.575959039340591 -0.539282083303493 -0.50258636073487 -0.465871562078288 -0.429138424907486 -0.392387955130527 -0.355621184862599 -0.318839152770668 -0.282043273840991 -0.24523646833698 -0.208421717364534 -0.171600740122335 -0.134775060547888 -0.0979466834412 -0.0611175230621423 -0.0242886506475469 0.012539073321514
-1.04007176549783 -1.00198242629073 -0.963893087188429 -0.925803748266143 -0.887714409566325 -0.849625071122259 -0.811535732963368 -0.77344639512718 -0.735357057687528 -0.697267720705696 -0.659178384156486 -0.621089047993077 -0.58299971213724 -0.544910376385119 -0.506821040521333 -0.468731704410026 -0.430642367947398 -0.392553031078338 -0.354463693768231 -0.316374356015741 -0.278285017827855 -0.240195679212642 -0.202106340182491 -0.164017000760468 -0.125927661008016 -0.0878383210104127 -0.0497489809098999 -0.011659640839495 0.0264296991616528 0.0645190390778611
-0.990186469785242 -0.956878621924597 -0.923570774109131 -0.890262926426449 -0.856955078979214 -0.823647231828744 -0.790339384855936 -0.757031537950354 -0.723723691216657 -0.69041584483745 -0.65710799909202 -0.62380015428382 -0.590492310681915 -0.557184468417804 -0.523876627587369 -0.490568788281577 -0.457260950566178 -0.423953114410954 -0.390645279749672 -0.357337446468025 -0.324029614439687 -0.290721783564934 -0.257413953850452 -0.224106125289125 -0.190798297712225 -0.157490470904714 -0.124182644627932 -0.090874818662406 -0.0575669928890361 -0.0242591672138168
-0.997540243285094 -0.964055954147328 -0.930571665024911 -0.897087375935571 -0.863603086891343 -0.830118797886413 -0.796634508849261 -0.763150219709863 -0.72966593046988 -0.696181641133804 -0.66269735164575 -0.629213061934745 -0.595728771928559 -0.562244481549962 -0.52876019073157 -0.495275899450401 -0.461791607694418 -0.428307315450971 -0.394823022731485 -0.361338729644305 -0.327854436322007 -0.294370142856732 -0.260885849178889 -0.227401555188913 -0.19391726082909 -0.160432966060077 -0.126948670874163 -0.0934643752950172 -0.0599800794401799 -0.0264957834506619
-0.998189871041482 -0.964035289837011 -0.929880708660401 -0.895726127539964 -0.861571546456552 -0.82741696537054 -0.793262384207848 -0.759107802869322 -0.724953221189977 -0.690798639007539 -0.656644056236417 -0.622489472810192 -0.588334888657482 -0.554180303687053 -0.520025717843269 -0.485871131232727 -0.451716543989482 -0.417561956195167 -0.383407367918638 -0.349252779230039 -0.315098190199837 -0.28094360089831 -0.24678901139498 -0.212634421782163 -0.178479832244117 -0.14432524295069 -0.110170653922149 -0.0760160651269338 -0.0418614764757444 -0.00770688786484757
0.950749451566089 0.91953498309847 0.888320514794581 0.857106046739576 0.825891578903083 0.79467711124838 0.76346264382887 0.732248176700382 0.701033709838322 0.669819243185725 0.638604776636561 0.607390310072532 0.576175843392211 0.54496137656165 0.51374690957778 0.482532442493558 0.451317975349025 0.420103508076523 0.38888904058952 0.35767457283368 0.326460104762719 0.295245636342074 0.264031167584069 0.232816698500775 0.201602229056339 0.170387759235834 0.139173289155944 0.107958818951968 0.0767443487020294 0.0455298784699596
-1.00364238781752 -0.969082862508671 -0.934523337188048 -0.899963811870333 -0.865404286595346 -0.830844761434098 -0.796285236557222 -0.761725712144875 -0.727166188315699 -0.692606665164002 -0.658047142748255 -0.623487621117978 -0.588928100333874 -0.554368580501409 -0.5198090616985 -0.485249543848124 -0.450690026795727 -0.416130510231562 -0.381570993836595 -0.347011477409829 -0.312451960779773 -0.277892443795534 -0.243332926388582 -0.208773408503232 -0.174213890052788 -0.139654370980903 -0.105094851383629 -0.0705353313985586 -0.0359758111770395 -0.00141629087385727
-1.00881216133897 -0.974301579616748 -0.939790997793552 -0.905280415819013 -0.870769833727722 -0.836259251597202 -0.801748669591748 -0.767238087873173 -0.73272750650658 -0.698216925528104 -0.663706344954697 -0.629195764798521 -0.594685185084518 -0.56017460588877 -0.525664027296894 -0.491153449381502 -0.45664287219536 -0.422132295724828 -0.387621719937193 -0.353111144789851 -0.318600570237726 -0.284089996224322 -0.249579422647473 -0.215068849395752 -0.180558276366354 -0.14604770346013 -0.111537130583902 -0.0770265576604158 -0.0425159846701342 -0.00800541160794719
-1.04668231103701 -1.00977595446168 -0.972869597854286 -0.935963241145119 -0.899056884258939 -0.86215052714182 -0.825244169830642 -0.78833781236878 -0.751431454734795 -0.714525096895851 -0.677618738838348 -0.6407123805535 -0.603806022042891 -0.566899663349601 -0.529993304506801 -0.493086945466526 -0.456180586144116 -0.419274226389262 -0.382367866049269 -0.345461505027538 -0.308555143241495 -0.271648780645942 -0.234742417345166 -0.197836053468614 -0.160929689096857 -0.124023324303821 -0.0871169591857358 -0.0502105938406166 -0.0133042283513205 0.0236021372030845
-1.04625752688095 -1.01072194299083 -0.975186358990578 -0.939650774778873 -0.904115190366443 -0.86857960579136 -0.833044021089043 -0.797508436294774 -0.761972851445934 -0.726437266585058 -0.690901681773215 -0.655366097076107 -0.61983051254154 -0.584294928145747 -0.548759343836301 -0.513223759517704 -0.477688175125246 -0.442152590760425 -0.406617006556755 -0.371081422609618 -0.33554583900486 -0.300010255801319 -0.264474672949794 -0.228939090373616 -0.193403507994261 -0.157867925751557 -0.122332343660607 -0.0867967617387458 -0.0512611799369923 -0.0157255981897837
-1.03527218547828 -0.99880161339678 -0.96233104137669 -0.925860469442917 -0.889389897485281 -0.852919325380182 -0.816448753085445 -0.7799781805313 -0.743507607456201 -0.707037033566696 -0.670566458633498 -0.634095882443359 -0.597625304799519 -0.56115472557115 -0.524684144540887 -0.488213561079267 -0.451742974560039 -0.415272384781898 -0.378801791717744 -0.34233119561234 -0.305860596778417 -0.269389995518907 -0.232919392097536 -0.196448786799792 -0.159978180037406 -0.123507572216238 -0.0870369635924469 -0.050566354377155 -0.014095744751042 0.022374865112822
-0.918419216751217 -0.90228190801313 -0.893616996515526 -0.897502570173945 -0.905016418755933 -0.904300362453919 -0.885752641307841 -0.842210299334288 -0.774009176608922 -0.685785545047127 -0.5918786078641 -0.509053301099988 -0.449978116695154 -0.410935770190824 -0.38516049677735 -0.370078386640743 -0.362669995291292 -0.353941884540762 -0.335340069702125 -0.306042373791711 -0.26715957175169 -0.221719917563254 -0.180421581363682 -0.15268628541298 -0.135160044305975 -0.121996320363373 -0.110154074474571 -0.0973020973486584 -0.0811430004048076 -0.0593878502397114
-0.985348262920445 -0.952654690513584 -0.919961118217344 -0.887267546124316 -0.854573974386797 -0.821880403149728 -0.789186832468923 -0.756493262359255 -0.723799692760938 -0.691106123627182 -0.658412555037809 -0.625718987104294 -0.593025419944633 -0.560331853702901 -0.527638288495666 -0.494944724303395 -0.462251161059861 -0.429557598648164 -0.396864036956998 -0.364170475948104 -0.331476915601481 -0.298783355886937 -0.266089796733498 -0.233396238039765 -0.200702679623408 -0.168009121300592 -0.135315562962379 -0.102622004540243 -0.0699284460524181 -0.0372348875388269
-1.02153636972989 -0.9854681822735 -0.949399994623235 -0.913331806607665 -0.87726361808356 -0.841195428958761 -0.805127239317182 -0.769059049262025 -0.732990858797575 -0.696922667894185 -0.660854476485402 -0.624786284495571 -0.588718091847163 -0.552649898455144 -0.5165817042246 -0.480513509028596 -0.444445312749333 -0.408377115337581 -0.372308916775342 -0.336240717100999 -0.300172516367023 -0.264104314640861 -0.228036112049855 -0.191967908745142 -0.155899704913162 -0.119831500750398 -0.0837632964582152 -0.0476950922013104 -0.0116268879928242 0.0244413161919924
1.00437928013994 0.969014763901447 0.933673855517206 0.898379930264155 0.863162990413724 0.828054293128614 0.793083488142137 0.758277582087328 0.723654616625515 0.689234333345962 0.655052238521385 0.621147779595364 0.587551318252774 0.554256873143655 0.521243817190092 0.488469283437159 0.455894026679397 0.42351552858623 0.391337352281905 0.359350659835112 0.327543513050645 0.295899325255859 0.264382915868348 0.232961466875344 0.201630204452404 0.170391066893749 0.139244796779952 0.108186716785412 0.0771916656735058 0.0462293612298504
1.04984728027291 1.01062355048188 0.971754905175137 0.933637906963893 0.896014462484223 0.858450183914135 0.820460161574562 0.781518334808117 0.740984560901223 0.698489035653515 0.654857390973669 0.611214117797622 0.568812242946485 0.529418936782067 0.494529886095577 0.464040699855146 0.43731612898207 0.413197570033393 0.390484056640204 0.368328525094034 0.345972387351524 0.322551970695588 0.296783263714225 0.26762563227071 0.235432290024339 0.200870500426604 0.164469878301762 0.126705034621556 0.0879682135749058 0.0486310676550264
1.0300808159578 0.945405301787385 0.869428340724539 0.813384902237504 0.782067358662614 0.775844712900646 0.783835087242062 0.792225840996353 0.786732162159433 0.757031901059017 0.709125728663589 0.653095021101827 0.59793882185771 0.548326843836433 0.50673723524241 0.471211216055729 0.439251224660677 0.410641501282682 0.384766594911736 0.357130487754947 0.322267020323705 0.277719863755641 0.233072011693356 0.197930825363176 0.169961813821376 0.144492676123475 0.119441723492028 0.093793244041987 0.0682048212908455 0.0437523626067324
1.03040169750201 0.994363771614221 0.958325856746968 0.922288009299116 0.886250248957513 0.85021255772608 0.814174803589071 0.778136752015822 0.742097872435686 0.70605761748566 0.670015668673312 0.633971764723855 0.597925664859514 0.561877210290579 0.525826246538936 0.489772554384787 0.453715927146384 0.417656273035853 0.381593632787283 0.345528462328754 0.309461321386839 0.273392767098788 0.237323346244546 0.201253574282548 0.165183851742502 0.129114498350302 0.0930456255453447 0.0569772476890992 0.020909199117838 -0.0151587308384658
-1.02740448801695 -0.991677698354732 -0.955950908744273 -0.920224119239523 -0.884497329865348 -0.84877054062654 -0.813043751476678 -0.777316962296836 -0.741590172729283 -0.705863382394975 -0.670136591068446 -0.634409798562618 -0.598683004730919 -0.562956209588787 -0.527229413200613 -0.491502615664603 -0.455775817088192 -0.420049017581935 -0.384322217251192 -0.348595416177425 -0.312868614436119 -0.27714181210008 -0.241415009231378 -0.205688205897313 -0.169961402196827 -0.134234598217845 -0.0985077939725819 -0.0627809894656575 -0.0270541847470117 0.00867262012208489
-0.979810266769643 -0.946423534322489 -0.913036801740139 -0.879650068871999 -0.846263335602775 -0.81287660182973 -0.779489867465084 -0.746103132420488 -0.712716396590383 -0.679329659891618 -0.64594292234788 -0.612556184009566 -0.579169444964019 -0.545782705446357 -0.512395965704578 -0.479009225890401 -0.4456224861399 -0.412235746622848 -0.378849007489281 -0.345462268776618 -0.312075530494117 -0.278688792602258 -0.245302054866393 -0.211915317031079 -0.178528578952807 -0.145141840545701 -0.111755101842473 -0.0783683629100277 -0.0449816238334411 -0.0115948847023343
-1.0041058578211 -0.969532674685347 -0.934959491595017 -0.900386308577966 -0.865813125673583 -0.831239942931753 -0.796666760432789 -0.762093578269526 -0.727520396554426 -0.692947215375945 -0.658374034706867 -0.623800854491059 -0.589227674691836 -0.554654495350292 -0.520081316524701 -0.485508138264248 -0.450934960592877 -0.416361783442653 -0.381788606735965 -0.34721543044838 -0.312642254568761 -0.278069079092136 -0.243495904038198 -0.208922729419357 -0.174349555194213 -0.13977638130629 -0.10520320769261 -0.0706300342866023 -0.0360568610138237 -0.0014836877978647
1.00843610837504 0.97233800815913 0.936239907976514 0.900141807848037 0.864043707765195 0.827945607685909 0.79184750746312 0.755749406948207 0.719651306091276 0.683553204867625 0.647455103254596 0.611357001230044 0.575258898760852 0.539160795770036 0.503062692207353 0.466964588173407 0.43086648381228 0.394768379291122 0.358670274783385 0.322572170464666 0.2864740665111 0.250375963083925 0.21427786028479 0.178179758174164 0.142081656707361 0.105983555783297 0.0698854551804305 0.0337873546800197 -0.00231074580501972 -0.0384088463288584
