-1.01780503707161 -0.982568231481138 -0.94733142590549 -0.912094620378049 -0.876857814996153 -0.841621009894907 -0.806384205296531 -0.771147401432215 -0.735910598481945 -0.700673796578407 -0.66543699571631 -0.630200195855868 -0.594963396945257 -0.559726598884504 -0.524489801551304 -0.489253004782164 -0.454016208430623 -0.418779412459539 -0.383542616856217 -0.348305821596435 -0.313069026653087 -0.277832232000367 -0.242595437617663 -0.20735864348832 -0.172121849606322 -0.136885055964161 -0.101648262537723 -0.0664114692926316 -0.0311746761700561 0.00406211689494539
-0.987478901292995 -0.959305335793925 -0.931307630894857 -0.90333705017679 -0.874438245288034 -0.84344146994312 -0.809125998054168 -0.770673914829506 -0.728929530464728 -0.685084911081792 -0.640060921520858 -0.594710626301634 -0.549849056480871 -0.50613910926349 -0.464021633978246 -0.42320142230106 -0.383569547917521 -0.346498270204727 -0.31342436687911 -0.284561503322945 -0.259817566834967 -0.238730759931284 -0.219360545997493 -0.199650481360216 -0.178559233240667 -0.155306891967089 -0.129144129401258 -0.0996798286712053 -0.0679251364364538 -0.0352417652394008
-0.994119662379977 -0.959947558263462 -0.92577545413021 -0.891603349986284 -0.857431245870107 -0.823259141798118 -0.789087037666471 -0.754914933372603 -0.720742828939366 -0.686570724423934 -0.652398619895354 -0.618226515425642 -0.584054411079716 -0.54988230689411 -0.515710202877315 -0.481538098954071 -0.44736599503867 -0.413193891087376 -0.379021787079832 -0.344849683047215 -0.310677579033586 -0.276505475089729 -0.242333371293329 -0.208161267716896 -0.173989164385352 -0.13981706132256 -0.105644958595733 -0.0714728562494789 -0.0373007541946424 -0.00312865230862598
-1.00993703220301 -0.974681013229813 -0.939424994312486 -0.904168975545604 -0.868912957007348 -0.833656938769209 -0.798400920892321 -0.763144903428237 -0.727888886400533 -0.692632869801666 -0.657376853527586 -0.622120837450112 -0.586864821449387 -0.551608805438847 -0.516352789340383 -0.481096773076432 -0.445840756555268 -0.410584739627978 -0.375328722151066 -0.3400727040599 -0.304816685309566 -0.26956066589313 -0.234304645955591 -0.199048625648902 -0.163792605000907 -0.128536584000985 -0.0932805626087559 -0.0580245408073495 -0.0227685187036807 0.0124875035643892
-0.979712711818066 -0.9460237735448 -0.912334835244132 -0.878645896865773 -0.844956958388524 -0.811268019819164 -0.777579081247305 -0.743890142799085 -0.710201204663917 -0.676512267016518 -0.642823329909527 -0.609134393365065 -0.575445457407469 -0.541756522069942 -0.508067587386612 -0.474378653386458 -0.440689720086491 -0.407000787460996 -0.373311855468711 -0.339622924048894 -0.305933993135934 -0.272245062674066 -0.238556132646906 -0.204867203035737 -0.171178273773126 -0.137489344774077 -0.10380041593207 -0.070111487151841 -0.0364225584046643 -0.00273362967845018
-0.965374483020842 -0.965599348815453 -0.96177754669889 -0.947800923991549 -0.921122808598843 -0.88089750377773 -0.829521733606306 -0.771503096969975 -0.716550271162209 -0.673578955746374 -0.643131860957334 -0.623658449697831 -0.612462857540928 -0.602267910740984 -0.585739134389513 -0.559894158245354 -0.523269137034565 -0.476122220684729 -0.420692854451145 -0.365423669698421 -0.320308094318495 -0.292544122427823 -0.278148013040936 -0.269146111720928 -0.252786845327061 -0.218236876938745 -0.167113733219828 -0.103884483183475 -0.0319635016557024 0.0454980100842624
-1.04566171124468 -1.00616542196069 -0.966698374610942 -0.927312488730781 -0.888098723346654 -0.849155353769036 -0.810570880953405 -0.772414076819697 -0.734684571500673 -0.697365509783993 -0.660443236864088 -0.623904898037084 -0.587744065896808 -0.551980022227906 -0.51662456718481 -0.481633865210264 -0.446956925402873 -0.412569771196344 -0.378441109703694 -0.344483368420078 -0.310594904936183 -0.276688190632641 -0.242732152049853 -0.208710752571394 -0.174611647793749 -0.140427310711222 -0.106165791696459 -0.0718424396109057 -0.0374862198928583 -0.00312950212482462
-0.970894562940173 -0.937830036272593 -0.904765509521181 -0.871700982598003 -0.838636455402571 -0.805571927845167 -0.772507399891731 -0.739442871534263 -0.706378342813336 -0.673313813763515 -0.640249284346745 -0.607184754506816 -0.574120224196385 -0.541055693403569 -0.507991162129517 -0.474926630392027 -0.441862098205348 -0.408797565552878 -0.375733032426143 -0.342668498880031 -0.309603964985272 -0.276539430815248 -0.243474896453947 -0.210410361965147 -0.177345827321167 -0.144281292467876 -0.111216757336805 -0.0781522218867206 -0.0450876861996692 -0.012023150388519
-1.01757240714835 -0.983462875587397 -0.949353344114581 -0.915243812794886 -0.881134281680185 -0.847024750798718 -0.812915220097297 -0.778805689493844 -0.744696158872144 -0.710586628118057 -0.676477097159878 -0.642367565936508 -0.608258034399976 -0.574148502554803 -0.540038970410901 -0.505929437947243 -0.471819905099884 -0.437710371664119 -0.403600837438001 -0.369491302371353 -0.33538176645194 -0.301272229693279 -0.267162692211879 -0.233053154150965 -0.198943615657623 -0.164834076878699 -0.130724537956241 -0.0966149990128228 -0.0625054600979188 -0.0283959212427291
0.973007149437471 0.859407360054605 0.823999416728909 0.87388605731519 0.905604805150342 0.829774588009125 0.723905165935641 0.679213446137727 0.674854092208783 0.668753261691275 0.645985331538366 0.598411733555897 0.526547678438994 0.46552349243995 0.450129068139427 0.479177447874411 0.530815299489409 0.5365006431027 0.445163569139331 0.322311096977665 0.262594478234386 0.317040715093273 0.362179812006463 0.284656012653978 0.186067515359016 0.175586920756221 0.177730484082841 0.110638707755668 0.0516054283070688 0.117712815798305
-0.989101963322167 -0.960550354762254 -0.932049008567991 -0.90352376668323 -0.874733336590496 -0.845453299208016 -0.815693863658151 -0.7855004731829 -0.754824879298681 -0.723537270668452 -0.691275276266909 -0.657618385146685 -0.622190079324478 -0.584789812673254 -0.54539645977286 -0.5045306061744 -0.462792078900267 -0.420555959886743 -0.3781368340761 -0.3358320435207 -0.293934619550421 -0.252777484476734 -0.212853124537465 -0.174662563019152 -0.138581407476804 -0.104786216167246 -0.072782765886093 -0.0419540149405797 -0.011862429145638 0.0178846488068759
-0.998994791648925 -0.964824861900434 -0.93065493218303 -0.896485002525464 -0.862315073036004 -0.828145143845423 -0.79397521509502 -0.759805286923389 -0.725635359447787 -0.691465432782553 -0.657295507051703 -0.62312558238167 -0.588955658853653 -0.554785736367905 -0.520615814785247 -0.486445893989702 -0.452275973863582 -0.418106054259145 -0.383936135033638 -0.349766216094302 -0.315596297360878 -0.281426378758369 -0.247256460232823 -0.213086541737712 -0.178916623235149 -0.144746704696735 -0.110576786123388 -0.0764068675227759 -0.0422369489002556 -0.00806703026060851
-0.984676786388951 -0.950099859653797 -0.915522932898202 -0.880946006101531 -0.846369079201714 -0.811792152134441 -0.777215224867902 -0.742638297374372 -0.70806136961 -0.673484441522193 -0.63890751303953 -0.604330584085883 -0.569753654594206 -0.535176724533773 -0.500599793869583 -0.466022862513202 -0.431445930368052 -0.396868997358393 -0.36229206344918 -0.327715128747304 -0.293138193395141 -0.25856125753977 -0.22398432134709 -0.189407384958848 -0.154830448401359 -0.120253511671339 -0.0856765747625256 -0.051099637678927 -0.0165227004685943 0.01805423680941
-0.938425019770154 -0.907004887807678 -0.875584755844744 -0.844164623793185 -0.812744491493713 -0.781324358798192 -0.749904225674216 -0.718484092109582 -0.687063958057169 -0.655643823476814 -0.624223688391105 -0.592803552838318 -0.5613834168479 -0.529963280413992 -0.498543143531447 -0.46712300623329 -0.435702868574825 -0.404282730662307 -0.372862592600509 -0.34144245443732 -0.310022316206411 -0.278602177944886 -0.247182039703588 -0.215761901537302 -0.184341763502836 -0.152921625634645 -0.121501487875756 -0.0900813501570539 -0.0586612124523026 -0.0272410747459841
1.00447239690719 0.969956740809107 0.935441084763246 0.900925428803464 0.866409772885257 0.831894116946267 0.797378460931085 0.762862804798582 0.728347148557794 0.693831492216869 0.659315835730239 0.624800179038908 0.59028452210763 0.555768864996158 0.521253207792711 0.486737550604372 0.452221893554227 0.41770623681049 0.383190580519057 0.348674924691424 0.314159269305486 0.279643614350766 0.245127959863308 0.210612305867231 0.176096652292446 0.141580999045409 0.107065346032996 0.0725496931731521 0.0380340404276938 0.00351838776940631
-0.981025411376712 -0.947776950246043 -0.914530721637035 -0.881276304957333 -0.848010043000582 -0.814732804251655 -0.781456796574334 -0.748186993394126 -0.714888091004523 -0.681518182516224 -0.648049225440754 -0.614456643389847 -0.580706791128835 -0.546729748037443 -0.512448382737009 -0.477792996200938 -0.442705648421249 -0.407168003112374 -0.371180101407732 -0.334775890394296 -0.297997793647428 -0.26088499148713 -0.223463691211958 -0.185764095640188 -0.147845362690423 -0.109773796358714 -0.0716153298505686 -0.0334244700235029 0.00478961086640925 0.0430290742134537
-0.993302028429251 -0.96092855420663 -0.928546641296521 -0.896140920769827 -0.863654258047589 -0.831027447283188 -0.798234763209208 -0.765256823930344 -0.732066140460532 -0.698640854428621 -0.664989737013876 -0.631129216783168 -0.597072965495385 -0.562823627677473 -0.528376397556351 -0.493707695390742 -0.458782813994416 -0.423541310369508 -0.387928159578158 -0.351935744734144 -0.315568300964156 -0.278842543912796 -0.241825111296314 -0.204592422278743 -0.167210099743593 -0.129734235634497 -0.0921935944160974 -0.0546092733848979 -0.0169990286438318 0.0206202190025596
-1.04501965845847 -1.00661449914119 -0.968209339893928 -0.929804180768976 -0.891399021730977 -0.852993862703103 -0.814588703530303 -0.776183544063332 -0.737778384254411 -0.699373224092529 -0.660968063612305 -0.62256290285976 -0.58415774185823 -0.545752580540299 -0.507347418816627 -0.468942256600932 -0.430537093813662 -0.392131930399123 -0.353726766321329 -0.315321601599269 -0.276916436265673 -0.238511270347662 -0.200106103849917 -0.161700936782665 -0.123295769200766 -0.0848906011780086 -0.0464854328192571 -0.00808026423586669 0.0303249044659266 0.0687300731811667
-1.0435531157196 -1.00333606732438 -0.963040072986434 -0.923050080454592 -0.883765018017738 -0.845480171394106 -0.80806227547923 -0.771528999261506 -0.73693029892346 -0.705179059429164 -0.675607593674722 -0.647153071539247 -0.6191976565751 -0.59290348702763 -0.568650612448704 -0.541910752923255 -0.507768406403224 -0.464667511775506 -0.412676261278622 -0.355000419622642 -0.295630144635525 -0.238802378061908 -0.189741197313159 -0.152630150638471 -0.126503533971623 -0.109009324550712 -0.0973994771465355 -0.0890664615997941 -0.0823608304981194 -0.075872657115875
-0.995742860699852 -0.962722999487074 -0.929703138303087 -0.896683277199093 -0.863663416212037 -0.830643555359969 -0.797623694599599 -0.76460383388121 -0.73158397319071 -0.698564112535894 -0.665544251976474 -0.63252439158514 -0.599504531444914 -0.566484671680135 -0.533464812413592 -0.500444953720538 -0.467425095662895 -0.434405238296782 -0.401385381655703 -0.36836552568849 -0.335345670322812 -0.302325815481093 -0.269305961064795 -0.236286106961876 -0.203266253027258 -0.170246399133217 -0.137226545254498 -0.104206691391857 -0.0711868375476396 -0.0381669837245902
-0.946426800742483 -0.91508361891077 -0.883740437057912 -0.85239725523794 -0.821054073520715 -0.789710891966123 -0.758367710578309 -0.727024529365322 -0.695681348406567 -0.664338167794104 -0.632994987599266 -0.601651807888206 -0.570308628706554 -0.538965450017864 -0.507622271776556 -0.476279093982602 -0.444935916629726 -0.413592739641091 -0.382249562922485 -0.350906386380737 -0.319563209922935 -0.28822003346446 -0.256876856953846 -0.225533680350636 -0.194190503625239 -0.162847326762539 -0.131504149794452 -0.10016097276042 -0.06881779568296 -0.0374746185803554
-0.965983366398521 -0.932535204264304 -0.899087042123511 -0.865638879947831 -0.832190717614299 -0.798742554984901 -0.765294391956075 -0.731846228452384 -0.698398064476446 -0.664949900061596 -0.63150173528599 -0.598053570238991 -0.564605404999091 -0.531157239601307 -0.49770907405473 -0.46426090830822 -0.430812742343192 -0.397364576331516 -0.36391641046417 -0.330468244818128 -0.297020079441864 -0.263571914374704 -0.230123749619392 -0.196675585148299 -0.163227420848883 -0.129779256594304 -0.0963310922854497 -0.0628829278500049 -0.0294347632951255 0.00401340135216489
-1.03104963254183 -0.993885353642047 -0.956721074811591 -0.919556796116974 -0.882392517600375 -0.845228239300849 -0.808063961269278 -0.770899683528463 -0.733735405977063 -0.696571128499154 -0.659406851044643 -0.622242573579891 -0.585078296089787 -0.547914018633329 -0.510749741289552 -0.473585464143527 -0.436421187270361 -0.399256910699269 -0.362092634443256 -0.324928358496385 -0.287764082847981 -0.25059980748013 -0.213435532345939 -0.176271257397073 -0.139106982608377 -0.101942707965973 -0.0647784334778836 -0.0276141591433052 0.009550115095793 0.0467143893117476
-1.0339638133628 -0.998026047790634 -0.962088282254907 -0.926150516783881 -0.89021275138739 -0.854274986046312 -0.818337220644121 -0.782399455080918 -0.746461689420709 -0.71052392376814 -0.674586158226504 -0.638648392898756 -0.602710627872259 -0.566772863172019 -0.530835098798884 -0.494897334719422 -0.458959570879949 -0.423021807180047 -0.387084043505289 -0.351146279731941 -0.31520851573394 -0.279270751399588 -0.243332986674623 -0.20739522152626 -0.171457455950153 -0.135519689945169 -0.0995819234945777 -0.0636441566072764 -0.0277063894102756 0.00823137793988658
-1.0668760182915 -1.02929554663737 -0.991715074964451 -0.954134603293225 -0.916554131731233 -0.878973660391111 -0.841393189318833 -0.803812718553272 -0.766232248171557 -0.728651778222669 -0.691071308604768 -0.653490839178305 -0.615910369811974 -0.578329900407433 -0.540749430895738 -0.503168961292563 -0.465588491622729 -0.428008021863025 -0.390427551976883 -0.35284708192234 -0.315266611656087 -0.277686141141575 -0.240105670369313 -0.202525199331643 -0.164944728001191 -0.127364256360415 -0.0897837844508137 -0.0522033123344852 -0.0146228400968622 0.0229576321707882
-0.978000059673814 -0.94500282023711 -0.912005580759028 -0.879008341184703 -0.846011101424376 -0.813013861390802 -0.780016621041685 -0.747019380338006 -0.714022139208905 -0.681024897588813 -0.648027655465156 -0.615030412838606 -0.582033169697653 -0.549035925982045 -0.516038681643229 -0.483041436728177 -0.450044191312066 -0.41704694548736 -0.384049699353242 -0.351052453018495 -0.318055206594296 -0.285057960189731 -0.252060713905504 -0.219063467817468 -0.186066221910458 -0.153068976124724 -0.120071730313227 -0.0870744843429267 -0.0540772382240874 -0.0210799920027984
-0.967656103550198 -0.935368203814423 -0.903080304200036 -0.870792404829207 -0.838504505834107 -0.806216607348535 -0.773928709502785 -0.741640812438582 -0.709352916346883 -0.677065021394836 -0.644777127605135 -0.612489234964359 -0.580201343435492 -0.547913452887142 -0.515625563172589 -0.483337674178174 -0.451049785771606 -0.418761897713001 -0.386474009748497 -0.354186121675928 -0.321898233306048 -0.289610344496938 -0.257322455295971 -0.225034565808053 -0.192746676178924 -0.160458786542107 -0.128170896941428 -0.095883007395943 -0.0635951179153407 -0.0313072285069651
-1.02991485274587 -0.993373263705526 -0.956831674712819 -0.920290085783744 -0.883748496949427 -0.847206908261263 -0.810665319836586 -0.774123731787209 -0.73758214413693 -0.701040556863838 -0.664498969851221 -0.627957382958667 -0.591415796069097 -0.554874209158775 -0.518332622222587 -0.481791035236582 -0.44524944817914 -0.408707861056829 -0.372166273871075 -0.335624686574577 -0.299083099107851 -0.262541511413316 -0.225999923441011 -0.189458335153613 -0.152916746556728 -0.11637515767107 -0.0798335685348538 -0.0432919791986208 -0.00675038974471158 0.0297911997365835
-0.962174041883458 -0.859343442863269 -0.800678798490177 -0.808359098491704 -0.835124206034924 -0.830905194265253 -0.80383710280193 -0.771424341670568 -0.730444836048465 -0.676931198826863 -0.624661278601085 -0.591849232892474 -0.589204929806985 -0.597421079789011 -0.591044475051049 -0.550055392539561 -0.468668206683822 -0.392600197110382 -0.363577553957268 -0.355859204211138 -0.32683725907081 -0.250644914786389 -0.168379707813121 -0.123249520403527 -0.0999392777940835 -0.0776155810232398 -0.0718946913533761 -0.0991951290016962 -0.142694789780765 -0.177261413401987
-1.04292158970091 -1.00213454903108 -0.961414456868048 -0.920791852205832 -0.880242942154995 -0.839754874395443 -0.799412890767941 -0.759327266116188 -0.719610313134757 -0.68036221821433 -0.641632624679132 -0.603458540086778 -0.565842948329017 -0.528652738634157 -0.491772109301469 -0.455290589577541 -0.419337448424678 -0.383995582720736 -0.349330150671547 -0.315381727879324 -0.282184744295371 -0.249765295692971 -0.218116141133326 -0.187219212866538 -0.157046472610405 -0.127547599096147 -0.0985931096409857 -0.0700332714871358 -0.0417165129907778 -0.0134908027865836
0.956833372642378 0.933298848804898 0.909644055766707 0.885748939963209 0.86150584127679 0.836769797868551 0.811234247567461 0.784592213087452 0.756696657014433 0.727465941351978 0.696920085902315 0.665104524917338 0.63206328172145 0.597834735929095 0.562486587069451 0.52620945804061 0.489186525159386 0.451448255048582 0.412975730797347 0.373705211054232 0.333561748357639 0.292496110044356 0.250561922644711 0.207851949757509 0.164512644061924 0.120697832543813 0.0765371503354002 0.0321489096327038 -0.0123696772594546 -0.0569266730090516
-1.05854589746471 -1.01490071981596 -0.971251603365522 -0.927444882123856 -0.883319519250235 -0.838841952132209 -0.794495885921629 -0.75091653585141 -0.70882788971443 -0.668857156365803 -0.631155656349637 -0.59575573813229 -0.562567607064724 -0.531012896036332 -0.500481946365111 -0.470728505545052 -0.441566462586521 -0.412686866389396 -0.383742931456188 -0.354359374810418 -0.32415378910586 -0.292770832656856 -0.259963426420021 -0.225644275343838 -0.190256957702 -0.154306432734184 -0.118012310218817 -0.0814954714503501 -0.0447672332485802 -0.00781152131464216
-0.974022387509038 -0.942331346271866 -0.910640305209701 -0.878949264463141 -0.84725822390043 -0.815567183319588 -0.783876142510098 -0.752185101288303 -0.720494059586531 -0.688803017347918 -0.657111974442853 -0.625420930723539 -0.593729886022623 -0.562038840094541 -0.530347792712974 -0.498656743806801 -0.46696569336263 -0.43527464144279 -0.403583588124416 -0.371892533468162 -0.340201477530559 -0.308510420370629 -0.276819362057345 -0.245128302702295 -0.213437242577584 -0.181746181989966 -0.150055121224282 -0.118364060512287 -0.0866729998953085 -0.0549819393670703
-1.00304200123979 -0.968289435942825 -0.933536870612925 -0.898784305224518 -0.864031739800891 -0.829279174372402 -0.794526608948825 -0.759774043537173 -0.725021478153983 -0.690268912801919 -0.65551634741863 -0.620763781925512 -0.586011216240449 -0.551258650267288 -0.516506083944188 -0.481753517360604 -0.447000950624415 -0.4122483837659 -0.377495816790781 -0.342743249684159 -0.307990682425976 -0.273238115003174 -0.238485547430679 -0.203732979734348 -0.168980411955768 -0.134227844137452 -0.0994752763098813 -0.064722708497395 -0.0299701407117994 0.00478242703823312
0.999328062066614 0.96391294537286 0.928497828605884 0.89308271171352 0.85766759472443 0.822252477689119 0.786837360664634 0.751422243695279 0.716007126767837 0.680592009862688 0.645176892992114 0.609761776176373 0.574346659425336 0.538931542707338 0.503516425976263 0.468101309169742 0.432686192223869 0.397271075084849 0.361855957721071 0.326440840179543 0.291025722526926 0.255610604839086 0.220195487228686 0.184780369793554 0.149365252535356 0.113950135425685 0.078535018412011 0.0431199014433723 0.00770478449921081 -0.0277103324334307
-1.02974782948681 -0.992527386201761 -0.955306942931441 -0.918086499673518 -0.880866056408436 -0.843645613128844 -0.806425169893448 -0.769204726789246 -0.731984283950345 -0.69476384149526 -0.657543399433024 -0.620322957745298 -0.583102516390609 -0.545882075234949 -0.508661634101595 -0.471441192735501 -0.434220750900179 -0.397000308511675 -0.359779865539063 -0.322559422010991 -0.285338977971 -0.248118533456477 -0.210898088480192 -0.17367764306122 -0.136457197268471 -0.0992367511798808 -0.0620163048596644 -0.0247958583701671 0.0124245882200176 0.0496450348407342
-0.968598990118413 -0.926987150696011 -0.88579429886672 -0.846379967474768 -0.809694018532741 -0.776472678523025 -0.747007302638822 -0.721401564832122 -0.699453285379246 -0.680493847664671 -0.662294741181201 -0.642237481948715 -0.617871114727079 -0.587414799236085 -0.549821626833028 -0.506310300465257 -0.45891654216268 -0.410678538695361 -0.364490987252201 -0.321672161957292 -0.283146231168524 -0.249287498696862 -0.21827081016558 -0.18819814398566 -0.159079467906623 -0.131179684501002 -0.103875446294847 -0.0765671670535818 -0.0496385555465962 -0.0237191442942731
-0.879686139549762 -0.97250280221518 -0.94968584293928 -0.819164268729944 -0.729468869795832 -0.799714790603257 -0.890752809448341 -0.852351589138936 -0.748215696699986 -0.673479936472937 -0.635064157848171 -0.617834471478298 -0.605588657664146 -0.577851175299405 -0.522939840508815 -0.468619219748476 -0.443127668571334 -0.437151948586382 -0.432425544277462 -0.412420425571765 -0.361043183757322 -0.277076877914685 -0.218810438294499 -0.230713778546431 -0.242474874746148 -0.184401900458115 -0.104065756775987 -0.0600560228050439 -0.0377742621678662 -0.00432503461635968
-1.00570432267886 -0.971159070366193 -0.936613818110666 -0.902068565977334 -0.867523313993797 -0.832978062198681 -0.798432810712141 -0.763887559667591 -0.729342309169935 -0.69479705931553 -0.660251810195062 -0.625706561897802 -0.591161314491302 -0.556616067956249 -0.522070822244032 -0.487525577275698 -0.452980332939353 -0.418435089021659 -0.383889845313942 -0.349344601727619 -0.314799358204126 -0.280254114706634 -0.24570887128525 -0.211163628014737 -0.176618384981559 -0.14207314225908 -0.107527899856566 -0.0729826577486176 -0.0384374158352748 -0.00389217399793877
-1.02656993738532 -0.990896250926129 -0.955222564452797 -0.919548877978359 -0.883875191498137 -0.848201504988553 -0.81252781836814 -0.776854131554653 -0.741180444520631 -0.705506757255786 -0.669833069763748 -0.634159382051625 -0.598485694083894 -0.562812005654518 -0.527138316540784 -0.491464626623793 -0.455790935835569 -0.420117244208028 -0.384443551788019 -0.348769858582245 -0.313096164587367 -0.277422469816464 -0.241748774348273 -0.206075078294294 -0.170401381831432 -0.13472768513287 -0.0990539882914899 -0.063380291374271 -0.0277065944248739 0.0079671025188699
-0.982362153545372 -0.975486877696988 -0.964547959995619 -0.944836735134165 -0.912167932411629 -0.864258859065705 -0.805913739482744 -0.74344002592703 -0.682071165025896 -0.626649293045779 -0.581525310446464 -0.550927308736075 -0.537026534426916 -0.533766854048019 -0.533580768936596 -0.531082699645845 -0.521330680467149 -0.498975281428643 -0.460609451186482 -0.411003117172174 -0.356970451511063 -0.304312247569528 -0.254775783678084 -0.209529765829283 -0.171482125699679 -0.142103855473444 -0.115378963681193 -0.0847415573462336 -0.0489131211161822 -0.00793698404473338
-0.968486000585661 -0.93629010619872 -0.904094211789658 -0.871898317467601 -0.839702423564609 -0.807506530435242 -0.775310638301119 -0.743114747357982 -0.710918857831025 -0.678722969931642 -0.64652708378658 -0.614331199501421 -0.582135317124544 -0.549939436475496 -0.51774355730917 -0.485547679350671 -0.45335180236805 -0.421155926330932 -0.388960051225311 -0.356764176901077 -0.324568303174089 -0.292372429866586 -0.260176556826308 -0.227980683921014 -0.195784811073046 -0.163588938223108 -0.131393065330775 -0.0991971923663359 -0.0670013193240584 -0.0348054462042035
-0.992943185757644 -0.959034885683245 -0.925126585674325 -0.891218285774314 -0.857309985988218 -0.823401686291551 -0.789493386580283 -0.755585086764461 -0.721676786889983 -0.687768487024903 -0.653860187190051 -0.619951887394449 -0.586043587623752 -0.55213528777015 -0.51822698772357 -0.48431868745837 -0.450410386973268 -0.416502086279998 -0.38259378536407 -0.348685484093056 -0.314777182305048 -0.28086887987269 -0.246960576806841 -0.213052273164347 -0.179143969047791 -0.14523566456738 -0.111327359818078 -0.0774190548832157 -0.043510749814841 -0.00960244465717978
1.0150404686929 0.982533765600348 0.950013566742916 0.917446760543267 0.884783130605997 0.851968983414471 0.818953821785173 0.785685403251905 0.752101307884615 0.718146531851547 0.683805913177991 0.649074250353497 0.613945410507521 0.578409535329152 0.542458272038218 0.50609301541787 0.469318975647066 0.432146876924645 0.394591400015686 0.356677537930337 0.318432861740012 0.279894947874002 0.241141394193094 0.202255962260627 0.163307047018644 0.124354010356441 0.0854354485736012 0.0465758878261142 0.00776433928528236 -0.0310190646237627
-0.97927397017183 -0.946019751757141 -0.912765533314882 -0.879511314808871 -0.846257096165354 -0.813002877348572 -0.779748658512298 -0.746494439875756 -0.713240221730441 -0.679986004341651 -0.646731787797635 -0.613477572142375 -0.580223357385721 -0.546969143400982 -0.513714930021404 -0.480460717056518 -0.447206504338428 -0.413952291813236 -0.380698079464789 -0.347443867313901 -0.314189655390627 -0.280935443718948 -0.247681232298538 -0.214427021109572 -0.181172810078534 -0.147918599120924 -0.114664388162003 -0.0814101771421797 -0.0481559660527007 -0.0149017548975216
-0.986815463649519 -0.953524168859129 -0.920232874053233 -0.886941579199611 -0.853650284260546 -0.820358989202967 -0.787067694017865 -0.753776398715692 -0.720485103360658 -0.687193808020593 -0.653902512724038 -0.620611217489711 -0.587319922331543 -0.554028627244309 -0.52073733222276 -0.487446037280693 -0.454154742421665 -0.420863447589214 -0.387572152727526 -0.354280857843391 -0.320989562959248 -0.287698268097413 -0.254406973279706 -0.221115678528679 -0.187824383870302 -0.154533089327644 -0.121241794908761 -0.0879505006129205 -0.0546592064192489 -0.0213679123018375
-0.974450675116554 -0.938958260100599 -0.903101421525701 -0.866845505651159 -0.830568364981283 -0.794723438428339 -0.759654004291396 -0.725662296188247 -0.692996529624793 -0.661824794374172 -0.632048695390379 -0.603503216422622 -0.575974327938168 -0.549051947276523 -0.522260670943802 -0.495059865240331 -0.466850648762079 -0.436866379493399 -0.40443593304812 -0.369438016169611 -0.331888793383626 -0.291864320942707 -0.249680222006553 -0.205787572673863 -0.160939693892156 -0.115960897599073 -0.0716572148439047 -0.0286283642557039 0.0133329043290846 0.0546355832721677
-0.971416595645535 -0.938695022575086 -0.905973449607952 -0.873251876865932 -0.840530304435005 -0.807808732392498 -0.775087160816961 -0.742365589785544 -0.709644019368596 -0.676922449612171 -0.644200880471957 -0.61147931188105 -0.578757743763628 -0.546036176008199 -0.513314608506391 -0.480593041197963 -0.44787147405273 -0.415149907112591 -0.382428340435479 -0.349706774071388 -0.316985208068323 -0.284263642446838 -0.251542077117672 -0.218820511978141 -0.186098946981706 -0.153377382087547 -0.12065581722158 -0.0879342523186294 -0.0552126873824138 -0.022491122433875
-1.14918461252073 -1.00596028072501 -0.911401457034778 -0.84829658166102 -0.82537367197225 -0.844202669539477 -0.851781635586178 -0.804260822554215 -0.74897112810652 -0.738170839890468 -0.75264716027013 -0.755319520288748 -0.717791139691163 -0.646400393028586 -0.560740468900985 -0.498688657296954 -0.484180955244601 -0.467104086541456 -0.398512948697814 -0.308184407305621 -0.245575819977235 -0.240699559339547 -0.245788058077584 -0.209820287452502 -0.146541312971834 -0.0869873960887297 -0.0665934877924226 -0.103663309378351 -0.143576973830681 -0.113483692055762
-1.06407188007864 -1.01472438492444 -0.967121407809317 -0.922025686119689 -0.878714817851046 -0.836190349372242 -0.793834759936477 -0.751359346656765 -0.709409745201026 -0.668793588081165 -0.630032156630124 -0.593575144386105 -0.559561725941035 -0.526889000101754 -0.494079921616739 -0.459402944786106 -0.421563395284223 -0.381268584730805 -0.339848242108438 -0.299119779905813 -0.26102253148815 -0.227313610593521 -0.199021252451392 -0.176819462544504 -0.160694205877303 -0.150325871824276 -0.144860587718391 -0.143249310770671 -0.144196579745877 -0.146345328797206
-0.959311359769027 -0.927362032493618 -0.895412705161619 -0.863463377692318 -0.831514049888123 -0.799564721519554 -0.76761539234648 -0.735666062167185 -0.703716730944277 -0.671767398699352 -0.639818065525637 -0.607868731534267 -0.575919396843607 -0.543970061600954 -0.512020725933393 -0.480071389858238 -0.448122053385136 -0.416172716602813 -0.384223379610432 -0.35227404246982 -0.320324705233465 -0.288375367963347 -0.256426030759399 -0.224476693713175 -0.192527356844765 -0.160578020161158 -0.128628683688407 -0.0966793474371602 -0.0647300113373741 -0.0327806752988312
-0.998181045623414 -0.962819165457604 -0.927457285233515 -0.892095404969192 -0.856733524779174 -0.82137164481069 -0.786009765245255 -0.750647886236323 -0.715286007790811 -0.679924129894214 -0.644562252592863 -0.609200375948301 -0.573838500045346 -0.538476625061912 -0.503114751162988 -0.467752878368733 -0.432391006657005 -0.397029135981275 -0.361667266295446 -0.326305397579535 -0.290943529820084 -0.255581662992187 -0.220219797025125 -0.18485793183607 -0.149496067339567 -0.114134203437373 -0.0787723399827123 -0.0434104768271643 -0.00804861386426628 0.0273132490019556
-0.979162738818735 -0.943665385993472 -0.908168033242304 -0.872670680625834 -0.837173328107479 -0.801675975607758 -0.766178622972794 -0.730681270051077 -0.69518391677497 -0.659686563106841 -0.624189209045178 -0.588691854597504 -0.553194499795225 -0.517697144765288 -0.482199789655754 -0.4467024346036 -0.411205079735151 -0.375707725145216 -0.340210370925905 -0.304713017190072 -0.269215664055753 -0.233718311617157 -0.198220959873168 -0.162723608782556 -0.127226258238951 -0.0917289081190911 -0.0562315582973097 -0.0207342086580695 0.0147631408712422 0.0502604903525071
-1.05211350888336 -0.987057767876896 -0.925515638070919 -0.871117303957772 -0.825651887882049 -0.790471595855844 -0.767022030708999 -0.754604543022335 -0.743850077562849 -0.725331606017909 -0.6980606135702 -0.663158213776232 -0.622396317401938 -0.580150024050926 -0.540626509010093 -0.504758061461819 -0.472181076766158 -0.44062326109836 -0.408016942777453 -0.375021627882384 -0.342978616932073 -0.312662201589934 -0.28257863809733 -0.250182726958965 -0.210991481154943 -0.161731730666784 -0.105907361006262 -0.0482297167734645 0.00853707660850598 0.0621156985107959
-1.0146672271424 -0.979521982408259 -0.944376737551219 -0.909231492470521 -0.874086247279717 -0.838941002136494 -0.803795757160794 -0.768650512461032 -0.73350526813728 -0.698360024278286 -0.663214780935843 -0.628069538152504 -0.592924295946969 -0.557779054242537 -0.522633812965322 -0.487488572148119 -0.452343331845346 -0.417198092091229 -0.382052852904351 -0.346907614260924 -0.311762376126562 -0.276617138433934 -0.241471900983905 -0.206326663584256 -0.17118142620222 -0.136036188855929 -0.100890951607641 -0.0657457145081934 -0.0306004775185976 0.00454475942259238
1.02529010533635 0.989874390174286 0.954458674984453 0.919042959743163 0.883627244305016 0.84821152849431 0.812795812135862 0.777380095071296 0.741964377208945 0.706548658497641 0.671132938981478 0.635717218728374 0.600301497812134 0.564885776330138 0.52947005436622 0.494054331926449 0.458638608995963 0.423222885553908 0.387807161581091 0.35239143707095 0.316975712020082 0.281559986443702 0.246144260431498 0.210728534106042 0.17531280764696 0.139897081231325 0.10448135496894 0.0690656289252607 0.033649903055604 -0.00176582271224557
-0.923539305286993 -0.949086234482961 -0.966847399971812 -0.974288980526171 -0.965128651407897 -0.931954414019487 -0.86658407783675 -0.770059154549718 -0.681086156632005 -0.635447227714689 -0.619562035275123 -0.607509627752232 -0.575953682987849 -0.511896396435436 -0.415140742562599 -0.326354294281858 -0.285149968473916 -0.286057459447284 -0.310593256994675 -0.33330425541779 -0.326994950145577 -0.276027987019758 -0.210998613533155 -0.164966820760747 -0.13461897245506 -0.108867926582785 -0.0819061452897256 -0.0521042874475272 -0.0292661946520811 -0.0260540041803412
-1.02596821920942 -0.948267953753617 -0.880418299632457 -0.830180829068829 -0.795027109630226 -0.769964147873092 -0.750430710965061 -0.732022333357076 -0.710529858022134 -0.682824897890274 -0.64990683719766 -0.613807003006989 -0.577283150235544 -0.545998745218972 -0.524465895080269 -0.509685558673492 -0.495707019879619 -0.472284010956264 -0.430922293482459 -0.374431297946284 -0.308446372063083 -0.239749797791138 -0.179711594060492 -0.137126387989688 -0.105899502479523 -0.0779404570366769 -0.0520648618091165 -0.028863728924018 -0.00912358778410204 0.00632015288902458
-0.982754668204594 -0.953063473570664 -0.923368829010866 -0.893647851478047 -0.863769392440619 -0.833582093232274 -0.802962020132238 -0.771811201185113 -0.740108086551464 -0.707851462119594 -0.675045034572792 -0.641693740793094 -0.607790441655469 -0.573279694006616 -0.538122107212398 -0.502390804743594 -0.466178439197576 -0.429543265573161 -0.392521504039044 -0.35509563304199 -0.317234695598282 -0.278910471832741 -0.240105690304356 -0.200805521841988 -0.160993957919848 -0.120667606764224 -0.0798747229643643 -0.0386916677002281 0.00274441784834456 0.0442811975015441
-0.926102487969156 -0.905113112673126 -0.883643060759035 -0.861341053076304 -0.838073122983995 -0.813649526705202 -0.787440099409538 -0.758788735979506 -0.727375991202669 -0.693096844410455 -0.656367313204709 -0.617733674754876 -0.57777873578661 -0.5372314212504 -0.496788680212397 -0.456873439976581 -0.417796973579103 -0.379697958746966 -0.342712598667741 -0.307139793680419 -0.273319118411846 -0.241528727103348 -0.211801092454174 -0.184048611782118 -0.157949062421235 -0.133189715118239 -0.109730434254214 -0.0875162377976565 -0.0661601644323514 -0.0451922580209034
-1.02668079983393 -0.99023087686226 -0.953780953914214 -0.917331031051349 -0.880881108380833 -0.844431186011918 -0.807981264016575 -0.771531342421158 -0.735081421106843 -0.698631499940673 -0.662181578878342 -0.625731657897708 -0.589281736978338 -0.552831816106629 -0.516381895244656 -0.479931974250373 -0.44348205295999 -0.407032131226878 -0.370582208948252 -0.334132286179563 -0.297682363015819 -0.261232439567796 -0.224782516009344 -0.188332592508068 -0.151882669143537 -0.115432745958064 -0.0789828229329863 -0.0425329000310388 -0.00608297720152775 0.0303669456095985
-0.946858561632063 -0.949431081612431 -0.92794763285452 -0.872472289206408 -0.806826207990385 -0.759428252712907 -0.743331028142902 -0.760808119725708 -0.786383294349816 -0.793032056386291 -0.775286678693335 -0.733068626250933 -0.669574630392925 -0.60110248786857 -0.542894176583553 -0.492867333653855 -0.446342204554543 -0.405573808986747 -0.373179269409707 -0.346289345089027 -0.320663204491908 -0.291530000906041 -0.251998826901089 -0.197742086530146 -0.136805490498053 -0.08030117506357 -0.0392336720493977 -0.0203608816932303 -0.0135617823287984 -0.00449562181384178
-0.959453758745794 -0.927497780278834 -0.895541801689405 -0.863585822809038 -0.831629843525726 -0.799673863765159 -0.767717883547344 -0.735761902898431 -0.70380592177483 -0.671849940105314 -0.639893957777872 -0.607937974670293 -0.575981990690789 -0.544026005869262 -0.512070020260901 -0.480114033900355 -0.448158046841088 -0.416202059232357 -0.384246071232737 -0.352290082942273 -0.32033409444638 -0.288378105831127 -0.256422117185213 -0.224466128583359 -0.192510140041756 -0.160554151546398 -0.128598163021032 -0.0966421743935865 -0.0646861856709654 -0.0327301968798171
-0.926200929054266 -0.896594699275409 -0.866984591684018 -0.837367827155092 -0.807742045206681 -0.77810493434613 -0.748453960394889 -0.718786532297232 -0.689100054174615 -0.659392225276933 -0.629661930190664 -0.599908349836431 -0.57013052237751 -0.540326914947799 -0.510494603031642 -0.480625666544535 -0.450712196700673 -0.420751325477887 -0.390742144104184 -0.360686540044655 -0.330587099823659 -0.300447386231662 -0.270274867123545 -0.240077990355252 -0.209865218722547 -0.179644074067946 -0.14941829948115 -0.119190402518902 -0.0889617273589381 -0.0587333273342386
-1.00171307879932 -0.967995423185556 -0.9342777675653 -0.900560111938259 -0.866842456357771 -0.833124800899082 -0.799407145671449 -0.76568949075798 -0.731971836103179 -0.698254181637062 -0.664536527370285 -0.630818873333665 -0.597101219549291 -0.563383566004331 -0.529665912682971 -0.495948259592377 -0.462230606716493 -0.428512953923391 -0.394795301048144 -0.361077647909713 -0.327359994323029 -0.293642340136965 -0.25992468533616 -0.226207029947309 -0.192489374029553 -0.158771717673771 -0.125054061065334 -0.0913364043876864 -0.0576187477220741 -0.0239010911241948
-0.952230391663848 -0.926676597421311 -0.901004914479946 -0.875077554261903 -0.848781566479762 -0.822026997404809 -0.794791041252741 -0.767052901745749 -0.738732672687591 -0.709737563855424 -0.679982358838445 -0.649383734678861 -0.617859715400892 -0.585333712956817 -0.551749531479572 -0.517127155896679 -0.481511732586459 -0.444972872935856 -0.407590721346316 -0.369463089268681 -0.33069220491614 -0.291376920983868 -0.251602588094975 -0.211470238557474 -0.171157133491042 -0.130828941007841 -0.0905287283783059 -0.0502622211530118 -0.0100083788448331 0.0302605305427817
-0.924850714056801 -0.929950107226757 -0.930231407582445 -0.923489103311279 -0.909694954962518 -0.88888306066082 -0.859159596470581 -0.819051135968196 -0.770693764838291 -0.717066823478321 -0.660913159028795 -0.604916495315991 -0.551709905075063 -0.503723856676688 -0.463269743394075 -0.432385262475038 -0.411367764330959 -0.393826908052894 -0.372462307401571 -0.343021086136741 -0.302012245517914 -0.248259259756798 -0.189843494873897 -0.136123681492784 -0.0923101168405156 -0.0608903435500609 -0.0376093192745753 -0.0172541727291304 0.00247669814372033 0.0231570780945531
-1.05814250348922 -1.00890418529843 -0.959608000280049 -0.910308711653313 -0.861466712908997 -0.81366270381687 -0.767552978991166 -0.723800365643366 -0.683018226529457 -0.645736409901666 -0.612200170452658 -0.582583614485212 -0.556732198077144 -0.533176776406424 -0.51030250406441 -0.487226334195836 -0.463285964022261 -0.437970268519136 -0.410894214341809 -0.38202595711131 -0.35142194969009 -0.319147881699868 -0.285306389799435 -0.250122055051031 -0.214270289093604 -0.178426233869347 -0.14281312195671 -0.10748159800457 -0.0722438643072501 -0.0368525125704354
-1.02072610110934 -0.984514313561578 -0.948302526030196 -0.912090738585704 -0.875878951249831 -0.839667164011995 -0.803455376781168 -0.767243589462801 -0.731031802028726 -0.694820014426816 -0.658608226442743 -0.622396437821629 -0.586184648325537 -0.549972857784289 -0.51376106606892 -0.477549273147551 -0.441337479034638 -0.405125683832897 -0.368913887671506 -0.332702090697238 -0.29649029306126 -0.260278494905993 -0.224066696338857 -0.187854897469769 -0.151643098453631 -0.115431299434517 -0.0792195004682302 -0.0430077015769877 -0.00679590273694726 0.0294158960872487
-0.978536426471702 -0.944661770011341 -0.910787113584372 -0.876912457143168 -0.843037800598222 -0.809163143866561 -0.775288486933232 -0.741413829751815 -0.707539172082 -0.673664513657428 -0.639789854301424 -0.605915193859734 -0.572040532212999 -0.538165869381442 -0.504291205428937 -0.470416540454391 -0.436541874559775 -0.402667207824279 -0.368792540305953 -0.334917872001076 -0.301043202890482 -0.267168532966305 -0.233293862265864 -0.19941919085256 -0.165544518848925 -0.131669846378018 -0.0977951735058718 -0.06392050029774 -0.0300458268727641 0.00382884663644139
-1.08603325595193 -1.04712620525908 -1.00821915454415 -0.969312103825556 -0.930405053245374 -0.891498002956855 -0.852590953034375 -0.813683903540569 -0.774776854569992 -0.735869806212039 -0.696962758503532 -0.658055711468149 -0.619148665124025 -0.580241619467123 -0.541334574521909 -0.50242753044904 -0.463520487408394 -0.424613445420555 -0.385706404462236 -0.346799364473963 -0.307892325387212 -0.268985287130963 -0.230078249624211 -0.19117121277881 -0.15226417648805 -0.113357140626063 -0.0744501050089043 -0.0355430694650484 0.00336396606928398 0.0422710016309357
-0.943027798643797 -0.926839661594596 -0.910543767502921 -0.893562259414521 -0.874756895424698 -0.853035506637271 -0.828050601140575 -0.799704867899217 -0.768157042398375 -0.733673217309018 -0.696692867524716 -0.657698813494687 -0.617271179963172 -0.576379308854511 -0.53602181031141 -0.496925150169951 -0.459592889382781 -0.423909113675434 -0.389532730059896 -0.355841405921073 -0.3221424987371 -0.287962927502022 -0.253707857273516 -0.21998767786588 -0.18735543205626 -0.156131734139773 -0.125764831520565 -0.0955967765123289 -0.0654172079579253 -0.0351276613325054
-0.963567424276079 -0.931767018025136 -0.899966611866241 -0.868166205860044 -0.836365799984306 -0.804565394192733 -0.772764988425688 -0.740964582597283 -0.709164176529969 -0.677363770043387 -0.645563363037615 -0.613762955432839 -0.581962547171786 -0.550162138287344 -0.518361728815278 -0.486561318712715 -0.454760907897519 -0.42296049620917 -0.391160083509953 -0.359359669831783 -0.327559255248978 -0.295758839828653 -0.263958423609096 -0.232158006632918 -0.200357588988874 -0.168557170796796 -0.136756752254699 -0.104956333556223 -0.0731559147993055 -0.0413554960579586
-1.02124741003739 -0.986579306479511 -0.951911202923836 -0.917243099373156 -0.882574995737097 -0.847906891900458 -0.813238787741865 -0.778570683172132 -0.743902578236963 -0.709234473013395 -0.674566367568888 -0.639898261968513 -0.605230156292 -0.570562050677733 -0.535893945253442 -0.50122584004558 -0.466557735066438 -0.431889630372937 -0.397221526001744 -0.362553421863868 -0.327885317838902 -0.29321721379457 -0.258549109551113 -0.223881004952354 -0.189212899983944 -0.154544794691551 -0.119876689219103 -0.0852085837138642 -0.0505404782381845 -0.0158723728331847
-1.0009508985466 -0.965545432725628 -0.930139966814482 -0.894734500738431 -0.859329034485511 -0.823923568067302 -0.788518101526771 -0.753112634936215 -0.717707168453852 -0.682301702253264 -0.64689623648356 -0.611490771287733 -0.576085306795723 -0.540679843085253 -0.505274380208192 -0.469868918165193 -0.43446345693937 -0.399057996494885 -0.363652536783613 -0.328247077727251 -0.292841619239946 -0.257436161247004 -0.222030703718349 -0.186625246643925 -0.151219790049142 -0.115814333946413 -0.0804088782607244 -0.0450034228868896 -0.00959796768647103 0.0258074874872818
-0.969103571472192 -0.935730332599878 -0.902357093729773 -0.86898385484616 -0.835610615894008 -0.802237376825367 -0.768864137659941 -0.735490898434667 -0.702117659187768 -0.668744419966083 -0.635371180849611 -0.601997941926644 -0.568624703282147 -0.535251464987794 -0.501878227125121 -0.468504989828425 -0.435131753226239 -0.401758517371292 -0.368385282292185 -0.335012047996843 -0.301638814488018 -0.268265581759581 -0.234892349769883 -0.201519118466207 -0.168145887787086 -0.134772657669189 -0.101399428050486 -0.0680261988529387 -0.0346529699331815 -0.00127974113151672
-0.97703710361961 -0.943337078310976 -0.909637053009515 -0.875937027637501 -0.842237002051892 -0.808536976139498 -0.774836949971873 -0.741136923667482 -0.707436897347691 -0.67373687112324 -0.640036845059451 -0.606336819210296 -0.572636793626348 -0.538936768344591 -0.505236743383117 -0.471536718698046 -0.437836694215661 -0.404136669804881 -0.370436645330676 -0.336736620699582 -0.303036595828525 -0.269336570672203 -0.235636545336403 -0.201936519941537 -0.168236494515424 -0.134536469049934 -0.100836443485733 -0.0671364177711608 -0.0334363919364415 0.000263633967727323
-0.982961643904489 -0.949370625561006 -0.915779607233357 -0.882188588911649 -0.848597570575647 -0.815006552191839 -0.78141553368394 -0.747824514939644 -0.714233495745329 -0.680642475922549 -0.647051455534878 -0.613460434706398 -0.579869413569302 -0.54627839228824 -0.512687371035068 -0.479096349978 -0.44550532924753 -0.411914308826911 -0.378323288659178 -0.344732268673728 -0.31114124879655 -0.277550228991164 -0.243959209371225 -0.210368190057395 -0.176777171048253 -0.143186152316107 -0.10959513385029 -0.0760041156335893 -0.0424130976055778 -0.00882207969502692
-1.02080980838648 -0.98292281459108 -0.945035820853534 -0.907148827203614 -0.869261833669701 -0.831374840244382 -0.793487846778434 -0.755600853101786 -0.717713859102768 -0.679826864681953 -0.641939869730478 -0.604052874137117 -0.566165877800293 -0.528278880657019 -0.490391882659541 -0.452504883782453 -0.414617883999179 -0.37673088325611 -0.338843881550685 -0.300956879111568 -0.263069876225229 -0.225182873164769 -0.187295870149824 -0.14940886734436 -0.111521864743127 -0.07363486229836 -0.0357478599614615 0.00213914231349614 0.0400261445609258 0.0779131468123617
-1.02726743105098 -0.991445712690888 -0.955623994300951 -0.919802275846868 -0.88398055734377 -0.848158838815389 -0.812337120270418 -0.776515401717011 -0.740693683176193 -0.704871964666879 -0.669050246186666 -0.633228527727819 -0.597406809300473 -0.561585090986224 -0.525763372879801 -0.489941655056985 -0.454119937580676 -0.418298220481212 -0.382476503788748 -0.346654787565276 -0.310833071880749 -0.275011356779657 -0.23918964220463 -0.203367928073278 -0.167546214304981 -0.131724500822886 -0.0959027875634305 -0.06008107446936 -0.024259361495358 0.011562351400908
-1.03107049099193 -0.993345219312017 -0.955619947759944 -0.917894676455968 -0.880169405473007 -0.842444134854615 -0.80471886457423 -0.766993594605277 -0.729268324991233 -0.691543055778746 -0.653817786957097 -0.616092518501226 -0.578367250367706 -0.54064198243965 -0.502916714600621 -0.465191446809432 -0.427466179051285 -0.389740911341688 -0.352015643681401 -0.314290375981892 -0.276565108132304 -0.238839840047243 -0.201114571743163 -0.163389303255847 -0.125664034596529 -0.0879387657761452 -0.0502134968289797 -0.012488227793363 0.0252370412995371 0.0629623104203432
-1.03496383434634 -0.994958450192444 -0.95523329060383 -0.916129891881825 -0.877610315121893 -0.839511656710356 -0.80155062940283 -0.763353760690424 -0.724307220636912 -0.683845701917008 -0.641838345076502 -0.598262902628952 -0.553271810032431 -0.50771623452306 -0.462636725639682 -0.419132630353979 -0.378259041962591 -0.340835241629126 -0.307376253706826 -0.277415887440489 -0.250242648297801 -0.225233145148215 -0.20211640046825 -0.180749527252641 -0.16114958696193 -0.143263158390886 -0.126594941205367 -0.110606727881488 -0.0950305612652765 -0.0796660467952415
-0.972432920521969 -0.940138262623136 -0.907843604696003 -0.87554894669181 -0.843254288542869 -0.810959630181801 -0.778664971561391 -0.746370312645723 -0.714075653423895 -0.681780993897325 -0.649486334091692 -0.617191674038739 -0.584897013771676 -0.552602353329575 -0.520307692754881 -0.488013032097674 -0.455718371419665 -0.423423710821459 -0.391129050405751 -0.358834390244705 -0.326539730402851 -0.294245070931791 -0.26195041183142 -0.229655753083103 -0.197361094645798 -0.165066436467502 -0.132771778474757 -0.100477120597143 -0.0681824627978243 -0.0358878050483627
1.03182238775127 0.996472034090476 0.96112168043152 0.925771326835014 0.89042097349248 0.855070620589805 0.819720268159419 0.784369916187069 0.7490195646252 0.713669213384518 0.678318862242057 0.642968510941435 0.607618159231817 0.572267806884562 0.536917453704161 0.50156709960542 0.466216744557674 0.43086638863804 0.395516031937613 0.360165674495607 0.324815316338266 0.289464957497497 0.254114598027853 0.218764237991901 0.183413877461624 0.148063516528773 0.112713155354761 0.0773627940954084 0.0420124328145024 0.00666207155282123
-1.02484789229033 -0.988261577917632 -0.951675263532244 -0.915088949140928 -0.878502634757729 -0.841916320393983 -0.805330006042937 -0.768743691693166 -0.732157377332675 -0.695571062945432 -0.65898474849984 -0.622398433960413 -0.585812119290105 -0.54922580444564 -0.512639489376984 -0.476053174013292 -0.439466858260129 -0.402880541949495 -0.366294224916105 -0.329707907079096 -0.293121588378707 -0.256535268757341 -0.219948948166038 -0.183362626580512 -0.146776304066523 -0.110189980747226 -0.0736036568853056 -0.0370173327445083 -0.000431008453287147 0.0361553158937274
-1.00771524822424 -0.971762139436841 -0.935809030740696 -0.899855922217363 -0.863902813893607 -0.827949705804993 -0.791996598077048 -0.756043490845715 -0.720090384198612 -0.684137278206135 -0.648184172918102 -0.612231068379191 -0.576277964650227 -0.540324861856645 -0.504371760127205 -0.468418659539349 -0.43246556014887 -0.396512461976276 -0.360559365025159 -0.324606269266743 -0.288653174664157 -0.252700081195227 -0.216746988896567 -0.180793897764376 -0.144840807574431 -0.108887718045773 -0.0729346288909385 -0.0369815398626164 -0.00102845088060252 0.03492463809353
-1.0031099408786 -0.947783119618866 -0.915983313348104 -0.900246085865508 -0.873705277157758 -0.818723675608067 -0.773981586998309 -0.773118668982913 -0.773294469307884 -0.727895804650791 -0.651698677323884 -0.574826386048083 -0.520410656154792 -0.483616919417349 -0.456356768001008 -0.445492729196758 -0.452851942035531 -0.445169057382324 -0.392226990236318 -0.311094200299381 -0.230660533449052 -0.175625006699786 -0.153923321613704 -0.159442950508845 -0.146641764179249 -0.0820513822194024 -0.0199280209495566 -0.018956289730214 -0.0678097733570967 -0.137659300484733
-0.895219914011853 -0.882074761450145 -0.875685874407798 -0.876510376615521 -0.864566170183949 -0.825459514825475 -0.787589322279601 -0.778205716657658 -0.777171019531173 -0.758454155515626 -0.719838263942104 -0.665060037820593 -0.598105090614447 -0.523954717600502 -0.452217471245557 -0.410015250962805 -0.415779882722813 -0.435669551779271 -0.430919727506827 -0.395348656480842 -0.330920279576854 -0.245344440070433 -0.169314590837258 -0.131546242120775 -0.12985952403537 -0.151376646645043 -0.171323519941304 -0.166814030150419 -0.134410268510166 -0.0755363775112006
-1.00911926828993 -0.973750115778122 -0.938380963331853 -0.903011810991051 -0.86764265881094 -0.832273506862161 -0.796904355261732 -0.761535204104538 -0.726166053350542 -0.690796902941319 -0.655427752879798 -0.620058603184248 -0.584689453885883 -0.54932030506771 -0.513951156823322 -0.478582009236881 -0.443212862368435 -0.407843716191006 -0.372474570655204 -0.337105425709025 -0.301736281299809 -0.266367137389393 -0.230997993997596 -0.195628851137033 -0.160259708733535 -0.124890566674561 -0.0895214247808847 -0.0541522828914402 -0.018783140984506 0.0165860009268032
-0.930581128575533 -0.917099003733538 -0.903857781556784 -0.890325301886484 -0.875137284570995 -0.856831020813057 -0.834382207225813 -0.807060555716215 -0.774873433956049 -0.73809010441147 -0.697289752961275 -0.653129046337417 -0.606474931918733 -0.559035479671576 -0.512523066426416 -0.467826173882655 -0.425727077426878 -0.387407122325465 -0.353674801412771 -0.323448127915262 -0.295172495157431 -0.267319549359676 -0.238465948326007 -0.207656283385134 -0.175701868380967 -0.143697280398887 -0.112103426974952 -0.0811150943260305 -0.0504962529415356 -0.019903169379018
-0.81231081554805 -0.830715436228842 -0.843172042345223 -0.84429186143452 -0.831957320110053 -0.806306218977466 -0.773226655535689 -0.739035425931824 -0.706013824012392 -0.674990019457067 -0.645015187578742 -0.614696255098615 -0.582621376916263 -0.547303620644779 -0.507885571134134 -0.466102969468289 -0.424249173886707 -0.384254855016861 -0.347802748606921 -0.315946538499839 -0.289582645562262 -0.26874036484504 -0.249980488135824 -0.229153116143793 -0.202734088527423 -0.167569975877848 -0.12136453356753 -0.0632540473326313 0.00275226041721749 0.0714269331040176
-1.00316919625385 -0.969279038933921 -0.935388881604223 -0.901498724278409 -0.867608567046643 -0.833718409991479 -0.799828253088527 -0.765938096260354 -0.732047939324296 -0.698157782057665 -0.664267624182894 -0.630377465408698 -0.596487305477491 -0.56259714426648 -0.528706981692902 -0.494816817699323 -0.46092665224748 -0.427036485350475 -0.393146317033175 -0.359256147316145 -0.325365976218867 -0.29147580381465 -0.257585630392084 -0.223695456292168 -0.189805281850243 -0.155915107377152 -0.12202493309138 -0.0881347591330808 -0.0542445854214213 -0.0203544118203235
1.00848825820458 0.974297737637329 0.940107216922871 0.905916695935174 0.871726174558508 0.837535652673883 0.803345130138981 0.769154606835263 0.734964082762638 0.700773557948701 0.66658303241335 0.632392506174562 0.598201979218742 0.564011451406013 0.529820922592471 0.495630392744381 0.461439861872109 0.427249330052285 0.393058797385465 0.358868264001682 0.324677730038334 0.290487195627906 0.25629666088322 0.22210612593067 0.187915590970582 0.153725056166372 0.119534521459892 0.0853439867558063 0.0511534520316009 0.0169629172829671
0.877104087505814 0.853696214972578 0.830581577366425 0.807829917361772 0.785958043940213 0.765392881916829 0.745754753133468 0.726427327055636 0.706654266616714 0.68568626840584 0.662942170167299 0.637882844934162 0.610118142518333 0.579853819847044 0.547368955169309 0.512640004905922 0.475638848425131 0.436621678713206 0.396096210968679 0.355291935621116 0.315618786907838 0.278296195248288 0.243781575790391 0.212235775066739 0.183395380420124 0.156819544111799 0.131781937266682 0.107579181024383 0.0838851777196162 0.0604681499858712
0.992861455685685 0.958093537179239 0.923288500594748 0.888388216515775 0.853362451699955 0.818195859419305 0.782904742829309 0.747510594990882 0.712024018703207 0.676466165123095 0.640911269099584 0.605446836404772 0.570150092539784 0.535057141921856 0.500198598075803 0.465624232040649 0.431383272989958 0.39750362512125 0.364005806501394 0.330902115650698 0.29820279620283 0.26590856377995 0.233982021958189 0.202372482256422 0.171014200010535 0.139838530134214 0.108780282035328 0.0777825660305405 0.0468182415774932 0.0158676054190737
0.99416459435192 0.959770907860384 0.925377174616692 0.890982166151461 0.856583595864465 0.822178747499679 0.787764244308723 0.753336656107605 0.718892999462248 0.684431041084282 0.649951101518228 0.615454139766837 0.580941318879529 0.546414618092416 0.511876133421599 0.477327611816457 0.442770294143646 0.408203746005661 0.373627120201435 0.339039593579799 0.304440349002062 0.269828680352284 0.235204325605539 0.200567369907747 0.165918842997188 0.131260104455421 0.0965928886447451 0.0619190579273722 0.0272406118844207 -0.00744041559826436
-0.972261252517998 -0.944888043056783 -0.91738141981978 -0.889554741028183 -0.86123702441999 -0.832276021854353 -0.802578762158229 -0.77208180326175 -0.740780542539939 -0.708686999903585 -0.675820845961663 -0.642203663997693 -0.607881556114944 -0.572998699695693 -0.537723600159235 -0.502223999793941 -0.466623203222987 -0.430867527539699 -0.394868451270336 -0.358575086202748 -0.321945952440184 -0.284955169015225 -0.247639250677774 -0.210044727907837 -0.172195798388517 -0.134107358707412 -0.0957794338670215 -0.057219524972787 -0.0184799091270268 0.0203759425687225
-1.0018129269367 -0.965461320251899 -0.929109713561187 -0.892758106857479 -0.856406500093168 -0.820054893201548 -0.783703286080027 -0.747351678660111 -0.711000071045577 -0.674648463377614 -0.638296855774786 -0.601945248350004 -0.565593641195781 -0.529242034323051 -0.492890427767045 -0.456538821741763 -0.420187216498213 -0.38383561225666 -0.347484009190452 -0.311132407316029 -0.274780806610602 -0.238429207023111 -0.202077608389409 -0.165726010519295 -0.129374413231439 -0.0930228163467728 -0.0566712196863936 -0.0203196230982497 0.0160319734624832 0.0523835700138223
-1.04166972635412 -0.966353868241582 -1.0010401906593 -0.936562057944882 -0.862264303676045 -0.889286352968845 -0.917434527852607 -0.836652961896821 -0.708770137918383 -0.619026349445923 -0.574424783607599 -0.562409350931451 -0.565016612278784 -0.542653729843974 -0.474799907664018 -0.438851915813341 -0.494143947220636 -0.529842320194246 -0.437937198625455 -0.291882003357667 -0.210495969472318 -0.261630607721538 -0.309266531540238 -0.227941795560238 -0.138295116518211 -0.160441025119398 -0.166296645838463 -0.0336730894931033 0.0878451814962704 -0.0192696331914299
1.01128061363323 0.921657454028983 1.01382011900475 0.908197278607886 0.757368916438366 0.767769171087335 0.829097487557915 0.797745768226491 0.713610438550506 0.647108589797186 0.607235453391824 0.587630795799233 0.581437367042576 0.579809851378425 0.574617245171497 0.562573858985673 0.536841160007613 0.471523927715925 0.353433072994742 0.239260720058341 0.203169296453534 0.278072402184073 0.331888327081468 0.241497144343043 0.084621370801634 -0.0251220567173131 -0.031380965053413 0.0715904516723956 0.144377293878943 0.0112744856200028
