-0.996198481412562 -0.961961802233869 -0.927714106938054 -0.893405972530024 -0.85911901532352 -0.824983819735688 -0.791195803288479 -0.757925342707162 -0.725177818425501 -0.692900861182642 -0.660976099230786 -0.629268660200398 -0.597627142347474 -0.565834026430135 -0.533671146357275 -0.500983866138734 -0.467642070773992 -0.433550199120122 -0.398641619491309 -0.362930864172602 -0.326452756441765 -0.289256781325393 -0.251451070845402 -0.213129920024498 -0.174273628893222 -0.134867448400287 -0.0950304281592612 -0.0549053393420784 -0.0145960406892676 0.0258033371664925
-0.99716445116003 -0.963240031264696 -0.929315611260387 -0.895391191014311 -0.861466770436978 -0.827542349450135 -0.793617927977185 -0.759693505944682 -0.725769083290133 -0.691844659970864 -0.657920236012508 -0.623995811457774 -0.590071386333142 -0.556146960600169 -0.522222534200827 -0.488298107063688 -0.454373679127549 -0.420449250385535 -0.386524820858062 -0.352600390620401 -0.318675959761539 -0.28475152834475 -0.250827096330471 -0.216902663671237 -0.182978230390829 -0.149053796536038 -0.115129362174464 -0.0812049273966212 -0.0472804923638523 -0.01335605725521
-1.00149605402072 -0.966792786786332 -0.932089519384351 -0.897386251592062 -0.862682983103628 -0.827979713625183 -0.793276442993866 -0.758573171095179 -0.723869897877059 -0.68916662332029 -0.654463347474603 -0.619760070406966 -0.585056792191462 -0.550353512930646 -0.515650232761518 -0.480946951930392 -0.446243670708086 -0.411540389354099 -0.376837108098096 -0.342133827061701 -0.30743054633953 -0.272727266023219 -0.238023986192481 -0.20332070689464 -0.168617428059382 -0.133914149604711 -0.0992108715195314 -0.0645075937934431 -0.0298043163479251 0.00489896091257409
-1.01195671925036 -0.96580263043058 -0.919923754901568 -0.874653443605075 -0.830390646084683 -0.787549586266672 -0.746539987006274 -0.70774821063823 -0.67147167848636 -0.637894284097093 -0.606834750918215 -0.57802050987285 -0.551178591758737 -0.526034426872072 -0.502205728212294 -0.478880940093364 -0.455172192438677 -0.430315626294845 -0.403756917507557 -0.375655869995589 -0.346350819695986 -0.316068736934915 -0.284591129595006 -0.251591416234534 -0.216756120557857 -0.180024190171268 -0.142331163142707 -0.104672674469372 -0.0672881564038519 -0.0302279905125806
-1.07354114724288 -1.03302656857119 -0.992528186013284 -0.952054960083465 -0.911594879350621 -0.871145987396191 -0.830767519797243 -0.790536025757658 -0.750536116992938 -0.710853490022699 -0.671570118071393 -0.632767043539683 -0.594516148447343 -0.556852673290593 -0.519791990845375 -0.483306644530063 -0.447359198001524 -0.411915125228174 -0.376946159269978 -0.342446159241559 -0.308414515771199 -0.274833359635455 -0.241615782203978 -0.208664959635217 -0.175913446649729 -0.143299442742817 -0.110754347946657 -0.0782189848669846 -0.0456786658668956 -0.0131298257488252
-0.949018230672002 -0.917102698890604 -0.885187167013309 -0.853271634927784 -0.821356102547134 -0.789440569803038 -0.75752503667603 -0.725609503164195 -0.693693969286971 -0.661778435051373 -0.629862900393384 -0.59794736523123 -0.566031829473565 -0.534116292990752 -0.502200755669094 -0.470285217496924 -0.438369678502244 -0.406454138769698 -0.374538598417478 -0.342623057641343 -0.31070751665644 -0.278791975659431 -0.246876434773029 -0.214960894096443 -0.18304535370881 -0.151129813670755 -0.119214273988936 -0.0872987346379024 -0.0553831955177435 -0.0234676565099317
-1.0262810481154 -0.99066713204099 -0.955053215949757 -0.919439299789854 -0.883825383442117 -0.848211466756426 -0.812597549526131 -0.77698363154404 -0.741369712657322 -0.705755792760429 -0.67014187188258 -0.634527950086687 -0.598914027433681 -0.563300103976566 -0.527686179788756 -0.492072255033244 -0.456458329861341 -0.42084440428807 -0.385230478310645 -0.349616551991351 -0.314002625408739 -0.278388698621557 -0.242774771609336 -0.207160844341471 -0.171546916826043 -0.135932989100241 -0.100319061279035 -0.0647051334721895 -0.0290912056908902 0.00652272207832355
-0.969492729033037 -0.936680354755767 -0.903867980416289 -0.87105560593953 -0.838243231237423 -0.805430856209941 -0.772618480722194 -0.739806104642292 -0.706993727885205 -0.674181350401457 -0.641368972236932 -0.608556593461356 -0.575744214180942 -0.542931834647864 -0.510119455118092 -0.477307075716819 -0.444494696526456 -0.411682317589069 -0.378869938934999 -0.346057560588036 -0.313245182570329 -0.280432804889827 -0.247620427497674 -0.214808050334717 -0.181995673357422 -0.149183296529 -0.116370919824003 -0.083558543219205 -0.0507461666889153 -0.0179337902068274
-0.96129788574304 -0.933119949614745 -0.904919875461242 -0.876602335330897 -0.848016657484398 -0.819030882221873 -0.789643241788887 -0.759899604859542 -0.72990619387665 -0.699773685963801 -0.669570223198987 -0.639353313898797 -0.609143286603328 -0.578811750746703 -0.548182582653914 -0.517037445319409 -0.485185800000598 -0.45259051433728 -0.419226703984512 -0.384965070275977 -0.349650210965016 -0.313157044883376 -0.275481775176438 -0.236660075188915 -0.196764214749217 -0.155898151716173 -0.114255999586584 -0.0720501671489215 -0.0294760887203812 0.0132750449996615
1.10758507128317 1.01802999205734 0.937679921345288 0.873377750004561 0.822296592077226 0.780221179936208 0.747052496093328 0.722668030294377 0.702735051082122 0.682278562844992 0.657964734557098 0.626870026338975 0.588257327364248 0.55013524301891 0.519805230786449 0.492994440327951 0.463764089796857 0.431085979138428 0.39517061980622 0.356272787495163 0.314658323960523 0.270485368275307 0.223481248783459 0.174259524346557 0.127409486625762 0.0881462049059571 0.0602121261673207 0.0454661834811719 0.0397058765880868 0.0372133468959564
-1.00331821147868 -0.968448351877789 -0.933578492315324 -0.898708632791443 -0.863838773309109 -0.82896891387458 -0.794099054504508 -0.759229195205988 -0.72435933593752 -0.689489476669888 -0.65461961747161 -0.619749758435638 -0.584879899646162 -0.55001004115232 -0.515140182985652 -0.480270325142361 -0.445400467605766 -0.410530610342983 -0.375660753313608 -0.340790896463334 -0.305921039734381 -0.271051183067254 -0.236181326395604 -0.201311469643031 -0.166441612699799 -0.131571755470119 -0.0967018979473416 -0.061832040163302 -0.026962182214637 0.007907675785816
-1.00926684443485 -0.973653605748437 -0.938040367058222 -0.90242712835144 -0.866813889576847 -0.831200650698409 -0.795587411779419 -0.759974172919538 -0.724360934264551 -0.688747695952772 -0.653134458046486 -0.61752122058897 -0.581907983609539 -0.546294747081669 -0.51068151095215 -0.475068275116867 -0.439455039476006 -0.403841803997862 -0.368228568659932 -0.332615333408423 -0.297002098181722 -0.261388862933562 -0.225775627679074 -0.190162392456312 -0.154549157333644 -0.118935922363002 -0.0833226875002661 -0.0477094526879911 -0.0120962179114894 0.0235170168332371
-0.923948729185251 -0.904557622329317 -0.883496415365096 -0.860259770436976 -0.836222013060884 -0.813299909148065 -0.793700322819512 -0.77861232286448 -0.764863698535512 -0.748339819383053 -0.72551765568586 -0.693022077904768 -0.649083198322459 -0.598352096509009 -0.545916524725191 -0.492189958707152 -0.437076969631266 -0.383120786959401 -0.333217941916555 -0.289039514494748 -0.251950221877752 -0.222580706742961 -0.198625313742248 -0.177103527985326 -0.15527169443879 -0.130756463256394 -0.102428845483663 -0.0698322168821781 -0.0339550511859651 0.00385290337783665
-1.02951570427439 -0.993942298754606 -0.958368893268823 -0.92279548787689 -0.8872220826708 -0.851648677735787 -0.816075273097913 -0.780501868772378 -0.744928464790105 -0.709355061186703 -0.673781658000821 -0.638208255271866 -0.602634853041327 -0.56706145135902 -0.531488050300827 -0.495914650038552 -0.460341250714259 -0.424767852255124 -0.38919445452523 -0.353621057351172 -0.318047660550174 -0.282474263962288 -0.246900867518865 -0.21132747116586 -0.175754074816347 -0.140180678381475 -0.104607281797579 -0.0690338850292913 -0.0334604881292331 0.00211290882797518
0.993639560979487 0.957673602794387 0.921707529092941 0.885743280068543 0.849778056472185 0.81380974837588 0.777843742578117 0.741889456121739 0.705964930300534 0.670088788671458 0.634273359593199 0.598529397624877 0.562867157878535 0.527294897677906 0.4918203315472 0.456451000600851 0.421192492704724 0.386042756140184 0.350996924496306 0.316046512177499 0.281182128792003 0.246393203367118 0.211664442606378 0.176979265928355 0.142320665935538 0.107673619039318 0.0730314637027777 0.0383903995306101 0.0037497086422465 -0.0308905562141965
-0.962734734854295 -0.9300907460542 -0.897446757212604 -0.864802768246737 -0.832158779100743 -0.799514789739644 -0.766870800185078 -0.73422681046267 -0.70158282055737 -0.668938830435111 -0.636294840026436 -0.60365084925304 -0.571006858054555 -0.538362866442372 -0.505718874423884 -0.473074881918728 -0.440430888845427 -0.407786895205782 -0.375142901015842 -0.342498906265379 -0.309854910937591 -0.277210915024686 -0.244566918554891 -0.211922921589354 -0.179278924284878 -0.146634926811685 -0.113990929298009 -0.0813469318374918 -0.0487029344273855 -0.016058937040846
-0.944226762059657 -0.912172703527907 -0.880118644945012 -0.84806458627717 -0.816010527424561 -0.783956468275228 -0.751902408734697 -0.719848348739901 -0.687794288335938 -0.655740227616884 -0.623686166764566 -0.591632105982752 -0.559578045469989 -0.527523985403955 -0.495469925945221 -0.463415867206788 -0.431361809271644 -0.399307752150281 -0.36725369583567 -0.335199640323189 -0.303145585608821 -0.271091531682313 -0.239037478508482 -0.206983426035072 -0.174929374166461 -0.142875322801867 -0.110821271863248 -0.0787672212661495 -0.0467131708777341 -0.0146591205530708
-0.977678569352001 -0.946004009563084 -0.914329449802009 -0.882654890105931 -0.850980330532946 -0.819305771136407 -0.787631211929755 -0.755956652919462 -0.72428209412404 -0.69260753555405 -0.660932977176215 -0.629258418946299 -0.597583860833583 -0.565909302861405 -0.534234745052109 -0.502560187370001 -0.470885629752754 -0.43921107208956 -0.407536514277567 -0.375861956294224 -0.344187398137056 -0.31251283980309 -0.280838281287349 -0.24916372259663 -0.21748916378683 -0.185814604910224 -0.154140045955515 -0.122465486906048 -0.0907909277873205 -0.0591163686353663
-1.01893489362458 -0.983300253037414 -0.947665612399102 -0.912030971730378 -0.876396331146217 -0.840761690762933 -0.80512705060794 -0.769492410692851 -0.733857771054985 -0.698223131717171 -0.66258849261856 -0.626953853677387 -0.591319214777752 -0.555684575667217 -0.520049936080046 -0.484415295833865 -0.448780654796681 -0.413146012954679 -0.377511370313069 -0.341876726834979 -0.306242082473017 -0.270607437179826 -0.234972790908178 -0.199338143648681 -0.163703495543168 -0.128068846779061 -0.0924341975749215 -0.0567995481275256 -0.0211648985153674 0.0144697512126292
-0.997481738929724 -0.964686482982022 -0.931891226955577 -0.899095970778723 -0.866300714399955 -0.833505457757951 -0.800710200731978 -0.767914943208913 -0.735119685165497 -0.702324426608136 -0.669529167572028 -0.636733908099572 -0.603938648252053 -0.571143388166312 -0.538348127980977 -0.505552867766284 -0.472757607556909 -0.439962347313677 -0.407167086977386 -0.374371826482559 -0.34157656576215 -0.30878130476245 -0.275986043483087 -0.24319078194422 -0.210395520194795 -0.177600258295148 -0.14480499632241 -0.112009734344413 -0.0792144723750141 -0.046419210414576
-1.03916345525454 -0.94699163252743 -0.894339884180681 -0.880824772463199 -0.88115162807108 -0.867857203131769 -0.829715167050907 -0.766300020351975 -0.704152670751597 -0.667864001052428 -0.647258387208086 -0.623468578459932 -0.58562534612979 -0.554851549861327 -0.548437139757663 -0.536348339437883 -0.486618006872118 -0.406869263918727 -0.315203374067741 -0.232043903447644 -0.178394993846534 -0.169320471898381 -0.196122903620653 -0.238799935347488 -0.255890795296219 -0.213962980527441 -0.1331554815916 -0.043039898676904 0.0426532229672369 0.114153601826113
-0.991991499764231 -0.957876877833684 -0.923766275134857 -0.889664376254728 -0.85557555627748 -0.821503502870362 -0.787449463535657 -0.753414082926753 -0.719398034466393 -0.685401906304833 -0.651425916733 -0.617470191576988 -0.583535387670597 -0.549624285878441 -0.515739509406038 -0.48188092679171 -0.448047589624113 -0.41423803636042 -0.380450950135929 -0.346686105929921 -0.312943551682669 -0.279223231957705 -0.245524677811576 -0.211846937505642 -0.178187541627471 -0.144543977557374 -0.110915077520418 -0.0772993425855918 -0.0436926043528253 -0.010090027054783
-0.973235683217789 -0.942596101963512 -0.911890636727911 -0.88106165844239 -0.850061802796305 -0.818838132184019 -0.787305151061964 -0.755389323827449 -0.723097512579209 -0.690448833993072 -0.6574310253518 -0.62402397908989 -0.590206952818321 -0.555956664854004 -0.521244682060308 -0.486024504780503 -0.450257724826427 -0.41395636640428 -0.377161084344242 -0.339976623578043 -0.302523751562802 -0.264925332179798 -0.227312615006956 -0.189807529036971 -0.15248633522497 -0.115399253727783 -0.0785380095466055 -0.0418713526430582 -0.00533462797608682 0.0311451707460314
-0.976748051229665 -0.941713662595317 -0.906679273907217 -0.871644885087037 -0.83661049610569 -0.80157610693207 -0.766541717477745 -0.731507327648484 -0.696472937384182 -0.66143854663751 -0.626404155378125 -0.591369763579932 -0.556335371219903 -0.521300978287298 -0.486266584766588 -0.45123219061081 -0.416197795792591 -0.381163400394344 -0.346129004533401 -0.311094608357006 -0.276060212019873 -0.241025815641451 -0.205991419200101 -0.170957022652896 -0.135922626012825 -0.10088822931057 -0.0658538325916481 -0.0308194358956148 0.00421496077667454 0.0392493574340389
-0.97212057039525 -0.940291008076253 -0.908461445609052 -0.876631882807249 -0.844802319467656 -0.812972755406641 -0.781143190535578 -0.749313624782868 -0.717484058050005 -0.685654490285953 -0.653824921656464 -0.621995352381489 -0.590165782681757 -0.55833621278112 -0.526506642889262 -0.494677073156074 -0.462847503694921 -0.431017934532846 -0.399188365664719 -0.367358797043023 -0.33552922860965 -0.303699660303542 -0.271870092051863 -0.240040523781194 -0.208210955427588 -0.176381386941764 -0.144551818323638 -0.112722249591115 -0.0808926807848492 -0.049063111951179
-0.947021326370459 -0.916600192333479 -0.886179058424539 -0.855757924774766 -0.8253367916171 -0.79491565920572 -0.76449452777796 -0.734073397582321 -0.703652268928848 -0.673231142090538 -0.642810017130657 -0.612388894060041 -0.581967772871935 -0.551546653489219 -0.521125535785172 -0.490704419505035 -0.460283304385458 -0.429862190256773 -0.399441076965687 -0.369019964330726 -0.338598852163375 -0.308177740295348 -0.277756628639277 -0.247335517118242 -0.216914405616194 -0.18649329400669 -0.156072182160858 -0.125651069990366 -0.0952299575714574 -0.0648088450215242
-0.964282450231114 -0.935673124700752 -0.907010086730027 -0.878240793441721 -0.849303010869195 -0.820137269603953 -0.790704849559482 -0.760973715699171 -0.730917823864034 -0.700509622898423 -0.669709542782425 -0.638475008780061 -0.606752890026859 -0.574447831144373 -0.541459190430099 -0.507707405399279 -0.47315173477673 -0.43788564290783 -0.402024763316718 -0.365639200622003 -0.328787677215917 -0.291532396275363 -0.253949484115939 -0.216121194677671 -0.178140369259607 -0.140111289777459 -0.102173413254602 -0.064436914936559 -0.0268596678497985 0.0106385305339733
-1.01347714463382 -0.977511527143631 -0.941545909755713 -0.905580292566171 -0.869614675599054 -0.833649058852429 -0.79768344229247 -0.761717825884644 -0.725752209623487 -0.689786593505887 -0.653820977509076 -0.617855361605371 -0.581889745762385 -0.545924129928924 -0.509958514031204 -0.473992897923909 -0.438027281444396 -0.402061664432255 -0.366096046753961 -0.3301304283813 -0.294164809312385 -0.258199189573768 -0.222233569305757 -0.186267948658015 -0.150302327703888 -0.11433670647398 -0.0783710849042586 -0.0424054629437651 -0.0064398406884779 0.0295257817288911
-1.00059072241587 -0.965247335466636 -0.929938546616939 -0.894697278082657 -0.859524605400602 -0.824414415496479 -0.789363687530649 -0.754372318445146 -0.719448784074059 -0.684609407594493 -0.64989332266358 -0.615345365558453 -0.58102460323079 -0.547047025330423 -0.513522123872481 -0.480476477635092 -0.447924584828721 -0.415915534630148 -0.384491782661072 -0.353634659356535 -0.323310213854917 -0.293481907171426 -0.264102847828592 -0.235122427110603 -0.206485519840961 -0.178128847200059 -0.149961032256531 -0.121894483738367 -0.0938848511227187 -0.0658985940740321
-1.00919183785192 -0.973527315931174 -0.937862794063115 -0.90219827232563 -0.866533750757036 -0.830869229376553 -0.795204708166585 -0.759540187090761 -0.723875666074429 -0.688211145029438 -0.652546623851943 -0.616882102434169 -0.581217580701611 -0.545553058712835 -0.509888536514535 -0.474224013972861 -0.438559490898211 -0.402894967058536 -0.367230442252191 -0.331565916441615 -0.295901389630263 -0.26023686184083 -0.224572333172952 -0.188907803729192 -0.153243273546872 -0.117578742682065 -0.0819142113310998 -0.0462496797062558 -0.0105851479433568 0.0250793838408872
0.888405825901985 0.881996110740924 0.874939545163969 0.867127485833107 0.857099910321554 0.843105434376953 0.823578605533428 0.797391615320099 0.764981299459593 0.727350387394318 0.6862005392523 0.643408147832972 0.600553749181304 0.558034452324424 0.516207830303483 0.476456739233558 0.440476121467952 0.410183981238938 0.38673357240025 0.367996085412499 0.351022194888009 0.333196326030906 0.313237906412505 0.290056809954234 0.261989693610783 0.22752340970859 0.186318809027829 0.138779047709717 0.0871025048859259 0.0339363654357394
-0.9977441830183 -0.96437719305239 -0.931010203092609 -0.897643213173707 -0.864276223382178 -0.830909233811844 -0.797542244534081 -0.76417525561522 -0.730808267123853 -0.697441279132992 -0.664074291731082 -0.630707305010427 -0.59734031905814 -0.563973333940582 -0.530606349707422 -0.49723936636231 -0.463872383910387 -0.430505402408787 -0.397138421888693 -0.363771442225501 -0.330404463255659 -0.297037484804195 -0.263670506650454 -0.230303528580903 -0.196936550456196 -0.163569572180714 -0.130202593759559 -0.0968356152219333 -0.0634686365927065 -0.0301016578956667
-0.914590774877368 -0.888682361323947 -0.862714287026568 -0.836619016534272 -0.810378605932398 -0.783983901301623 -0.757411317167664 -0.730630787519997 -0.70360075575809 -0.676284555803643 -0.648676574257305 -0.62077896088946 -0.592591323797648 -0.564103104388033 -0.535296866353369 -0.50613782922416 -0.476575463579125 -0.446513588352094 -0.415854314122094 -0.384538569693831 -0.352516988428431 -0.319768748982895 -0.286387211197726 -0.252477512139972 -0.218077716599361 -0.183221198389292 -0.147989639695173 -0.112477093611066 -0.0767787884936408 -0.0409902465152195
-0.996113612504818 -0.962465123556595 -0.928816634753805 -0.895168146276848 -0.861519658311894 -0.827871171006451 -0.794222684347587 -0.760574198310516 -0.726925712983463 -0.693277228467866 -0.659628744805003 -0.625980262021112 -0.592331780120709 -0.558683299021432 -0.525034818600129 -0.491386338657369 -0.457737858960875 -0.424089379223246 -0.390440899163592 -0.356792418582201 -0.323143937299655 -0.289495455196673 -0.255846972394528 -0.222198489072671 -0.188550005402723 -0.154901521558853 -0.12125303773325 -0.0876045540796646 -0.0539560705800748 -0.0203075871735152
0.872397484245177 0.86029155296968 0.84707017379104 0.832152606031928 0.815082706455072 0.795521749996002 0.773476086841402 0.74895514648357 0.721635600386084 0.691431452967681 0.659538798496451 0.62747425370282 0.596290598278789 0.565185263762656 0.532729417583859 0.496844518890094 0.455783538813357 0.409775204704567 0.360020275611323 0.309631881148996 0.262201243574905 0.220639544137236 0.185137800047658 0.15518404873177 0.130174572507397 0.10942842803089 0.0920475244204591 0.077065204155873 0.0634576907012847 0.0501869277669424
-1.0297128511855 -0.994019382533181 -0.958325913856879 -0.922632445151586 -0.886938976503356 -0.851245508032112 -0.81555203990217 -0.779858572297456 -0.74416510543593 -0.708471639503543 -0.67277817452418 -0.637084710481207 -0.601391247315381 -0.565697784797012 -0.530004322669224 -0.494310860736835 -0.458617398843019 -0.42292393692267 -0.387230474940922 -0.351537012892137 -0.315843550777989 -0.280150088605518 -0.244456626403246 -0.20876316419528 -0.173069701966605 -0.137376239708842 -0.101682777479296 -0.0659893153345131 -0.0302958532623246 0.00539760876661819
-1.00916043509366 -0.959350247847148 -0.906576189792667 -0.855667299522268 -0.815310486667204 -0.793043088866876 -0.787946284754045 -0.794527290069147 -0.797453627989936 -0.781690314771009 -0.743232031536997 -0.68083087563004 -0.598312467785063 -0.519796522308134 -0.46773115726215 -0.437584012166179 -0.418188812554325 -0.398824106564643 -0.371453705309037 -0.338337649190846 -0.304310035936267 -0.272507465654675 -0.239276547988163 -0.199988953328824 -0.152906585536056 -0.100149901443245 -0.0563833363124415 -0.0346669919047838 -0.0290996575490995 -0.0290397944661389
-0.983333706197258 -0.949521366845748 -0.915709028181908 -0.881896690606371 -0.848084353649833 -0.814272016651036 -0.78045967905085 -0.746647340279737 -0.712834999624382 -0.679022656395762 -0.64521031014579 -0.611397960486612 -0.577585606772837 -0.543773247328915 -0.509960880345164 -0.476148504505528 -0.442336118741316 -0.408523722479674 -0.374711315386842 -0.340898897589593 -0.307086469329837 -0.273274031069193 -0.23946158414813 -0.205649130230594 -0.171836671395577 -0.138024209814647 -0.104211747614619 -0.0703992864898596 -0.0365868264496799 -0.00277436708212656
-0.915074909173155 -1.05015629351883 -0.901341599674178 -0.919207061921715 -0.983334526341961 -0.901853319638059 -0.768077079205686 -0.707238736595914 -0.687064089288871 -0.652062591487641 -0.611385458358083 -0.590344345306749 -0.598775692860262 -0.584615082025529 -0.509741310931144 -0.453706905712159 -0.48679935041996 -0.524572232764789 -0.475336099240727 -0.373163227818351 -0.283566329337363 -0.251722378757842 -0.241465407521386 -0.21134278527921 -0.180098178039479 -0.171617089336079 -0.170156076448818 -0.149691708568402 -0.0827095487831894 0.0586775913440476
-0.976975740998193 -0.943066924986235 -0.909158109049358 -0.875249293272761 -0.841340477707525 -0.807431662400821 -0.77352284741832 -0.739614032813678 -0.705705218574007 -0.671796404653121 -0.637887590938179 -0.603978777299677 -0.570069963624769 -0.536161149867255 -0.502252336018067 -0.468343522150042 -0.434434708331515 -0.400525894530914 -0.366617080692318 -0.332708266762324 -0.298799452688154 -0.264890638433988 -0.230981824031812 -0.19707300953543 -0.163164195018091 -0.129255380536478 -0.0953465660615327 -0.0614377515525346 -0.0275289370078271 0.00637987756447898
-0.976498276386211 -0.94203800647988 -0.907394122240598 -0.872484362202688 -0.837420357354516 -0.802355130349427 -0.767413378046644 -0.732824587399894 -0.699265731535048 -0.667337462540387 -0.636887662181691 -0.607576019644117 -0.579019197954041 -0.550661755502728 -0.521978345065622 -0.492736101589997 -0.462736785253911 -0.43162817498673 -0.399053606336375 -0.364792622573699 -0.328658818900287 -0.290550738897408 -0.250706719665069 -0.209509186943628 -0.16757712751613 -0.125449252044501 -0.0831066056635318 -0.0404197605208161 0.00262493765769625 0.0460121997514669
-0.990937000067602 -0.957309014169042 -0.923681028215508 -0.890053042155328 -0.856425056004949 -0.822797069787257 -0.789169083482767 -0.755541097076665 -0.721913110615187 -0.688285124141216 -0.654657137623173 -0.621029151010864 -0.587401164246398 -0.553773177241108 -0.520145189929932 -0.486517202373036 -0.452889214656356 -0.419261226843707 -0.385633238979212 -0.352005251050349 -0.318377263030439 -0.284749274897738 -0.251121286650261 -0.217493298289199 -0.183865309808712 -0.150237321202334 -0.116609332468142 -0.0829813436128758 -0.04935335467339 -0.0157253656940666
-0.984682827274638 -0.95117576335079 -0.917668699421461 -0.884161635467728 -0.850654571517907 -0.817147507630538 -0.783640443937827 -0.750133380573136 -0.716626317600788 -0.683119255063431 -0.649612192986056 -0.616105131389241 -0.582598070279813 -0.549091009609614 -0.515583949302235 -0.482076889223267 -0.448569829263882 -0.415062769475576 -0.381555709909571 -0.348048650455659 -0.314541590963276 -0.281034531281623 -0.247527471258958 -0.214020410777849 -0.180513349859058 -0.147006288565157 -0.11349922698778 -0.0799921652201442 -0.0464851033327262 -0.0129780413903197
0.940940609599153 0.909064951661359 0.877189293821379 0.845313636203294 0.813437978899463 0.781562322012751 0.749686665719757 0.71781101019307 0.685935355515491 0.654059701755984 0.622184049017946 0.590308397413381 0.55843274704266 0.52655709795962 0.494681450176065 0.462805803582176 0.430930158036452 0.399054513392257 0.36717886950216 0.335303226220672 0.303427583402784 0.271551940932116 0.239676298806786 0.207800657036231 0.175925015560676 0.144049374330517 0.112173733406043 0.0802980928376601 0.0484224525263303 0.0165468123356569
-1.02172327893716 -0.987733615971093 -0.953743953059254 -0.919754290254256 -0.885764627531446 -0.851774964852928 -0.817785302205089 -0.783795639570463 -0.749805976891883 -0.71581631411139 -0.68182665120757 -0.647836988168142 -0.613847324992313 -0.579857661725237 -0.54586799842163 -0.511878335128501 -0.477888671855918 -0.44389900847388 -0.409909344837134 -0.375919680879468 -0.341930016554435 -0.307940351844269 -0.27395068684593 -0.239961021650635 -0.205971356211894 -0.171981690470665 -0.137992024455403 -0.104002358223276 -0.0700126918588049 -0.0360230254533486
-0.965362608324489 -0.932730405334225 -0.900098202332434 -0.867465999316947 -0.834833796391583 -0.80220159367653 -0.76956939125147 -0.736937189175232 -0.704304987463731 -0.67167278610172 -0.639040584992223 -0.606408384017834 -0.573776183049017 -0.541143981907726 -0.508511780431677 -0.475879578570136 -0.443247376311409 -0.410615173688428 -0.377982970751121 -0.345350767572789 -0.312718564232573 -0.280086360818555 -0.247454157454554 -0.214821954243638 -0.18218975117012 -0.149557548191849 -0.116925345279583 -0.0842931424086705 -0.0516609395599099 -0.0190287367154611
-1.01153255956465 -0.975892463771787 -0.940252367992609 -0.904612272233971 -0.868972176485953 -0.833332080756068 -0.797691985138358 -0.762051889738262 -0.726411794620285 -0.690771699830899 -0.655131605385369 -0.619491511291157 -0.583851417539923 -0.548211324060123 -0.512571230766246 -0.476931137580149 -0.441291044441879 -0.405650951356881 -0.3700108583651 -0.334370765579074 -0.298730673129489 -0.263090581115303 -0.227450489508561 -0.191810398244409 -0.156170307237305 -0.120530216406783 -0.084890125713366 -0.0492500351274791 -0.0136099446181536 0.0220301458459268
-0.959458803515651 -0.926463542317531 -0.893468280968859 -0.860473019343056 -0.827477757458134 -0.79448249538821 -0.761487233287228 -0.728491971334398 -0.695496709730185 -0.662501448685906 -0.629506188435062 -0.596510929216697 -0.563515671256686 -0.530520414728226 -0.497525159749313 -0.4645299062698 -0.4315346541808 -0.398539403306598 -0.365544153452193 -0.332548904412278 -0.299553655978966 -0.266558407946304 -0.233563160116067 -0.200567912305007 -0.167572664382051 -0.134577416259992 -0.101582167974894 -0.0685869195915989 -0.0355916711667666 -0.00259642275501405
-0.953171849210614 -0.920611533345174 -0.888051217533679 -0.855490901818929 -0.822930586239903 -0.790370270841422 -0.757809955695508 -0.725249640873004 -0.692689326412864 -0.660129012380338 -0.62756869897776 -0.595008386441738 -0.562448074995158 -0.52988776480603 -0.49732745600134 -0.464767148598845 -0.432206842554345 -0.399646537685035 -0.367086233761656 -0.334525930507758 -0.30196562763509 -0.269405324861776 -0.236845021931444 -0.204284718620207 -0.171724414808613 -0.139164110440436 -0.106603805607928 -0.0740435004444657 -0.0414831950994495 -0.00892288972628629
-0.847540335787507 -0.842473001355056 -0.836082353786856 -0.82750558136949 -0.81614900613214 -0.80152451308195 -0.783297105395304 -0.761235648897566 -0.735371341840791 -0.705793306819171 -0.672560031368765 -0.635722344261098 -0.595811323942409 -0.555279047557797 -0.516560358727287 -0.48010016827174 -0.445827896057842 -0.413600930934719 -0.383175684387864 -0.353976689465789 -0.325345509607762 -0.296719990255349 -0.267923104859323 -0.238713185393625 -0.208204869915674 -0.175668625277165 -0.141641927423414 -0.106897717807251 -0.0718837908179452 -0.0369666540788744
-1.01439924454947 -0.977976096796537 -0.941552948991183 -0.905129801057023 -0.868706652849877 -0.832283504209413 -0.795860354978487 -0.759437205037046 -0.723014054410236 -0.686590903184149 -0.650167751543483 -0.613744599697584 -0.577321447842651 -0.540898296122292 -0.504475144662919 -0.468051993574774 -0.431628842919143 -0.395205692577683 -0.358782542434373 -0.322359392562116 -0.285936243081047 -0.249513094089706 -0.213089945600262 -0.176666797601507 -0.140243650075097 -0.103820503005359 -0.0673973563944403 -0.0309742102209652 0.00544893564833858 0.0418720813747179
-0.912526415446363 -0.884144227567556 -0.85576203982143 -0.827379852323122 -0.798997665118951 -0.770615478237935 -0.742233291708679 -0.713851105526496 -0.685468919553932 -0.657086733638399 -0.628704547699535 -0.600322361675034 -0.571940175535918 -0.543557989386524 -0.515175803344561 -0.486793617447923 -0.458411431713147 -0.430029246151149 -0.401647060765103 -0.373264875532826 -0.344882690425795 -0.316500505417539 -0.288118320489778 -0.259736135599965 -0.231353950600271 -0.202971765341114 -0.174589579771171 -0.146207393886253 -0.117825207772445 -0.0894430215384009
-1.02978067365824 -0.992762671245104 -0.955699455407557 -0.918545617657705 -0.881335582989255 -0.844136200637758 -0.807064183324549 -0.770235723322144 -0.733715067622015 -0.697555131954857 -0.661815452289296 -0.626557219653446 -0.591826865786087 -0.557611785268684 -0.523882806781732 -0.490603532559185 -0.457739035736556 -0.425267499502137 -0.393163799769508 -0.361376473300614 -0.329847472069488 -0.298525575097241 -0.267386869593283 -0.236418225350532 -0.205622334307646 -0.175004778442468 -0.144566877743855 -0.11429846663335 -0.0841476992522184 -0.0540523096716582
-0.919544640427874 -0.89331778946829 -0.868143453615698 -0.844353713062061 -0.821304633670514 -0.798076199631314 -0.773620082772023 -0.74704467955658 -0.718213597357101 -0.687314705118552 -0.655077707169104 -0.622367766682734 -0.589724119828965 -0.556382294759521 -0.521408452740362 -0.484494995512179 -0.445524920626821 -0.404517368406022 -0.361789143225967 -0.318711562910761 -0.276919573646484 -0.238089257069306 -0.204061236615742 -0.176372820477146 -0.155183514063894 -0.140233626254373 -0.13096448257998 -0.12652943075938 -0.125228890607281 -0.125150049962401
-0.976285403450442 -0.94542001655146 -0.914554629707382 -0.883689242984779 -0.852823856495144 -0.82195847034629 -0.791093084586382 -0.760227699248764 -0.729362314367127 -0.698496929938223 -0.667631545810712 -0.636766161796228 -0.605900777714597 -0.575035393418417 -0.544170008773687 -0.513304623667237 -0.482439237992483 -0.451573851648334 -0.420708464553287 -0.389843076698699 -0.358977688094143 -0.328112298763317 -0.297246908786418 -0.266381518255725 -0.235516127255351 -0.20465073585479 -0.173785344073218 -0.142919951934749 -0.112054559533548 -0.0811891669812934
0.964833804953092 0.930543622539522 0.896253440193917 0.861963257963122 0.82767307585315 0.793382893857083 0.759092711957137 0.724802530129082 0.690512348333793 0.656222166534284 0.621931984717042 0.587641802874421 0.553351621018095 0.519061439237025 0.484771257636753 0.450481076311858 0.41619089533217 0.381900714679488 0.347610534297675 0.313320354066889 0.279030173851361 0.244739993537549 0.210449813100821 0.17615963255739 0.14186945199795 0.107579271529395 0.073289091248962 0.0389989112187742 0.00470873137017728 -0.0295814483981782
-0.99189557547203 -0.957241130247889 -0.922586685035127 -0.887932239813904 -0.85327779451134 -0.818623349062191 -0.783968903484819 -0.749314457825045 -0.714660012154939 -0.680005566558874 -0.64535112114418 -0.610696676023929 -0.57604223130157 -0.541387787042063 -0.506733343296375 -0.472078900097994 -0.437424457458044 -0.402770015315683 -0.368115573600322 -0.333461132274365 -0.298806691308467 -0.264152250680778 -0.229497810399433 -0.194843370456096 -0.160188930746554 -0.12553449114396 -0.0908800515268222 -0.0562256118004987 -0.0215711719723815 0.0130832679246283
-0.97442483819335 -0.940335357796202 -0.906245877540391 -0.872156397545658 -0.838066917889015 -0.803977438607703 -0.769887959622599 -0.735798480841135 -0.701709002233325 -0.667619523785306 -0.633530045485129 -0.59944056732132 -0.565351089243312 -0.531261611044149 -0.497172132514095 -0.463082653588662 -0.428993174257538 -0.39490369458185 -0.360814214635404 -0.326724734471278 -0.29263525413737 -0.258545773684662 -0.22445629317647 -0.190366812660516 -0.156277332109817 -0.122187851473275 -0.0880983706780473 -0.0540088896728603 -0.0199194085144588 0.0141700727134079
-0.969076792586309 -0.938986766242972 -0.90889269056911 -0.878784145115444 -0.848644318531833 -0.818456789667568 -0.788213089070512 -0.757908032782558 -0.727541627123143 -0.697114387309826 -0.666623673875119 -0.636066058680271 -0.605437130378259 -0.574728544788977 -0.543931577995569 -0.513039919967294 -0.482047577243919 -0.450947408761159 -0.419732662965365 -0.388399293949501 -0.356943932218179 -0.32536516024306 -0.293669368363986 -0.261866630810831 -0.229973949505395 -0.198009103802553 -0.165986055097525 -0.133918479555962 -0.101822730384894 -0.0697158300516949
-1.05434250528112 -1.01702158438126 -0.979700663561979 -0.942379742901616 -0.905058822397417 -0.867737902003003 -0.830416981578597 -0.793096060946103 -0.755775139867527 -0.71845421812112 -0.681133295610005 -0.643812372268526 -0.606491448035223 -0.569170522865431 -0.531849596724323 -0.494528669599615 -0.457207741489716 -0.419886812413238 -0.38256588238981 -0.345244951422921 -0.307924019512022 -0.270603086653773 -0.233282152833661 -0.195961218058559 -0.158640282432073 -0.121319346095265 -0.0839984092422821 -0.0466774720702884 -0.00935653473542525 0.0279644026164224
-0.986811568313872 -0.952129342013009 -0.917447115755934 -0.882764889611062 -0.848082663654787 -0.813400437937468 -0.77871821239735 -0.74403598696167 -0.709353761625737 -0.674671536363505 -0.639989310995408 -0.605307085303503 -0.570624859086251 -0.535942632207749 -0.501260404563512 -0.466578176109104 -0.431895946830386 -0.397213716774354 -0.362531486006972 -0.327849254608945 -0.293167022664658 -0.258484790263383 -0.223802557513919 -0.189120324521253 -0.154438091355585 -0.119755858076255 -0.0850736247339551 -0.0503913913721557 -0.0157091580140958 0.0189730753220433
-0.991398336891152 -0.957125164215061 -0.922851991508353 -0.888578818734066 -0.854305645868417 -0.820032472909277 -0.785759299927956 -0.751486127021671 -0.71721295431785 -0.682939781914772 -0.648666609763946 -0.614393437780188 -0.580120265888611 -0.545847094055525 -0.51157392226493 -0.477300750530382 -0.443027578862662 -0.408754407231897 -0.374481235600539 -0.340208063941006 -0.305934892228202 -0.271661720430851 -0.237388548492943 -0.203115376363494 -0.168842204036358 -0.134569031522671 -0.100295858857852 -0.0660226860822429 -0.0317495132315711 0.00252365965958831
-0.997662855897691 -0.963698429195439 -0.929734002486922 -0.895769575770612 -0.861805149025827 -0.827840722234441 -0.793876295407731 -0.759911868569668 -0.725947441765617 -0.691983015033304 -0.658018588358507 -0.62405416171402 -0.590089735059459 -0.556125308301738 -0.522160881326762 -0.488196453989126 -0.454232026146962 -0.420267597703881 -0.386303168595799 -0.352338738842365 -0.318374308484161 -0.284409877570484 -0.250445446185483 -0.216481014413949 -0.18251658230839 -0.148552149923315 -0.114587717353528 -0.0806232846896279 -0.0466588519651201 -0.0126944191992352
-1.05549905062985 -1.01218045109342 -0.973278338708895 -0.940618294801796 -0.911338360436078 -0.881844450123795 -0.850301512430959 -0.8152175616528 -0.774713840947488 -0.72757966847519 -0.675663433541105 -0.621578293236698 -0.568300779286565 -0.520260921947856 -0.481011717855189 -0.449144530620515 -0.421757162822638 -0.394934805930452 -0.36558059091278 -0.334882017848087 -0.305097679092249 -0.277847121819874 -0.252193712480494 -0.226095241601637 -0.195643376747901 -0.157193727583373 -0.110023795133045 -0.0545148121289145 0.007458953229884 0.0736499738774345
-0.998341571317135 -0.965160416171695 -0.931988517165104 -0.898824412947638 -0.865657987997496 -0.832472211640562 -0.79923104676555 -0.765891338769179 -0.73240046951737 -0.698709047855659 -0.664790054078841 -0.630622061344023 -0.596192587613842 -0.56152493007303 -0.52665220020658 -0.4916109874784 -0.456436551841465 -0.4211553572261 -0.385789567503943 -0.350352942334529 -0.314857140324366 -0.279310220322982 -0.243705842151977 -0.208038006273167 -0.172316474737159 -0.136557790435738 -0.100789858036606 -0.0650372136277328 -0.0292995572022166 0.0064296202705598
-1.02986099630502 -0.993376620481291 -0.956892244932446 -0.920407869859206 -0.883923494992512 -0.847439119871403 -0.810954743737063 -0.774470365791792 -0.737985985380194 -0.701501601922089 -0.66501721499586 -0.628532824219532 -0.592048429269501 -0.555564030055651 -0.519079626561381 -0.482595218830675 -0.446110806958514 -0.409626391183294 -0.373141971854354 -0.336657549621391 -0.300173125209189 -0.26368869933031 -0.227204272648416 -0.19071984576331 -0.154235419068248 -0.11775099277918 -0.0812665666093638 -0.0447821402172522 -0.00829771354476569 0.0281867133953091
-0.990855193765927 -0.956947157352623 -0.923039121070881 -0.889131085053735 -0.855223049316722 -0.821315013847236 -0.787406978637573 -0.75349894368673 -0.719590909015616 -0.685682874663857 -0.651774840724033 -0.617866807301968 -0.583958774505929 -0.550050742453977 -0.516142711260026 -0.482234681011612 -0.448326651774544 -0.414418623554095 -0.380510596329778 -0.346602570038605 -0.312694544606962 -0.278786519967465 -0.244878496077644 -0.210970472902108 -0.177062450408865 -0.143154428535747 -0.109246407096478 -0.0753383858994393 -0.0414303648557442 -0.00752234390219011
-0.975094930361954 -0.941692806841723 -0.908290683359952 -0.874888559920279 -0.841486436486265 -0.808084312995116 -0.774682189318704 -0.741280065305517 -0.707877940775854 -0.674475815547102 -0.641073689453201 -0.60767156233223 -0.574269434061493 -0.540867304675191 -0.507465174251925 -0.474063042890995 -0.440660910686768 -0.407258777693195 -0.373856643948649 -0.340454509469625 -0.307052374267148 -0.273650238349354 -0.240248101712832 -0.206845964377506 -0.173443826468203 -0.14004168813136 -0.106639549494953 -0.0732374106750303 -0.0398352717583583 -0.00643313282438732
-1.04760493777103 -0.982723212151955 -0.906063046940576 -0.923220839729145 -0.91652665277667 -0.780250013358653 -0.679684644149812 -0.766982600070367 -0.870705069623338 -0.803719515844334 -0.639709366316538 -0.517562039760028 -0.527999103746734 -0.569078721256001 -0.531032799135937 -0.465451624302271 -0.439560247275196 -0.421764392925117 -0.370875925741243 -0.306150594337782 -0.261955118360188 -0.258383819042671 -0.258441423974443 -0.223027340674504 -0.161709290025999 -0.0937939481766932 -0.0288754989686822 0.0224614629482276 0.0359582073877164 -0.0160625297206643
-0.980951515612272 -0.976749363357815 -0.963816171830831 -0.933498323595656 -0.887495964091209 -0.830712166112662 -0.770507949005615 -0.715659850290891 -0.678148533639792 -0.665947245004385 -0.667795433309336 -0.667624098222458 -0.650860949872556 -0.608920540232395 -0.540660695020829 -0.468725493097107 -0.414599844944714 -0.371345734403695 -0.327707329452834 -0.283580461269319 -0.241648876829939 -0.204658496868207 -0.175603937144526 -0.155852767817869 -0.140015681614577 -0.121637106156248 -0.0967532860781238 -0.0633756213359308 -0.0249243161536979 0.0138282241774715
-1.04876540566449 -1.01056827039508 -0.972371135174254 -0.934174000061172 -0.895976865129826 -0.857779730433913 -0.819582595931125 -0.781385461543636 -0.743188327147542 -0.704991192637765 -0.66679405803061 -0.628596923372727 -0.590399788691601 -0.552202653938059 -0.514005519034942 -0.475808383869814 -0.437611248316562 -0.399414112229641 -0.361216975474391 -0.323019837979115 -0.284822699687856 -0.246625560575404 -0.208428420739532 -0.170231280295071 -0.132034139302078 -0.0938369978236351 -0.0556398559897009 -0.0174427139344258 0.0207544282581433 0.0589515705164851
-0.976092014303554 -0.941492492557173 -0.906892970907191 -0.872293449437584 -0.837693928200119 -0.803094407236011 -0.768494886576462 -0.733895366246804 -0.699295846258871 -0.66469632660994 -0.630096807252544 -0.595497288128036 -0.560897769150515 -0.52629825012509 -0.491698730836247 -0.457099211094974 -0.422499690737292 -0.387900169672832 -0.353300647847923 -0.318701125282073 -0.28410160201308 -0.249502078102716 -0.214902553708622 -0.180303028991838 -0.145703504031104 -0.11110397887775 -0.0765044535557683 -0.0419049280884292 -0.00730540252346026 0.0272941230852966
-0.943787269548265 -0.922121015626543 -0.901849370061023 -0.884515840870305 -0.869796885159297 -0.856521922578582 -0.84199927387513 -0.823359457310042 -0.79854288010456 -0.766219716630156 -0.727169320899068 -0.682698341833727 -0.634153119560682 -0.58303875902295 -0.531185679159284 -0.481566790074917 -0.436920921889657 -0.397908093615134 -0.364336453884998 -0.334685480929148 -0.307102485376548 -0.279787125080926 -0.251148446795069 -0.219702505011274 -0.18418399628082 -0.1437229318997 -0.0988119400837818 -0.0504062995248444 5.07261015733626e-05 0.0509938768739919
-1.02767242135754 -0.993019294735806 -0.958271362391623 -0.923334309103021 -0.888118288055427 -0.852532037800026 -0.816474169943658 -0.779847407821066 -0.742581048622945 -0.704663862563074 -0.666295938091638 -0.62773019321792 -0.589201945296592 -0.550876109063893 -0.512890802611627 -0.475347360072304 -0.438357798331659 -0.402113649247614 -0.36678782167445 -0.332399217479671 -0.29892823678409 -0.266347111400739 -0.234595399911518 -0.203620662361029 -0.173435137875814 -0.144012851726875 -0.115110294681123 -0.0864616907230448 -0.0579297312114963 -0.0294092243489286
-0.995232879971979 -0.962524919786341 -0.929816959510695 -0.897108999089494 -0.864401038434856 -0.831693077466601 -0.798985116167695 -0.766277154557346 -0.733569192736593 -0.70086123081764 -0.668153268875509 -0.635445306975925 -0.602737345186755 -0.570029383584421 -0.537321422251244 -0.504613461284578 -0.471905500789582 -0.439197540887611 -0.406489581659836 -0.373781623010503 -0.34107366479962 -0.308365706886522 -0.275657749127831 -0.242949791406117 -0.210241833710437 -0.177533876046489 -0.144825918380057 -0.11211796067386 -0.0794100029182759 -0.0467020451105992
-0.927295457403109 -0.90637279652203 -0.884459554902848 -0.860781566551611 -0.835677330336651 -0.809764721273535 -0.783666454104495 -0.757785418070606 -0.731640360681653 -0.704526714906576 -0.675730797282226 -0.644536645237431 -0.610413241061222 -0.573569346483441 -0.534343408047484 -0.49285283211013 -0.449246453290595 -0.404019859444469 -0.35796033435288 -0.31267519226275 -0.26997675503745 -0.231241384819304 -0.196101604866455 -0.16385917581936 -0.134236646731929 -0.107117469995869 -0.0826079229406216 -0.0607245359156487 -0.0409020264127601 -0.0224296587093518
-0.958687668899134 -0.92906938994148 -0.899442643787049 -0.869861293902189 -0.8401886425421 -0.810242723815954 -0.779851060459956 -0.748951319333283 -0.717912255159985 -0.687113400367462 -0.65654631033166 -0.626105546165662 -0.595659046018435 -0.564968256182477 -0.533798162025499 -0.50203439707253 -0.469500298850395 -0.435649372735776 -0.399939993361941 -0.362219844538638 -0.322433937369734 -0.280576390435626 -0.236837752222831 -0.191465545084728 -0.14473875693602 -0.096910740900487 -0.0481008453769137 0.00156815434033045 0.0518257706495312 0.102364587872138
-0.996788135791118 -0.9622802860907 -0.927772436433939 -0.893264586919389 -0.858756737647896 -0.82424888872068 -0.789741040238173 -0.755233192281755 -0.720725344857407 -0.686217497973046 -0.651709651719756 -0.617201806209411 -0.582693961557833 -0.548186117896634 -0.513678275332761 -0.479170433858717 -0.444662593409762 -0.410154753806625 -0.375646914873608 -0.341139076563835 -0.306631238862635 -0.272123401752047 -0.237615565200955 -0.203107729157426 -0.168599893499417 -0.134092058096516 -0.099584222854939 -0.0650763876956865 -0.0305685525622529 0.00393928259624398
-0.984665010485177 -0.950137626151774 -0.91561024187162 -0.881082857669479 -0.846555473469017 -0.812028089184037 -0.777500704789986 -0.742973320251092 -0.708445935425054 -0.673918550152521 -0.639391164312466 -0.604863777793444 -0.570336390476813 -0.535809002215148 -0.501281612893974 -0.466754222559411 -0.432226831298738 -0.397699439203294 -0.363172046369795 -0.328644652912421 -0.294117258949716 -0.259589864567788 -0.225062469722993 -0.190535074346718 -0.156007678400219 -0.121480281891779 -0.0869528849879189 -0.0524254878757649 -0.0178980906666126 0.0166293065471991
-0.9395853454244 -0.92614315295507 -0.907690547485414 -0.896774900196762 -0.878625345740068 -0.839913872488318 -0.800402120233006 -0.781493120830344 -0.778065822976908 -0.777899314423092 -0.76689732229422 -0.730494733559346 -0.6594379147621 -0.56571915074442 -0.471316416788844 -0.416904531642025 -0.426398515342876 -0.437977349635247 -0.389959577788613 -0.30695802746999 -0.235159097445783 -0.206366356265699 -0.194852051612654 -0.168441758086827 -0.126705678824239 -0.0782231775683548 -0.0358656319565581 -0.0125915222410275 -0.0174157252391874 -0.0583672169097745
-1.04127680622109 -1.00519488643985 -0.969112966539355 -0.933031046444581 -0.896949126067064 -0.860867205308785 -0.824785284046961 -0.788703362180772 -0.752621439722021 -0.716539516721422 -0.680457593272708 -0.644375669480369 -0.60829374544041 -0.572211821214895 -0.536129896838708 -0.500047972271939 -0.46396604743745 -0.427884122183972 -0.391802196381057 -0.355720270055666 -0.319638343274116 -0.283556416114152 -0.247474488699245 -0.21139256116312 -0.175310633634787 -0.13922870623155 -0.103146779028597 -0.0670648520663195 -0.0309829252880524 0.00509900138713434
-0.992661198867345 -0.959355205358806 -0.926049211830104 -0.892743218226879 -0.859437224478761 -0.826131230519274 -0.792825236313506 -0.75951924180809 -0.726213246844256 -0.692907251257414 -0.659601254965071 -0.626295257905263 -0.592989260040673 -0.559683261432593 -0.52637726216638 -0.49307126232505 -0.459765261995115 -0.426459261279405 -0.393153260277612 -0.359847259060536 -0.326541257691751 -0.293235256233803 -0.259929254745115 -0.226623253282295 -0.193317251898831 -0.160011250629393 -0.126705249436508 -0.0933992482697953 -0.060093247099397 -0.0267872459005852
-1.03806110358469 -0.997136126957152 -0.956233319678575 -0.915450835889013 -0.874991502657023 -0.835063930310414 -0.795795189285491 -0.757275117093356 -0.719526159435794 -0.682546041490258 -0.646300998146188 -0.61074939172102 -0.575843012097756 -0.541507359421658 -0.507676372471898 -0.47434403430102 -0.441508765406339 -0.409126691790887 -0.377141754599387 -0.345491450037621 -0.314111663076633 -0.282938163728598 -0.251906262170201 -0.220957641571941 -0.190059936915064 -0.159195374998995 -0.128378598085153 -0.0976262869105012 -0.0669308606521915 -0.0362786730974224
0.973521268476435 0.940865739633928 0.90821021084757 0.875554682184392 0.842899153687186 0.810243625375578 0.777588097200753 0.744932569118679 0.712277041172874 0.679621513433291 0.646965985988045 0.614310458929795 0.581654932349025 0.548999406327529 0.516343880907122 0.48368835597842 0.451032831388701 0.418377306963099 0.385721782544779 0.353066258071163 0.320410733503236 0.287755208805491 0.255099683956439 0.222444158944418 0.189788633783045 0.157133108477091 0.124477582970672 0.0918220572204767 0.0591665312941551 0.0265110052870956
-0.882524157216076 -0.868454465718866 -0.857093547593612 -0.848344439197244 -0.838585890713969 -0.82367254240624 -0.800886881022226 -0.769072875255906 -0.731892575098784 -0.693401120364393 -0.65440792885683 -0.614910987877833 -0.575939020811096 -0.542643695368126 -0.519162930453035 -0.501456705412529 -0.483389469773639 -0.458621493342103 -0.422156089953799 -0.374572929286453 -0.317845769978252 -0.255438431290719 -0.196774974978712 -0.150886544003047 -0.119272363655039 -0.100473007085597 -0.0887263565535104 -0.07822130088768 -0.0672534460895594 -0.0551450774537417
-1.01671032017485 -0.984903218500222 -0.953100680752158 -0.921286191950708 -0.889423715288189 -0.857463443440256 -0.825320008843641 -0.792904764646874 -0.7601515070846 -0.727005074623501 -0.693432031572279 -0.65940437370014 -0.62490563135957 -0.589965473236163 -0.5546252547031 -0.518926939550795 -0.482908044546939 -0.446587689951084 -0.409982590876394 -0.373118238358598 -0.336022317414065 -0.29871933167228 -0.261221059215181 -0.223536884630007 -0.18567934407275 -0.147663731499098 -0.109513220494775 -0.071254697602101 -0.0329220215597332 0.00544920584458511
-1.0092256290402 -0.975409322077611 -0.941593015212163 -0.907776708553108 -0.87396040219398 -0.840144096231721 -0.806327790792646 -0.772511485984473 -0.738695181811155 -0.704878878244301 -0.671062575229895 -0.637246272707515 -0.603429970638586 -0.569613669071936 -0.535797368060482 -0.501981067586117 -0.468164767589214 -0.434348467915087 -0.400532168422139 -0.366715869116184 -0.332899570039886 -0.299083271232295 -0.265266972717985 -0.231450674527131 -0.197634376726773 -0.16381807934695 -0.130001782232822 -0.0961854852097284 -0.0623691882085783 -0.0285528911866751
-1.09890681802344 -1.05202733173054 -1.00518399157555 -0.95853154139155 -0.912287264915741 -0.86665496310212 -0.821721965867774 -0.777542969547901 -0.734158607187044 -0.691623837472783 -0.650064984955494 -0.609626215651253 -0.570450137076166 -0.532673122746459 -0.496389752021259 -0.461533661631171 -0.427989446457279 -0.395606476611119 -0.364209990284938 -0.333563922763387 -0.303416883604214 -0.273549628933911 -0.243871501153929 -0.214325106090458 -0.184857516993699 -0.155412915196449 -0.125919446937902 -0.0963154489174798 -0.0665960547691294 -0.0367705973604291
-1.01494432274284 -0.981474451638938 -0.948004580499747 -0.9145347093381 -0.881064838167266 -0.847594966981737 -0.814125095700445 -0.78065522422538 -0.747185352466318 -0.713715480348156 -0.68024560784849 -0.646775734958091 -0.613305861660159 -0.579835987907612 -0.546366113670479 -0.512896239017513 -0.479426364029162 -0.445956488733913 -0.412486613140877 -0.379016737233608 -0.345546860989269 -0.312076984407685 -0.278607107579322 -0.245137230599365 -0.211667353491254 -0.178197476268749 -0.144727598978654 -0.111257721666225 -0.0777878443374925 -0.0443179669886811
-1.04044959631379 -1.00145420971721 -0.962443040449149 -0.923354480934024 -0.884002476341965 -0.844235412358534 -0.804163883985292 -0.763916613543483 -0.723432623317075 -0.682637278867628 -0.641591018904362 -0.600388050423411 -0.559164977272841 -0.518227990708461 -0.477977909841726 -0.439024477798949 -0.402001174291683 -0.367427501357571 -0.335710192074976 -0.306918881359044 -0.281038929584112 -0.25792457595641 -0.236905575009722 -0.217231098792924 -0.198352474087688 -0.179870419352547 -0.161781065020676 -0.144134302578331 -0.126799655749454 -0.109601556317406
-0.970993250706648 -0.939432389254835 -0.907869441946721 -0.87630259501708 -0.844748280167786 -0.813229589804485 -0.781778013680819 -0.750418369402066 -0.71914038863203 -0.6879195291918 -0.65670923947305 -0.625457465510102 -0.594097803559232 -0.562506450764527 -0.530558521866833 -0.498182201106222 -0.465334158975345 -0.43203194147794 -0.39830962451657 -0.364206528078009 -0.329763283170081 -0.29501991615408 -0.260014034805169 -0.224786155563577 -0.189390848115938 -0.153886921111736 -0.118336085805465 -0.0827906622297248 -0.0472625029245353 -0.0117533435567726
-0.959884965836186 -0.967288797336516 -0.968614700735493 -0.95381050976162 -0.927294161761985 -0.895080755036752 -0.855103928079795 -0.804835035541756 -0.747977756506642 -0.689985962107135 -0.637081967237244 -0.595680197731309 -0.56794873320648 -0.539070268411154 -0.496957947558188 -0.457432097587037 -0.437302136355791 -0.429426662670475 -0.421973095164922 -0.408294950836278 -0.383042271272516 -0.340851236881404 -0.276302583349897 -0.190045643461861 -0.107059583109641 -0.05287115345393 -0.0308676136203485 -0.0374218226287181 -0.0629885311107424 -0.0965429626010959
1.08886738727477 1.04790684150382 1.0069462958064 0.965985750234416 0.925025204850276 0.884064659715764 0.843104114879585 0.802143570377326 0.761183026205184 0.720222482356156 0.679261938849835 0.638301395712463 0.597340852957389 0.556380310546396 0.515419768421874 0.474459226500203 0.433498684709781 0.392538143053091 0.351577601521491 0.310617059987766 0.26965651829506 0.228695976293736 0.187735433863053 0.146774890910145 0.105814347424771 0.0648538034255138 0.0238932589636275 -0.0170672858858013 -0.0580278309850262 -0.0989883761806358
0.984085508050585 0.948526206011987 0.912966903991424 0.877407601984453 0.841848299967172 0.806288997898691 0.770729695689633 0.735170393232272 0.699611090393958 0.66405178706362 0.628492483241427 0.592933178955354 0.55737387425154 0.521814569248768 0.486255264060418 0.450695958705617 0.415136653193429 0.379577347586906 0.344018041964067 0.308458736408794 0.272899431006434 0.237340125819768 0.201780820821321 0.1662215159625 0.130662211200504 0.0951029065039483 0.0595436018813153 0.0239842973421858 -0.0115750071393312 -0.0471343115979944
0.95932091396456 0.927187716840597 0.895054519869282 0.862921323127894 0.830788126589918 0.798654930200979 0.766521733899079 0.734388537642727 0.702255341480106 0.670122145486736 0.637988949757812 0.605855754393448 0.57372255948331 0.541589365075264 0.509456171215979 0.47732297798913 0.44518978545753 0.413056593563525 0.380923402214545 0.348790211298814 0.316657020699755 0.284523830336754 0.252390640273049 0.220257450586904 0.18812426127282 0.155991072289992 0.123857883540149 0.091724694922615 0.0595915063845399 0.0274583178850321
0.981846322628877 0.948058874709211 0.914271426774957 0.880483978724175 0.846696530406726 0.812909081663979 0.779121632351564 0.745334182362093 0.711546731721851 0.677759280473325 0.643971828590132 0.61018437602867 0.576396922719093 0.542609468486596 0.508822013144654 0.475034556564835 0.441247098664037 0.407459639482392 0.373672179089401 0.339884717548804 0.306097254922898 0.27230979128825 0.238522326778496 0.204734861528418 0.170947395620311 0.13715992912943 0.103372462155354 0.0695849948057225 0.0357975271960941 0.00201005944400722
-1.05577553348767 -1.01813006803571 -0.980484602614373 -0.942839137256962 -0.905193672016709 -0.86754820695323 -0.829902742131783 -0.792257277585133 -0.754611813210439 -0.716966348874381 -0.679320884457313 -0.641675419843014 -0.604029954907356 -0.566384489494603 -0.528739023455898 -0.491093556701527 -0.453448089162642 -0.415802620794731 -0.378157151594974 -0.340511681703009 -0.302866211294087 -0.265220740533023 -0.227575269542887 -0.189929798435854 -0.152284327322266 -0.114638856300376 -0.0769933854219196 -0.0393479147066165 -0.00170244409263717 0.0359430265022349
-1.04333875635402 -1.0071583224071 -0.970977888626508 -0.934797455154826 -0.898617022048241 -0.8624365893345 -0.82625615701401 -0.790075725069692 -0.753895293441871 -0.717714862066821 -0.681534430907194 -0.645353999932239 -0.609173569097868 -0.572993138306649 -0.536812707473443 -0.500632276615617 -0.464451845809689 -0.428271415266255 -0.392090985194815 -0.3559105556664 -0.319730126717427 -0.283549698370923 -0.24736927059636 -0.211188843341999 -0.175008416524796 -0.138827990049871 -0.102647563806282 -0.0664671376929601 -0.0302867116643696 0.00589371431113879
-1.02547900276213 -0.988930696044065 -0.95238238933647 -0.915834082600102 -0.879285775776663 -0.842737468801196 -0.806189161601176 -0.769640854101232 -0.733092546222198 -0.696544237881968 -0.65999592899046 -0.623447619455599 -0.586899309197351 -0.55035099818385 -0.513802686394689 -0.477254373807126 -0.440706060399087 -0.404157746153506 -0.367609431076686 -0.331061115263395 -0.294512798830521 -0.257964481891738 -0.221416164547868 -0.184867846889941 -0.148319528982662 -0.111771210882299 -0.0752228926377175 -0.038674574290254 -0.00212625585853712 0.034422062644481
1.06575969855719 1.02615241801974 0.986580188517696 0.947031829615383 0.907504449819264 0.868004593200193 0.828568257144507 0.789235567025027 0.750033706845036 0.710991634565731 0.672158345349499 0.633587843659023 0.595344479233823 0.557533982920754 0.520264635686236 0.4836135378676 0.447634581273026 0.412320004223158 0.377639379871339 0.343533274189256 0.309935001353173 0.276781726948171 0.244026022194573 0.211614112296039 0.179451432754351 0.147441923333789 0.115524330550544 0.0836526625615697 0.0518071673349879 0.0199746527917105
