-0.85146090021849 -0.926901153580826 -0.981180978474721 -0.996906725237679 -0.97850130294501 -0.935540035145916 -0.876391344547347 -0.810161701975916 -0.750116671579133 -0.707134688599698 -0.678386579340172 -0.657616267868083 -0.637312032790511 -0.604939570872753 -0.55259059175165 -0.495883438392009 -0.45210061965354 -0.421654674647599 -0.400755598302056 -0.385673178559203 -0.372692151614933 -0.35632244411038 -0.323974744467625 -0.267799189398499 -0.20600294699287 -0.157786026546615 -0.120262770801578 -0.0865463242067743 -0.0558307045939213 -0.028830148140412
-0.975584982890728 -0.942265270096627 -0.908945557324115 -0.875625844496811 -0.842306131353549 -0.80898641762142 -0.77566670316532 -0.742346987899199 -0.709027271795398 -0.675707554858346 -0.642387837162414 -0.609068118799461 -0.575748399855033 -0.542428680389424 -0.50910896046131 -0.475789240148153 -0.442469519538769 -0.409149798748628 -0.375830077860999 -0.342510356803708 -0.30919063546572 -0.27587091374726 -0.242551191593583 -0.209231468972418 -0.175911745896357 -0.142592022401383 -0.10927229857219 -0.0759525745023145 -0.0426328502719355 -0.00931312595789447
-1.02075852297547 -0.984565327949514 -0.9483721330107 -0.912178938228902 -0.875985743594234 -0.839792549072469 -0.803599354611763 -0.767406160157965 -0.731212965665323 -0.69501977109384 -0.658826576418159 -0.62263338161658 -0.586440186644473 -0.550246991365474 -0.51405379563027 -0.477860599329472 -0.441667402369586 -0.405474204680753 -0.36928100621192 -0.333087806963611 -0.296894606949242 -0.260701406189244 -0.224508204732094 -0.188315002630663 -0.152121799927347 -0.115928596675662 -0.0797353929840866 -0.0435421889725095 -0.00734898475149212 0.0288442195707351
-1.00570727665231 -0.970814654954596 -0.935910547365882 -0.900978312087979 -0.866016252676011 -0.831026652762244 -0.796012770934205 -0.760973897898143 -0.725892477879936 -0.690746289949072 -0.65551129902983 -0.620163016510189 -0.584674381567738 -0.549008044538491 -0.513123768954401 -0.476980059972741 -0.440544292097061 -0.403820575590703 -0.366824017827274 -0.329576978861655 -0.292103631919043 -0.254431274884712 -0.21659970428424 -0.178653284945366 -0.140642156264161 -0.102611986738522 -0.0645847867053323 -0.0265723078363081 0.0114310746964728 0.0494353298458426
-1.01939729827044 -0.982772763260145 -0.946145411870901 -0.90952401079161 -0.872929729782942 -0.836387142196817 -0.79992203267842 -0.763564392099696 -0.72735982494638 -0.691354725296711 -0.655583031985154 -0.620075570035231 -0.584852092200796 -0.549888062157028 -0.515153329815782 -0.480639579114289 -0.446339478000198 -0.412227796437454 -0.378272495062405 -0.344432195184722 -0.310663183282404 -0.276923519226341 -0.243178356458987 -0.209399614609261 -0.175579184480374 -0.141711935388915 -0.107784679530685 -0.07378955123181 -0.0397480304605143 -0.00568893359554462
-0.961439433430172 -0.928478226155645 -0.895517018845608 -0.862555811431375 -0.829594603656824 -0.796633395230683 -0.763672185908535 -0.730710975480094 -0.697749763824745 -0.664788550861313 -0.631827336576715 -0.598866120974887 -0.565904904070906 -0.532943685924409 -0.499982466614298 -0.467021246251964 -0.434060024935861 -0.401098802680183 -0.368137579490031 -0.335176355418394 -0.302215130530231 -0.26925390488424 -0.236292678514059 -0.2033314514465 -0.170370223706137 -0.137408995347586 -0.104447766547886 -0.0714865374971664 -0.0385253083154939 -0.0055640791054199
-0.962368472732949 -0.92952333681079 -0.896678200980213 -0.863833065246602 -0.830987929401245 -0.798142793198943 -0.765297656462634 -0.732452519061774 -0.699607380983752 -0.666762242250948 -0.633917102907771 -0.601071963004138 -0.568226822590805 -0.535381681721891 -0.502536540442671 -0.469691398759684 -0.436846256681862 -0.40400111426644 -0.371155971581061 -0.338310828686712 -0.305465685642712 -0.272620542507557 -0.239775399336447 -0.206930256176735 -0.174085113047701 -0.141239969955393 -0.108394826881011 -0.0755496838060543 -0.0427045407380705 -0.0098593976911193
-0.99930710939304 -0.989758495268702 -0.965309803608036 -0.919462388513654 -0.856694687413623 -0.786946336730762 -0.731024685541453 -0.703875546881989 -0.686130876974742 -0.657547579056936 -0.628696201239123 -0.617850702850186 -0.633816586997966 -0.64752553190613 -0.628488198691908 -0.578405004930945 -0.510360451643122 -0.450785617166849 -0.420296319232821 -0.402900755822361 -0.373455219979446 -0.313237775864182 -0.229213572101179 -0.138841868196216 -0.07587128271524 -0.0641616676087161 -0.0717284493050262 -0.0580663747638089 -0.00443189859181381 0.102478097692432
-0.958270271237314 -0.926824283886639 -0.895359465868323 -0.863842789125817 -0.83223355686177 -0.800491211723394 -0.768583422876941 -0.736483762741848 -0.704181190231269 -0.671667734276009 -0.638932317383761 -0.605963085456442 -0.572752579343876 -0.539310919687529 -0.505659771499132 -0.471849397479833 -0.437931768583341 -0.403937091084171 -0.369884331240961 -0.335769259928026 -0.301581849173602 -0.267314549526137 -0.232969725614932 -0.198551547980754 -0.164061496729366 -0.129504354268255 -0.094900802646785 -0.0602733096125063 -0.0256355860638409 0.00900084631307195
1.04015208723059 0.996826866700027 0.953777078299669 0.911298342045512 0.869606546773057 0.828837030806196 0.788882661602905 0.749643036728664 0.711287145044889 0.674016915036767 0.637896642388639 0.602956214584635 0.56918862650224 0.536439302592359 0.504506839036772 0.473150089367334 0.442121187893942 0.411185134688589 0.3801215322424 0.348755526960935 0.316923651228363 0.284481334398065 0.251359593700273 0.217542979629778 0.183154587862757 0.148376539162565 0.113488509459896 0.0787424455121018 0.04418182221584 0.00979799650259447
-1.00022275659188 -0.9669716966292 -0.933720636627816 -0.900469576549476 -0.867218516383966 -0.833967456134019 -0.80071639582613 -0.767465335494571 -0.734214275180979 -0.700963214914261 -0.667712154665043 -0.634461094389382 -0.601210034039384 -0.567958973551358 -0.534707912853783 -0.50145685185961 -0.468205790521956 -0.434954728970118 -0.401703667374573 -0.368452605894321 -0.335201544685497 -0.301950483881457 -0.268699423524442 -0.235448363633859 -0.202197304228894 -0.168946245311256 -0.135695186812972 -0.102444128640012 -0.0691930706637849 -0.0359420127470625
-0.943579685019415 -0.912856468739476 -0.882133252386641 -0.851410035794398 -0.820686818800515 -0.789963601262949 -0.759240383116123 -0.728517164334281 -0.697793944974479 -0.667070725126897 -0.636347504931394 -0.605624284540249 -0.574901064120495 -0.544177843898175 -0.513454624090417 -0.482731404819688 -0.452008186163742 -0.421284968116147 -0.390561750653227 -0.359838533766516 -0.329115317451353 -0.298392101689222 -0.26766888640619 -0.236945671510409 -0.206222456893773 -0.175499242455842 -0.144776028143082 -0.114052813917827 -0.0833295997589723 -0.0526063856495529
-1.03072683289397 -0.993697469093635 -0.956668105371239 -0.919638741768344 -0.882609378203293 -0.845580014608331 -0.808550651094531 -0.771521287827875 -0.734491925015176 -0.69746256287102 -0.660433201600265 -0.623403841405335 -0.586374482461125 -0.549345124832411 -0.512315768528329 -0.475286413445574 -0.438257059449128 -0.401227706389558 -0.364198354097999 -0.327169002342258 -0.290139650874313 -0.25311029946834 -0.216080947987316 -0.179051596321288 -0.142022244379789 -0.104992892106985 -0.0679635395660994 -0.0309341868470489 0.00609516597252754 0.0431245188180613
-1.04074655334481 -1.00492663014456 -0.967924245443077 -0.92941022968413 -0.888695187008174 -0.845092108882487 -0.798283762384918 -0.748510032129733 -0.697869497266266 -0.648796176131329 -0.603207149276555 -0.562890262807286 -0.529006593411839 -0.50021014011044 -0.474657604998812 -0.451023580142769 -0.428101057125254 -0.404638735627632 -0.379439346856257 -0.351566040018989 -0.320147068824066 -0.284657052239614 -0.245956070273299 -0.205088603610084 -0.162451274604579 -0.118143229073515 -0.0717215650124765 -0.0228590770887694 0.0277666055222498 0.0792266450182127
1.06833694430946 1.0279604859118 0.987600402201098 0.947273301353115 0.906985867460978 0.866760141098798 0.826689512847231 0.786875643824562 0.747381927293033 0.708253425029109 0.669500140722193 0.631123313539921 0.593118890392212 0.555461649158116 0.518122533431998 0.481078318700351 0.444307108062854 0.407786483179804 0.371501153708577 0.335464862734258 0.299698611698857 0.264221280650313 0.229043264060268 0.194163147153384 0.159540763742701 0.125128109686576 0.0908845804362573 0.0567695379348342 0.0227348104998576 -0.0112696569575056
-0.990727457357101 -0.95777442203319 -0.924821386745928 -0.891868351537506 -0.858915316430899 -0.825962281466923 -0.793009246776991 -0.760056212499411 -0.727103178709481 -0.694150145469692 -0.661197112854309 -0.628244080940543 -0.59529104981692 -0.562338019617249 -0.52938499046052 -0.496431962361187 -0.463478935287415 -0.430525909126745 -0.397572883746962 -0.364619859017446 -0.331666834807972 -0.298713810999062 -0.265760787514202 -0.232807764307128 -0.199854741409607 -0.166901718860889 -0.133948696652134 -0.100995674749519 -0.068042653067376 -0.0350896315070756
-1.03172343396946 -0.956649115246647 -0.900849824277447 -0.916788258841119 -0.936183323155369 -0.886624157164288 -0.799924637279052 -0.725487658119304 -0.678847450671438 -0.660503287346524 -0.644683269887558 -0.599047707370522 -0.512076367041602 -0.455526848827821 -0.488102695304974 -0.533013386963114 -0.509620733403378 -0.457389922756988 -0.430773556046509 -0.424070507329808 -0.416541218923576 -0.386039107927506 -0.304789490573303 -0.170599052987482 -0.0892280617437949 -0.140360478701021 -0.191421466410827 -0.115524900110613 -0.0207983050878452 -0.0741226191425021
-1.0398092789154 -1.00206350148289 -0.964328808729292 -0.926618790518661 -0.88895999587552 -0.851377135318316 -0.813874606180722 -0.776451748071593 -0.739107982885289 -0.701843603054237 -0.664662300877613 -0.627568618621282 -0.590566615386868 -0.553658417619051 -0.516853247731347 -0.480190644669582 -0.443711563737675 -0.407432309139621 -0.371357943596086 -0.335473214994364 -0.299757792513402 -0.264190742704535 -0.228748721608626 -0.193407489246095 -0.158141632066054 -0.122927712626495 -0.087751371492239 -0.0526010087294332 -0.0174669844026981 0.0176598514237278
-0.987704503693311 -0.953985011074717 -0.920265518536144 -0.886546026107182 -0.852826533727556 -0.819107041335367 -0.785387548952074 -0.75166805660454 -0.717948564257864 -0.684229071860284 -0.650509579354351 -0.616790086681194 -0.583070593791255 -0.549351100672228 -0.515631607339544 -0.48191211388233 -0.448192620367563 -0.414473126699933 -0.380753632736005 -0.347034138302131 -0.313314643217109 -0.279595147336518 -0.245875650663062 -0.212156153261861 -0.17843665530058 -0.144717156967356 -0.110997658429675 -0.0772781598250565 -0.0435586611917856 -0.00983916254334207
-1.02454424891116 -0.986216006649219 -0.947906433125865 -0.909630062049227 -0.871380165051795 -0.83315713305429 -0.79501109620599 -0.75700655904341 -0.719215784423474 -0.681714001347487 -0.64458054507389 -0.607895777425406 -0.571728586213322 -0.536101963203175 -0.501021357923747 -0.466467947002532 -0.432411682963493 -0.398801894817761 -0.365587645071502 -0.332737553723838 -0.300225130147132 -0.268020049929215 -0.236076653519787 -0.204345462425673 -0.172777057520328 -0.141317580887318 -0.109895360084036 -0.0784503787505573 -0.0469870593838391 -0.0155259341950625
-0.978958949507116 -0.94802135953559 -0.917058567934805 -0.886041200813979 -0.854933071724224 -0.823699254608844 -0.792316677538025 -0.760760503541808 -0.728986981362777 -0.696957497271663 -0.664672901939227 -0.632143912136243 -0.599383546390776 -0.566414030260068 -0.533263308303298 -0.499972994058212 -0.466585507982217 -0.433132829232782 -0.399637636047647 -0.366095844285559 -0.332496679210522 -0.298829237630377 -0.265082102528328 -0.231246858634936 -0.19732761149482 -0.163333609485179 -0.129282151499476 -0.0951914732585637 -0.0610755072765974 -0.0269471102660582
-1.00585513518393 -0.971668584221954 -0.937499406211258 -0.903372538620827 -0.869324101025708 -0.83538414577435 -0.801547274202744 -0.767798178476659 -0.734117365093418 -0.700484532662766 -0.66688033391259 -0.633285660100312 -0.599665972003378 -0.565925008479332 -0.531966550754014 -0.497756271446339 -0.463277117532724 -0.428519242026522 -0.393466956283127 -0.358073998989188 -0.322286465664163 -0.286058617415316 -0.249377377701125 -0.212255153322984 -0.174773622102725 -0.137027251868138 -0.099092399450409 -0.061035364518823 -0.0229003290916742 0.0152740542254917
-1.01535461718052 -0.978917345019104 -0.942480072808692 -0.906042800476733 -0.869605527945664 -0.833168255163722 -0.796730982187335 -0.760293709092902 -0.723856435928509 -0.687419162735399 -0.650981889555759 -0.614544616432013 -0.578107343413532 -0.541670070577462 -0.50523279799043 -0.468795525649206 -0.432358253506421 -0.395920981408012 -0.359483709181918 -0.323046436690792 -0.286609163805964 -0.250171890433329 -0.213734616617042 -0.177297342426339 -0.140860067892516 -0.104422793041136 -0.0679855179127805 -0.0315482425591489 0.00488903293861707 0.0413263084920146
-0.994451323063957 -0.959182288992649 -0.923913254869056 -0.888644220625198 -0.853375186172811 -0.818106151421119 -0.782837116289582 -0.747568080719734 -0.71229904473115 -0.677030008365534 -0.641760971675053 -0.606491934714489 -0.571222897534502 -0.535953860169248 -0.500684822627017 -0.465415784829118 -0.430146746690867 -0.394877708190563 -0.359608669330513 -0.324339630146064 -0.289070590680818 -0.253801550958156 -0.218532510920561 -0.18326347051218 -0.147994429764715 -0.112725388734281 -0.0774563474871029 -0.0421873060922987 -0.00691826462045552 0.0283507768574722
-0.9965617838845 -0.962764580841244 -0.928967377820867 -0.895170174844714 -0.861372971879234 -0.827575768855856 -0.793778565620811 -0.759981362043583 -0.726184158171873 -0.692386954102144 -0.658589749947692 -0.624792545826019 -0.590995341867355 -0.557198138252831 -0.523400935160078 -0.489603732701827 -0.455806530972233 -0.422009330056038 -0.388212130028955 -0.35441493093998 -0.320617732831431 -0.286820535715043 -0.25302333948021 -0.21922614399318 -0.185428949149951 -0.151631754860242 -0.117834561058908 -0.0840373676715883 -0.0502401745619331 -0.0164429815780947
-1.06634190557033 -1.00441489048955 -0.93658456559467 -0.867275159099802 -0.831428239946652 -0.854353599974111 -0.89231658188221 -0.895080443834551 -0.855444554987867 -0.78028715474126 -0.68976585247017 -0.607358100044118 -0.549783162084405 -0.506727554219426 -0.464949937613422 -0.426530304566904 -0.395021591591683 -0.364547180908479 -0.330049432853267 -0.299176174514119 -0.282751599667128 -0.283685237936961 -0.273227962342558 -0.227239371589285 -0.171672623733931 -0.136568338652204 -0.118223424144074 -0.106361340831947 -0.0981554727037066 -0.0926416845886098
-1.01449194743353 -0.97755149954697 -0.940611051708183 -0.903670603912414 -0.866730156111686 -0.829789708236965 -0.792849260178231 -0.755908811846089 -0.718968363274633 -0.682027914527098 -0.645087465659773 -0.608147016727216 -0.571206567760483 -0.534266118696639 -0.4973256694703 -0.460385220100279 -0.423444770628819 -0.386504321107674 -0.349563871581045 -0.312623422053408 -0.275682972519305 -0.238742522972864 -0.201802073406557 -0.164861623822674 -0.127921174264433 -0.090980724787455 -0.0540402754560329 -0.0170998263139468 0.0198406226857577 0.0567810716127186
-1.07585910372536 -1.03786024194148 -0.999903951715389 -0.962024070107065 -0.924216424789798 -0.886462601523497 -0.848725227801226 -0.810957409137859 -0.773093121402357 -0.735086563788077 -0.696991958431876 -0.658888533206488 -0.62085262346263 -0.582948994462952 -0.5452513779908 -0.507880942000372 -0.470958724038336 -0.434557803850376 -0.398749807461392 -0.363648503814154 -0.329378197580892 -0.296028540148909 -0.263550569765785 -0.231840213258869 -0.200711564914302 -0.169979457536085 -0.139543510540875 -0.109321940478538 -0.079222565819124 -0.0491506055127278
-1.00371494196827 -0.971148417859485 -0.938553244563249 -0.90589469562009 -0.873120527436236 -0.840174582838142 -0.807002567467472 -0.773558007254261 -0.739823846466823 -0.705791546779939 -0.671457221155968 -0.636818145379167 -0.601876762074352 -0.566656181228592 -0.53118108024959 -0.495461738865351 -0.459508801650484 -0.423348770245726 -0.387000692509785 -0.35043794410713 -0.313622482653669 -0.276524391929862 -0.239146260374379 -0.201499307493995 -0.163596772409684 -0.125464091961247 -0.0871734742495895 -0.0488005795384299 -0.0103881054816309 0.0280294909194093
-0.910015525660916 -0.921268868224402 -0.922463708454021 -0.933554070921937 -0.946162152022755 -0.943855296148827 -0.906313267861036 -0.821720917319724 -0.716171016914558 -0.620164955342139 -0.543930664297491 -0.492627711225247 -0.471119825497245 -0.48308738419415 -0.523726267371789 -0.555477719277801 -0.542414686585541 -0.487891561479409 -0.408033065405176 -0.330763791343037 -0.286958300156792 -0.289915204885311 -0.282629327267732 -0.213842513096647 -0.125588495678199 -0.0692175265088246 -0.0400540423326049 -0.021611769134442 -0.00618740461488672 0.0117266105965981
0.941774978229073 0.908787114532369 0.875799250876324 0.842811387340721 0.809823524161232 0.776835661595676 0.743847799834597 0.710859939008772 0.677872079077187 0.644884219952357 0.6118963615327 0.578908503713114 0.545920646396256 0.512932789515832 0.479944933008007 0.446957076787734 0.413969220755703 0.380981364776751 0.347993508725966 0.315005652555277 0.282017796235824 0.249029939729151 0.21604208295841 0.183054225861016 0.150066368469813 0.117078510837417 0.0840906530001044 0.0511027949935835 0.0181149368676155 -0.0148729213245246
-1.02000654797949 -0.986626644176298 -0.951403944280057 -0.913130942116714 -0.872031625777218 -0.828628473587129 -0.783206430545416 -0.736051497646256 -0.687691433191222 -0.638976616862481 -0.591806156557153 -0.548341342226099 -0.51026861394615 -0.477375012298028 -0.449217526570923 -0.426332340383998 -0.408664398359991 -0.392814494805949 -0.375106354965038 -0.354099578140589 -0.328912732150977 -0.298959997330171 -0.264838004074524 -0.227276970372581 -0.186359014519281 -0.142144353885763 -0.095253701841594 -0.0463993245514308 0.00390079663813657 0.0551772515850349
-0.993302265754325 -0.957997045093368 -0.922686803554309 -0.887373353239356 -0.852070803087346 -0.816797311808797 -0.781574940364297 -0.746425323323036 -0.711364487438523 -0.676403491535376 -0.641539130538342 -0.606764633397197 -0.572073543837029 -0.537460664684174 -0.50292112372643 -0.468450089496198 -0.434040675701116 -0.399677736005178 -0.365346446801073 -0.331041535439933 -0.2967601170125 -0.262499795980159 -0.228260134286869 -0.194040741451575 -0.159839459810581 -0.125652805706953 -0.0914737586934163 -0.057295507485402 -0.0231156142394992 0.0110672655274139
-1.02878190842957 -1.01071865336234 -0.954490900599467 -0.87885876942673 -0.822139427508339 -0.810879631471582 -0.804987445417674 -0.763289831156611 -0.706928033859593 -0.665616414572691 -0.641047514480246 -0.627908419801162 -0.617601810215338 -0.588392739246636 -0.523024078577582 -0.435287598681395 -0.348942211983982 -0.296566499931294 -0.300645436316626 -0.334469895302588 -0.35903222614412 -0.342629077359811 -0.28277429452284 -0.19091968400107 -0.105051698286506 -0.0601077989441444 -0.0522948377068237 -0.0649530405024887 -0.0686867398716754 -0.0309162950080676
0.984999429798667 0.951697137277622 0.918394844709685 0.885092552074595 0.85179025934758 0.81848796649194 0.785185673427779 0.751883380066735 0.718581086329777 0.68527879216135 0.651976497590472 0.618674202667302 0.585371907458249 0.552069612094713 0.518767316708339 0.485465021366741 0.45216272611126 0.418860430942167 0.385558135841559 0.35225584075993 0.318953545639867 0.285651250410629 0.252348954948143 0.219046659133668 0.185744362923113 0.152442066304004 0.119139769315664 0.0858374720175681 0.0525351744979933 0.0192328768524171
-0.991112793296256 -0.956901559519443 -0.922690325633631 -0.88847909150892 -0.85426785703313 -0.820056622113348 -0.785845386716016 -0.751634150830123 -0.71742291447551 -0.683211677666674 -0.649000440365909 -0.614789202522456 -0.580577964081206 -0.546366724969646 -0.512155485163434 -0.477944244848313 -0.443733004231738 -0.409521763397907 -0.375310522388594 -0.341099281199106 -0.306888039813138 -0.272676798235652 -0.238465556556696 -0.204254314871602 -0.170043073211759 -0.135831831595095 -0.101620590049642 -0.0674093485910601 -0.0331981071754041 0.00101313425616973
-0.957428298890617 -0.924824935516169 -0.892221572073897 -0.859618208438755 -0.827014844332725 -0.794411479464363 -0.761808113641509 -0.7292047467059 -0.696601378535591 -0.663998009030706 -0.631394638143331 -0.598791265838542 -0.566187892121386 -0.533584517156779 -0.500981141112208 -0.468377764005557 -0.435774385847456 -0.403171006769107 -0.370567626952025 -0.337964246658401 -0.305360866170592 -0.27275748574192 -0.240154105509554 -0.20755072558462 -0.17494734609023 -0.14234396710955 -0.109740588554007 -0.0771372102895283 -0.0445338321718066 -0.0119304540539742
-0.970504578880441 -0.937704101929422 -0.904903624900231 -0.872103147705566 -0.839302670328888 -0.806502192772651 -0.773701715044503 -0.740901237147734 -0.708100759062986 -0.67530028076027 -0.642499802189709 -0.609699323296455 -0.576898844047034 -0.544098364493466 -0.511297884722478 -0.4784974048741 -0.445696925089924 -0.412896445464451 -0.380095966075165 -0.347295486978576 -0.314495008225948 -0.281694529868143 -0.248894051954412 -0.216093574513699 -0.183293097495311 -0.150492620825267 -0.117692144416065 -0.0848916681794098 -0.0520911920373548 -0.0192907159145401
-1.03693557453879 -0.999005464880289 -0.96107535510104 -0.923145245073181 -0.885215134721382 -0.847285023986695 -0.809354912823163 -0.771424801167353 -0.733494688872934 -0.695564575773364 -0.657634461704144 -0.619704346501289 -0.581774230041136 -0.543844112361306 -0.505913993540197 -0.467983873658011 -0.430053752803241 -0.392123631095719 -0.354193508666592 -0.316263385660928 -0.27833326222727 -0.240403138499286 -0.202473014551132 -0.164542890434547 -0.126612766171104 -0.0886826417670379 -0.0507525171973784 -0.0128223924425846 0.0251077324639761 0.0630378574757087
-1.03317645755702 -0.994173758522791 -0.955205790586846 -0.916298483596533 -0.877507367554803 -0.838895159807895 -0.800523726919602 -0.762451718370811 -0.724725766093243 -0.687398036493399 -0.650554851426074 -0.614291071608135 -0.57867451519963 -0.543664830133322 -0.509191418722328 -0.475170871028444 -0.441527015722627 -0.408225448163801 -0.375241142437546 -0.342544820848117 -0.310106142754434 -0.277901139403059 -0.245931329591116 -0.214185499568107 -0.182576017842486 -0.151006380472283 -0.119421011454869 -0.0877854637167665 -0.0561088779617729 -0.0244112918380016
-1.02584142500375 -0.990808053450632 -0.955774681873854 -0.920741310258501 -0.885707938606026 -0.850674566919951 -0.815641195195727 -0.78060782342979 -0.745574451630589 -0.710541079793896 -0.675507707852761 -0.640474335724553 -0.605440963333373 -0.570407590630254 -0.535374217594285 -0.500340844289853 -0.465307470815364 -0.430274097319993 -0.39524072397129 -0.360207350959527 -0.325173978480654 -0.290140606704033 -0.255107235692659 -0.22007386548062 -0.185040496092736 -0.150007127514481 -0.114973759583203 -0.0799403921039201 -0.0449070249004453 -0.00987365780129166
-0.980738846036675 -0.947155870549505 -0.913572894954995 -0.879989919169002 -0.846406943086231 -0.812823966607532 -0.779240989679511 -0.745658012248171 -0.712075034211362 -0.678492055462861 -0.644909075928278 -0.611326095541186 -0.577743114246651 -0.544160132035731 -0.510577148938144 -0.476994165092277 -0.443411180675254 -0.409828195910484 -0.376245211020256 -0.342662226176109 -0.309079241536896 -0.275496257245144 -0.241913273378092 -0.208330289972349 -0.174747306967295 -0.141164324273751 -0.107581341785532 -0.0739983594049804 -0.0404153770855372 -0.00683239479342037
-0.929831167434316 -0.90033343694041 -0.87083570644557 -0.841337975985314 -0.811840245655002 -0.782342515551814 -0.752844785720352 -0.723347056152213 -0.693849326679542 -0.664351597127803 -0.634853867455168 -0.605356137652989 -0.575858407710027 -0.546360677604687 -0.516862947297843 -0.48736521669061 -0.457867485663523 -0.428369754074559 -0.39887202181225 -0.36937428890991 -0.339876555437053 -0.310378821461674 -0.280881087045704 -0.251383352257025 -0.22188561719338 -0.192387881962505 -0.162890146682242 -0.133392411452085 -0.103894676288018 -0.0743969411851494
1.0522189765889 1.00847585153806 0.964249168376713 0.919573120933305 0.874578644915321 0.829469647127246 0.784645176882511 0.740573414258479 0.697803919879306 0.656938198693484 0.618704152400053 0.583861281885692 0.552980603550475 0.52587919584806 0.501933251908648 0.47950936151503 0.456744630531557 0.431867832496206 0.403504643715626 0.371776683897514 0.337179558599828 0.300315814964568 0.262215766469907 0.223708727524096 0.184392249919536 0.1436198349066 0.101000544183406 0.0564106850494576 0.0105399867620496 -0.0357184659320729
-0.974765037327442 -0.943620030339291 -0.912475023416266 -0.881330016605991 -0.85018500988308 -0.819040003204556 -0.787894996530058 -0.75674998982557 -0.725604983079809 -0.694459976283499 -0.663314969412649 -0.632169962439589 -0.601024955344649 -0.569879948140152 -0.538734940837237 -0.507589933410288 -0.476444925803414 -0.445299917876363 -0.414154909478145 -0.383009900499187 -0.351864890840269 -0.320719880441971 -0.289574869404075 -0.258429857863223 -0.227284845944295 -0.19613983376048 -0.164994821389975 -0.133849808897732 -0.102704796330739 -0.0715597837314883
-0.962294628188458 -0.929071510669469 -0.895848393140555 -0.862625275625291 -0.82940215823019 -0.796179041094443 -0.762955924405016 -0.729732808327163 -0.696509692891521 -0.663286578109004 -0.630063464046239 -0.596840350783783 -0.563617238397001 -0.530394126940493 -0.497171016473746 -0.463947907096559 -0.430724798878831 -0.397501691730554 -0.364278585509421 -0.331055480023839 -0.297832375069892 -0.264609270455886 -0.231386166039019 -0.198163061703158 -0.164939957389952 -0.131716853070075 -0.0984937487725065 -0.0652706445349922 -0.0320475403720335 0.00117556370767896
-0.967722260807455 -0.936498476265756 -0.90527469165229 -0.874050906978252 -0.842827122373677 -0.811603338024242 -0.780379554219347 -0.749155771227539 -0.717931989130232 -0.686708207946718 -0.655484427634935 -0.624260648137484 -0.593036869407563 -0.561813091440765 -0.530589314263412 -0.499365537982354 -0.468141762748692 -0.436917988809996 -0.405694216389827 -0.374470445519223 -0.343246676181092 -0.312022908301082 -0.280799141575801 -0.249575375688727 -0.218351610499871 -0.187127845903275 -0.155904081752577 -0.1246803178987 -0.0934565542220946 -0.0622327906105941
-1.0358676051367 -1.00100895156595 -0.966150298027045 -0.931291644534629 -0.896432991107082 -0.861574337753228 -0.826715684439918 -0.791857031123939 -0.756998377763792 -0.722139724292397 -0.687281070538655 -0.652422416305459 -0.6175637614122 -0.582705105744256 -0.547846449229663 -0.512987791901097 -0.478129133814172 -0.443270475011598 -0.408411815540604 -0.37355315547937 -0.338694494913818 -0.303835833924562 -0.268977172570994 -0.234118510914551 -0.199259849046079 -0.164401187047135 -0.129542524932709 -0.0946838627062648 -0.0598252003917371 -0.0249665380181765
-0.956012262935473 -0.923039249938217 -0.890066236992616 -0.857093224124415 -0.824120211315602 -0.791147198523712 -0.758174185652213 -0.725201172572528 -0.692228159081976 -0.659255144982769 -0.626282130170802 -0.593309114565394 -0.560336098112118 -0.527363080861565 -0.494390062871259 -0.461417044121427 -0.428444024594609 -0.395471004359875 -0.362497983514287 -0.329524962180319 -0.296551940486801 -0.263578918550665 -0.230605896441261 -0.197632874221238 -0.164659851974041 -0.131686829769665 -0.0987138076035059 -0.0657407854550926 -0.0327677633150764 0.000205258823110298
-0.991000688564608 -0.95897001433107 -0.926939340107622 -0.894908665889314 -0.862877991587168 -0.830847317082689 -0.798816642223357 -0.766785966877983 -0.734755291034732 -0.702724614707488 -0.67069393789367 -0.638663260586579 -0.606632582807524 -0.574601904689842 -0.542571226390659 -0.510540548050232 -0.478509869770746 -0.446479191518952 -0.414448513235781 -0.382417834894307 -0.35038715647564 -0.318356477966586 -0.286325799376737 -0.254295120715018 -0.222264441964897 -0.190233763120948 -0.158203084247614 -0.126172405409271 -0.0941417266001525 -0.0621110477969547
-0.937210335740652 -0.907329906499236 -0.877449477304619 -0.847569048153076 -0.817688618915104 -0.787808189412326 -0.757927759396654 -0.728047328626789 -0.698166896958304 -0.668286464287668 -0.638406030578065 -0.608525595809358 -0.57864515996384 -0.548764723033528 -0.518884285023812 -0.489003845983843 -0.459123405996582 -0.429242965236466 -0.399362523867212 -0.369482081918173 -0.339601639385114 -0.309721196278568 -0.279840752668152 -0.249960308658376 -0.220079864434248 -0.190199420190479 -0.160318976080109 -0.130438532205936 -0.100558088511457 -0.0706776449003458
-1.03766630710553 -1.00225928559721 -0.966852264084105 -0.931445242570494 -0.89603822099442 -0.860631199271333 -0.825224177292549 -0.789817154924828 -0.75441013196085 -0.719003108208934 -0.683596083614019 -0.648189058155204 -0.612782031810748 -0.577375004555579 -0.541967976372559 -0.506560947279655 -0.471153917298377 -0.435746886429311 -0.400339854657785 -0.364932821929019 -0.329525788178205 -0.294118753389101 -0.258711717739733 -0.223304681450199 -0.187897644714603 -0.152490607691994 -0.117083570427186 -0.0816765329446926 -0.046269495302077 -0.010862457565162
-1.04058160176461 -0.999287105424837 -0.958041919955464 -0.916874827396463 -0.876232509963815 -0.836595072038749 -0.798158406487473 -0.76106010126425 -0.725488736190585 -0.691562591955308 -0.659067760849292 -0.627707288063924 -0.597146397418978 -0.566899027247787 -0.5364541574278 -0.505352219499386 -0.473214317348534 -0.439932792580787 -0.405460095725646 -0.369717875288906 -0.332620079270434 -0.294078870613802 -0.253999272037413 -0.212208933741458 -0.168233156078462 -0.121726006890259 -0.0731589738236006 -0.0231951908560953 0.0275530425161209 0.0784861354172806
-1.03376134045119 -0.997321709211356 -0.960882077989742 -0.92444244679364 -0.888002815589404 -0.851563184338422 -0.815123553023166 -0.778683921613631 -0.74224429000883 -0.705804658099537 -0.669365025814559 -0.632925393092211 -0.59648575986096 -0.560046126009884 -0.523606491453661 -0.48716685624876 -0.450727220479107 -0.414287584196669 -0.377847947460603 -0.341408310390792 -0.304968673122296 -0.268529035788171 -0.232089398513425 -0.195649761398903 -0.159210124456815 -0.122770487675012 -0.0863308510325374 -0.0498912145015075 -0.0134515780351487 0.0229880584180355
-1.03869226043713 -1.00198004492496 -0.965267829482974 -0.928555614132883 -0.891843398845815 -0.855131183608649 -0.818418968521891 -0.781706753692779 -0.744994539141868 -0.708282324856572 -0.671570110778416 -0.634857896837456 -0.598145682997708 -0.561433469359036 -0.524721256042353 -0.488009043116916 -0.451296830619036 -0.414584618504879 -0.377872406703945 -0.341160195119221 -0.304447983647065 -0.267735772197043 -0.231023560731558 -0.194311349233465 -0.157599137714579 -0.12088692619127 -0.0841747146691618 -0.0474625031518338 -0.0107502916454446 0.0259619198432033
0.997921823255848 0.958151511737899 0.918468017718155 0.879168142910849 0.84085552949935 0.804082636342269 0.768890348530018 0.735226166264234 0.703175623959645 0.672814294735066 0.644039872312567 0.616705580565034 0.590507959091571 0.564516810396151 0.537781987073518 0.50990027917661 0.48061690265657 0.449723839599148 0.417054740425756 0.382563162765858 0.346232641050928 0.308084003208929 0.268287251153777 0.227063992402108 0.184693082895489 0.141491036559896 0.0978677508340367 0.0541900855324996 0.0105593664606762 -0.0329894640783417
-1.00122235089723 -0.96577195058348 -0.930325851762575 -0.894889745830168 -0.859473968883119 -0.82408886010059 -0.788740126289743 -0.753432726017758 -0.718173257263884 -0.682968025996823 -0.647820530731008 -0.612733568117302 -0.577709371486118 -0.54274792088605 -0.50784765003953 -0.473003060646165 -0.438206964491171 -0.403449345725027 -0.368720066864831 -0.334011331528887 -0.2993159286108 -0.264628110570789 -0.22994798413553 -0.195277802550945 -0.160622550873483 -0.125986532743671 -0.0913685943278243 -0.0567657071076905 -0.0221728013009678 0.0124157031906585
-1.03400213827334 -0.998390483431775 -0.962778828633243 -0.92716717394962 -0.89155551931815 -0.855943864621332 -0.820332209657282 -0.784720554244966 -0.749108898371107 -0.713497242021847 -0.67788558501324 -0.642273927118823 -0.606662268106466 -0.571050607721384 -0.535438945746047 -0.499827282134593 -0.464215616907044 -0.42860395017528 -0.392992282087816 -0.357380612847851 -0.32176894267225 -0.286157271770962 -0.250545600326264 -0.214933928494817 -0.179322256358492 -0.143710583985538 -0.108098911464498 -0.0724872388780642 -0.036875566265221 -0.001263893654028
-1.00914622499315 -0.98299756358955 -0.956026948784377 -0.927400451830724 -0.896465595335632 -0.862785724681638 -0.826606024999316 -0.788390090209242 -0.748793309643957 -0.708450390120652 -0.667721512983136 -0.626898228206875 -0.586247441973352 -0.545937485288131 -0.506253867241367 -0.468049384437504 -0.432137042799108 -0.398603398006954 -0.367340909712282 -0.33819210368999 -0.310987022245894 -0.285579468004559 -0.261918284865558 -0.239937344807451 -0.219415590849753 -0.200078338867221 -0.181591325114628 -0.163647390910295 -0.146107377446715 -0.128874125884922
-0.967409988322147 -0.940167592588256 -0.911418157109806 -0.880332953198062 -0.846134340996271 -0.808530619333586 -0.769122752950804 -0.729614553521065 -0.690228554535212 -0.650952039415203 -0.612312569489718 -0.57497277556412 -0.539581627051047 -0.506733447792218 -0.476865707201119 -0.449843102549197 -0.425534981184057 -0.404402062899965 -0.386653710008328 -0.370902482442449 -0.355361739541109 -0.3378182920815 -0.314352756594476 -0.281363189049239 -0.238223597414722 -0.185866250418276 -0.128480507821184 -0.0702272473122019 -0.0118963272560318 0.0465651488136374
-1.01094274392821 -0.976783392206539 -0.942624040467798 -0.908464688710956 -0.874305336998272 -0.840145985368329 -0.805986633701708 -0.771827281851176 -0.737667929716235 -0.703508577202593 -0.669349224194048 -0.635189870568918 -0.601030516267993 -0.566871161481945 -0.532711806455244 -0.498552451397658 -0.464393096504102 -0.430233741944768 -0.396074387830798 -0.361915034061856 -0.327755680484735 -0.293596326932839 -0.259436973186009 -0.225277619041308 -0.191118264418247 -0.156958909294787 -0.12279955376025 -0.0886401979310445 -0.0544808419205692 -0.0203214858414699
-1.10827676925154 -1.01778427172538 -0.934584709024889 -0.865797223343151 -0.811746361839293 -0.770761134917483 -0.739983000996032 -0.71617951704572 -0.695810186233072 -0.675564939155724 -0.653363469940013 -0.62743291359445 -0.59659027605304 -0.562012046951765 -0.525057062983155 -0.485454065363949 -0.4428183979467 -0.397941910602992 -0.352267896149979 -0.308668913168044 -0.270374836678377 -0.239301623623662 -0.212109558632565 -0.184883073632646 -0.156658862061066 -0.126977635481588 -0.0944439164547675 -0.0580803607102814 -0.0195183456574852 0.0189585708743454
-0.953805424284535 -0.946736909509042 -0.938312554372158 -0.927865678121376 -0.914756961755245 -0.898519310749534 -0.879347166737825 -0.857171034737995 -0.830204137147279 -0.796545406310099 -0.75555389698028 -0.706903694513999 -0.651373335052712 -0.594159157879002 -0.540803661136035 -0.493816175268188 -0.454345165523659 -0.421128804064733 -0.392405550343675 -0.366825306058601 -0.343140833469088 -0.319510390017004 -0.291714213873389 -0.256207627023919 -0.214524305983665 -0.169080779393115 -0.120746629865047 -0.0700317461836984 -0.0175541878468753 0.0360409429692266
-0.951479851745177 -0.917936582290474 -0.884393312868008 -0.850850043506224 -0.817306774215195 -0.783763504988079 -0.750220235768726 -0.716676966480138 -0.683133697011248 -0.649590427271061 -0.616047157282956 -0.582503887098906 -0.548960616771108 -0.515417346352658 -0.481874075895053 -0.448330805442496 -0.414787535066245 -0.381244264953068 -0.34770099530273 -0.314157726251467 -0.280614457919634 -0.247071190385791 -0.21352792356131 -0.179984657324788 -0.146441391590915 -0.112898126295889 -0.0793548614258548 -0.0458115969510485 -0.0122683327281116 0.0212749314147119
-0.976063822017559 -0.943143792567118 -0.910223763165329 -0.877303733849642 -0.844383704648469 -0.811463675558524 -0.778543646458772 -0.745623617226841 -0.712703587852753 -0.67978355835005 -0.646863528713974 -0.613943498935192 -0.581023469002602 -0.548103438898028 -0.515183408593829 -0.482263378031571 -0.449343347151874 -0.416423315922367 -0.38350328431977 -0.350583252330188 -0.31766321994207 -0.284743187145506 -0.251823153937151 -0.218903120298681 -0.185983086145278 -0.153063051418161 -0.120143016229193 -0.0872229807282718 -0.0543029450468047 -0.0213829093115749
-0.961300350448524 -0.928754412364345 -0.896208474287429 -0.863662536223611 -0.831116598155154 -0.798570660076706 -0.766024722056034 -0.733478784189087 -0.700932846611444 -0.668386909437345 -0.635840972656076 -0.603295036225679 -0.570749100098144 -0.53820316420123 -0.505657228472192 -0.473111292910474 -0.440565357521489 -0.408019422272337 -0.375473487106189 -0.342927551908837 -0.310381616551727 -0.27783568092707 -0.245289745010141 -0.212743808808356 -0.180197872374628 -0.147651935764969 -0.115105999002274 -0.0825600621083674 -0.050014125133906 -0.0174681881367542
-0.934540173589721 -0.908932399634785 -0.883159926548818 -0.857062787951736 -0.830514612620775 -0.803396416915481 -0.775585172367318 -0.746971653434485 -0.717505891110198 -0.68717397393376 -0.65604696409379 -0.624217167191241 -0.591775533476156 -0.558807591794955 -0.525391729202476 -0.491583186990863 -0.457428206490371 -0.422960174946397 -0.388207206388557 -0.353189176068215 -0.317923899542174 -0.282429567355048 -0.246725870002702 -0.210818169737763 -0.174653015888648 -0.138196753049859 -0.101553719804463 -0.0648456371914745 -0.0281257620851207 0.00856976468156541
-1.08862218274052 -1.03525675290718 -0.982023840792638 -0.92926389071755 -0.877729340838083 -0.828409477464978 -0.782828985691796 -0.742171255911697 -0.705719100933407 -0.672375572887903 -0.641425258779599 -0.612248129331273 -0.584296661654907 -0.557313358419314 -0.530965432718856 -0.504328913793255 -0.47655474517991 -0.44768471146156 -0.417748418356311 -0.385835915078379 -0.35080236171601 -0.311625686479752 -0.267774890069366 -0.219017052987026 -0.165820502455348 -0.10880385605583 -0.0484856460850408 0.0145320310347225 0.0792127370933183 0.144411448433644
-1.01635646562733 -0.981279153893706 -0.946201842325456 -0.911124531069328 -0.876047220261421 -0.84096991001221 -0.805892600340314 -0.770815291226531 -0.73573798259223 -0.700660674365494 -0.665583366560682 -0.630506059213721 -0.595428752362725 -0.56035144605455 -0.525274140332826 -0.490196835219542 -0.455119530708696 -0.42004222670395 -0.384964923080606 -0.349887619690839 -0.314810316381048 -0.279733013012878 -0.244655709508974 -0.209578405818516 -0.174501101935845 -0.139423797867964 -0.104346493627392 -0.0692691892364396 -0.0341918847510871 0.000885419764270388
-1.01297327289246 -0.978662830496199 -0.944352388070965 -0.910041945619204 -0.875731503188884 -0.841421060848645 -0.807110618704289 -0.772800176855414 -0.738489735339637 -0.704179294163702 -0.669868853272854 -0.63555841259696 -0.601247972073221 -0.566937531668157 -0.532627091364864 -0.498316651183412 -0.464006211142382 -0.429695771217417 -0.395385331376654 -0.361074891601141 -0.326764451875156 -0.292454012191378 -0.258143572576095 -0.223833133058516 -0.189522693645945 -0.155212254318373 -0.120901814968464 -0.0865913754997758 -0.0522809359467767 -0.0179704963766604
-1.04879891342054 -1.01092638710821 -0.973053860993191 -0.935181335280632 -0.897308810158589 -0.859436285794846 -0.821563762293205 -0.783691239732386 -0.745818718154766 -0.707946197557138 -0.670073677790312 -0.632201158668602 -0.594328640011401 -0.556456121658409 -0.518583603467551 -0.48071108534932 -0.442838567262102 -0.404966049303285 -0.367093531592408 -0.329221014198612 -0.291348497178437 -0.253475980579378 -0.215603464412741 -0.17773094868634 -0.139858433430205 -0.101985918657237 -0.0641134042895875 -0.0262408902255282 0.0116316236414559 0.0495041374190762
-1.01405370978913 -0.978470251884402 -0.942886793963476 -0.90730333606234 -0.871719878174007 -0.836136420284886 -0.80055296239796 -0.764969504539158 -0.729386046809611 -0.693802589305771 -0.658219132030157 -0.622635674961808 -0.587052218062842 -0.551468761227698 -0.515885304358617 -0.480301847456733 -0.444718390525516 -0.409134933478883 -0.373551476208369 -0.337968018605535 -0.302384560561945 -0.266801101967036 -0.231217642701722 -0.195634182679838 -0.160050721955412 -0.124467260614776 -0.0888837987332673 -0.0533003363986395 -0.0177168737593008 0.0178665890211772
-1.05228870199183 -1.01480884839953 -0.977328994780281 -0.939849141072905 -0.902369287166553 -0.864889432937238 -0.827409578258099 -0.789929723009024 -0.752449867099744 -0.714970010458245 -0.677490153055661 -0.640010294873917 -0.602530435906189 -0.565050576190671 -0.527570715799915 -0.490090854898881 -0.452610993662935 -0.415131132216655 -0.377651270653738 -0.340171408995147 -0.302691547243664 -0.265211685378592 -0.227731823285323 -0.190251960841125 -0.15277209798467 -0.115292234715075 -0.0778123712118213 -0.0403325076638511 -0.00285264411758657 0.03462721941618
-1.07916309208533 -0.879587267344697 -1.04053530620604 -0.987065263739257 -0.81744264695292 -0.736358350140488 -0.700997364796225 -0.638396513156524 -0.60250584322547 -0.649628084859496 -0.718563469556747 -0.718736604225799 -0.603213909029484 -0.49962905714768 -0.520597323498525 -0.544093136936164 -0.445884376012578 -0.327553564135084 -0.306675320215129 -0.338978000325317 -0.339728394828549 -0.257360107282562 -0.172973994024464 -0.16866989531656 -0.19787633434259 -0.197906876121784 -0.170286570093898 -0.122868875034521 -0.0246094026420363 0.165260697154472
-1.00886409289301 -0.980541504787869 -0.954040208720638 -0.93069511000573 -0.908497966893582 -0.884921042348288 -0.858701765252552 -0.828835402759876 -0.794083409188345 -0.753560366469383 -0.708027179823192 -0.658656335292166 -0.606535390461424 -0.552412189086982 -0.497265070283274 -0.443334068427505 -0.392898788812246 -0.347135425128733 -0.306801705145599 -0.272084904542381 -0.243029685976345 -0.219188826208254 -0.198147558412869 -0.176840642052973 -0.151568485329443 -0.119472231909761 -0.0816903185897445 -0.0402834426349561 0.0029959499383881 0.0464724759264088
-0.971316325550293 -0.937805181700426 -0.904294037772608 -0.870782893642705 -0.837271749161741 -0.803760604190547 -0.770249458654021 -0.736738312495143 -0.703227165665139 -0.669716018139461 -0.6362048699822 -0.602693721279607 -0.569182572141421 -0.535671422771325 -0.502160273380831 -0.468649124118814 -0.435137975071807 -0.401626826139625 -0.368115677178738 -0.33460452805896 -0.301093378653442 -0.267582228854349 -0.234071078629903 -0.20055992800803 -0.167048777179419 -0.133537626330651 -0.100026475469107 -0.0665153245639849 -0.0330041736109453 0.000506977387734931
-1.02195310108444 -0.989616302458632 -0.957265719032431 -0.924884218857381 -0.892455778944484 -0.859970590317297 -0.827442591090164 -0.794886308437148 -0.762294878680407 -0.729653373770739 -0.696935999025405 -0.664114243103281 -0.631158258034699 -0.598032849335815 -0.56470642175318 -0.531167123469123 -0.497408678412515 -0.463427370062635 -0.42922020882274 -0.394784553241589 -0.360117848904314 -0.325217574264176 -0.290081339246942 -0.254712573123117 -0.21913785106967 -0.18339169575294 -0.147517273890276 -0.111557598136505 -0.0755464208453402 -0.0395151792952184
-0.962428533218473 -0.930251186155367 -0.898073839149223 -0.865896492250385 -0.833719145513774 -0.801541798992581 -0.769364452728511 -0.737187106786511 -0.705009761335982 -0.672832416563961 -0.640655072623559 -0.608477729659414 -0.576300387774991 -0.544123046909102 -0.511945706960591 -0.479768367833107 -0.447591029422642 -0.41541369158977 -0.383236354175664 -0.351059016979311 -0.31888167978915 -0.286704342417741 -0.25452700477412 -0.222349666805736 -0.190172328517227 -0.157994989938962 -0.125817651147059 -0.0936403122230395 -0.0614629732243083 -0.0292856342022394
-0.973076530735665 -0.941628681809545 -0.91017821117599 -0.878715100431106 -0.847214459059491 -0.815648528970763 -0.783992953886139 -0.752216634378728 -0.720258096617618 -0.68805636788166 -0.655582854292788 -0.622817056683701 -0.589739031406176 -0.556331056888283 -0.52257831701516 -0.488475395423918 -0.454033471097516 -0.419320704650345 -0.384411697024232 -0.34934982883933 -0.314170675635375 -0.278907124846705 -0.243581311486067 -0.20820802558121 -0.172783429641473 -0.137296338854097 -0.101724806636358 -0.0660538976609085 -0.0303074833918783 0.00548086300873303
-1.06204997482747 -1.02533272667689 -0.98861547863064 -0.951898230763578 -0.91518098308132 -0.878463735580487 -0.841746488290978 -0.805029241263766 -0.768311994600831 -0.73159474839233 -0.694877502630119 -0.65816025728148 -0.621443012296603 -0.584725767557317 -0.548008522953022 -0.511291278471781 -0.474574034145119 -0.437856790079774 -0.401139546390563 -0.364422303149436 -0.327705060417618 -0.290987818233463 -0.254270576543812 -0.217553335253103 -0.180836094187653 -0.144118853177521 -0.107401612145831 -0.0706843710502926 -0.0339671298938658 0.00275011130917601
-1.00909251924006 -0.97693912155603 -0.944778058737448 -0.912598602304894 -0.880374759654922 -0.848076950140349 -0.815676505063092 -0.78315057881581 -0.750498706205059 -0.717724133890542 -0.684822575530681 -0.651787861533575 -0.618611037038309 -0.585272006107911 -0.551750433404617 -0.518036167063534 -0.484124714637197 -0.450024037874957 -0.415740109987435 -0.381258495833506 -0.346559658184106 -0.311632904913719 -0.276502924311018 -0.241205769789731 -0.205787574849636 -0.170293372092043 -0.134753710438368 -0.0991919982599892 -0.0636175654080416 -0.0280362221035972
-0.865821734955854 -1.11339366742948 -0.879372384391899 -0.830635819533422 -0.876943945406622 -0.813200542058473 -0.732002580651316 -0.751044622019843 -0.790718394572786 -0.75382121041039 -0.670075548824898 -0.600935180906552 -0.58764812493671 -0.590639387961174 -0.56176690636693 -0.499443345141239 -0.418352716418945 -0.35170969232495 -0.327179970428671 -0.331702690087551 -0.342035351106034 -0.332472174903834 -0.267454269361738 -0.136829666196908 -0.0419272060109397 -0.0647146569813647 -0.0982346887050385 -0.0375921196986726 0.0249345372609129 -0.0522266541681294
-0.986679037297701 -0.952686178723104 -0.918693320179068 -0.884700461684843 -0.850707603234161 -0.816714744791898 -0.782721886233034 -0.74872902743288 -0.714736168357965 -0.680743309007957 -0.646750449423851 -0.612757589656974 -0.578764729743604 -0.544771869659819 -0.510779009357474 -0.476786148751733 -0.442793287765475 -0.408800426389129 -0.374807564655501 -0.340814702699357 -0.306821840680951 -0.272828978731832 -0.238836116868711 -0.204843255064705 -0.170850393233369 -0.136857531290943 -0.102864669223971 -0.0688718070394966 -0.0348789447562406 -0.000886082395844923
0.96555538811303 0.934524149610465 0.903492911109844 0.872461672568895 0.841430433938907 0.810399195178548 0.779367956282428 0.748336717243158 0.7173054780094 0.686274238513674 0.655242998667879 0.624211758378755 0.593180517566181 0.56214927620257 0.531118034285019 0.5000867918568 0.469055548986705 0.438024305799438 0.40699306242573 0.375961818964528 0.344930575506836 0.313899332131943 0.282868088872299 0.251836845729762 0.220805602630683 0.189774359488631 0.158743116241569 0.127711872851665 0.0966806293535208 0.0656493857998484
-1.01769561573872 -0.966987827368945 -0.920018419912873 -0.881360613110029 -0.855185144199638 -0.842469580166923 -0.831821289481398 -0.810112580918212 -0.769645722990749 -0.707670797359667 -0.635799178536495 -0.569232564245475 -0.519818992574495 -0.485991863066003 -0.462445112829272 -0.442329467786303 -0.420302848118425 -0.398595162231561 -0.380326407540154 -0.364604949268151 -0.349536244591875 -0.333381840915518 -0.315027646554757 -0.292759209418462 -0.261836274876782 -0.218584176338777 -0.16661640190786 -0.110678239345585 -0.0527540203516968 0.00586216238950817
-0.957858742503275 -0.931186369976246 -0.904391741660411 -0.877371490342426 -0.849950668510555 -0.821952292702785 -0.793262815954377 -0.763818906083275 -0.733694653540853 -0.702958318276833 -0.671517415600881 -0.63923927466265 -0.606016555785187 -0.571843243985111 -0.536751840644073 -0.500827587910269 -0.464156336278119 -0.426773628860397 -0.388679303489825 -0.349780684260557 -0.309961966832109 -0.269140158825582 -0.227363515708429 -0.184718857956101 -0.141316018229697 -0.0972923203617104 -0.0528720406845546 -0.00827093179789236 0.0364163011295444 0.0811252147867567
-0.940742344797049 -0.90931198367204 -0.877883046838983 -0.84645700112696 -0.815034772404613 -0.783617113817078 -0.752204628575921 -0.720797867606071 -0.689397322619497 -0.658003337815768 -0.62661572655784 -0.595234169499512 -0.56385846478091 -0.532488880487456 -0.501125869530801 -0.469770154182207 -0.438422527345831 -0.40708379509779 -0.375754434324671 -0.344433591982986 -0.313120082546732 -0.281812626166833 -0.250509565701937 -0.219209339141284 -0.187911142288755 -0.156614401606727 -0.125318708376906 -0.0940237427127079 -0.0627293752350475 -0.0314355241917146
-0.958471093413228 -0.952600669718931 -0.944885907731888 -0.932387145711172 -0.912038508004751 -0.881269162549308 -0.839614665547505 -0.78837019885303 -0.73376305865772 -0.681807748812894 -0.632735489469677 -0.585331679854141 -0.53913182583317 -0.49667185983689 -0.460556658406417 -0.430666447963594 -0.405601532066302 -0.381567172935854 -0.354934187721453 -0.325130654620432 -0.292348967092155 -0.257332419903499 -0.223027913051401 -0.191726329280916 -0.160890877099528 -0.127717611764797 -0.0931616497721716 -0.058760340168795 -0.0246209009706792 0.00950698256394504
-0.992671480290177 -0.958453843290007 -0.924193314618353 -0.889850215865607 -0.855391399152745 -0.82079206244854 -0.786054256582374 -0.751188328427598 -0.716210956172818 -0.68113608123788 -0.645960366652338 -0.610676155848169 -0.575273830576205 -0.539735925862686 -0.504045998518624 -0.468199539218708 -0.432193962649645 -0.396022445682535 -0.359677862610734 -0.32315611523223 -0.28645386222117 -0.249567752270218 -0.212494394146105 -0.175237664315559 -0.137830549971229 -0.100311974572316 -0.0627154959183098 -0.0250707045053042 0.0126033127244949 0.0502900947173531
-1.00027310418391 -0.968045321037714 -0.935814974921543 -0.903563320398783 -0.871285580131136 -0.83897631826052 -0.806613496751392 -0.774165941523567 -0.741582536495756 -0.708813333638576 -0.675832999131388 -0.642622352705735 -0.609166563414102 -0.575468197592734 -0.541527378600687 -0.507317060604492 -0.472806344422093 -0.437976086669602 -0.402814964877624 -0.367331184436556 -0.331537832701746 -0.295454609715231 -0.259127666265802 -0.222611778657111 -0.185969774505505 -0.149263589966773 -0.112543544041799 -0.0758482606624552 -0.0391812006394833 -0.00253703400334053
-0.950000324872242 -0.917344566808926 -0.884680804348266 -0.852000746661785 -0.819298615711968 -0.786567788089244 -0.75379574610483 -0.720967314338086 -0.688062580720138 -0.655061878015101 -0.621951254967278 -0.588718189316017 -0.55535362445703 -0.521862366411479 -0.488252418834095 -0.454530713288445 -0.420706190106544 -0.386796896785365 -0.352821513326252 -0.318792142583068 -0.284719243122808 -0.250610233687711 -0.216460373721001 -0.182263570832407 -0.148020484596685 -0.113737128713175 -0.0794341814145204 -0.0451318462434996 -0.0108337634501178 0.0234605675388125
-0.949913894230248 -0.975792659354781 -0.992846891854437 -0.996296913186333 -0.962651020673154 -0.877616913832171 -0.782411925093428 -0.719849222815841 -0.683615686161052 -0.656748737951441 -0.628814264849624 -0.591010269478277 -0.542521287171047 -0.514477984105463 -0.529339616597032 -0.542933670669277 -0.50875811920519 -0.437624652817615 -0.354060776329358 -0.280143533673227 -0.23733735355953 -0.237128825463031 -0.251093181916317 -0.246904226242057 -0.216541401865433 -0.161500714380982 -0.0970387779581488 -0.0413050476549703 -0.0102597335089414 -0.0193157343024219
1.05470066041834 1.01667287604219 0.97865691625009 0.940666922998933 0.902719537360551 0.864831599156855 0.827018244095112 0.789293577057865 0.751669283743398 0.714154927662592 0.676754002760969 0.639468485592717 0.602296869560129 0.56522371545795 0.528232168807723 0.491313646645738 0.454463562688565 0.417685045859154 0.380981370434265 0.344348676899519 0.307781322292757 0.271270289469672 0.234793064557384 0.198326946992875 0.161861986181173 0.125392448881759 0.0889167213039027 0.0524344750686207 0.015946403994134 -0.0205465425520361
1.01906072446518 0.983050465768776 0.947040207063522 0.911029948316473 0.875019689490704 0.839009430545135 0.80299917142603 0.766988912064605 0.730978652344551 0.694968392164544 0.658958131530711 0.622947870476046 0.5869376090617 0.550927347461467 0.514917085881537 0.478906824545055 0.442896563671608 0.406886303449584 0.370876044043105 0.334865785550409 0.298855528053264 0.262845271604233 0.226835016139051 0.190824761551505 0.154814507684411 0.118804254360456 0.0827940013727714 0.046783748533321 0.010773495758939 -0.025236757007322
0.950809003008722 0.918779015181215 0.886749027423321 0.854719039734995 0.822689052026636 0.790659064179069 0.758629076044382 0.72659908749756 0.694569098533907 0.66253910918423 0.63050911950103 0.59847912954223 0.566449139346506 0.534419148875533 0.50238915807956 0.470359166940124 0.438329175476369 0.406299183826591 0.374269192148305 0.342239200556748 0.310209209156583 0.278179218030715 0.246149227174997 0.214119236547917 0.182089246045552 0.150059255573761 0.118029265139926 0.0859992747704738 0.0539692844664579 0.0219392942225898
1.04778300659377 0.998637606873082 0.949669890019727 0.901177375473886 0.853579869077844 0.807371714623193 0.763223121296648 0.72176698125334 0.683311053126939 0.647957782601579 0.615313497084726 0.584860494414678 0.556039575020639 0.528125549695449 0.5004110880317 0.472426284457359 0.443721428335213 0.413690163931953 0.38175345482369 0.347598186920308 0.310977726715134 0.271871513593145 0.231163278505904 0.189971671353327 0.149450726262143 0.110457560511452 0.0726262397630216 0.0353531781395346 -0.00169276477533409 -0.0387746180326616
-1.04297381823022 -1.0058666107074 -0.9687594032181 -0.931652195730406 -0.894544988133979 -0.857437780305721 -0.820330572149919 -0.783223363591497 -0.746116154610529 -0.709008945220923 -0.67190173551679 -0.634794525612288 -0.59768731562905 -0.560580105718592 -0.523472896028402 -0.486365686659957 -0.449258477701371 -0.412151269233313 -0.375044061311206 -0.337936853896957 -0.300829646929092 -0.263722440345173 -0.226615234078906 -0.189508028073369 -0.152400822312996 -0.115293616784412 -0.078186411441666 -0.0410792062308955 -0.00397200109917748 0.0331352040061763
-0.944631867135808 -0.916544313741583 -0.888461151338596 -0.860360315272661 -0.832181746052429 -0.803861894906467 -0.775361250780159 -0.746644371710279 -0.717668054382358 -0.688383854257794 -0.658730123252707 -0.628641912396897 -0.598073688522321 -0.56705758166955 -0.535637545489243 -0.503827164863774 -0.47161466342451 -0.438917188567061 -0.405659809968963 -0.371870362671215 -0.337602373055678 -0.302918905975485 -0.267921180168859 -0.232712446623052 -0.197365931436366 -0.161941741262596 -0.126477529866486 -0.091002158369126 -0.0555317702060276 -0.0200793293913106
-1.03141078665126 -0.994303666173066 -0.957196545591885 -0.920089424798342 -0.882982303732927 -0.845875182350722 -0.808768060615303 -0.771660938490908 -0.73455381593592 -0.697446692892596 -0.660339569244536 -0.62323244486068 -0.58612531963846 -0.549018193589296 -0.51191106673467 -0.474803939022347 -0.43769681040053 -0.40058968089291 -0.363482550563046 -0.326375419558516 -0.289268288047898 -0.252161156210425 -0.215054024267957 -0.177946892419489 -0.140839760729946 -0.103732629210222 -0.0666254977891554 -0.0295183663842876 0.00758876504997236 0.0446958965499989
0.967381513564303 0.93379790356663 0.900210670743416 0.866619657889235 0.833033515235763 0.799464538807185 0.765930800360615 0.732450348275182 0.699035361685153 0.665698434828124 0.632459691599849 0.599341138310628 0.56636225882278 0.53353244720672 0.500857261271175 0.46833700357004 0.435968471287066 0.403739695380273 0.371633937955165 0.339624151932913 0.307680712938604 0.275777934573678 0.243905882344986 0.212060234774717 0.180243370540997 0.148456044811727 0.116685818557949 0.0849192345920705 0.0531519572888076 0.0213819314134533
