-1.03644753863067 -1.00139998124937 -0.966352423859693 -0.931304866481899 -0.896257309108498 -0.861209751710017 -0.826162194196838 -0.791114636452408 -0.756067078312607 -0.721019519622774 -0.685971960313666 -0.65092440033739 -0.615876839671743 -0.580829278397259 -0.545781716627199 -0.510734154502985 -0.4756865921557 -0.44063902964692 -0.405591467018316 -0.370543904301444 -0.335496341525329 -0.300448778708177 -0.265401215824904 -0.230353652834241 -0.195306089673453 -0.160258526276501 -0.1252109625856 -0.0901633985751578 -0.0551158343401052 -0.0200682700055037
-0.9608297486974 -0.92743794642229 -0.894046144195909 -0.860654342065625 -0.827262540126897 -0.793870738470611 -0.760478937121282 -0.72708713607906 -0.693695335312991 -0.660303534786269 -0.626911734469769 -0.593519934336289 -0.560128134352879 -0.52673633446359 -0.493344534601981 -0.459952734682632 -0.426560934605926 -0.393169134234449 -0.359777333443394 -0.326385532196186 -0.292993730478305 -0.259601928282963 -0.226210125634284 -0.192818322562224 -0.159426519089162 -0.126034715232134 -0.0926429109943907 -0.0592511063969545 -0.0258593015457263 0.00753250343217388
-1.00681841970738 -0.970711258264233 -0.934604096822539 -0.898496935341373 -0.862389773722965 -0.826282611889796 -0.790175449902194 -0.754068287843728 -0.717961125753083 -0.681853963645529 -0.645746801487557 -0.609639639233457 -0.573532476834648 -0.537425314231044 -0.501318151365582 -0.465210988204781 -0.429103824704913 -0.392996660757663 -0.356889496263978 -0.320782331226429 -0.284675165672994 -0.248567999652773 -0.21246083329935 -0.176353666730211 -0.140246499913947 -0.104139332814942 -0.0680321655296417 -0.0319249981742533 0.00418216918803589 0.0402893365072935
-0.917293940609943 -0.89328478691108 -0.885838315108726 -0.898097588238354 -0.906908240405643 -0.886086844248521 -0.823631155463707 -0.72307644567781 -0.635926867178234 -0.60832749029213 -0.617018176844855 -0.62138748653632 -0.591834136045405 -0.542797469966874 -0.495088658082439 -0.450965543005722 -0.407815563932291 -0.362097873553589 -0.312670907965747 -0.268918523387758 -0.242855931069334 -0.23961804303061 -0.236818574373429 -0.212427560680471 -0.173361516376068 -0.13195129587226 -0.0932386346902747 -0.0590663017303035 -0.0257703182992223 0.0116899811944226
-0.938195054193236 -0.93778032985465 -0.929355589028015 -0.906742098864127 -0.881447908048251 -0.865192234556336 -0.852852191992582 -0.835165934271809 -0.803157880923069 -0.750947787119699 -0.68475048499796 -0.613804575934845 -0.547203871399873 -0.493463023232684 -0.458909582921148 -0.441701860175929 -0.435324158521384 -0.422733998513836 -0.389240583155665 -0.340086628201532 -0.285498227594162 -0.235167826450383 -0.19665327458341 -0.17371447431215 -0.157054133281876 -0.13642155528985 -0.110809623414944 -0.0814400474401787 -0.049206264683573 -0.0149196443468958
-1.06818667448267 -1.01610217735166 -0.964303653839312 -0.913089857359471 -0.862868243493384 -0.814146278881472 -0.767722772233467 -0.724301258344148 -0.683912834279174 -0.646373812787677 -0.61131380708182 -0.57831575548952 -0.546905497722972 -0.516380479031479 -0.486091414282152 -0.455830491276226 -0.425526786657606 -0.395215459506758 -0.364865286160476 -0.334073429544324 -0.302344149231057 -0.269278824721717 -0.234867315230486 -0.199245853484265 -0.162747686547707 -0.125699931416883 -0.0882081704758081 -0.0503585573167024 -0.0123810649766759 0.0254583786459395
-1.03250187980099 -0.996589994955976 -0.960678110142832 -0.924766225381859 -0.888854340685025 -0.852942456054373 -0.8170305714606 -0.781118686884348 -0.745206802377405 -0.709294918000744 -0.673383033780956 -0.637471149736035 -0.601559265875127 -0.565647382171984 -0.529735498594079 -0.493823615119155 -0.45791173171266 -0.4219998482806 -0.386087964766449 -0.350176081323002 -0.314264198155384 -0.278352315427833 -0.242440433141026 -0.206528551248819 -0.170616669681332 -0.134704788375877 -0.0987929073222526 -0.0628810265086577 -0.0269691458644047 0.00894273469591612
-1.04095796150588 -1.00572617729734 -0.970494393041479 -0.935262608657428 -0.900030824089557 -0.864799039324808 -0.829567254495174 -0.794335469775821 -0.759103685369564 -0.72387190148976 -0.688640118364295 -0.653408336224689 -0.618176555265665 -0.582944775534756 -0.547712997021411 -0.512481219629915 -0.477249443262175 -0.442017667895755 -0.406785893533137 -0.371554120200809 -0.336322347931264 -0.301090576717449 -0.265858806394142 -0.230627036752892 -0.195395267570515 -0.160163498652593 -0.12493172993452 -0.0896999613747438 -0.0544681928940981 -0.019236424404016
-0.992627359673317 -0.958672691018391 -0.92471802233071 -0.890763353529757 -0.856808684562824 -0.822854015401392 -0.788899346085887 -0.754944676677804 -0.720990007253975 -0.687035337882037 -0.653080668577512 -0.619125999342899 -0.585171330173807 -0.55121666103831 -0.517261991908726 -0.48330732280189 -0.449352653728027 -0.415397984626406 -0.381443315418028 -0.347488646021783 -0.313533976356034 -0.279579306337779 -0.24562463587855 -0.21166996490465 -0.1777152934069 -0.14376062140883 -0.109805949000276 -0.0758512762866717 -0.041896603369524 -0.00794193034936062
1.05072753346223 1.01323696241884 0.975746391420483 0.938255820549268 0.900765249959228 0.863274679813821 0.82578411024231 0.788293541351705 0.750802973194172 0.713312405799242 0.675821839160745 0.638331273263587 0.600840708077922 0.563350143514894 0.525859579482199 0.488369015932745 0.450878452842642 0.41338789023559 0.375897328134931 0.338406766514981 0.300916205337799 0.263425644559415 0.225935084111741 0.188444523933109 0.150953964011641 0.113463404327642 0.0759728447803544 0.03848228526502 0.00099172574193739 -0.0364988338123304
-0.936701930394664 -0.905855806385151 -0.875009525139387 -0.844160603536255 -0.813300626946593 -0.782419593519421 -0.751507084024522 -0.720553408126246 -0.689552208446454 -0.658495444408664 -0.627365009685508 -0.596140281511896 -0.564800999323771 -0.533328351361203 -0.501709662910434 -0.469955358638277 -0.438082863947331 -0.406114507802761 -0.374070444408056 -0.341957225357429 -0.309778001592776 -0.277536710282044 -0.245240433497394 -0.212898050822419 -0.180522486982229 -0.148126131678194 -0.115715189375204 -0.08329388095942 -0.0508646782385698 -0.0184296157507708
-1.02019682121656 -0.985261488019946 -0.950326154804804 -0.915390821600292 -0.8804554883194 -0.845520154837764 -0.810584820997764 -0.775649486639206 -0.74071415162484 -0.705778815802778 -0.670843478939646 -0.635908140781699 -0.600972801107514 -0.56603745982497 -0.531102116899879 -0.496166772400503 -0.461231426429142 -0.426296079121793 -0.391360730621005 -0.356425381061823 -0.321490030577418 -0.286554679312038 -0.251619327454233 -0.216683975180666 -0.181748622576159 -0.146813269707135 -0.111877916658282 -0.0769425635096148 -0.0420072103041775 -0.00707185707577437
-1.02789484750376 -0.992220092853226 -0.956545338270701 -0.920870583783245 -0.885195829412309 -0.849521075199151 -0.813846321269851 -0.778171567762373 -0.742496814777398 -0.706822062367486 -0.671147310430013 -0.635472558823561 -0.59979780739233 -0.564123055923003 -0.528448304214873 -0.492773552175196 -0.457098799718198 -0.421424046678016 -0.385749292906754 -0.350074538408462 -0.314399783225175 -0.278725027418866 -0.243050271131263 -0.207375514519789 -0.17170075772491 -0.136026000863076 -0.100351243971655 -0.0646764870663338 -0.0290017301551605 0.00667302675572765
-1.0349440095282 -1.00001970471721 -0.965065285631579 -0.930037398647465 -0.894892589227383 -0.859593557306961 -0.824127721627927 -0.788492674743854 -0.752701985649597 -0.716770900818018 -0.680705400192718 -0.644509147084982 -0.608178840536619 -0.571683322511529 -0.534985396642514 -0.498051570315895 -0.460853044456694 -0.423376090391204 -0.385612211092125 -0.347558765716491 -0.309214577467421 -0.270585600239258 -0.231706310691234 -0.192616573562204 -0.153349283144628 -0.11393915606287 -0.074435168715323 -0.034884634217322 0.00468604722206311 0.0442557036203278
0.964199256236033 0.937615714452847 0.910980314212042 0.884213376887688 0.857214111328729 0.829868750974611 0.802032740151884 0.773554547468062 0.744285527767386 0.71410495635141 0.683000904114195 0.650988640847935 0.618081570597533 0.584285634418754 0.549635264840789 0.514286323275663 0.478423668160811 0.44222671715244 0.405840338495587 0.369276643571807 0.332514554546792 0.295533288137824 0.258313239268573 0.220855871733517 0.183245746603986 0.145590157425191 0.108004230361008 0.0705786303899015 0.0332983451300283 -0.0038780571405327
-1.04440168898444 -1.00842892476345 -0.972456160655586 -0.936483396764852 -0.900510633155567 -0.864537869863548 -0.828565106850286 -0.792592344053967 -0.756619581393894 -0.720646818812499 -0.684674056363619 -0.648701294128947 -0.612728532194181 -0.576755770661055 -0.540783009604313 -0.504810248974703 -0.468837488692073 -0.432864728676669 -0.396891968840697 -0.360919209063815 -0.324946449217543 -0.288973689205223 -0.253000929057484 -0.217028168835834 -0.181055408597992 -0.145082648384149 -0.109109888168155 -0.0731371279192061 -0.037164367654228 -0.00119160740207787
-1.0039712263558 -0.967666809123645 -0.931362391955471 -0.895057974892799 -0.858753557954327 -0.82244914114479 -0.786144724435934 -0.749840307791195 -0.713535891173778 -0.677231474561227 -0.640927057988672 -0.60462264150564 -0.568318225173097 -0.532013809097773 -0.49570939336577 -0.459404977934912 -0.42310056269643 -0.38679614740343 -0.350491731780094 -0.314187315573013 -0.277882898534379 -0.241578480478118 -0.205274061465095 -0.168969641629136 -0.132665221148969 -0.096360800214798 -0.060056379017803 -0.0237519577216935 0.01255246362069 0.048856884984224
-0.94838960559299 -0.917070777245879 -0.885756277530321 -0.854450492374781 -0.823152066727956 -0.791859063949063 -0.760572962019156 -0.729287267502892 -0.69796018667748 -0.666543401049811 -0.634997793332941 -0.603286546541467 -0.571369495357229 -0.539193081131032 -0.506706485549825 -0.473883244976146 -0.44070534148475 -0.407164185323647 -0.373262817742206 -0.339041375821965 -0.304549270602503 -0.269831765795858 -0.23491753580391 -0.199821662850055 -0.164521449753934 -0.128995779030877 -0.0932676313827251 -0.0573764416978157 -0.0213833634239398 0.0146450203512475
-0.979249127855321 -0.945209253167785 -0.911169378468268 -0.877129503799563 -0.843089629223673 -0.809049754796739 -0.775009880532251 -0.740970006414707 -0.706930132355267 -0.672890258266191 -0.638850384137449 -0.604810509978442 -0.570770635787107 -0.536730761515538 -0.502690887128285 -0.468651012685549 -0.434611138275317 -0.400571264001052 -0.366531389930342 -0.332491515971798 -0.298451641994291 -0.264411767860376 -0.230371893407354 -0.196332018484092 -0.162292143010972 -0.128252266958916 -0.0942123904294879 -0.0601725135568056 -0.0261326364745457 0.00790724068372389
-0.976046656217686 -0.943516076454414 -0.910985496625702 -0.878454916682201 -0.845924336562285 -0.813393756210041 -0.780863175604676 -0.748332594734355 -0.715802013587937 -0.683271432140365 -0.650740850310209 -0.618210268001944 -0.585679685137118 -0.553149101705571 -0.520618517736872 -0.488087933351237 -0.45555734868875 -0.423026763878351 -0.390496179047741 -0.357965594330843 -0.325435009863132 -0.292904425763061 -0.260373842080993 -0.227843258831878 -0.195312675957124 -0.162782093383745 -0.13025151105475 -0.0977209289163719 -0.0651903469117519 -0.0326597649832581
-1.02636379631881 -1.07234460469428 -1.0110822053384 -0.937381741798521 -0.855124087098876 -0.761427648669588 -0.717285242087395 -0.766533665624993 -0.820511240192291 -0.787397253089618 -0.69523333454178 -0.602026700504703 -0.548459486127839 -0.505913503334742 -0.447071931907977 -0.419123746292036 -0.457098958753797 -0.472885938187763 -0.385042432918497 -0.261945352363188 -0.209426396212178 -0.281759124987064 -0.326984542534452 -0.214263166242802 -0.103466124342987 -0.148025971916743 -0.184910360606837 -0.0578159071581143 0.0461800078373017 -0.145845187174533
-1.02271489831468 -0.98943773611953 -0.956130044689177 -0.922771992020251 -0.889344113445025 -0.855831306038347 -0.82223554650974 -0.788559620471709 -0.754792469514012 -0.720917160431662 -0.686907104863441 -0.652733300659071 -0.61836333439414 -0.583751147547693 -0.548854560819107 -0.513660556885626 -0.478156757991918 -0.442304182674462 -0.406066872347725 -0.369447563646311 -0.33245866700986 -0.295122070756581 -0.257497574718969 -0.219650848167561 -0.181633126610794 -0.143485314465816 -0.105221425546722 -0.0668546459083318 -0.0284217411714134 0.0100346281517788
-0.951383942821173 -0.919372210479926 -0.887353488967961 -0.855318896489277 -0.823263051067383 -0.791180483746411 -0.759061877833487 -0.726896790294167 -0.694674120464743 -0.662384022767355 -0.630022329596801 -0.597586292841041 -0.565074446505178 -0.532490453062891 -0.49983776723335 -0.467113884249123 -0.434313984097511 -0.401429945271323 -0.368454297731815 -0.335385478808491 -0.302223402672918 -0.268970127349659 -0.235636286275255 -0.202232312958349 -0.168759265784028 -0.135216620460993 -0.10160689711596 -0.0679367624503812 -0.0342264250466537 -0.000499478957407949
-1.01529493462906 -0.938448158118224 -0.866843073582299 -0.807760578540679 -0.7621956450674 -0.729738160678015 -0.710643600099484 -0.703782282132396 -0.701818314660436 -0.696563512714627 -0.682626730832239 -0.655316083427105 -0.61232001886114 -0.560848321288602 -0.509568290772843 -0.463455955221269 -0.426093680142361 -0.399180453604831 -0.382708400852561 -0.371725573269876 -0.36004400377621 -0.341843994738925 -0.312778926317091 -0.270263019469056 -0.217280780558557 -0.157965405046097 -0.0954745593738494 -0.031973008990193 0.0333705556133451 0.102136462684451
-1.04341248847802 -1.00747148542026 -0.971530482397298 -0.935589479429628 -0.899648476607392 -0.863707474049233 -0.82776647191816 -0.791825470381862 -0.755884469582381 -0.719943469616544 -0.684002470425972 -0.648061471913479 -0.612120474005037 -0.576179476719235 -0.540238480078501 -0.504297484028006 -0.468356488476925 -0.432415493267685 -0.396474498255886 -0.360533503416538 -0.324592508754505 -0.288651514283311 -0.252710520051115 -0.216769526112792 -0.180828532515466 -0.144887539278614 -0.108946546318913 -0.0730055535341973 -0.0370645608497525 -0.00112356819772641
-1.00565378688867 -0.973702285845072 -0.941751069348687 -0.909779703708837 -0.877722466959414 -0.845504904478224 -0.813062919294175 -0.78034555037555 -0.747344022797036 -0.714045308768148 -0.680377182931314 -0.646252620537185 -0.611598324595743 -0.576395909154275 -0.540642373783064 -0.504341349107052 -0.467517364555696 -0.430271913721839 -0.392696163268062 -0.3547630079725 -0.316415774642179 -0.27760564375159 -0.238315210445098 -0.198549672411479 -0.158373222847296 -0.117862379494374 -0.0770839627678097 -0.0361038448818533 0.00500619742589883 0.0461729112870145
-1.01757851891594 -0.977148677879751 -0.936820530341648 -0.896687463317573 -0.856863639271771 -0.817465101531192 -0.77859464142531 -0.740356576722833 -0.702874582946885 -0.666268854889605 -0.630626306664786 -0.596025532216636 -0.562517653496575 -0.530043904484885 -0.498516647260364 -0.467842644267045 -0.437913412644419 -0.408565087948598 -0.379631604444901 -0.350993472818869 -0.322542847861097 -0.294197095612447 -0.265974427114858 -0.237894480820189 -0.209881759818921 -0.181842837888818 -0.153707706918151 -0.125431830586568 -0.0970491416287007 -0.068613190042925
-0.991143904370324 -0.957247181147788 -0.923350458024201 -0.889453735068647 -0.855557012247004 -0.821660289495046 -0.787763566731343 -0.753866843871168 -0.719970120833818 -0.686073397575916 -0.652176674199368 -0.618279950842396 -0.584383227637324 -0.550486504692877 -0.516589782076779 -0.482693059716353 -0.448796337525679 -0.414899615506255 -0.381002893664518 -0.347106171939225 -0.313209450252219 -0.279312728518489 -0.245416006625628 -0.211519284475448 -0.177622562054043 -0.143725839395465 -0.109829116641331 -0.075932393931272 -0.0420356712894012 -0.008138948710953
-0.952658224671272 -0.921698116162162 -0.890746281251022 -0.859813731679094 -0.828898325619643 -0.797990814430533 -0.767066675775988 -0.736099161285962 -0.705067892146979 -0.673955464541157 -0.642750005076438 -0.611441022967214 -0.580018050908255 -0.548470715515822 -0.51679059882832 -0.484977010651229 -0.453031509444663 -0.420956920520204 -0.38875877606206 -0.35645216889347 -0.324054581997432 -0.291584294019494 -0.259062766255411 -0.22651140159328 -0.193948186640364 -0.161387116547116 -0.1288296369176 -0.0962745678270024 -0.0637227767813991 -0.0311756431445879
-0.991584994204863 -0.958875179772632 -0.926165365336706 -0.893455550901269 -0.860745736542612 -0.828035922370351 -0.795326108555327 -0.762616295300725 -0.729906482877903 -0.697196671531389 -0.664486861330237 -0.631777052299637 -0.599067244422362 -0.566357437511536 -0.533647631360414 -0.500937825852425 -0.468228020870427 -0.435518216204831 -0.402808411643889 -0.370098607059691 -0.337388802345286 -0.304678997414099 -0.271969192261062 -0.239259386892927 -0.2065495812822 -0.173839775413212 -0.141129969351825 -0.108420163177121 -0.0757103569395261 -0.0430005506823004
0.98636866903228 0.951733911252326 0.917089265310206 0.882426605244021 0.847746800517949 0.813054320717255 0.778359040485464 0.743674811495357 0.70902598847849 0.674436638094894 0.639919171659755 0.605483086652044 0.571137361527053 0.536888898645367 0.5027459630082 0.468724346273999 0.434837641946682 0.40108312425481 0.3674533852811 0.333938607800248 0.30052837225994 0.267212702946106 0.233983399497642 0.200830803653271 0.167737650198064 0.134687598751853 0.101675615227192 0.0686975632758936 0.0357415912140923 0.00279391852400434
-1.01302699348086 -0.977661366351015 -0.942295739211083 -0.906930112063239 -0.871564484920839 -0.836198857784506 -0.800833230592768 -0.765467603275639 -0.730101975791172 -0.694736348119389 -0.659370720300137 -0.624005092388214 -0.588639464429989 -0.553273836438098 -0.517908208409568 -0.482542580312714 -0.447176952093159 -0.411811323634442 -0.376445694833355 -0.341080065701778 -0.305714436280358 -0.270348806614145 -0.23498317676578 -0.19961754680318 -0.164251916797762 -0.128886286799755 -0.0935206567711348 -0.0581550266646325 -0.0227893964842564 0.012576233753166
-0.950717646021117 -0.918463858175175 -0.886210070407644 -0.853956282831571 -0.821702495646108 -0.789448709048945 -0.757194923145804 -0.724941137968886 -0.692687353348269 -0.660433569064854 -0.628179784904948 -0.595926000656211 -0.563672216118932 -0.531418431143912 -0.499164645605843 -0.466910859424473 -0.434657072515855 -0.402403284736212 -0.370149495967038 -0.33789570625076 -0.305641915670033 -0.273388124327431 -0.241134332405191 -0.208880540082623 -0.176626747447659 -0.144372954564527 -0.11211916149401 -0.0798653682982785 -0.0476115750484692 -0.0153577818179634
-1.05982425217316 -1.02308174098655 -0.98633922979274 -0.949596718616307 -0.912854207498916 -0.876111696505244 -0.839369185774914 -0.802626675454628 -0.765884165644459 -0.72914165641298 -0.692399147749386 -0.655656639623029 -0.618914132003344 -0.582171624860096 -0.545429118136391 -0.508686611668363 -0.471944105277301 -0.435201598832082 -0.398459092242814 -0.361716585536933 -0.324974078771206 -0.288231572002945 -0.25148906529163 -0.214746558698677 -0.178004052291068 -0.141261546122778 -0.104519040190179 -0.0677765344658112 -0.0310340288844993 0.00570847662836226
1.03335386002229 0.996554326574921 0.959754793100555 0.922955259548274 0.886155725817486 0.849356191807881 0.812556657469948 0.775757122772728 0.738957587708671 0.702158052276488 0.66535851647654 0.628558980309602 0.591759443794116 0.554959907019203 0.518160370092295 0.481360833123392 0.444561296212335 0.407761759415746 0.370962222771621 0.334162686286649 0.297363149959695 0.260563613808345 0.223764077925062 0.186964542409364 0.150165007314098 0.113365472647718 0.0765659382877767 0.0397664040976614 0.00296687001498784 -0.0338326640040707
-0.978408374053438 -0.945470132566438 -0.912531891062322 -0.879593649518749 -0.846655407926523 -0.813717166285928 -0.780778924622021 -0.747840682993404 -0.71490244156809 -0.681964200504937 -0.649025959816775 -0.616087719479922 -0.583149479466333 -0.550211239730501 -0.517273000241712 -0.484334761045886 -0.451396522189191 -0.418458283642134 -0.385520045348656 -0.352581807222105 -0.319643569168177 -0.286705331128454 -0.253767093188054 -0.220828855455603 -0.187890617990207 -0.154952380828951 -0.122014143970342 -0.0890759073874521 -0.0561376709901813 -0.0231994346726378
-1.01064139209781 -0.974814405667412 -0.938987419140196 -0.90316043243511 -0.867333445533334 -0.831506458438064 -0.795679471178324 -0.759852483776655 -0.724025496203822 -0.688198508415084 -0.652371520355448 -0.616544531967357 -0.580717543201207 -0.544890554039202 -0.509063564493825 -0.473236574666848 -0.437409584698233 -0.401582594791391 -0.365755605113207 -0.329928615621005 -0.294101626219718 -0.258274636810718 -0.222447647281125 -0.186620657543218 -0.150793667624138 -0.114966677560337 -0.0791396873106476 -0.0433126968369306 -0.00748570619078229 0.0283412845537674
-1.01554301425596 -0.981316166050745 -0.947089317856858 -0.91286246972162 -0.878635621734093 -0.844408774018832 -0.81018192680062 -0.775955080273542 -0.741728234408646 -0.707501389105648 -0.673274544201967 -0.63904769951945 -0.604820854927451 -0.570594010485356 -0.536367166280478 -0.502140322321805 -0.467913478596427 -0.433686635082168 -0.399459791762901 -0.365232948655954 -0.331006105787018 -0.296779263188031 -0.262552420915907 -0.228325579032094 -0.194098737591179 -0.159871896622357 -0.125645056060097 -0.0914182158087411 -0.0571913757468463 -0.0229645357465223
-0.97272014212075 -0.941503690031178 -0.910287238061304 -0.879070786334984 -0.847854334862003 -0.81663788361213 -0.785421432509142 -0.75420498145914 -0.722988530343521 -0.691772079044912 -0.660555627475573 -0.629339175555175 -0.598122723208341 -0.56690627037952 -0.535689817020445 -0.504473363092169 -0.473256908541011 -0.442040453245034 -0.410823997083009 -0.379607540004794 -0.348391081978022 -0.317174622981819 -0.285958163041283 -0.254741702220796 -0.223525240695903 -0.192308778660686 -0.161092316272205 -0.129875853666803 -0.0986593909349607 -0.0674429281556957
-0.980822627550693 -0.947683479226697 -0.91454433086613 -0.881405182478999 -0.848266034011118 -0.815126885387017 -0.781987736510293 -0.748848587292618 -0.71570943769893 -0.682570287728343 -0.649431137463433 -0.616291987007643 -0.58315283645652 -0.550013685874031 -0.516874535327816 -0.483735384931795 -0.450596234802862 -0.417457085023535 -0.384317935639884 -0.351178786586568 -0.318039637770395 -0.284900489091866 -0.25176134042626 -0.21862219166159 -0.185483042762022 -0.152343893726486 -0.119204744616813 -0.086065595495915 -0.0529264463681237 -0.0197872972231248
-0.900290020240998 -0.878864436137546 -0.856787683333539 -0.833462548888735 -0.808702514984791 -0.782690453056655 -0.756676096430533 -0.731848658249055 -0.708088409029299 -0.684861998181737 -0.661290533315969 -0.636408736591375 -0.609322076737165 -0.579419008761861 -0.546278695270229 -0.509960142972686 -0.470629305008464 -0.428400076126397 -0.383583164061285 -0.337328586882174 -0.290996190241671 -0.245880544592562 -0.203015119588328 -0.163230030792136 -0.126803078205181 -0.0937051014616258 -0.0632314142894833 -0.0345445771726738 -0.00695166352489843 0.020204125007696
-0.993777661811921 -0.961496108717574 -0.929196283303788 -0.896859321223783 -0.86444626437237 -0.831907476488604 -0.799170702446897 -0.766155544832827 -0.732771655941253 -0.698939456455654 -0.664632390904709 -0.629837159778394 -0.594558705104332 -0.558874935060713 -0.522883425700488 -0.486687458425051 -0.450383266175802 -0.414033182705695 -0.377681004502411 -0.341330278180984 -0.304974487888288 -0.268605375390416 -0.23220771293034 -0.195768891340063 -0.159293745330815 -0.122788847849057 -0.0862502809029401 -0.0496740757893091 -0.013066551898094 0.0235633993575043
-0.990306277132422 -0.955007776297714 -0.919691157970644 -0.884333461070584 -0.848916013010108 -0.813423413535398 -0.777849063233874 -0.742190854051796 -0.706455842529546 -0.670652472090709 -0.634785569097546 -0.598859055646993 -0.562875313341044 -0.526830561801944 -0.490719520202101 -0.454537067894327 -0.418276605652238 -0.381925459752254 -0.345470830132366 -0.308905485874061 -0.272223588344693 -0.235422880687661 -0.198515433150523 -0.161516769328824 -0.124441899105901 -0.0873069166459859 -0.0501327669491076 -0.0129389156534721 0.0242659398858005 0.0614757943843615
0.981903721518122 0.947636365622645 0.913369009728903 0.879101653840923 0.844834297890838 0.810566941778834 0.776299585349211 0.742032228447598 0.707764870980832 0.673497512855395 0.639230153915129 0.604962793988215 0.570695432908709 0.53642807053417 0.50216070679192 0.467893341864839 0.433625976003931 0.399358609477146 0.365091242539979 0.330823875381178 0.296556508172799 0.262289141060789 0.228021774086657 0.193754407275356 0.159487040690061 0.125219674374244 0.0909523082543423 0.05668494223937 0.0224175762856804 -0.0118497896385387
-0.992946358638366 -0.959125876300526 -0.925305393998242 -0.89148491183421 -0.857664429924808 -0.82384394839254 -0.790023467370744 -0.756202986987819 -0.722382507341581 -0.688562028538713 -0.654741550751943 -0.620921074170508 -0.587100598965071 -0.553280125231981 -0.519459653040652 -0.48563918242706 -0.451818713362325 -0.417998245591583 -0.384177778816906 -0.350357312794095 -0.316536847292378 -0.282716382119301 -0.248895917235664 -0.215075452653306 -0.181254988434964 -0.147434524618103 -0.113614061088224 -0.0797935977077829 -0.0459731343990416 -0.0121526710992117
-1.01845836816747 -0.983560054578338 -0.948661740925408 -0.913763427167211 -0.878865113261985 -0.843966799167458 -0.809068484839614 -0.774170170258011 -0.73927185549824 -0.704373540661905 -0.669475225858626 -0.634576911200026 -0.599678596818438 -0.564780282929028 -0.529881969724862 -0.494983657227766 -0.460085345408613 -0.425187034205692 -0.390288723553684 -0.355390413405425 -0.320492103718291 -0.285593794440078 -0.250695485480274 -0.215797176751277 -0.180898868215446 -0.146000559834674 -0.111102251519036 -0.0762039431852411 -0.0413056348283665 -0.00640732646308133
-0.961048418427379 -0.928496303090743 -0.895944187711403 -0.863392072299006 -0.830839957003173 -0.798287841991651 -0.765735727364699 -0.733183613231569 -0.70063149980495 -0.668079387321235 -0.635527276008198 -0.602975166091457 -0.570423057743245 -0.537870950922249 -0.505318845522795 -0.472766741395293 -0.440214638361027 -0.40766253616868 -0.375110434565533 -0.34255833336586 -0.310006232400683 -0.277454131545866 -0.244902030856642 -0.212349930428563 -0.179797830339089 -0.147245730635907 -0.114693631265717 -0.0821415321461016 -0.0495894331791672 -0.0170373342631534
-0.977582218930007 -0.943633619097343 -0.909685019303855 -0.87573641961467 -0.841787820050002 -0.80783922062059 -0.773890621344178 -0.739942022255267 -0.705993423448376 -0.672044824981613 -0.638096226707393 -0.604147628426711 -0.570199029967268 -0.536250431263598 -0.502301832275224 -0.468353232954805 -0.434404633241566 -0.400456033027848 -0.366507432201565 -0.332558830679789 -0.298610228386883 -0.264661625274145 -0.230713021400618 -0.196764416852936 -0.162815811720358 -0.128867206092135 -0.0949186000548791 -0.0609699936994408 -0.0270213871362746 0.00692721951926448
-1.02561718540779 -0.987886807440113 -0.950165175506938 -0.912452182464753 -0.874785260112089 -0.837198066380702 -0.799671624793197 -0.762172384834923 -0.724661134251373 -0.687115228742621 -0.649583957566938 -0.612134593372147 -0.574849980232242 -0.537875247925916 -0.501354320319083 -0.465364011921852 -0.429955043663723 -0.395140871507548 -0.360921971990747 -0.327284168915662 -0.294209622900866 -0.26167337746 -0.229622007686981 -0.197994848013806 -0.166730738644535 -0.135773150904661 -0.105084574833358 -0.0746256254956835 -0.0443303993465291 -0.0141263631882476
-1.02310734017154 -0.988078121184067 -0.953048902266938 -0.918019683479566 -0.882990464919387 -0.847961246667519 -0.81293202870181 -0.777902810958069 -0.742873593307232 -0.707844375610941 -0.672815157758528 -0.637785939646251 -0.602756721202473 -0.567727502483984 -0.53269828356756 -0.497669064481507 -0.462639845258237 -0.427610625995077 -0.392581406807426 -0.357552187818068 -0.322522969151629 -0.287493750911124 -0.252464533113114 -0.217435315738477 -0.182406098711824 -0.147376881948327 -0.11234766538169 -0.077318448955216 -0.0422892326320586 -0.00726001638033635
-1.12121429624643 -1.0583190021433 -0.996251553386467 -0.935325315338084 -0.875477757911473 -0.817419112211566 -0.765326549558576 -0.723352726035918 -0.692085296564545 -0.670246204150507 -0.65265954530273 -0.633174954905857 -0.606313577402064 -0.569282595463664 -0.52150093787259 -0.468548479619133 -0.416889498436902 -0.370364936824423 -0.331671670511783 -0.301553643390408 -0.280266566392056 -0.267235391052018 -0.258562031319708 -0.249613647259376 -0.23614142098049 -0.21477183695542 -0.185248567062928 -0.148308043211086 -0.105540550018815 -0.0587498352827469
-0.996405529671074 -0.962493900497045 -0.928582271296956 -0.894670642021356 -0.860759012670207 -0.826847383239287 -0.792935753658233 -0.759024123829687 -0.725112493614448 -0.691200862869553 -0.657289231478842 -0.623377599332853 -0.589465966336149 -0.555554332449394 -0.521642697669653 -0.487731062083499 -0.453819425803247 -0.419907788954667 -0.3859961516545 -0.352084513969907 -0.318172875955654 -0.284261237691995 -0.250349599361128 -0.216437961153169 -0.182526323187966 -0.148614685538944 -0.114703048164124 -0.0807914109912848 -0.0468797739426269 -0.0129681369389594
-1.00712826523812 -0.971769514641996 -0.936409596736008 -0.901047044676762 -0.865680215866222 -0.830307035003791 -0.794923871733282 -0.759526302259216 -0.724108284084552 -0.688664015294241 -0.653190275002769 -0.617684487582005 -0.58214469380569 -0.546571400055059 -0.510965937456464 -0.475330470509213 -0.439667302025055 -0.403978454692533 -0.368265898621449 -0.332531673729862 -0.296777837387895 -0.261006295091291 -0.225218344838277 -0.189415940012918 -0.153604263040161 -0.117789150348443 -0.0819758253392734 -0.0461682727250649 -0.0103661354887723 0.025432028819015
-1.00025511653372 -0.9659746932074 -0.931694269814402 -0.897413846297047 -0.863133422607035 -0.828852998710659 -0.794572574623189 -0.760292150345797 -0.726011725774272 -0.691731300796824 -0.657450875376733 -0.623170449496048 -0.588890023172359 -0.554609596565417 -0.520329169850305 -0.486048743121249 -0.451768316437208 -0.417487889796941 -0.383207463173563 -0.348927036497839 -0.314646609689943 -0.280366182682349 -0.24608575545673 -0.211805328002313 -0.177524900289342 -0.14324447230361 -0.10896404411208 -0.0746836157963907 -0.0404031874157042 -0.006122759023562
-0.97127970976164 -0.938564996595492 -0.905850283500415 -0.873135570512102 -0.840420857616389 -0.807706144771905 -0.774991431878289 -0.742276718834317 -0.709562005594287 -0.676847292126468 -0.64413257839949 -0.611417864382072 -0.578703150027148 -0.545988435224525 -0.513273719883923 -0.480559004057851 -0.447844287829395 -0.415129571261153 -0.382414854392587 -0.349700137191127 -0.316985419606191 -0.284270701569698 -0.251555982943567 -0.218841263570144 -0.186126543283487 -0.153411821989138 -0.120697099886883 -0.0879823772393744 -0.055267654266504 -0.0225529311774717
0.965528512702767 0.931811624419274 0.898094736071099 0.864377847563634 0.830660958766569 0.796944069570561 0.76322717998581 0.72951029005111 0.695793399800069 0.662076509262558 0.628359618458677 0.594642727406082 0.560925836119005 0.527208944597984 0.4934920528422 0.45977516085912 0.426058268654775 0.392341376221185 0.358624483546591 0.324907590618143 0.291190697422716 0.257473803947894 0.223756910184084 0.19004001613407 0.156323121847327 0.122606227381061 0.0888893327767031 0.0551724380726372 0.0214555433108167 -0.0122613514659122
-0.91077171963927 -0.890116236220934 -0.869144954182727 -0.847603533461735 -0.825353605070084 -0.802296681012405 -0.778377826188332 -0.753543569833251 -0.727702745630564 -0.700760649974436 -0.672646125654078 -0.643293902057461 -0.612651175731625 -0.580715011859882 -0.547502384150671 -0.513060031776661 -0.47745795210998 -0.440829409856376 -0.403315122555478 -0.365022351748846 -0.326049994978516 -0.286506333765549 -0.246537185547094 -0.206274326893459 -0.165755834991511 -0.125011901470278 -0.084134875110879 -0.0432143129015255 -0.00226644750671213 0.0387108194899961
-0.963101296146506 -0.930480849871459 -0.897860403528922 -0.865239957022176 -0.832619510308921 -0.799999063388444 -0.767378616371963 -0.734758169407794 -0.702137722680726 -0.669517276378444 -0.636896830663754 -0.604276385693237 -0.571655941591113 -0.539035498352137 -0.506415055939014 -0.473794614315688 -0.441174173442908 -0.408553733267368 -0.375933293729286 -0.343312854757017 -0.310692416275946 -0.278071978205971 -0.24545154044503 -0.212831102900792 -0.180210665541815 -0.147590228330707 -0.114969791145396 -0.0823493538692419 -0.0497289164920222 -0.0171084790301198
-0.978107973336977 -0.943099506060339 -0.908091038819227 -0.873082571603043 -0.838074104416402 -0.803065637269478 -0.768057170179473 -0.733048703179019 -0.69804023635544 -0.663031769780883 -0.628023303412098 -0.593014837176987 -0.558006370999864 -0.522997904790685 -0.487989438467483 -0.452980971994947 -0.417972505339076 -0.382964038424448 -0.3479555711751 -0.312947103554337 -0.277938635535274 -0.242930167101945 -0.207921698282035 -0.172913229105123 -0.137904759564689 -0.102896289672057 -0.0678878195460199 -0.0328793493169567 0.00212912094587356 0.0371375911884921
-1.00530367475431 -0.969677102619236 -0.93405053038203 -0.898423957869985 -0.862797384882373 -0.827170811273734 -0.791544237147711 -0.755917662652452 -0.720291087865026 -0.684664512825855 -0.649037937499835 -0.613411361832983 -0.577784785756571 -0.542158209142894 -0.506531631852528 -0.470905053758146 -0.435278474753639 -0.399651894805658 -0.364025313929301 -0.328398732260701 -0.29277214996625 -0.2571455671946 -0.22151898402345 -0.185892400502097 -0.150265816637193 -0.114639232421052 -0.0790126478312898 -0.0433860628685338 -0.00775947764015536 0.027867107719788
-1.00557033488661 -0.970448505258527 -0.935326675685702 -0.900204846282118 -0.865083017083271 -0.829961188084938 -0.794839359202489 -0.759717530314895 -0.724595701235923 -0.689473871782366 -0.654352041848321 -0.619230211347213 -0.584108380190475 -0.548986548281592 -0.513864715507523 -0.478742881697076 -0.443621046693742 -0.408499210457878 -0.373377372990696 -0.338255534339962 -0.303133694565075 -0.268011853751771 -0.232890012091107 -0.197768169810235 -0.162646327175359 -0.127524484432932 -0.0924026417113752 -0.0572807990854018 -0.0221589565329423 0.0129628859922688
-1.03844222134187 -1.00223375273895 -0.966025284077503 -0.929816815300784 -0.893608346440992 -0.857399877564668 -0.821191408786812 -0.784982940217244 -0.748774471896602 -0.712566003837752 -0.676357536011659 -0.640149068378814 -0.603940600900368 -0.567732133540132 -0.531523666259136 -0.495315199004661 -0.459106731700861 -0.422898264193143 -0.386689796337577 -0.350481328111647 -0.314272859523187 -0.278064390600079 -0.241855921450391 -0.205647452199318 -0.169438982960377 -0.13323051382335 -0.0970220447947592 -0.0608135758577901 -0.0246051069855433 0.0116033618514017
-0.987380806819846 -0.952651033534826 -0.917921260265771 -0.883191487038191 -0.848461713865061 -0.813731940740109 -0.779002167592626 -0.744272394341521 -0.709542620928635 -0.674812847285984 -0.640083073283344 -0.605353298774929 -0.570623523614348 -0.53589374765277 -0.501163970758786 -0.466434192873126 -0.431704413957348 -0.396974633984204 -0.362244852970605 -0.327515071098908 -0.29278528859283 -0.258055505651202 -0.223325722373309 -0.188595938837567 -0.153866155138442 -0.119136371356852 -0.0844065875034529 -0.0496768035717376 -0.0149470195568178 0.019782764545791
-1.01586397425275 -0.982226845896967 -0.948589717686352 -0.91495258971729 -0.881315461950885 -0.847678334310649 -0.814041206704977 -0.780404079059559 -0.746766951384376 -0.713129823720538 -0.679492696149377 -0.64585556876228 -0.612218441682347 -0.578581315159523 -0.544944189492029 -0.511307065044346 -0.477669942167609 -0.444032821093322 -0.410395701970566 -0.376758584738384 -0.343121469283309 -0.309484355481209 -0.275847243165298 -0.242210132149829 -0.208573022215858 -0.174935913139992 -0.141298804714224 -0.107661696742286 -0.0740245890594785 -0.0403874815089912
-0.996709137475187 -0.969795203522547 -0.942983286839781 -0.916326201149376 -0.889630041391441 -0.862647384129163 -0.835163451200423 -0.80697994161998 -0.777931817835442 -0.747867722079482 -0.716657752292181 -0.684177370340473 -0.65033430235493 -0.615165331520673 -0.578722738286524 -0.540991735101574 -0.501971110739443 -0.461781027271595 -0.420589711335595 -0.378636274535563 -0.336177549717256 -0.293446275745754 -0.250578815563426 -0.207674387908546 -0.164780010625727 -0.121935200200138 -0.0792016685728453 -0.0366323798736249 0.00577688846881676 0.0480446557010403
-1.02043391448127 -0.983908502350137 -0.947403372379217 -0.910949390939873 -0.874577861829361 -0.838316170194569 -0.802175589155017 -0.76616721445114 -0.730317544334405 -0.69465299128089 -0.659184222154085 -0.623917967414335 -0.588863602650397 -0.554041083964696 -0.519472161896644 -0.485175184219948 -0.45116154176473 -0.417418200352454 -0.383924292770432 -0.350652044678008 -0.317571954952534 -0.284655909929882 -0.251881345780023 -0.219225247990632 -0.186657249486118 -0.154146619421419 -0.121668524436866 -0.0892034201621163 -0.0567470206987691 -0.0242988547664067
-0.98781056433959 -0.952832318539548 -0.91785407274537 -0.882875826937908 -0.847897581088357 -0.812919335167624 -0.77794108915513 -0.742962843033492 -0.707984596789607 -0.673006350421858 -0.638028103970302 -0.603049857485417 -0.568071610995861 -0.53309336444302 -0.498115117763829 -0.463136870964714 -0.428158624087086 -0.393180377242836 -0.358202130540472 -0.323223884004488 -0.288245637638377 -0.253267391434675 -0.218289145342081 -0.183310899308942 -0.148332653326031 -0.113354407393012 -0.0783761615026844 -0.0433979156495888 -0.0084196698421019 0.026558575907941
-1.06054804745488 -1.04325672279393 -1.02110425091055 -0.987668522342529 -0.943609055653144 -0.891670794233792 -0.835858752762757 -0.780721312068353 -0.731720246292113 -0.693036774088248 -0.662816498848454 -0.637696120148799 -0.613839472799952 -0.585518932550993 -0.547097007948251 -0.495188197788644 -0.429610788751563 -0.360746228795684 -0.299525018658774 -0.248510708915671 -0.208175112600477 -0.177820123954798 -0.152067962050236 -0.125821107240486 -0.0997827601776175 -0.0763687650604823 -0.0590448199766914 -0.0501773371795154 -0.0466857316961056 -0.0441276692470834
-0.951508663019924 -0.917236496620664 -0.882964330412868 -0.848692164605115 -0.814419999279386 -0.78014783445108 -0.745875669995871 -0.711603505778144 -0.677331341756862 -0.643059177910703 -0.60878701420263 -0.574514850591678 -0.540242687045317 -0.505970523564761 -0.471698360157517 -0.437426196822529 -0.403154033574922 -0.368881870503127 -0.334609707698312 -0.300337545189283 -0.266065382989257 -0.231793221098963 -0.197521059469178 -0.163248898040657 -0.128976736764002 -0.0947045756005554 -0.0604324145447549 -0.0261602535938975 0.0081119072763838 0.0423840680958721
-0.985994191041677 -0.951685196639213 -0.917353661310296 -0.882959964242277 -0.848459539999887 -0.813820382166143 -0.779065665019853 -0.744230608017695 -0.709343430632027 -0.674434384189201 -0.639548847415841 -0.60473598088864 -0.570055285048845 -0.535607619795908 -0.501514522727534 -0.467938882776229 -0.435028536644265 -0.402829760778177 -0.371351970200799 -0.340558694495883 -0.310401991887417 -0.280821738106216 -0.251709078910428 -0.222941027105757 -0.194386793660809 -0.165933327459784 -0.137546330886338 -0.109211954689669 -0.0809193895816735 -0.0526585862649261
-1.00355063715933 -0.966257695429427 -0.929018367183708 -0.891899311464394 -0.854968515177553 -0.818294208982994 -0.78194427069164 -0.745968819921512 -0.710347296367914 -0.675047874322491 -0.640064346384977 -0.60539690973213 -0.571053977256037 -0.537076824710112 -0.503505760942853 -0.470344364321774 -0.437586069970531 -0.405220470518324 -0.373234580048414 -0.341608940954748 -0.310322477708949 -0.279341762787108 -0.248583960683204 -0.217961168811179 -0.187414624246954 -0.156900133080402 -0.126402637795219 -0.0959134803914169 -0.0654204645404314 -0.0349105093315549
-0.965034749963285 -0.924302630149303 -0.885574206814078 -0.851370886479039 -0.821539586719008 -0.795899929635075 -0.776836844380029 -0.764905706689833 -0.750778371581469 -0.725232260669934 -0.689350582681275 -0.646792993119305 -0.600992445940716 -0.554475088913721 -0.511571578390851 -0.484737411250395 -0.482500893851663 -0.489556729952308 -0.487523781837121 -0.46955114850112 -0.431670488116879 -0.372697977539199 -0.302587868351794 -0.231787060070148 -0.161574969207908 -0.0931357562971327 -0.0364400409453484 -0.000762829928651058 0.0161897803780589 0.0196039212001795
-1.05555462033001 -1.01609748208185 -0.976660296216094 -0.93725678277063 -0.897903087379479 -0.858614282032942 -0.819398718550334 -0.780262387117816 -0.741208551559918 -0.702247607018259 -0.663421200264459 -0.624778790977642 -0.586364173071475 -0.548198477397825 -0.510295226030872 -0.472660168995861 -0.435295776298147 -0.398199169912445 -0.361364839175071 -0.324782090899371 -0.28843893626795 -0.252323049295478 -0.216420755324886 -0.180713200371608 -0.145162161812816 -0.109730438586595 -0.0744042845129355 -0.0391706369757355 -0.00399571273262695 0.0311594516153251
-1.03237043739265 -0.997196002104692 -0.962021566921063 -0.926847131985308 -0.891672697529537 -0.85649826379185 -0.821323830945725 -0.786149399115585 -0.750974968294257 -0.715800538445891 -0.680626109551512 -0.645451681596366 -0.610277254568087 -0.575102828463863 -0.539928403266009 -0.504753978887807 -0.469579555225532 -0.434405132176462 -0.399230709672782 -0.364056287785293 -0.328881866619452 -0.293707446259101 -0.258533026701623 -0.22335860793208 -0.188184189972703 -0.153009772821896 -0.117835356345587 -0.0826609403746536 -0.0474865247322457 -0.0123121092395791
-0.997152074296968 -0.962570977164416 -0.927989880167987 -0.893408783416244 -0.858827686931635 -0.824246590701276 -0.789665494657082 -0.755084398735744 -0.720503302948246 -0.685922207336468 -0.651341111991577 -0.61676001701706 -0.582178922502108 -0.54759782847872 -0.513016734964263 -0.478435641974773 -0.443854549507141 -0.409273457483004 -0.374692365791447 -0.340111274266603 -0.305530182728866 -0.270949091013744 -0.236367999017201 -0.201786906669339 -0.167205813976374 -0.132624720972429 -0.0980436277271666 -0.0634625343162623 -0.0288814408039266 0.00569965274849739
-0.968517609271725 -0.937756308623499 -0.907005755084512 -0.876258015440496 -0.845461875162394 -0.814560519564321 -0.783518014647872 -0.752303198457629 -0.720883116522652 -0.689230461159726 -0.657342304352069 -0.62522181299951 -0.592875146412286 -0.560320433542292 -0.527577613347994 -0.494661895172506 -0.461580597052425 -0.428314201413632 -0.394843004519666 -0.361173393595412 -0.327318278606093 -0.293295488835131 -0.259142530838763 -0.224895916103206 -0.190568498561796 -0.156171266119886 -0.121731400123776 -0.0872765641974471 -0.0528201576346505 -0.0183720136465799
-1.01009452677392 -0.975819234302589 -0.941543941908564 -0.907268649635725 -0.872993357379628 -0.83871806499824 -0.804442772347496 -0.770167479308951 -0.735892185868668 -0.701616892054799 -0.667341597959332 -0.633066303690217 -0.59879100937126 -0.564515715189687 -0.530240421329676 -0.495965127899776 -0.461689834974482 -0.427414542567698 -0.393139250673097 -0.358863959264033 -0.324588668308776 -0.290313377774951 -0.256038087627586 -0.221762797842541 -0.187487508441597 -0.153212219440005 -0.118936930780982 -0.0846616423876269 -0.0503863541746024 -0.0161110660544624
-1.01276483416425 -0.9772919554276 -0.941819076465114 -0.906346197056924 -0.8708733169951 -0.835400436094061 -0.799927554245682 -0.764454671380402 -0.728981787505478 -0.693508902657105 -0.658036016910438 -0.622563130350366 -0.587090243084066 -0.55161735530786 -0.516144467227864 -0.480671579000231 -0.44519869076112 -0.409725802616687 -0.374252914635011 -0.33878002676187 -0.303307138912468 -0.267834251017461 -0.232361363069322 -0.196888475106105 -0.161415587286384 -0.125942699758325 -0.0904698125079641 -0.0549969254765371 -0.0195240385882049 0.0159488482371397
-1.01199398098055 -0.976595151505488 -0.941196321942611 -0.905797492214928 -0.870398662245856 -0.834999831972743 -0.799601001388243 -0.764202170514721 -0.728803339438061 -0.693404508257821 -0.658005677064736 -0.622606845947335 -0.587208014949373 -0.551809183935514 -0.516410352729231 -0.481011521168332 -0.445612689090756 -0.410213856320631 -0.374815022698599 -0.33941618814517 -0.30401735260082 -0.268618516008906 -0.23321967832431 -0.197820839534045 -0.162421999742129 -0.127023159081345 -0.0916243176825137 -0.0562254756879876 -0.0208266332882155 0.0145722093143303
-1.0266528449469 -0.991197493269949 -0.955742141493236 -0.920286789535161 -0.884831437425157 -0.849376085210629 -0.813920732899819 -0.778465380525554 -0.743010028258152 -0.707554676300871 -0.672099324851237 -0.636643974105341 -0.601188624218566 -0.56573327518346 -0.530277926946837 -0.494822579435423 -0.459367232569062 -0.423911886260163 -0.388456540437521 -0.353001195102899 -0.317545850276305 -0.282090505951459 -0.246635162016942 -0.211179818343105 -0.175724474832512 -0.140269131410711 -0.104813788062966 -0.0693584447840805 -0.0339031015472848 0.00155224167958243
-0.967653358117084 -0.935145745623461 -0.902638133234021 -0.870130520983508 -0.837622908788363 -0.805115296525477 -0.772607684031828 -0.740100071142946 -0.707592457728465 -0.675084843688575 -0.64257722901156 -0.61006961370773 -0.577561997786458 -0.545054381253374 -0.512546764127096 -0.480039146481938 -0.447531528397066 -0.415023909915368 -0.382516291094839 -0.350008672090185 -0.317501053080289 -0.28499343421337 -0.252485815514992 -0.21997819697457 -0.187470578559577 -0.154962960230516 -0.122455341941941 -0.089947723658165 -0.057440105388486 -0.0249324871534473
-0.9709946846864 -0.937784981716843 -0.904575278813728 -0.871365576045623 -0.838155873496259 -0.804946171237897 -0.771736469281733 -0.73852676763244 -0.70531706632965 -0.672107365408605 -0.638897664852036 -0.605687964629542 -0.57247826469398 -0.539268564931227 -0.506058865208176 -0.472849165382744 -0.439639465306125 -0.406429764811593 -0.373220063738433 -0.340010361967891 -0.306800659391703 -0.273590955916924 -0.240381251511891 -0.207171546192635 -0.173961840104669 -0.140752133421365 -0.107542426298049 -0.0743327188770468 -0.041123011266743 -0.00791330356703606
-1.00122281495293 -0.964970130853142 -0.92871744671967 -0.892464762536166 -0.856212078269736 -0.8199593938807 -0.783706709318813 -0.747454024555891 -0.711201339662588 -0.674948654715751 -0.638695969718157 -0.602443284654068 -0.566190599540852 -0.529937914528302 -0.493685229782432 -0.457432545401706 -0.421179861418395 -0.384927177667537 -0.348674493991146 -0.312421810456351 -0.276169127186559 -0.239916444304112 -0.203663761927086 -0.167411080148851 -0.131158398968213 -0.0949057183577995 -0.0586530382800791 -0.0224003586737493 0.0138523206074257 0.0501049997309144
0.910221655393656 0.939058958503244 0.962106284088823 0.972856940943818 0.947356973168818 0.872802699263601 0.798438800017537 0.770809726627204 0.763610649628415 0.740915878895977 0.701165562321414 0.651391307300431 0.597362229564881 0.539797478191214 0.481001838824095 0.434672610036455 0.41277471388633 0.408951053443886 0.411794961660273 0.408023509998431 0.383884704549248 0.33000397447855 0.254516441251924 0.174368695216454 0.124243509945486 0.127316613420988 0.142999368033182 0.123573454642075 0.0565661935785696 -0.0616836849587064
-1.01634134572548 -0.980458828515235 -0.944576311420625 -0.908693794522372 -0.872811277875256 -0.836928761522241 -0.801046245484987 -0.765163729788341 -0.729281214491208 -0.693398699665078 -0.65751618539769 -0.621633671780851 -0.585751158885855 -0.549868646701952 -0.513986135180677 -0.47810362420473 -0.44222111362804 -0.406338603258286 -0.370456092900888 -0.334573582398508 -0.298691071603114 -0.262808560380603 -0.226926048652577 -0.19104353639338 -0.155161023732609 -0.119278510825029 -0.0833959977708368 -0.0475134846434571 -0.0116309714637891 0.0242515417603988
-1.01198371329961 -0.977296033674487 -0.942608354142502 -0.90792067480169 -0.873232995794783 -0.838545317267796 -0.803857639335193 -0.769169962079137 -0.734482285484152 -0.699794609522838 -0.665106934217768 -0.630419259604008 -0.595731585672161 -0.561043912234992 -0.52635623905742 -0.49166856589082 -0.456980892464999 -0.422293218437054 -0.387605543506377 -0.352917867614251 -0.318230190762434 -0.283542512989768 -0.248854834483438 -0.214167155440775 -0.179479475951352 -0.144791796072574 -0.110104115840939 -0.0754164353025041 -0.0407287545624794 -0.00604107374086036
-0.999341770555851 -0.96747062576288 -0.93559948103404 -0.903728336442501 -0.87185719213714 -0.83998604827737 -0.808114904989007 -0.776243762371193 -0.744372620449956 -0.712501479207428 -0.680630338523269 -0.64875919825152 -0.616888058266801 -0.585016918526055 -0.553145779004229 -0.521274639665979 -0.489403500468656 -0.457532361350683 -0.425661222273383 -0.393790083308614 -0.361918944555867 -0.330047806104878 -0.298176668006353 -0.266305530281919 -0.234434392875881 -0.20256325570958 -0.170692118689796 -0.138820981729981 -0.106949844784824 -0.0750787078193263
-0.950834593711222 -0.921738480913198 -0.892601321115577 -0.863401778212296 -0.834158639184227 -0.804893876568826 -0.775602082042963 -0.746246299579485 -0.716690763195754 -0.686794442119794 -0.656494056377774 -0.625745763695395 -0.594507310237634 -0.562742795926562 -0.530429172119234 -0.497588442155544 -0.464259147714732 -0.430500931850601 -0.396379563554912 -0.361964214196714 -0.327324905739377 -0.29252715995624 -0.257618497860519 -0.222644357655716 -0.187659847066581 -0.15270830377313 -0.11777631575517 -0.0828415511888953 -0.0479027487362447 -0.0129639146805952
-0.999298371576564 -0.965080555225617 -0.930866449162947 -0.896661339353885 -0.862467120808322 -0.828284912332144 -0.794116118870676 -0.759962140925355 -0.725824075082626 -0.691704166520613 -0.65760955869914 -0.623548619648453 -0.589530520735343 -0.555567646672761 -0.521670781083493 -0.487841089883482 -0.454077437357149 -0.420379098969683 -0.386744879626118 -0.353171290810138 -0.319654270650086 -0.286189606099452 -0.25277247941232 -0.219396626597297 -0.186050603380492 -0.152722472678056 -0.119403506448789 -0.0860870378989897 -0.0527714361822732 -0.0194563294390873
-1.03331553409949 -0.994851723722851 -0.956208600586488 -0.917233702983881 -0.877852365962476 -0.838018479144515 -0.797722353697463 -0.757003004191184 -0.71605783725994 -0.67512709007037 -0.634463929854238 -0.594324756359588 -0.554961766297118 -0.516610344228127 -0.479462315005807 -0.443552076800297 -0.408919075883734 -0.375780377619311 -0.344334948978102 -0.314531744271647 -0.286257214646605 -0.259402774940735 -0.233879694756204 -0.209604122290661 -0.186491865359271 -0.164425597554252 -0.143155795958517 -0.122422051062874 -0.102052603499023 -0.0818978564338885
-0.99299789092326 -0.960158081185841 -0.927318271324616 -0.894478461264463 -0.86163865107065 -0.828798840830053 -0.795959030575585 -0.763119220354013 -0.730279410321476 -0.697439600668981 -0.664599791617633 -0.631759983396065 -0.598920176220388 -0.566080370256642 -0.533240565624349 -0.500400762307034 -0.467560960251624 -0.434721159394652 -0.401881359686625 -0.369041561144357 -0.336201763801236 -0.303361967674503 -0.270522172716797 -0.237682378844175 -0.204842585890937 -0.172002793665138 -0.139163001951604 -0.106323210550445 -0.0734834193461429 -0.0406436282442746
-0.983213038688036 -0.949698211204232 -0.916183383687468 -0.882668555966843 -0.849153727776916 -0.815638898875278 -0.782124069206196 -0.748609238727932 -0.715094407268035 -0.681579574595234 -0.64806474037367 -0.614549904241344 -0.581035065885247 -0.547520225188351 -0.514005382106447 -0.480490536690626 -0.446975689035262 -0.413460839312548 -0.379945987725001 -0.346431134518607 -0.312916279950223 -0.279401424275905 -0.245886567748513 -0.212371710564629 -0.178856852698921 -0.145341994075345 -0.111827134636922 -0.0783122743840199 -0.0447974135273355 -0.0112825523301472
1.00963120757241 0.972565170201502 0.935512827842012 0.898507320593402 0.861590659235397 0.82481170181427 0.788237824762238 0.751933022982566 0.715929246876766 0.680244881751508 0.644876097035824 0.609813508189339 0.575055969372257 0.540635289547091 0.506589355587006 0.472947411205451 0.439737125292353 0.406988510603273 0.37471118781665 0.342830865436805 0.311252273924533 0.279875857536668 0.248584915714213 0.217275407164159 0.185911072473274 0.154471505029119 0.122931927542637 0.0912766411660012 0.0595306314929152 0.027729055227466
0.983335543373704 0.949472047045109 0.915608550866815 0.881745054992127 0.847881559522122 0.814018064534746 0.78015457006767 0.746291076122114 0.712427582593787 0.678564089351626 0.644700596262996 0.610837103194865 0.576973610006145 0.543110116523498 0.509246622574884 0.475383128025679 0.441519632753821 0.407656136650079 0.37379263964305 0.339929141799825 0.306065643222114 0.272202144007578 0.238338644237664 0.204475143981653 0.170611643276379 0.136748142161065 0.102884640716952 0.0690211390342204 0.0351576371968073 0.00129413528708746
1.02675775411075 0.971079343812865 0.91682417300758 0.865240456562175 0.82147547295862 0.791026229200148 0.776889582760322 0.778046240564042 0.779912456871203 0.768169035730648 0.74311943301203 0.708722767540201 0.668861688001334 0.627112962526879 0.585867196344642 0.543076223622581 0.496286214402359 0.445859453280308 0.393013205248535 0.339568542327553 0.287497488294981 0.238781949885392 0.195443365661165 0.158829692690395 0.127555430236205 0.100243293051282 0.0782823156515214 0.0628080192126012 0.0511755517861268 0.0397949681426844
1.04538775408247 1.0053986779846 0.965416306986748 0.925447702205687 0.885503956694893 0.845592522254523 0.805702253734786 0.765828280089568 0.726009423637409 0.686307017844573 0.646828747403578 0.607693884813506 0.569018010741177 0.530901938524358 0.493432664279886 0.456656682569923 0.420602854271834 0.38527000707846 0.350649286974547 0.316731146296969 0.283505863970633 0.250953349552026 0.21901203512395 0.187613629067461 0.156704422430316 0.126212779641068 0.0959807759847586 0.0658492195392882 0.035740138697508 0.00559586693100629
-1.00628600017549 -0.970703863483521 -0.935121726891289 -0.899539590509459 -0.863957454412602 -0.828375318682429 -0.792793183465295 -0.757211048913472 -0.721628915138232 -0.686046782209026 -0.65046465006902 -0.614882518629808 -0.579300387802824 -0.543718257498867 -0.508136127631796 -0.472553998128345 -0.436971868900322 -0.401389739786943 -0.36580761062903 -0.33022548134641 -0.294643351878661 -0.259061222170819 -0.223479092189745 -0.18789696191191 -0.152314831330398 -0.116732700454127 -0.0811505693387552 -0.0455684380447038 -0.00998630660471623 0.0255958249553841
-0.941459866898907 -0.945792435297509 -0.94603607012974 -0.938055346518289 -0.919749265891139 -0.8902179395834 -0.851331492253367 -0.805812316564521 -0.75702186387788 -0.707919567311038 -0.659217728310332 -0.611066865404289 -0.563753037480996 -0.518104464866805 -0.475119831367082 -0.435937513265017 -0.401468151246581 -0.371571751131056 -0.345493802726195 -0.321072366660323 -0.295793646266912 -0.26755230782118 -0.235876869365343 -0.200762229428947 -0.162434956723858 -0.121463116450234 -0.0795490895790763 -0.0383378241588341 0.00188977922310761 0.0411938318446289
-0.931452123340206 -0.958220122863239 -0.973991900255457 -0.97058997299455 -0.949909355631678 -0.914559504750849 -0.859935147993973 -0.784444548538869 -0.70576484064907 -0.642058041907423 -0.594156832088291 -0.558561556513918 -0.532485367465001 -0.515992645056051 -0.508538225016394 -0.504287537700796 -0.495821911637447 -0.474675673422784 -0.434825738483654 -0.381066379500287 -0.320896208466256 -0.262817628138182 -0.219348204324866 -0.200872919245109 -0.205231257705537 -0.222379821310659 -0.22328917626871 -0.182677395835102 -0.109238616850239 -0.0201609920507712
1.01879018401865 0.980228291017247 1.02210205080153 0.906637523469994 0.802020716363294 0.88289306664668 0.943757783541709 0.780756858792507 0.576725642177195 0.542613314811202 0.615131025125217 0.662430413378743 0.595016592298445 0.492808564479641 0.449537350754175 0.444768155031328 0.438381336080609 0.425683689034982 0.409745284153523 0.389262855836289 0.361839804518582 0.325910627284359 0.283234207812197 0.232561173608909 0.157284740899663 0.057417331826431 0.0148056034800615 0.0877438081342426 0.158482343845136 0.0652606451145203
