-0.987711285911351 -0.955476116656296 -0.923244115471817 -0.891035745380703 -0.858873949384258 -0.82676001479031 -0.794606126154255 -0.762306052648359 -0.729769004664797 -0.696918232081121 -0.663717701496487 -0.630141558690448 -0.596160381884998 -0.561730479071874 -0.526811367408596 -0.491389670946072 -0.455466656331894 -0.419075053707003 -0.382261721169626 -0.345098565153782 -0.307663754177435 -0.270037619305192 -0.232309141788219 -0.194562675271699 -0.156855412790342 -0.119221986903365 -0.0816339488785084 -0.044053504856812 -0.00646856176400684 0.0311265482780041
-0.988545537600432 -0.95515246092675 -0.921759384257412 -0.888366307619089 -0.85497323112651 -0.82158015490735 -0.788187079053025 -0.754794003652005 -0.721400928817249 -0.688007854670363 -0.654614781343051 -0.621221708969543 -0.587828637654136 -0.554435567381395 -0.521042498115404 -0.487649429858071 -0.454256362612898 -0.420863296351946 -0.387470231014112 -0.354077166437074 -0.320684102433203 -0.28729103883205 -0.253897975531882 -0.220504912453931 -0.187111849542568 -0.153718786746604 -0.120325724009471 -0.0869326612821729 -0.053539598551382 -0.0201465358126875
-1.01876321730543 -0.984630176569772 -0.950495002658189 -0.916356302848158 -0.882214819490979 -0.848071867202387 -0.813928914582054 -0.779787477369782 -0.745649105881957 -0.711515629987563 -0.677389963189382 -0.643275289898646 -0.609174574979095 -0.575089905104485 -0.541023057144053 -0.506975446938913 -0.472948165936081 -0.438941369034295 -0.404954846268155 -0.370987864764 -0.337039560921097 -0.303109040011574 -0.269195282798983 -0.235296612646434 -0.201408847823837 -0.167527599755445 -0.133650157576101 -0.0997745424018905 -0.0659000255632945 -0.0320261909443914
-1.02511297372246 -0.987234288802537 -0.949351529518711 -0.911462238380595 -0.873570134762175 -0.835679924500625 -0.797794082421497 -0.759913772149838 -0.7220371435203 -0.684164747145451 -0.646309750539924 -0.608488475443866 -0.570716065498091 -0.533002951946073 -0.495357409973574 -0.457783802932849 -0.420286918262226 -0.382877151577834 -0.345564653929719 -0.308352989925777 -0.271244077563371 -0.23423694575205 -0.197319067050113 -0.160475037979252 -0.123689507265992 -0.0869487776697232 -0.0502457158764739 -0.0135740494665038 0.0230756143296357 0.0597134483688202
-0.976414539336631 -0.942640760934309 -0.908866982558823 -0.875093204249402 -0.841319426121563 -0.807545648293317 -0.773771870816379 -0.739998093715217 -0.706224316971621 -0.672450540543206 -0.638676764333575 -0.604902988232825 -0.571129212128775 -0.537355435900124 -0.503581659417791 -0.469807882530686 -0.436034105105121 -0.402260327099023 -0.368486548504945 -0.334712769362339 -0.300938989722381 -0.267165209640796 -0.233391429191498 -0.199617648461118 -0.165843867568942 -0.132070086631954 -0.0982963057252852 -0.0645225248970635 -0.0307487441292517 0.00302503661272715
-1.01906243288582 -0.962614824098497 -0.895261482065996 -0.85065960633746 -0.830783759254816 -0.825669266083531 -0.809277140990475 -0.761710406061982 -0.703714426160853 -0.659266798843875 -0.624631709667302 -0.589144991187253 -0.546959447695449 -0.511495770426014 -0.495555342895888 -0.490194430810889 -0.477702926909725 -0.427050349873799 -0.322402231587297 -0.222028530802858 -0.202725312990228 -0.299234745809736 -0.378083405684029 -0.312928368438486 -0.174164298747107 -0.0652994287436856 -0.0255586715525813 -0.0551269348224534 -0.0623124233085921 0.0675458339570547
-1.01191608858723 -0.973424711789435 -0.934986022306789 -0.896633226148479 -0.858379806065861 -0.820249998007474 -0.782330773968414 -0.744716600783725 -0.707469188601674 -0.670633088168496 -0.634216969309074 -0.59822053161795 -0.562643322461292 -0.527484280291756 -0.492746682077021 -0.458451767758362 -0.42461515879395 -0.391212039735948 -0.358210154756362 -0.325587923412589 -0.293326434108373 -0.261402622907781 -0.229776816516175 -0.198396539135131 -0.167174714309795 -0.136029345256474 -0.104933354532555 -0.0738739724456627 -0.0428407409633035 -0.011823779967952
-0.991302733598143 -0.957552034570433 -0.923801335488758 -0.890050636318742 -0.856299937012565 -0.822549237529332 -0.788798537869271 -0.755047838046315 -0.721297138088081 -0.687546438002088 -0.653795737701771 -0.620045037077047 -0.586294336032116 -0.552543634528326 -0.518792932547147 -0.48504223009341 -0.451291527196575 -0.417540823961266 -0.383790120514354 -0.350039416996543 -0.316288713551993 -0.282538010318183 -0.24878730740586 -0.215036604892698 -0.181285902750813 -0.147535200917499 -0.113784499296334 -0.0800337977966242 -0.0462830963843132 -0.0125323950395027
-1.05230256795143 -1.0057082666009 -0.959335949723943 -0.913476473300853 -0.868398596679023 -0.824326101941619 -0.781324958747803 -0.739411801718938 -0.698563737749193 -0.658763776094272 -0.620058063183219 -0.582508529738414 -0.546162693439874 -0.511010419798184 -0.477039840378607 -0.444289803134565 -0.412774940480713 -0.38236230628847 -0.352888683859413 -0.324217352758976 -0.296218216618562 -0.268776177934919 -0.24183613466619 -0.215334074189329 -0.189110346095145 -0.162992180726367 -0.136849969219539 -0.110589890244635 -0.0842181118115365 -0.0577657992651015
1.01487762270992 0.977289011882965 0.939685747203692 0.902068117935324 0.864459989993211 0.826891878837889 0.789397321458493 0.75200608550031 0.714729839704613 0.677581321671498 0.640595643340364 0.603813510235436 0.567274828142521 0.531016303893766 0.495061139805967 0.459381719088187 0.423945896052695 0.388754228532331 0.353819099759857 0.31916749104715 0.284830033225865 0.250823470970033 0.217109004323178 0.18363745807276 0.150373700612487 0.117284913795537 0.0843334897067223 0.0514811560304975 0.018691772618257 -0.0140702676368702
-1.00387584014188 -0.96974022103985 -0.935604602042567 -0.901468983328946 -0.867333365080262 -0.833197747474156 -0.799062130671371 -0.764926514793264 -0.73079089982055 -0.696655285670884 -0.662519672150331 -0.628384059037055 -0.594248446129725 -0.560112833309029 -0.525977220497299 -0.491841607701431 -0.457705994962858 -0.423570382376611 -0.389434770043113 -0.355299158030733 -0.321163546399832 -0.287027935187923 -0.252892324341143 -0.218756713797449 -0.184621103553479 -0.150485493598725 -0.116349883835422 -0.082214274159062 -0.0480786645254188 -0.0139430549053371
-1.00659168487061 -0.971999003128851 -0.937406321394744 -0.9028136395662 -0.868220957401455 -0.833628274650997 -0.799035591173982 -0.764442906834293 -0.729850221406043 -0.69525753466793 -0.660664846506752 -0.626072156836337 -0.591479465627364 -0.556886773077925 -0.52229407941725 -0.48770138477169 -0.45310868920869 -0.418515992662933 -0.383923295051382 -0.349330596352887 -0.314737896561769 -0.280145195712736 -0.245552494002051 -0.210959791656996 -0.176367088867376 -0.141774385804843 -0.107181682605907 -0.0725889793757441 -0.0379962761293332 -0.00340357285910285
-0.991870983794458 -0.959262499468962 -0.926654015128269 -0.894045530752468 -0.861437046449967 -0.828828562348356 -0.796220078523657 -0.763611595030651 -0.731003111890727 -0.698394629127812 -0.665786146809375 -0.63317766501377 -0.600569183813415 -0.56796070325699 -0.535352223370602 -0.502743744113801 -0.470135265422949 -0.437526787208219 -0.404918309365272 -0.37230983175792 -0.33970135424201 -0.307092876672435 -0.274484398900264 -0.241875920804462 -0.209267442379394 -0.176658963655994 -0.14405048469608 -0.111442005566671 -0.078833526324713 -0.0462250470246362
-1.01501154380359 -0.980812076235651 -0.946612608798137 -0.912413141595314 -0.878213674575816 -0.844014207633588 -0.80981474059943 -0.775615273292695 -0.741415805550076 -0.707216337232503 -0.673016868280512 -0.63881739865454 -0.604617928324227 -0.570418457296018 -0.536218985592937 -0.502019513267519 -0.467820040376268 -0.433620566962064 -0.399421093049882 -0.365221618606701 -0.331022143585001 -0.29682266794901 -0.26262319170995 -0.228423714906525 -0.194224237640371 -0.16002476001739 -0.125825282097613 -0.0916258039324203 -0.0574263255844482 -0.0232268471191481
1.06106202571145 1.01558560489696 0.970030124499979 0.924514724214208 0.878898143393274 0.833088665178221 0.787453148199771 0.742553463343334 0.699272955023379 0.658434776745224 0.620299844848517 0.584988516381494 0.552534132327038 0.522621969406626 0.494738254910144 0.467921082662493 0.441173011616227 0.413802594699484 0.3853107460633 0.355661830774729 0.324936076629828 0.293195028184329 0.260425497032667 0.226548007290658 0.191292666120945 0.154342247603097 0.115380610437573 0.0742748554867514 0.0316239676398219 -0.0117900972073256
-1.06528163813843 -1.03572069588798 -1.00513566426154 -0.973033785932691 -0.938298490927113 -0.899883050700347 -0.857643915075367 -0.811690688682376 -0.762242417013047 -0.709878751153688 -0.656512323707679 -0.604389012657668 -0.555569796609 -0.511376056657809 -0.472727019157816 -0.43967288900231 -0.411892466816055 -0.388447957610162 -0.368071192639108 -0.3487891037445 -0.328452397914727 -0.305162893888114 -0.278026857402734 -0.246802201125963 -0.21284897844264 -0.177791578739161 -0.142709594690688 -0.10837916056741 -0.0749073737308754 -0.0422340723154729
-0.976958142351778 -0.943855588259911 -0.910753034076767 -0.87765047971085 -0.844547924991778 -0.811445369725376 -0.778342813701174 -0.745240256726944 -0.712137698699711 -0.679035139568252 -0.645932579399095 -0.612830018288208 -0.579727456350953 -0.546624893780284 -0.513522330775313 -0.480419767482196 -0.447317204015621 -0.41421464041736 -0.38111207669967 -0.348009512829675 -0.314906948763214 -0.281804384467615 -0.248701819956155 -0.215599255242383 -0.182496690294967 -0.149394125088302 -0.116291559664546 -0.08318899408738 -0.0500864284388001 -0.0169838628053823
-0.972395670624544 -0.939360881993644 -0.906326093323892 -0.873291304564301 -0.840256515630427 -0.807221726391985 -0.774186936568767 -0.741152145869526 -0.70811735410877 -0.675082561157445 -0.642047767006509 -0.609012971676919 -0.575978175228959 -0.542943377880208 -0.509908579847643 -0.476873781188543 -0.44383898192334 -0.410804182084801 -0.377769381708977 -0.34473458083273 -0.311699779493122 -0.278664977719871 -0.245630175513324 -0.212595372886734 -0.179560569934364 -0.146525766756375 -0.113490963395519 -0.0804561598850055 -0.047421356277282 -0.0143865526296074
-0.962296931151943 -0.929881220058363 -0.897465508866267 -0.86504979749506 -0.83263408593935 -0.800218374219872 -0.767802662386674 -0.735386950445665 -0.702971238196892 -0.670555525412323 -0.638139811957479 -0.605724097721268 -0.573308382642628 -0.540892666860617 -0.508476950556544 -0.476061233880613 -0.44364551697589 -0.411229799987998 -0.378814083044925 -0.346398366201554 -0.313982649494493 -0.28156693295185 -0.249151216567739 -0.216735500341619 -0.184319784328338 -0.151904068587568 -0.119488353142898 -0.0870726379903251 -0.0546569230515805 -0.0222412082298263
-0.995341584113985 -0.959807867193733 -0.924274150207555 -0.888740433058097 -0.853206715633032 -0.81767299782116 -0.782139279530758 -0.746605560689129 -0.711071841280194 -0.675538121324892 -0.640004400935613 -0.604470680247607 -0.568936959391905 -0.53340323848266 -0.497869517599455 -0.462335796700495 -0.426802075710625 -0.391268354542633 -0.355734633121141 -0.320200911430153 -0.284667189468519 -0.249133467240431 -0.21359974477145 -0.178066022078224 -0.142532299120385 -0.106998575856825 -0.0714648523004968 -0.0359311284910662 -0.000397404520999212 0.0351363195040388
-0.993167530806215 -0.958406697667101 -0.923645864626465 -0.88888503179894 -0.854124199318608 -0.819363367300334 -0.784602535762643 -0.749841704714867 -0.715080874225877 -0.680320044335134 -0.645559214904893 -0.61079838575311 -0.576037556725631 -0.541276727779858 -0.506515898899838 -0.471755070064638 -0.436994241221174 -0.40223341219274 -0.367472582793849 -0.332711752927497 -0.297950922518799 -0.263190091498946 -0.228429259823429 -0.193668427451452 -0.158907594332771 -0.124146760444541 -0.0893859258829554 -0.0546250907842359 -0.0198642553256626 0.0148965803052192
-1.0313573236484 -0.99334427584761 -0.955331227982207 -0.917318180017799 -0.879305131981245 -0.841292083910654 -0.803279035827889 -0.765265987749413 -0.727252939686316 -0.689239891646303 -0.6512268436289 -0.613213795631593 -0.575200747658854 -0.537187699743123 -0.499174651947125 -0.461161604426774 -0.423148557321013 -0.385135510607722 -0.347122464239572 -0.309109418229463 -0.271096372605354 -0.233083327420837 -0.195070282832033 -0.157057239004341 -0.11904419603774 -0.0810311539711785 -0.0430181126649212 -0.0050050719320929 0.0330079684240466 0.0710210086027039
-1.0750631839785 -1.0365863979848 -0.998109611807297 -0.959632825303325 -0.921156038466606 -0.88267925132346 -0.844202463894243 -0.805725676201336 -0.767248888281164 -0.728772100161954 -0.690295311825097 -0.651818523240273 -0.613341734378753 -0.574864945218184 -0.536388155744495 -0.497911365970378 -0.45943457590421 -0.420957785510348 -0.382480994741183 -0.344004203545283 -0.305527411870257 -0.26705061968876 -0.228573827073635 -0.190097034125456 -0.151620240955548 -0.113143447663616 -0.0746666542921439 -0.0361898608674978 0.00228693259122764 0.0407637260667543
-0.960790096986722 -0.927945502738326 -0.895100908319234 -0.862256313448107 -0.829411717846129 -0.796567121236119 -0.763722523344907 -0.730877923866225 -0.698033322357398 -0.665188718410892 -0.632344111896157 -0.599499502751884 -0.566654890985362 -0.533810276878251 -0.500965660759195 -0.468121042870406 -0.43527642346627 -0.402431802936307 -0.369587181660323 -0.336742559844153 -0.303897937650135 -0.271053315244875 -0.238208692812038 -0.205364070546229 -0.17251944866875 -0.139674827372601 -0.106830206710895 -0.0739855866586017 -0.0411409670180183 -0.0082963475482719
-0.976359240125109 -0.948080626697317 -0.919789239911159 -0.891497319462788 -0.863177553904054 -0.834774382306819 -0.806158796967282 -0.777188994090245 -0.747745432290574 -0.717714660408504 -0.686985325775681 -0.655446600346603 -0.623022322752495 -0.58977499833149 -0.55578795083781 -0.521089110983113 -0.485695308690718 -0.449634363773155 -0.412947172938621 -0.375715950588774 -0.338033240548636 -0.299992805535716 -0.261693283837468 -0.223224217513803 -0.184633888144511 -0.145958286743835 -0.107225502543972 -0.0684575456309535 -0.0296600112882048 0.00916560890149968
-0.948743033815206 -0.915725782758266 -0.882708531714243 -0.849691280690263 -0.816674029654387 -0.783656778571677 -0.75063952743427 -0.717622276251694 -0.684605025075992 -0.6515877739839 -0.61857052310843 -0.585553272596661 -0.552536022590205 -0.519518773208802 -0.486501524553059 -0.453484276668918 -0.420467029578814 -0.387449783265822 -0.354432537684529 -0.321415292714934 -0.288398048218391 -0.25538080406985 -0.222363560198663 -0.189346316546392 -0.156329073049053 -0.123311829643914 -0.0902945862787993 -0.0572773429139215 -0.0242600995484927 0.00875714380852556
-1.01611801076107 -0.982270180210933 -0.948425381702444 -0.914582112180439 -0.880736739331813 -0.846881436001015 -0.812993724920639 -0.779043789995101 -0.744987109927944 -0.710781067288153 -0.676405365307348 -0.641845287382813 -0.607083822729547 -0.572094783833428 -0.536856950575141 -0.50137814914373 -0.465676131962489 -0.429779310083351 -0.393715164598846 -0.357496798135266 -0.32113371870234 -0.28463164940419 -0.247981173722514 -0.211174115414445 -0.174222398961301 -0.137145828998574 -0.0999756300542945 -0.0627442300421488 -0.0254774505259195 0.0118005385180874
-1.0043981783837 -0.968171212119054 -0.931944245975275 -0.895717280103689 -0.859490314572716 -0.823263349425053 -0.787036384683404 -0.750809420365221 -0.714582456486949 -0.678355493068208 -0.642128530142339 -0.605901567746112 -0.569674605912779 -0.533447644661517 -0.497220683993046 -0.460993723848331 -0.424766764145363 -0.388539804769997 -0.352312845599608 -0.316085886509791 -0.279858927375694 -0.243631968085222 -0.207405008577303 -0.171178048831854 -0.134951088941715 -0.0987241290066342 -0.0624971690410736 -0.0262702090437151 0.00995675096459699 0.0461837109574778
-1.00905564163259 -0.974183286354614 -0.939310930999981 -0.904438575415793 -0.869566219407943 -0.834693862794311 -0.799821505481941 -0.764949147434158 -0.730076788750252 -0.695204429548643 -0.660332069888335 -0.62545970981347 -0.590587349353863 -0.555714988481999 -0.52084262717266 -0.485970265467151 -0.451097903439495 -0.416225541228085 -0.381353178951448 -0.346480816584273 -0.31160845406529 -0.276736091366071 -0.241863728589545 -0.206991365872611 -0.172119003356669 -0.137246641152024 -0.102374279240093 -0.0675019175655235 -0.0326295560547842 0.00224280537020302
-1.04050110203689 -1.00423331332665 -0.967965524578793 -0.931697735785086 -0.89542994692092 -0.859162157966914 -0.822894368940972 -0.78662657988406 -0.750358790892094 -0.714091002093658 -0.677823213693048 -0.641555425913486 -0.60528763896547 -0.569019853008595 -0.532752068150819 -0.49648428434446 -0.460216501494031 -0.423948719468442 -0.38768093813904 -0.351413157422503 -0.315145377246841 -0.278877597565487 -0.24260981843356 -0.206342039911546 -0.170074261979715 -0.133806484582241 -0.0975387075991257 -0.0612709308988719 -0.0250031543681453 0.0112646221018465
0.948001114944233 0.922661156887421 0.897284239232052 0.871825223771269 0.846204535734072 0.820321071096597 0.794022045387674 0.767179712443398 0.73981815977623 0.711963324749893 0.683496710456785 0.654263711421475 0.624127627162231 0.593023377172116 0.560912976558877 0.527795202914206 0.493702612736621 0.458766115668017 0.423130412031276 0.386897011729854 0.35015662706235 0.31299161241089 0.2754508904917 0.23755301482934 0.199228493847587 0.160407811142191 0.121109396097558 0.0813894193460297 0.0413670707230249 0.00117729486473205
-1.02464074761896 -0.987329720278277 -0.950018692916316 -0.912707665510367 -0.875396638032295 -0.838085610457168 -0.800774582778291 -0.763463554992888 -0.726152527095648 -0.688841499094431 -0.651530471052341 -0.614219443046292 -0.576908415147265 -0.539597387402509 -0.502286359824016 -0.464975332306461 -0.427664304727401 -0.390353277013227 -0.353042249126848 -0.315731221128417 -0.278420193102395 -0.241109165129263 -0.203798137273572 -0.166487109572062 -0.129176081966142 -0.091865054383643 -0.0545540267934175 -0.017242999180508 0.0200680284463041 0.0573790560723026
-0.912763826025843 -0.923291031802678 -0.933532256151269 -0.939607917661716 -0.929880999661398 -0.894987121616269 -0.842409882809294 -0.781731558220565 -0.714081145801657 -0.640505119949182 -0.570173137868444 -0.514285652466914 -0.481494701170448 -0.470258659478433 -0.475693982688569 -0.489743107218264 -0.501632240666287 -0.492896694237118 -0.449284563951061 -0.381085981485995 -0.30472658743419 -0.236324211698572 -0.190765441424679 -0.175977903599611 -0.173284627334093 -0.161400439308213 -0.135211954355892 -0.0952169947338104 -0.0481864242358644 -0.00245936704025288
-1.0141211696582 -0.978728926911083 -0.943336684189757 -0.90794444150343 -0.872552198812348 -0.837159956070679 -0.80176771325724 -0.766375470370741 -0.730983227464808 -0.695590984609602 -0.660198741886513 -0.624806499379737 -0.589414257137744 -0.554022015066103 -0.518629773052412 -0.483237531055284 -0.447845289045823 -0.412453046974086 -0.377060804787378 -0.341668562443063 -0.306276319901021 -0.270884077117977 -0.235491834038038 -0.200099590620053 -0.164707346894459 -0.12931510292804 -0.093922858861364 -0.0585306148251213 -0.0231383708366787 0.012253873114927
0.970118100935097 0.950010895665685 0.927968209144996 0.902739105947721 0.875323784267085 0.846870637496939 0.816869706215083 0.784150944747432 0.7465623152284 0.702505107361246 0.653575913316107 0.602170150879839 0.550783720819516 0.502314455823074 0.459356546959702 0.422887686902736 0.393144927845683 0.369019258458587 0.349033032599402 0.331580128401193 0.315022305065799 0.297579631796617 0.276905417803263 0.250834142986663 0.218491730006763 0.179998276653062 0.138159138474243 0.0959853940136607 0.0546257560341626 0.014763345853469
-0.96833299101242 -0.935889170889951 -0.903443198581644 -0.870991667926702 -0.838527656668236 -0.806044020649659 -0.773536244211686 -0.741000847966238 -0.708435869112749 -0.675840186419265 -0.643214528340764 -0.610560085753958 -0.577877943142029 -0.545168759414049 -0.512433178065344 -0.479672206510371 -0.446886752579363 -0.41407696184653 -0.3812429024094 -0.348385094714805 -0.3155041722969 -0.282601587033234 -0.249682064174925 -0.216750896311849 -0.183812372015341 -0.150870167842537 -0.117926516312318 -0.0849830868447747 -0.052040740503072 -0.0191001362611463
-0.865561331538369 -0.880607541382112 -0.884928718618322 -0.869743755950629 -0.837199353277192 -0.79329667581749 -0.748526942881759 -0.711673850076741 -0.680200944104452 -0.649300435799694 -0.616399341433148 -0.579483378634465 -0.536795115265411 -0.487604520116216 -0.433829911143435 -0.386955602040463 -0.357777095049006 -0.344768650867165 -0.342646558794885 -0.343416464083085 -0.338406350970426 -0.318498539872708 -0.272792695914275 -0.196734196445015 -0.112933923008455 -0.0465182685080793 -0.00551016709357749 0.00845072988118149 0.00215444349181224 -0.0155015870787
-0.929831740275077 -0.924908477803552 -0.919227382336618 -0.910523310430184 -0.896503604013606 -0.875433948085229 -0.847840914545908 -0.814687281364573 -0.776419763879962 -0.733654957497787 -0.688205040521835 -0.64218108698041 -0.597751642711388 -0.557315140790917 -0.522571977543639 -0.492200515049899 -0.464043044757103 -0.435619609825197 -0.404993665929424 -0.372724567093689 -0.339995641929057 -0.30752742624281 -0.274189284627101 -0.238920793890401 -0.202793550921608 -0.167247111510463 -0.133060846969681 -0.100661027371685 -0.0697217023047896 -0.0397288662362766
-1.03132086071137 -0.994394223634375 -0.957467586627928 -0.920540949722893 -0.883614312944015 -0.846687676304973 -0.809761039781313 -0.772834403317539 -0.735907766772115 -0.698981130016934 -0.662054493063637 -0.625127855958801 -0.588201218769739 -0.551274581646697 -0.514347944742509 -0.477421308137408 -0.440494671860836 -0.403568035811642 -0.366641399842373 -0.329714763750949 -0.29278812732163 -0.255861490373039 -0.21893485286124 -0.182008214792982 -0.145081576240299 -0.108154937287133 -0.0712282979997728 -0.03430165844885 0.00262498125997623 0.0395516210122901
-0.976837354249541 -0.943964466942967 -0.911091579538415 -0.878218691975375 -0.845345804329189 -0.812472916713602 -0.779600029260118 -0.74672714209547 -0.713854255309515 -0.680981368969127 -0.648108483086101 -0.61523559765846 -0.582362712690672 -0.549489828212979 -0.516616944255666 -0.4837440608234 -0.450871177917614 -0.417998295552401 -0.385125413715131 -0.352252532273589 -0.319379651065669 -0.286506769937742 -0.253633888770092 -0.220761007451719 -0.187888125872581 -0.155015243945463 -0.12214236167351 -0.0892694790929957 -0.0563965962823469 -0.0235237133305296
-0.924810661112932 -0.897899767105144 -0.871091977781131 -0.844409923936523 -0.817719859104974 -0.790850045953508 -0.763633160944569 -0.735908538708373 -0.707537732750793 -0.678409507623235 -0.648499253183577 -0.617804015616317 -0.586334561014147 -0.554156535102527 -0.521332785520449 -0.487860087928256 -0.453730705557748 -0.418984923905219 -0.383663610754094 -0.347761940771835 -0.311263665346913 -0.274168280427159 -0.236538260197835 -0.198464273423077 -0.160086788945084 -0.121550830155965 -0.0829698385694253 -0.0444298165099411 -0.00593859142349464 0.0325155529635563
-0.999976386641299 -0.965568530585466 -0.931160674552096 -0.896752818539468 -0.862344962551705 -0.827937106639751 -0.793529251035978 -0.759121395996258 -0.72471354168903 -0.690305688238983 -0.655897835683222 -0.621489984036957 -0.587082133310543 -0.55267428349491 -0.518266434561229 -0.483858586421063 -0.449450738969553 -0.415042892095765 -0.380635045690551 -0.346227199657979 -0.311819353905418 -0.277411508339026 -0.243003662860123 -0.208595817378269 -0.174187971840843 -0.139780126218212 -0.105372280534897 -0.0709644348270111 -0.0365565891229085 -0.00214874344900053
-0.978557752646238 -0.946040584771355 -0.913519822667303 -0.880991634755202 -0.848452576512465 -0.815898695134823 -0.783323617634983 -0.750720325220544 -0.718081636061695 -0.685400101768594 -0.652667370748672 -0.619874865608683 -0.587014527865073 -0.554080374673071 -0.521068126070504 -0.487978237986812 -0.454813040856434 -0.421577627242177 -0.388278901359203 -0.354928251903714 -0.321538188692172 -0.288117920269241 -0.254663450092393 -0.221169195233924 -0.187636432312636 -0.154068499212905 -0.120470119334899 -0.0868467766865098 -0.053205612190716 -0.0195541809992704
0.995307417209559 0.959303520371704 0.923299623643511 0.88729572711994 0.851291830736498 0.81528793438969 0.779284037979469 0.743280141402335 0.707276244537519 0.671272347276474 0.635268449576794 0.59926455141261 0.563260652776727 0.52725675373663 0.491252854390044 0.455248954880961 0.41924505535505 0.383241155918407 0.347237256641162 0.31123335748914 0.27522945840209 0.239225559334884 0.20322166030288 0.167217761346832 0.131213862548593 0.0952099639818956 0.0592060656469014 0.0232021675159975 -0.0128017304759633 -0.0488056284035112
-1.00711413389838 -0.970873547086814 -0.934632960231857 -0.898392373217497 -0.86215178592035 -0.825911198257394 -0.789670610314436 -0.753430022200541 -0.717189433948968 -0.680948845574424 -0.644708257093196 -0.608467668521965 -0.572227079854477 -0.535986490992729 -0.499745901815518 -0.463505312200586 -0.427264722044733 -0.391024131322026 -0.354783540039657 -0.318542948260045 -0.282302356059413 -0.246061763522905 -0.209821170771345 -0.173580577915957 -0.137339984993892 -0.101099392023641 -0.0648587990231311 -0.0286182060071784 0.00762238702127794 0.0438629800622687
-1.02478681532806 -0.988713857460176 -0.952640899549612 -0.916567941503562 -0.880494983225696 -0.844422024607662 -0.808349065496556 -0.772276105732086 -0.736203145168967 -0.700130183706795 -0.664057221409685 -0.627984258382883 -0.591911294751156 -0.555838330717363 -0.519765366498913 -0.48369240229332 -0.447619438281472 -0.411546474597651 -0.375473511351884 -0.339400548603789 -0.303327586400382 -0.267254624793871 -0.231181663857222 -0.195108703645479 -0.159035744121211 -0.122962785211541 -0.0868898267942725 -0.0508168687359871 -0.0147439109076927 0.0213290468184957
-1.04365275662486 -1.00713565030218 -0.970618544144051 -0.934101438300409 -0.897584332859535 -0.861067227896564 -0.82455012349568 -0.788033019739092 -0.751515916692032 -0.714998814410043 -0.678481712926899 -0.641964612270931 -0.605447512465626 -0.568930413515101 -0.532413315424456 -0.495896218222082 -0.459379121945346 -0.422862026644221 -0.386344932350085 -0.349827839007319 -0.313310746538554 -0.276793654864266 -0.240276563896319 -0.203759473520104 -0.167242383523737 -0.130725293702607 -0.0942082039784794 -0.0576911143132291 -0.021174024702796 0.0153430648483634
-0.939717524722056 -0.912603417476008 -0.885476030531423 -0.85830789340938 -0.831003420162931 -0.803441266800683 -0.775465172621503 -0.746935115628272 -0.717810945349675 -0.688090649596964 -0.657824897785872 -0.627077529733255 -0.595902683063527 -0.564315686631342 -0.532313792865204 -0.499860757258763 -0.466919585854402 -0.433483783824276 -0.399562851360795 -0.365199769607611 -0.33044588994619 -0.295341193073351 -0.259880176947331 -0.224053919657837 -0.187885302559029 -0.151414580379227 -0.114719698078946 -0.0778820724654298 -0.0409593175006325 -0.00400309643518855
-1.01293886337402 -0.978304270072312 -0.943673444794393 -0.90905024994158 -0.874434651749272 -0.8398223547944 -0.80519591318593 -0.770534647423754 -0.735818094039429 -0.701026775963252 -0.666144945688843 -0.631157788100651 -0.596051747885063 -0.560818308936215 -0.525450927630023 -0.489945911061765 -0.454304716660482 -0.418546552470905 -0.382694697926592 -0.346770967400716 -0.310796809001353 -0.274793124273753 -0.238778628511857 -0.202769724488453 -0.166775751143033 -0.130802312361742 -0.0948471356506301 -0.0589057786574862 -0.0229729959771322 0.0129566585588512
-1.01137812565558 -0.976107896973122 -0.940837668245241 -0.905567439451141 -0.870297210482683 -0.835026981214042 -0.799756751535983 -0.76448652136128 -0.729216290674131 -0.693946059485835 -0.658675827844659 -0.623405595808115 -0.588135363401899 -0.552865130524438 -0.517594897029169 -0.482324662716845 -0.447054427402013 -0.411784191007077 -0.376513953501796 -0.341243714937486 -0.305973475385855 -0.270703234940511 -0.235432993782664 -0.200162752111066 -0.164892510107025 -0.129622267936903 -0.0943520257247066 -0.0590817835604617 -0.0238115414406301 0.0114587006617188
-0.938579709825013 -0.960768923760229 -0.950041630160837 -0.926409506351848 -0.90250726389505 -0.884848947080172 -0.862842896871929 -0.824780578605711 -0.771591658424629 -0.708630990594426 -0.646315981063642 -0.596329673701519 -0.567546657298109 -0.557607700326707 -0.55642383420948 -0.534220962480823 -0.467101845063947 -0.374361795325085 -0.284930599806357 -0.223083384310414 -0.211931609455037 -0.258158904565327 -0.302737573795665 -0.286432596273179 -0.214890976186714 -0.112977379747065 -0.0175450961911184 0.0388799420574246 0.0530698528536857 0.0291212666224924
-0.986767729101899 -0.954071153025407 -0.921374576942132 -0.888678000875025 -0.855981424799218 -0.823284848686296 -0.790588272541481 -0.757891696382402 -0.725195120242678 -0.692498544158042 -0.65980196815669 -0.627105392264933 -0.594408816536977 -0.561712241138611 -0.529015666215737 -0.496319091723106 -0.463622517553268 -0.430925943541103 -0.39822936953614 -0.365532795504182 -0.332836221440099 -0.300139647351562 -0.267443073297436 -0.234746499327448 -0.202049925403575 -0.169353351468278 -0.136656777473707 -0.103960203388559 -0.0712636292380472 -0.0385670550615102
-1.04850018021679 -1.01244132140353 -0.97638246269866 -0.940323604172813 -0.90426474585824 -0.86820588776961 -0.83214702988963 -0.796088172166481 -0.760029314442176 -0.723970456566614 -0.687911598527387 -0.651852740346515 -0.615793882050145 -0.579735023680946 -0.543676165268894 -0.507617306776668 -0.471558448113941 -0.435499589045656 -0.399440729333955 -0.36338186887452 -0.327323007596419 -0.291264145455266 -0.255205282512882 -0.219146418831232 -0.183087554366671 -0.147028689084507 -0.110969823091482 -0.0749109565424026 -0.0388520896429098 -0.00279322261135307
-0.947167789433324 -0.917085826818343 -0.887003864167108 -0.856921901422578 -0.826839938481969 -0.796757975240371 -0.766676011630118 -0.736594047606677 -0.706512083180798 -0.676430118357086 -0.646348153060273 -0.616266187195123 -0.586184220698334 -0.556102253634339 -0.52602028610343 -0.495938318221625 -0.465856350101117 -0.435774381823083 -0.40569241347882 -0.375610445231116 -0.345528477260629 -0.315446509718884 -0.285364542640861 -0.255282576013784 -0.225200609750393 -0.195118643726954 -0.165036677748323 -0.134954711643677 -0.104872745410888 -0.0747907790900005
-1.01694453376076 -0.98235131105841 -0.947758088386848 -0.913164865825961 -0.8785716435312 -0.843978421665854 -0.809385200348994 -0.774791979704917 -0.740198759923039 -0.705605541184757 -0.671012323574278 -0.636419107151509 -0.601825891931803 -0.567232677752284 -0.532639464430903 -0.498046251887141 -0.463453040059946 -0.428859828864602 -0.394266618226712 -0.359673408136817 -0.325080198601695 -0.290486989599105 -0.255893780990732 -0.221300572608539 -0.186707364281661 -0.152114155853396 -0.117520947226516 -0.0829277383489514 -0.0483345292897848 -0.0137413201483863
0.979021297691701 0.947079204506758 0.915137111297675 0.883195018037718 0.85125292466845 0.819310831123058 0.787368737332937 0.755426643233488 0.723484548777936 0.691542453911695 0.659600358531134 0.627658262520355 0.595716165769681 0.563774068194304 0.531831969744058 0.499889870482488 0.467947770467706 0.436005669622386 0.404063567858804 0.372121465183078 0.34017936162479 0.308237257236177 0.276295152160119 0.244353046554695 0.212410940548153 0.180468834259779 0.148526727802845 0.116584621275845 0.0846425147241742 0.0527004081799516
-0.996793120848513 -0.960978804218783 -0.925171328974989 -0.889375297018047 -0.853591775152425 -0.817820453215753 -0.782059048274745 -0.746305507233262 -0.710560669114676 -0.674827421364249 -0.639113952995312 -0.603429778413208 -0.567784023298334 -0.532184258431291 -0.49663741528564 -0.461149423006556 -0.425724824815795 -0.39036362256982 -0.355063689449408 -0.319818925297891 -0.284622236624237 -0.249466407425595 -0.214343731651826 -0.17924592305157 -0.144162864615889 -0.109085382628015 -0.0740099072974583 -0.0389347187748777 -0.00385989304925823 0.0312140449308347
-0.993260767972056 -0.9594885971734 -0.925716426350076 -0.891944255463605 -0.858172084477663 -0.82439991337144 -0.790627742184024 -0.75685557097497 -0.723083399825829 -0.689311228820959 -0.655539058033954 -0.621766887535722 -0.587994717401346 -0.554222547722632 -0.520450378580874 -0.486678209998606 -0.452906041977202 -0.419133874492158 -0.385361707528545 -0.351589541135608 -0.317817375378631 -0.284045210313596 -0.250273045959255 -0.216500882314084 -0.182728719332692 -0.148956556960652 -0.115184395151269 -0.081412233837484 -0.0476400728630371 -0.0138679120493702
-1.0156961901935 -0.983914953816923 -1.00918997873202 -0.981910360375793 -0.893925189104646 -0.775340784935174 -0.707832391605265 -0.747339782114574 -0.795291922788527 -0.749486426891099 -0.647706302114691 -0.562730904758809 -0.544452627598499 -0.551216009310962 -0.530682453485429 -0.479328677457091 -0.410812475787362 -0.358700638196583 -0.349382512332548 -0.360628682393915 -0.358055041717061 -0.32053846539671 -0.279999755560977 -0.267198213127984 -0.255203207142498 -0.212352530928114 -0.145747606797109 -0.0706755400289532 0.00359746121677654 0.0693104130604783
-1.00682124542298 -0.967183746288454 -0.927598651310413 -0.888139291875175 -0.84888943748518 -0.809921993842862 -0.771255973334481 -0.732913439579807 -0.694982554448826 -0.657575917489065 -0.620837780708013 -0.584920309228147 -0.549950726074657 -0.515956485883585 -0.482936448725488 -0.450874864798149 -0.419764176252469 -0.389644202924596 -0.360521206479451 -0.332219838211785 -0.304519346823805 -0.277218116724211 -0.250191075147661 -0.223351591237659 -0.196690258947143 -0.170215398083721 -0.143929007064255 -0.117821811382813 -0.0918457662330281 -0.0659431342334243
-0.997934180307668 -0.963847253481894 -0.929759185442531 -0.89566828418546 -0.861571260199193 -0.827464546343536 -0.793345062470843 -0.759209695213447 -0.725054711331047 -0.690876591932093 -0.656673295392683 -0.622443149405826 -0.588184673295374 -0.553897152908562 -0.519580393135042 -0.485235508510765 -0.450864110042829 -0.416468484976636 -0.382051283259257 -0.347615929406138 -0.313166041574816 -0.278705557056874 -0.244239689680064 -0.209773366079753 -0.17530908758561 -0.140848208521749 -0.106389920495772 -0.0719330300006268 -0.037476965787169 -0.0030213121707279
-1.03150811780259 -0.99504079741982 -0.958573476875476 -0.922106156037718 -0.885638834748523 -0.849171512850035 -0.812704190211248 -0.776236866691205 -0.739769542082314 -0.703302216199235 -0.666834889012281 -0.630367560530681 -0.593900230762546 -0.557432899711536 -0.520965567380476 -0.4844982337733 -0.448030898900534 -0.411563562797944 -0.375096225510504 -0.338628887094777 -0.302161547610226 -0.265694207146495 -0.22922686591397 -0.192759524151333 -0.156292182089717 -0.11982483995958 -0.0833574979962265 -0.0468901563743534 -0.0104228150213775 0.0260445261971043
-0.96667118789983 -0.93433323291605 -0.901995277880362 -0.86965732271119 -0.837319367347286 -0.804981411782136 -0.772643456207845 -0.740305500856657 -0.70796754592273 -0.675629591584822 -0.643291637998165 -0.610953685312105 -0.578615733662661 -0.546277783132527 -0.513939833781074 -0.4816018856277 -0.449263938650184 -0.41692599269979 -0.384588047605146 -0.352250103230849 -0.319912159450489 -0.287574216125684 -0.255236273070161 -0.222898330113132 -0.190560387193628 -0.158222444271119 -0.125884501276999 -0.093546558155634 -0.0612086149313392 -0.0288706716484179
-0.992366055444225 -0.958354318781298 -0.924342582159028 -0.890330845621451 -0.856319109308524 -0.822307373354618 -0.788295637775816 -0.754283902558866 -0.720272167691459 -0.686260433173658 -0.652248699054076 -0.618236965393462 -0.584225232214844 -0.55021349939036 -0.516201766755924 -0.482190034153456 -0.448178301439867 -0.414166568526035 -0.380154835352151 -0.346143101921692 -0.312131368253955 -0.278119634376209 -0.244107900347608 -0.210096166226748 -0.176084432038105 -0.142072697793409 -0.108060963487526 -0.0740492291157555 -0.0400374946919893 -0.00602576023476876
-0.989683328488059 -0.954464004582661 -0.919244680530675 -0.884025356163197 -0.848806031273209 -0.813586705669655 -0.778367379263443 -0.743148051987213 -0.707928723758563 -0.672709394530506 -0.637490064412743 -0.602270733554148 -0.567051402098559 -0.53183207016967 -0.496612737925554 -0.461393405681919 -0.42617407376817 -0.390954742410851 -0.355735411790582 -0.320516082007154 -0.28529675314015 -0.250077425255999 -0.214858098368499 -0.179638772462071 -0.144419447456245 -0.109200123230542 -0.0739807995693396 -0.0387614762544672 -0.00354215315271736 0.0316771698478771
-1.09353152883105 -0.945337983494958 -0.841958414176856 -0.788813734883645 -0.773028400271332 -0.778604051750263 -0.795347537099041 -0.811061827399114 -0.799729180575042 -0.741588470560345 -0.655725748481262 -0.570938859762211 -0.5139258436858 -0.502985514967399 -0.538532052931452 -0.557840319905952 -0.505300623539274 -0.416904369757801 -0.341929656501636 -0.291200251487764 -0.265926339877387 -0.261295309476327 -0.24840335866888 -0.20636967606027 -0.170496600560954 -0.173447976991583 -0.181150523508339 -0.15668067388381 -0.11845085102068 -0.0987074751041534
-1.01734875531451 -0.98111342752384 -0.94487809965849 -0.908642771565913 -0.872407443022478 -0.836172113790313 -0.79993678364567 -0.76370145240381 -0.727466120021901 -0.691230786541429 -0.654995452199234 -0.618760117280993 -0.582524782051898 -0.546289446695186 -0.51005411136525 -0.473818776183042 -0.437583441258532 -0.401348106691197 -0.36511277255666 -0.328877438845631 -0.29264210552759 -0.256406772574303 -0.22017143996667 -0.183936107680765 -0.147700775664215 -0.11146544384073 -0.0752301120667971 -0.0389947802166619 -0.00275944830281989 0.0334758836276708
-1.00872001020064 -0.97435625513672 -0.940010371238148 -0.90570182401022 -0.87145029934225 -0.837268997504314 -0.803144955905509 -0.769056340759684 -0.734971996360674 -0.700858199376168 -0.666680277889283 -0.632403322836995 -0.597994100485714 -0.563426078419585 -0.528678905416435 -0.493750253711071 -0.458641000908039 -0.423346822633862 -0.387862942823981 -0.352187980627558 -0.316321403997184 -0.280270409712866 -0.244073109864287 -0.207769355657287 -0.17137503945266 -0.134899944645458 -0.0983533776128104 -0.0617461679980447 -0.0250957155271949 0.0115789375530275
-0.990316097320481 -0.956768323166534 -0.923220549022403 -0.889672774914629 -0.856125000917796 -0.822577227101351 -0.789029453466148 -0.755481679975401 -0.721933906510342 -0.688386132955982 -0.65483835929442 -0.621290585532021 -0.587742811662789 -0.554195037631256 -0.520647263360371 -0.487099488736216 -0.453551713639897 -0.420003937969491 -0.386456161627794 -0.352908384519512 -0.319360606549829 -0.285812827646164 -0.252265047824892 -0.21871726713493 -0.18516948566643 -0.151621703532321 -0.11807392089541 -0.0845261379209871 -0.0509783547343884 -0.017430571450964
-1.04327324367141 -1.00773243031672 -0.972191617004912 -0.936650803746749 -0.901109990495629 -0.865569177193471 -0.830028363793678 -0.794487550244014 -0.758946736458228 -0.723405922354592 -0.68786510790348 -0.652324293088292 -0.616783477855641 -0.581242662004993 -0.545701845331392 -0.510161027759348 -0.474620209271092 -0.439079389950288 -0.403538569915692 -0.367997749325007 -0.332456928345675 -0.296916107119474 -0.261375285685544 -0.225834464046307 -0.190293642159949 -0.154752819997749 -0.119211997627592 -0.0836711751318913 -0.0481303525545536 -0.0125895299298602
-0.943829657016535 -0.916960222731641 -0.890089213587008 -0.863309016632654 -0.83679632255589 -0.810677974775123 -0.784797123995851 -0.758905387469278 -0.732671941342342 -0.705782528024368 -0.678071596078502 -0.649410770606343 -0.619676933884802 -0.588767996892037 -0.556580760235752 -0.522986554340593 -0.487898807573387 -0.451424810252753 -0.413739082694694 -0.375091203252975 -0.335749514790803 -0.295963533675976 -0.255907470294667 -0.21575072217745 -0.175718741414135 -0.136027684697376 -0.0968004725719803 -0.0580878613920787 -0.019745186896952 0.018421070327832
-1.06940796337661 -1.03175870817794 -0.994108346893833 -0.956455832901974 -0.91880240153876 -0.88115092155184 -0.843508513375159 -0.805883163290091 -0.768282069281447 -0.730711849923895 -0.693177594448106 -0.655684009748753 -0.618235490140098 -0.580835179614764 -0.543485009909837 -0.506183314061891 -0.468927471844403 -0.43171464867898 -0.394541423674924 -0.357402245044181 -0.320291028274359 -0.283202209314687 -0.24613230596087 -0.209078890892639 -0.172041674479333 -0.135020321712873 -0.0980121783859065 -0.0610140864397053 -0.0240231916093098 0.012963284421797
-1.03227066922745 -0.991775984177741 -0.951397607778883 -0.911236875010644 -0.871391855914479 -0.83194413232859 -0.792912598216472 -0.754304438416192 -0.71614268913881 -0.678451773220964 -0.641245808628603 -0.604536337110005 -0.568341844678558 -0.532708594408096 -0.497685329584862 -0.4633029372843 -0.429585884640005 -0.396550815228956 -0.364187855646388 -0.332388888117148 -0.301021233773484 -0.269962426243315 -0.23913084913723 -0.208469204524483 -0.177976618326312 -0.147658507679846 -0.117489030733795 -0.0874356165493186 -0.0574700368257917 -0.0275651489221449
-1.05712158840983 -1.00293756315429 -0.949705172468372 -0.898644139294817 -0.85076458766521 -0.806786585749751 -0.766479577184297 -0.729450274490208 -0.695605090265176 -0.664856492702921 -0.636841472304929 -0.611128150149623 -0.587050866235652 -0.563008836242545 -0.53739205476809 -0.509488756402211 -0.478880185280491 -0.44542138372901 -0.409077472560513 -0.369980088343919 -0.328302496587188 -0.28456466071176 -0.240673335792986 -0.198520824908196 -0.158554831488736 -0.120539995540118 -0.0829533030105032 -0.044313074281582 -0.00459062152650849 0.035879495133697
-1.06876125514538 -1.03073061027266 -0.992699965352817 -0.954669320379226 -0.91663867544429 -0.878608030648 -0.840577386021655 -0.802546741601679 -0.764516097513715 -0.726485453894284 -0.68845481083423 -0.650424168412972 -0.612393526695327 -0.574362885687681 -0.536332245406886 -0.498301605970079 -0.460270967501584 -0.422240330054196 -0.384209693646198 -0.346179058229361 -0.308148423738827 -0.270117790074549 -0.232087156995719 -0.194056524253745 -0.156025891709668 -0.11799525927261 -0.0799646269344055 -0.0419339946996505 -0.00390336254127215 0.0341272695757187
-0.995329316153953 -0.96129777803977 -0.927266239955362 -0.893234701918195 -0.859203163953806 -0.825171626092583 -0.791140088376253 -0.757108550857984 -0.723077013625378 -0.689045476749698 -0.655013940202428 -0.620982403930107 -0.586950867880471 -0.552919332006048 -0.518887796269355 -0.484856260668072 -0.450824725190248 -0.416793189750227 -0.382761654242529 -0.348730118556069 -0.31469858257836 -0.280667046195182 -0.246635509285372 -0.21260397176267 -0.178572433687346 -0.144540895163033 -0.110509356320292 -0.0764778172846098 -0.0424462781342446 -0.0084147389356497
-1.01792612343444 -0.982046022931248 -0.946165922422327 -0.910285821881498 -0.874405721182758 -0.838525620209867 -0.802645518985447 -0.76676541755422 -0.730885315910442 -0.695005214029303 -0.659125111860168 -0.623245009345947 -0.587364906433524 -0.551484803085666 -0.515604699263827 -0.479724594908319 -0.443844489955291 -0.407964384345382 -0.372084278039516 -0.336204171075277 -0.300324063509412 -0.264443955409316 -0.228563846884974 -0.192683738044118 -0.156803628942894 -0.120923519627315 -0.0850434101544604 -0.0491633005775086 -0.0132831909229635 0.0225969187893387
-0.998058032053478 -0.964286231726154 -0.930514431454512 -0.896742631331013 -0.862970831445211 -0.829199031863356 -0.795427232561408 -0.761655433499249 -0.727883634662764 -0.694111836051326 -0.660340037692263 -0.626568239619891 -0.592796441893506 -0.559024644672311 -0.525252848120294 -0.491481052320666 -0.457709257311916 -0.423937463034416 -0.390165669396378 -0.356393876275484 -0.322622083541787 -0.288850291054071 -0.255078498626056 -0.221306706080656 -0.187534913322617 -0.153763120306181 -0.11999132710174 -0.0862195337999259 -0.0524477404561988 -0.0186759471172248
-0.887921903720951 -0.90290583117658 -0.917715260444211 -0.9167807163127 -0.896442937220768 -0.857949297979137 -0.810263505236681 -0.763435359485964 -0.724142704756179 -0.695009494092404 -0.665816073066653 -0.623131885382669 -0.562175132677792 -0.512759048323732 -0.500414208365518 -0.498945527807076 -0.476013577603378 -0.426427213554677 -0.354510809856809 -0.275502529442665 -0.207368982429396 -0.165557196269153 -0.155435867754077 -0.174910946174847 -0.202115721476296 -0.212644772948085 -0.191710496605015 -0.13180000492537 -0.0448814595162109 0.0522067157332088
-1.00800575583957 -0.971962890290098 -0.942167285310411 -0.911812188008108 -0.866400292072658 -0.79982202813068 -0.747209327975532 -0.737783618585781 -0.735882806514099 -0.702460004932182 -0.649812673913725 -0.603074360257919 -0.582147535104893 -0.586010366958508 -0.603270575827436 -0.60197839037585 -0.552965297086252 -0.458745305058973 -0.336091953012006 -0.227134375516174 -0.180340606105505 -0.218112122155943 -0.258584176411078 -0.225035701403869 -0.165586573457105 -0.139270758349727 -0.123937635895448 -0.0814330555367269 0.00922666880378041 0.164732607083368
-0.971589204764819 -0.938673587912054 -0.905757971185364 -0.872842354667603 -0.839926738363545 -0.807011122261893 -0.774095506365165 -0.741179890663867 -0.708264275086651 -0.675348659556824 -0.642433044038166 -0.609517428504577 -0.576601812948654 -0.543686197437798 -0.510770582083566 -0.477854967099352 -0.444939352713262 -0.412023739110408 -0.379108126459546 -0.346192514906996 -0.313276904593471 -0.280361295599598 -0.247445687765672 -0.214530080870223 -0.181614474685051 -0.148698868973666 -0.115783263473148 -0.0828676579648248 -0.049952052433448 -0.0170364469146266
-1.04843886349719 -1.01190368187386 -0.975368500284306 -0.938833318769475 -0.9022981373984 -0.865762956235178 -0.829227775296095 -0.792692594588531 -0.756157414132044 -0.719622233960514 -0.68308705415293 -0.646551874799558 -0.61001669598985 -0.573481517810006 -0.53694634032799 -0.500411163542079 -0.463875987442882 -0.427340812060013 -0.390805637417037 -0.354270463474308 -0.31773529017638 -0.281200117451685 -0.24466494516417 -0.208129773173976 -0.171594601390499 -0.135059429740461 -0.0985242581706242 -0.0619890866360227 -0.0254539151047547 0.0110812564518169
-1.04297559197118 -1.00587175119635 -0.968767910349006 -0.931664069307857 -0.89456022793745 -0.857456386114542 -0.820352543778924 -0.783248700888425 -0.74614485741001 -0.709041013310512 -0.6719371685471 -0.634833323074528 -0.597729476856283 -0.560625629890788 -0.523521782217745 -0.486417934007014 -0.449314085442815 -0.412210236636639 -0.375106387665856 -0.338002538544084 -0.300898689269003 -0.263794839829635 -0.226690990180376 -0.189587140242331 -0.152483289838079 -0.115379438818927 -0.078275587249612 -0.0411717352531548 -0.00406788297226993 0.0330359694454045
0.974604321618698 0.942416981471761 0.910229641349435 0.878042301247866 0.845854961162512 0.813667621088996 0.781480281024293 0.749292940942625 0.71710560072586 0.684918260239266 0.652730919374071 0.620543578027992 0.588356236112045 0.55616889359043 0.52398155046331 0.491794206821509 0.45960686279472 0.427419518577454 0.395232174346851 0.363044830145747 0.3308574859834 0.298670141855678 0.266482797704887 0.23429545345623 0.202108109020065 0.169920764321746 0.137733419361454 0.105546074172773 0.0733587288480783 0.0411713834944403
-1.18329393205641 -1.11877111175571 -1.05463221051183 -0.991049933103176 -0.927946973053649 -0.865571234210031 -0.805721472965173 -0.75035658179566 -0.70052514496694 -0.656759918619466 -0.618440654604844 -0.58465885370247 -0.55451583842477 -0.527152218216296 -0.501731911493735 -0.477472785630194 -0.453635037866369 -0.429594235956905 -0.404800134584021 -0.378883865626294 -0.351521905261387 -0.322270572374358 -0.290205556679832 -0.254583349028823 -0.215864273988344 -0.174746498752558 -0.131675727308262 -0.087067392056447 -0.0414683022622597 0.00454188859311436
-0.995692055349406 -0.961771378049562 -0.927846127866261 -0.893917079589157 -0.860001336856485 -0.82611658135817 -0.792266478142316 -0.758456244555196 -0.724711323777585 -0.691063191319853 -0.657547226176261 -0.624199783212041 -0.591052742862138 -0.558120087840329 -0.525412998449465 -0.49294934306984 -0.460742993618341 -0.428785148080779 -0.397057164613596 -0.365523715986828 -0.334145303623912 -0.302885649921926 -0.271721361172517 -0.240633312761587 -0.209606572557484 -0.17862950382506 -0.147699458932753 -0.116814099434055 -0.085963334519093 -0.055135135287154
-0.881132544510134 -0.860559562586972 -0.839824225226615 -0.818713133938588 -0.796984546649308 -0.77442860626676 -0.750991339208292 -0.726652261896111 -0.701368967262497 -0.675072796483209 -0.647612007197834 -0.618814086161921 -0.588569846012639 -0.557023402913651 -0.524379658618519 -0.490833353713923 -0.456564853809553 -0.421707185774021 -0.386387991022591 -0.350760707898202 -0.314985223975716 -0.279210175766045 -0.243539195524319 -0.208054104965045 -0.172794487896039 -0.137757649488355 -0.102814018272688 -0.0678264976856909 -0.0327547674281923 0.00241729873293544
-0.952221141197408 -0.925515539768664 -0.898854789065321 -0.872230266963099 -0.845573012070121 -0.818779036445355 -0.791664585218749 -0.7640552348436 -0.735893653995645 -0.70714833888674 -0.677774003650778 -0.647721916902163 -0.616906021392045 -0.585090956418566 -0.552027249191456 -0.517558282019806 -0.481613372290731 -0.444372722604055 -0.406062472595458 -0.366841624831333 -0.326852397610751 -0.286228350611473 -0.245068409026031 -0.203463506902113 -0.161507248193269 -0.119280361119631 -0.0768094010617935 -0.0341194001124293 0.00871652994793502 0.0516132574168098
-1.10182173163775 -1.01020920987493 -0.927160079031253 -0.862179441303162 -0.81215520142207 -0.773378670054879 -0.752371979075473 -0.750639514402722 -0.739383856928486 -0.693221782015212 -0.630728647934731 -0.581469458686217 -0.565752567248829 -0.566859722521666 -0.562342159209057 -0.54385565931631 -0.507689262383644 -0.45456049078994 -0.387834700842603 -0.31704010172448 -0.253245615837276 -0.206083411127532 -0.179438637721112 -0.172866219818721 -0.17434719574108 -0.170937581707657 -0.157567191412866 -0.133000512876876 -0.103466933947923 -0.0770620674312537
-1.08246759009387 -1.0408577272032 -0.999286975858462 -0.957792819247754 -0.916425133481803 -0.875243216263753 -0.834331658743813 -0.793776982709984 -0.753648139054368 -0.713999598186179 -0.674845479478988 -0.636189814547453 -0.598031288182895 -0.5603471978833 -0.523123913700848 -0.486405483197832 -0.450239242353583 -0.414628003305453 -0.379547327114606 -0.344908294379429 -0.310605865582612 -0.276554399405526 -0.242745847324247 -0.20920055498002 -0.175974851880039 -0.143108194503317 -0.110536563350174 -0.0781716563981796 -0.045931517512597 -0.0137357770306126
-1.02481429554705 -0.963742826812182 -0.905060338529653 -0.863696450289411 -0.828783947899999 -0.788470935775773 -0.752763626535732 -0.731702162695319 -0.713604298151099 -0.685581126261218 -0.651639486849008 -0.620010156354101 -0.598341686422959 -0.591953729529379 -0.597319557414863 -0.577855818064418 -0.503006335152237 -0.399380258865761 -0.303424641258099 -0.23377281533177 -0.204604684326643 -0.220295582894776 -0.24600257133698 -0.244674961422691 -0.209649345147119 -0.147044130368465 -0.083717708171148 -0.0456506433459666 -0.0345722122830302 -0.0461488692722761
-1.01779022372516 -0.988353950269777 -0.958937472164158 -0.929536540891288 -0.900067331636012 -0.870429800475964 -0.840538603358073 -0.810314864226322 -0.779690879143629 -0.748611409891808 -0.717059909009318 -0.685029501723783 -0.6525117839144 -0.619492234066671 -0.585936280281007 -0.551735266511174 -0.51678643046909 -0.481084669045917 -0.444658527582362 -0.407573486038066 -0.3699042580274 -0.331730632570096 -0.29315270030732 -0.254267840530194 -0.215142285508235 -0.175840776848257 -0.136453240527882 -0.0970597891309987 -0.0576760972957664 -0.0183017301739104
1.01269156909627 0.975755042614712 0.938818516127443 0.901881989616985 0.864945463110464 0.828008936652323 0.791072410311671 0.75413588415675 0.717199358227661 0.68026283257336 0.643326307306361 0.606389782555064 0.569453258415699 0.532516734855797 0.495580211818676 0.458643689279512 0.421707167216299 0.384770645586448 0.34783412433525 0.310897603380089 0.273961082631375 0.237024562012254 0.200088041496812 0.163151521065501 0.126215000673302 0.0892784802805827 0.0523419598947309 0.0154054395316255 -0.0215310808059097 -0.0584676011183147
0.962084636983893 0.929335547118302 0.89658645721878 0.863837367262543 0.831088277322359 0.798339187491489 0.76559009784961 0.732841008465025 0.700091919374141 0.667342830599618 0.634593742141022 0.601844653992148 0.569095566132182 0.5363464784819 0.503597390954369 0.470848303490247 0.438099216062851 0.405350128748551 0.372601041631872 0.3398519547269 0.307102868030116 0.27435378152733 0.241604695161688 0.208855608848171 0.176106522431759 0.143357435775687 0.110608348886199 0.0778592618093276 0.0451101746072645 0.0123610873462395
0.985441681743065 0.952565250928977 0.919688820072332 0.886812389137799 0.853935958153365 0.821059527174476 0.788183096303081 0.755306665637957 0.722430235218665 0.689553805082339 0.656677375315592 0.623800946017408 0.590924517253614 0.558048088957409 0.525171661010699 0.49229523322285 0.459418805407155 0.426542377465179 0.393665949316554 0.360789520864913 0.327913092009887 0.295036662658704 0.262160232748955 0.229283802252744 0.196407371249831 0.163530939852011 0.130654508191575 0.0977780763890094 0.064901644497113 0.0320252125517598
0.95269389952223 0.925455856768818 0.898186873999809 0.870806028875017 0.843159136707974 0.815091938612394 0.786523141249012 0.757378343842473 0.727537750326045 0.696893147330795 0.665428047570362 0.633148895279028 0.600105132760187 0.566518194593673 0.532589736421593 0.498270305858698 0.463474551854693 0.428224636726453 0.392552471631622 0.356421449723768 0.319777834655437 0.282547538681464 0.244575068465843 0.20572428579787 0.166017878558909 0.125547295230361 0.0845202006017004 0.0431531439732262 0.00158199638043914 -0.0400775407073588
-0.98436079087893 -0.951105458832797 -0.917850126781648 -0.884594794685225 -0.851339462551899 -0.818084130414255 -0.784828798353094 -0.751573466449651 -0.718318134738699 -0.685062803238436 -0.65180747194725 -0.618552140858572 -0.585296809978505 -0.552041479363833 -0.51878614906826 -0.485530819082486 -0.452275489398324 -0.419020160075056 -0.385764831188337 -0.352509502811858 -0.319254175018821 -0.285998847876604 -0.252743521429294 -0.219488195681473 -0.186232870502993 -0.152977545731395 -0.119722221209704 -0.0864668968049743 -0.0532115724748844 -0.0199562481997681
-0.994235212598325 -0.959211658131715 -0.924188103686038 -0.889164549264384 -0.854140994861164 -0.819117440496141 -0.784093886299149 -0.749070332421629 -0.714046778991404 -0.679023226103433 -0.64399967374485 -0.608976121875834 -0.573952570454278 -0.538929019428923 -0.503905468749641 -0.468881918379985 -0.433858368275836 -0.398834818348702 -0.36381126848977 -0.328787718553303 -0.293764168384333 -0.258740617849799 -0.223717066904272 -0.188693515539403 -0.153669963807539 -0.118646411787021 -0.0836228595994671 -0.0485993073631062 -0.0135757551393417 0.0214477970246298
-1.03469907992688 -0.995863057418772 -0.957125538138867 -0.918610981650397 -0.880427266562446 -0.842650186150539 -0.805243773310116 -0.768155485526833 -0.731378239027289 -0.694925305763702 -0.658845921849806 -0.623198314439717 -0.588052996273699 -0.553529622436615 -0.519744686536644 -0.486752893930637 -0.45456853945054 -0.423106064080006 -0.392258690813062 -0.361934624533542 -0.332045815597725 -0.302507467033198 -0.273247792552764 -0.244208487584717 -0.215372163734109 -0.18672413835016 -0.158219635582012 -0.129808863717841 -0.101452060802041 -0.0731119723180587
0.967617738573367 0.932863268213092 0.898317538511902 0.864178640120695 0.830708987407473 0.798036021418663 0.765682966197297 0.733165277759791 0.700571557019465 0.668179506999043 0.636450094261944 0.60589010125676 0.576869467903331 0.549210764006493 0.522579501913316 0.496560334254824 0.470655163478208 0.444115751011361 0.416180444177548 0.386284074900822 0.35391059625543 0.318584752481968 0.279994452486418 0.238073823592562 0.193578702130005 0.147454074248446 0.10057981637214 0.0536635480600239 0.00678897113520097 -0.0401161920131828
