-1.03670852303424 -0.999772042217353 -0.962836049964026 -0.925903958331437 -0.888983725970643 -0.852083233385136 -0.815205501894254 -0.778353881356286 -0.741537894969495 -0.704767905156158 -0.668051457894663 -0.631395395052424 -0.594805016029867 -0.558279450359472 -0.521816827800358 -0.485417448886138 -0.449081373434795 -0.412805527627295 -0.376586173462517 -0.340420049848018 -0.304304014918526 -0.268232364398937 -0.232189144374827 -0.196157688880047 -0.160128733380864 -0.124096416209764 -0.088061085731689 -0.0520242659021281 -0.0159859730062973 0.0200541535881547
-1.0307658089173 -0.994746017166064 -0.958726225494539 -0.922706433967206 -0.886686642611729 -0.850666851437964 -0.814647060421357 -0.778627269557311 -0.742607478955439 -0.70658768871517 -0.670567898780967 -0.634548109058558 -0.598528319458158 -0.562508529907961 -0.526488740334549 -0.490468950640105 -0.454449160729898 -0.418429370545941 -0.382409580043061 -0.346389789190601 -0.310369997961531 -0.274350206320714 -0.238330414200582 -0.202310621546508 -0.166290828388063 -0.130271034784174 -0.0942512408269847 -0.0582314466142385 -0.0222116522328644 0.0138081422329132
-1.11751342277096 -1.02784781074056 -0.994825466301044 -0.936542594115428 -0.859770805859189 -0.792456125835095 -0.758566821842607 -0.768988009250426 -0.786249950207502 -0.771310078745853 -0.727189369649503 -0.667424682890477 -0.602785808847919 -0.53297425952944 -0.466467670004741 -0.457916445963392 -0.535795871370214 -0.57770797267114 -0.472204855695632 -0.302512201326154 -0.200524084208421 -0.247515271053912 -0.322283296837173 -0.297928243624109 -0.227237613583011 -0.182617523886845 -0.135261131624897 -0.0513920128739541 0.0214316202555121 0.0153178966446077
-0.976638059210827 -0.94382131726303 -0.911004575383143 -0.87818783363374 -0.845371092062202 -0.812554350727007 -0.779737609746202 -0.746920869255422 -0.714104129401094 -0.681287390318528 -0.648470652087791 -0.615653914775133 -0.582837178435498 -0.550020443078574 -0.517203708691166 -0.484386975213776 -0.451570242583412 -0.418753510769427 -0.38593677971796 -0.353120049249972 -0.320303319155129 -0.287486589234899 -0.254669859337956 -0.221853129326294 -0.189036399067975 -0.156219668466227 -0.123402937558873 -0.0905862064169948 -0.0577694751101035 -0.0249527437073189
-0.971683155718156 -0.938969079468369 -0.90625500323881 -0.873540927001603 -0.840826850722057 -0.808112774379044 -0.775398698012497 -0.742684621637106 -0.709970545105516 -0.67725646825023 -0.644542390985207 -0.611828313244774 -0.579114234975533 -0.546400156173185 -0.513686076842318 -0.480971996973975 -0.448257916525866 -0.415543835335906 -0.382829753250889 -0.35011567027292 -0.31740158644293 -0.284687501831563 -0.251973416628304 -0.21925933104172 -0.186545245237856 -0.153831159367411 -0.121117073562235 -0.0884029879151821 -0.0556889023819816 -0.0229748168840812
-1.05774748811634 -1.02050864901816 -0.983269809967512 -0.94603097101113 -0.908792132202747 -0.871553293598693 -0.834314455258704 -0.79707561725931 -0.759836779740819 -0.722597942835996 -0.685359106583648 -0.648120270999094 -0.610881436063475 -0.573642601621224 -0.536403767481287 -0.499164933447375 -0.461926099351017 -0.424687265140232 -0.387448430788478 -0.350209596254483 -0.312970761493292 -0.27573192644086 -0.238493090956788 -0.201254254935282 -0.164015418485332 -0.1267765817786 -0.0895377450226497 -0.05229890838974 -0.0150600718750029 0.0221787645707114
-1.05649127848949 -1.01996978427333 -0.983448290118578 -0.946926796063196 -0.910405302115308 -0.873883808260371 -0.837362314422966 -0.800840820526854 -0.764319326553391 -0.727797832514678 -0.691276338488193 -0.654754844567757 -0.61823335083233 -0.581711857301425 -0.545190363959856 -0.508668870713076 -0.472147377428358 -0.435625883899596 -0.399104389946657 -0.36258289556667 -0.32606140080108 -0.289539905701289 -0.253018410358517 -0.216496914879836 -0.179975419395891 -0.143453924017984 -0.106932428756471 -0.0704109335950207 -0.0338894385114875 0.0026320565177265
-0.980381129421862 -0.947528904987019 -0.914676680587005 -0.881824456216855 -0.848972231906975 -0.816120007700943 -0.783267783659632 -0.750415559817065 -0.717563336082564 -0.684711112361259 -0.651858888666217 -0.619006665037489 -0.586154441497164 -0.553302217995496 -0.52044999443571 -0.487597770604762 -0.454745546275355 -0.421893321279448 -0.389041095481201 -0.356188868814304 -0.32333664122983 -0.29048441269926 -0.257632183275707 -0.224779953033297 -0.191927722048582 -0.159075490424423 -0.126223258366504 -0.0933710260795321 -0.0605187936614884 -0.0276665611836724
-1.01184835366411 -0.976327387534568 -0.940806421381855 -0.905285455214848 -0.869764489094443 -0.834243523081486 -0.798722557184622 -0.763201591384 -0.727680625597994 -0.692159659726803 -0.656638693659713 -0.621117727283275 -0.585596760495547 -0.550075793240593 -0.514554825488257 -0.479033857265507 -0.443512888608701 -0.407991919534643 -0.372470950054414 -0.336949980175738 -0.301429009905501 -0.265908039262439 -0.230387068312677 -0.194866097115757 -0.159345125657505 -0.123824153933156 -0.0883031820492977 -0.0527822101236264 -0.0172612382069128 0.0182597336668036
0.993312121770756 0.957080175630788 0.920848229529449 0.884616283496597 0.848384337367389 0.812152390925609 0.775920443944261 0.739688496226475 0.703456547706659 0.667224598358798 0.630992648183901 0.594760697189735 0.558528745397952 0.522296792885744 0.486064839744869 0.449832886069819 0.413600931962406 0.377368977551007 0.341137022964204 0.304905068304848 0.268673113669358 0.232441159145559 0.196209204786901 0.15997725061721 0.123745296576174 0.0875133425855022 0.0512813885791119 0.0150494345079641 -0.0211825196210237 -0.0574144737869449
-1.04604071713925 -1.00681490677138 -0.967646270636197 -0.928593628329342 -0.889710308163715 -0.851030124129067 -0.812514324205297 -0.774123757208901 -0.735890241312603 -0.697864645929908 -0.660103076081216 -0.622662945688652 -0.585600519991882 -0.548967469500737 -0.512804839900831 -0.477115772310725 -0.44189575022688 -0.407147531224395 -0.372875636727029 -0.339084369474546 -0.305777977535713 -0.272950485997513 -0.240555028019801 -0.208525661182565 -0.176761032673454 -0.145158497906589 -0.113645655594321 -0.0821674777003643 -0.0507081858956408 -0.0192618142778758
-0.990802992382465 -0.956282692782506 -0.921762393138208 -0.887242093418127 -0.852721793645906 -0.818201493859334 -0.783681194097702 -0.749160894384958 -0.714640594682175 -0.680120294910785 -0.645599994896525 -0.611079694441207 -0.576559393366519 -0.542039091573651 -0.50751878900708 -0.472998485704925 -0.438478181714369 -0.40395787702521 -0.369437571623765 -0.334917265539827 -0.300396958814053 -0.265876651510517 -0.231356343786941 -0.196836035817024 -0.162315727744727 -0.127795419698497 -0.0932751117744418 -0.0587548040375589 -0.0242344964607133 0.0102858110062626
-0.952935582605967 -0.922837313955488 -0.892799791012107 -0.862863506148767 -0.833036640931465 -0.803314292340611 -0.773671529821185 -0.744054593984437 -0.714314437642118 -0.684291811114048 -0.653881942551827 -0.622993679564999 -0.591554435022027 -0.559565882827069 -0.527037307987119 -0.493934178884856 -0.460217581441728 -0.425874888358601 -0.390916298783818 -0.355417030876227 -0.319468557547304 -0.283167896664899 -0.246634245922373 -0.209981220014794 -0.173277921818566 -0.136569792497649 -0.0998521381849098 -0.0631134011344054 -0.0263647031160631 0.0103771642212227
-0.988317999990794 -0.953888057352365 -0.919458114744829 -0.885028172259358 -0.85059823006552 -0.816168288343757 -0.781738347239606 -0.747308406860177 -0.712878467193773 -0.678448528200147 -0.644018589843655 -0.609588652089804 -0.575158714886345 -0.540728778110014 -0.506298841636857 -0.471868905411175 -0.437438969399894 -0.40300903359218 -0.368579098004098 -0.334149162737064 -0.299719227913834 -0.265289293640766 -0.230859359958626 -0.196429426879658 -0.161999494367626 -0.127569562362655 -0.0931396307588013 -0.0587096994412162 -0.0242797683054878 0.0101501627501863
1.04613363379837 1.00819739749231 0.970519638611222 0.933249624068265 0.896388837493256 0.859900979040641 0.823746398246756 0.787899643347628 0.752395407996152 0.717260131932941 0.682427093832599 0.647806282103231 0.613296084804626 0.578748488603308 0.543968106911585 0.508616461518171 0.472339922932871 0.434867348173439 0.396014121262085 0.355859247730885 0.314547638489382 0.272241390596529 0.229171345708906 0.185544584431039 0.141404398561613 0.0967539750001034 0.0515998698549883 0.00597939391801197 -0.0399504924950225 -0.0860029166872971
-1.02884277914472 -0.993581355390379 -0.958319931637611 -0.923058507874744 -0.887797084088433 -0.852535660271908 -0.817274236446386 -0.782012812647557 -0.746751388940999 -0.711489965363876 -0.676228541809812 -0.640967118136545 -0.605705694228979 -0.570444270080682 -0.535182845727516 -0.499921421265869 -0.46465999679366 -0.42939857235442 -0.394137147969947 -0.358875723629505 -0.323614299314219 -0.288352875014417 -0.253091450757224 -0.217830026571441 -0.18256860245578 -0.147307178405591 -0.112045754432888 -0.0767843305460148 -0.0415229067219905 -0.00626148293000114
-1.0162923339741 -0.98243803854491 -0.948583743097843 -0.914729447586856 -0.880875151924722 -0.847020856024788 -0.813166559843891 -0.779312263365379 -0.745457966635129 -0.711603669702283 -0.677749372566503 -0.643895075215082 -0.610040777612602 -0.576186479632802 -0.542332181158746 -0.508477882201635 -0.474623582802729 -0.440769282995383 -0.406914982802011 -0.373060682209181 -0.339206381194493 -0.30535207973169 -0.271497777779062 -0.237643475312535 -0.203789172394025 -0.169934869096866 -0.136080565454091 -0.10222626150029 -0.0683719573166046 -0.0345176529958145
-0.979309657591732 -0.946103622052254 -0.912897586533055 -0.879691551058954 -0.846485515714194 -0.813279480580272 -0.780073445668276 -0.746867410953459 -0.713661376338169 -0.680455341693376 -0.647249306837458 -0.614043271575643 -0.580837235729088 -0.547631199182655 -0.514425161849855 -0.481219123695086 -0.448013084693372 -0.414807044811343 -0.381601004057874 -0.348394962619213 -0.315188920725953 -0.281982878601898 -0.248776836443696 -0.215570794403208 -0.182364752480285 -0.149158710625831 -0.115952668746955 -0.0827466267642949 -0.0495405846963927 -0.0163345425862656
-1.04767889455815 -1.05562470068907 -1.04917091094422 -1.0332765266626 -0.998335320138831 -0.934921674562964 -0.848897645751053 -0.754922900957049 -0.68755988056048 -0.672645125330252 -0.68120880446721 -0.670579494280177 -0.611023247911694 -0.524556025839156 -0.444669359953259 -0.399007160463039 -0.403459336602534 -0.432747415387436 -0.455006188209386 -0.453191886182144 -0.413966100350006 -0.334199209051796 -0.251596739804471 -0.201145134716806 -0.166119345086735 -0.123595838241528 -0.0775686364366504 -0.0384633452208564 -0.0155143483878541 -0.0176582242925909
-1.06436594721533 -1.02432480124471 -0.984351864609144 -0.944509962749071 -0.904804573540812 -0.865221227373852 -0.825723012254474 -0.786288492338124 -0.746980578760096 -0.707885055913029 -0.669094854239092 -0.630704690692838 -0.592824541082966 -0.555625416634786 -0.519256437000182 -0.483718120120751 -0.448980750575165 -0.415042281200678 -0.381890335824757 -0.349443553977116 -0.317603329113029 -0.286282691557082 -0.255441219111085 -0.225039647342818 -0.194996795406697 -0.16523520662729 -0.135734237423137 -0.106474751042242 -0.0773868249564833 -0.04838784019371
-0.981911231235964 -0.949116285471686 -0.916321339739038 -0.88352639411061 -0.850731448606991 -0.817936503222872 -0.78514155790137 -0.752346612533025 -0.719551666849666 -0.686756720563526 -0.653961773467156 -0.621166825373194 -0.588371876123544 -0.555576925677199 -0.522781974020061 -0.489987021128579 -0.457192066988063 -0.424397111628706 -0.391602155104685 -0.358807197521231 -0.326012238996335 -0.293217279664981 -0.260422319730112 -0.22762735941371 -0.194832398945954 -0.162037438521854 -0.129242478187528 -0.0964475179445434 -0.0636525577651346 -0.0308575976142025
-1.00389409142587 -0.971246250283324 -0.938598409128844 -0.905950567914316 -0.873302726520181 -0.84065488482746 -0.80800704279094 -0.775359200364208 -0.742711357422273 -0.710063513834979 -0.677415669530085 -0.644767824449831 -0.612119978586176 -0.579472132129968 -0.546824285297981 -0.51417643821182 -0.481528591003609 -0.448880743942734 -0.416232897287768 -0.383585051116794 -0.350937205462771 -0.318289360333242 -0.285641515634097 -0.252993671241072 -0.220345827010951 -0.187697982809486 -0.155050138557229 -0.122402294207313 -0.0897544497883861 -0.057106605347973
-0.937964068340782 -0.908816651215811 -0.879689652550668 -0.850585755804637 -0.821526704182825 -0.792530112944851 -0.763578025822551 -0.734627412167787 -0.705570515340292 -0.676306383968391 -0.64682601374688 -0.617143387137176 -0.587279411609538 -0.557282694669591 -0.527179141580709 -0.496876148601889 -0.466255191731535 -0.435212574930071 -0.403657943920362 -0.371539483513015 -0.338815013290573 -0.305438884119442 -0.27135157200147 -0.236502076444584 -0.200887365845577 -0.164541385027445 -0.127598015629129 -0.0902170182706181 -0.052561732680137 -0.0147963933629704
-0.975986990676483 -0.946456774371674 -0.916868427934816 -0.887151094381882 -0.857190299934809 -0.826876958802567 -0.796167153936297 -0.765042772769597 -0.733523751923732 -0.701628286686247 -0.669329557822155 -0.636589492465836 -0.603373123226095 -0.569657904609436 -0.535434273247469 -0.500732172374521 -0.465585380937852 -0.430003514133733 -0.393999294573099 -0.357622038276513 -0.320930209616948 -0.283985000141885 -0.246858510096835 -0.209609194455328 -0.172230018404928 -0.134711476230123 -0.097099668389046 -0.0594505965223992 -0.02180426082751 0.0158033388591379
-1.01526673935074 -0.982327657949705 -0.94938330906083 -0.916408068861616 -0.883348102131082 -0.850144858608397 -0.8167491392718 -0.783113133310995 -0.749185231522479 -0.714928352533006 -0.680367324683558 -0.645542453743677 -0.610487151387313 -0.575207252906046 -0.539707294502324 -0.504014192404407 -0.468148985627839 -0.432086824311476 -0.395794318001539 -0.359249802750408 -0.322434546237001 -0.285330852539352 -0.247925171331955 -0.210217259210701 -0.172255954860618 -0.134100004298128 -0.0957987007761211 -0.0573962299710771 -0.0189258000173783 0.019582125336117
-0.952840005558403 -0.922896121315039 -0.892946995501758 -0.862964918456982 -0.832912616457955 -0.802753881827783 -0.772466335134177 -0.742035152373435 -0.711461903011595 -0.680751859842787 -0.649908715503784 -0.618935767592017 -0.587833830471794 -0.556593785574927 -0.525197982485087 -0.493604576325867 -0.461756533091421 -0.429560256718212 -0.396928247492252 -0.363833953155432 -0.330266058313614 -0.296228699383598 -0.261787820025954 -0.22703146702791 -0.192074292439584 -0.157023304101806 -0.121928327755371 -0.0868191985691678 -0.0517029715244741 -0.0165810065556673
-1.06865902390289 -0.81329858320584 -1.00479963853084 -0.95373112243791 -0.779952094845402 -0.731836930590888 -0.762531136830422 -0.771830649731397 -0.741361989188084 -0.678021688764506 -0.607955752976821 -0.562122554079219 -0.559218881710102 -0.568895195044721 -0.5536289504026 -0.496251923143514 -0.398705754511841 -0.319017230250128 -0.307930221105723 -0.330971793347015 -0.332364812122658 -0.276758559286569 -0.210507983513734 -0.180883667172014 -0.157113060579699 -0.105859282429765 -0.0615712569634852 -0.0556459905380645 -0.0394870124261283 0.0555005173708433
-1.0005210799964 -0.965527072900634 -0.930533065833811 -0.895539058803805 -0.860545051776096 -0.825551044714093 -0.79055703761534 -0.755563030469846 -0.720569023203379 -0.685575015719769 -0.650581007899352 -0.61558699961659 -0.580592990779499 -0.545598981430315 -0.510604971617035 -0.475610961276476 -0.440616950318244 -0.405622938654263 -0.370628926201664 -0.335634912896065 -0.300640898677708 -0.26564688351785 -0.230652867511812 -0.195658850797577 -0.160664833559731 -0.12567081598491 -0.0906767982213764 -0.0556827803885673 -0.0206887625290087 0.014305255334002
-0.937591732498276 -0.910431699528268 -0.883165363171016 -0.855666548557897 -0.82787904952354 -0.799767911729507 -0.771313219441844 -0.742507402050807 -0.713377230839032 -0.683955721814398 -0.654266527993403 -0.624330961644699 -0.594152768667771 -0.563665429485449 -0.532773347512256 -0.50133488360617 -0.469219349058971 -0.436385899454218 -0.402832386468549 -0.368621601859157 -0.333832572403371 -0.298542958209456 -0.262824952709416 -0.226739591023312 -0.190308741699702 -0.153562025960335 -0.11659924229124 -0.0795276236355591 -0.0424139635006244 -0.00531494553481337
-1.02355450671866 -0.989653532034146 -0.955752777256628 -0.921846207068446 -0.887917446537893 -0.853949956240944 -0.819936878398347 -0.785870912515123 -0.751733305588616 -0.717505572618242 -0.683181753119389 -0.648759017736443 -0.614236273078392 -0.57961936961266 -0.544914223433921 -0.51012006928743 -0.475235339046079 -0.440261934442713 -0.405201599199678 -0.370051975137359 -0.33480967860065 -0.299472453422604 -0.264042553388907 -0.228526269592565 -0.192941532403235 -0.157310426872435 -0.121660017502481 -0.0860135646381065 -0.0503741325429384 -0.0147397364603239
0.967048028129216 0.934578060597308 0.902108093209376 0.869638126080345 0.837168159284255 0.804698192883638 0.772228226935885 0.739758261493184 0.707288296592066 0.674818332253161 0.642348368449162 0.609878405140777 0.577408442293455 0.544938479891605 0.512468517926796 0.479998556400266 0.447528595301218 0.41505863456105 0.382588674082198 0.350118713709058 0.317648753271519 0.28517879263758 0.252708831827681 0.220238870915085 0.187768910031893 0.155298949300607 0.122828988746485 0.090359028360301 0.0578890680921254 0.0254191078818519
-0.951554240732458 -0.920625418122446 -0.889696595471994 -0.858767772713928 -0.827838949854503 -0.796910126937277 -0.765981304081611 -0.735052481420928 -0.704123659069099 -0.67319483711718 -0.642266015584527 -0.611337194472569 -0.58040837376928 -0.54947955340882 -0.518550733285028 -0.487621913184287 -0.456693092865583 -0.425764272085763 -0.394835450640576 -0.363906628483531 -0.33297780560757 -0.302048982005483 -0.27112015766942 -0.240191332607637 -0.209262506893429 -0.178333680630665 -0.147404853980454 -0.116476027101183 -0.0855472000831224 -0.0546183729995084
-0.981801024728318 -0.946465020687556 -0.911129016694639 -0.875793012811426 -0.840457009098074 -0.805121005611277 -0.769785002395582 -0.734448999511447 -0.699112997095126 -0.663776995277955 -0.628440994095817 -0.59310499356073 -0.5577689936756 -0.522432994406891 -0.487096995706185 -0.451760997501972 -0.416424999702848 -0.381089002160917 -0.345753004731974 -0.310417007343055 -0.275081009939005 -0.239745012463915 -0.204409014858847 -0.169073017087925 -0.133737019210548 -0.0984010213052432 -0.0630650234317835 -0.0277290256344066 0.00760697208604293 0.0429429697395688
-0.990860522943121 -0.957782791124074 -0.924705059342329 -0.891627327612719 -0.858549596012301 -0.82547186464252 -0.792394133640173 -0.759316403155626 -0.726238673358196 -0.693160944402473 -0.660083216365215 -0.627005489303721 -0.593927763217575 -0.560850037875504 -0.527772313021746 -0.494694588533426 -0.461616864337701 -0.428539140428956 -0.395461416819351 -0.362383693524924 -0.329305970562683 -0.296228247941762 -0.263150525639801 -0.230072803650889 -0.196995082066404 -0.163917360968509 -0.130839640305219 -0.0977619199818973 -0.0646841998674449 -0.0316064798216455
0.980175476112441 0.946558265372744 0.912941054484144 0.8793238433292 0.845706631866851 0.812089420097107 0.778472208107891 0.744854996004458 0.711237783873468 0.677620571798758 0.644003359871453 0.610386148184501 0.576768936841814 0.543151725991167 0.509534515770879 0.475917306237596 0.442300097450986 0.408682889564487 0.375065682720081 0.341448476920151 0.307831272132177 0.274214068308294 0.240596865339237 0.206979663109483 0.173362461539868 0.139745260541359 0.106128059949088 0.0725108595933566 0.0388936593609628 0.00527645915283167
-1.00594293862331 -0.970942559642085 -0.93594218080887 -0.900941802247807 -0.86594142396387 -0.830941045934058 -0.795940668142598 -0.760940290580604 -0.725939913259481 -0.690939536173792 -0.655939159230404 -0.620938782314266 -0.585938405314322 -0.550938028135501 -0.515937650691754 -0.480937272917098 -0.445936894745262 -0.410936516088741 -0.375936136865478 -0.340935757036437 -0.30593537657334 -0.270934995458915 -0.23593461371991 -0.200934231396566 -0.165933848539082 -0.130933465197452 -0.0959330814108861 -0.0609326972352689 -0.0259323128039473 0.00906807173036545
-0.999655429711664 -0.964604665431255 -0.929538349012038 -0.894445288103789 -0.859325671338306 -0.824180485551113 -0.789002529410635 -0.753779011646588 -0.718482969400942 -0.683087238695185 -0.647578022656615 -0.611944866188981 -0.576180274645381 -0.540288595176309 -0.504275202095663 -0.468137736573559 -0.431872031991203 -0.395474423717923 -0.358942138367121 -0.322275465540361 -0.285475460586248 -0.248545753416381 -0.211500272194341 -0.17435386578738 -0.137114767625438 -0.0997924613194275 -0.0624080466414606 -0.0249838854462029 0.0124642282426608 0.049922142359191
-1.03519654448602 -0.999025374669577 -0.962854204844823 -0.926683035022988 -0.890511865266473 -0.854340695661562 -0.81816952633888 -0.781998357406607 -0.745827188838799 -0.709656020552752 -0.67348485237283 -0.637313684100164 -0.601142515528967 -0.564971346425779 -0.528800176569838 -0.49262900581884 -0.456457834081316 -0.420286661390658 -0.384115487808958 -0.347944313388242 -0.311773138178017 -0.275601962234601 -0.23943078564154 -0.203259608491546 -0.167088430886756 -0.130917252928621 -0.094746074706421 -0.0585748963029646 -0.0224037177873379 0.0137674607748034
-0.961169202333941 -0.928936345397952 -0.896703488473032 -0.864470631605927 -0.832237774771949 -0.800004917955651 -0.767772061249981 -0.73553920480106 -0.703306348859294 -0.671073493650138 -0.638840639194962 -0.606607785464113 -0.574374932436435 -0.542142080124751 -0.509909228553365 -0.477676377758513 -0.445443527777562 -0.413210678640475 -0.380977830357346 -0.348744982866183 -0.316512136086975 -0.284279289932293 -0.25204644428504 -0.219813599038311 -0.187580754155631 -0.15534790962148 -0.123115065433713 -0.0908822215754933 -0.0586493779578181 -0.0264165344736455
-1.00672962171576 -0.971760281840403 -0.936790941894579 -0.901821601804516 -0.866852261491307 -0.831882920864708 -0.796913579794251 -0.761944238176611 -0.726974896057251 -0.692005553528229 -0.657036210719175 -0.622066867769115 -0.587097524802336 -0.552128181884172 -0.517158839051037 -0.482189496282609 -0.447220153536012 -0.412250810734874 -0.377281467802154 -0.342312124691643 -0.307342781364835 -0.272373437788496 -0.237404093950466 -0.20243474984321 -0.167465405456631 -0.132496060806693 -0.0975267160161634 -0.0625573712110356 -0.0275880264234013 0.00738131833812328
-0.991453264324824 -0.958711955483587 -0.925970646600927 -0.893229337624116 -0.860488028523115 -0.827746719275904 -0.795005409869845 -0.762264100295477 -0.72952279054667 -0.696781480640225 -0.664040170681326 -0.631298860797258 -0.598557551104728 -0.565816241678144 -0.533074932573698 -0.500333623817013 -0.467592315437962 -0.434851007513971 -0.40210970013067 -0.369368393358942 -0.336627087265982 -0.303885781907089 -0.271144477289974 -0.238403173389707 -0.205661870098374 -0.172920567282657 -0.1401792647906 -0.107437962484195 -0.0746966602998609 -0.0419553581926241
-1.0405861266608 -1.00394070210932 -0.967295277588764 -0.930649853090732 -0.894004428532222 -0.857359003829342 -0.820713578969216 -0.784068153956801 -0.747422728797375 -0.710777303518652 -0.67413187823776 -0.637486453094178 -0.600841028215344 -0.564195603680526 -0.527550179547018 -0.490904755832395 -0.454259332518138 -0.41761390948106 -0.380968486605668 -0.344323063911921 -0.307677641453637 -0.271032219286648 -0.234386797474829 -0.197741376046095 -0.161095954876474 -0.124450533812886 -0.0878051127377009 -0.0511596915672021 -0.0145142703178904 0.0221311509686799
-0.95670573329507 -0.927859503038351 -0.899001741696566 -0.87012114187877 -0.841214920973261 -0.812278100263197 -0.783288391831924 -0.754204494688502 -0.724926364744657 -0.695352370342684 -0.665433272644483 -0.635132931016858 -0.604412896034426 -0.57322548310307 -0.54153188109655 -0.509338007928859 -0.476665160220965 -0.443551420381481 -0.410036555279685 -0.376150283839868 -0.341919813000071 -0.307366042579334 -0.272484643920681 -0.237258222711052 -0.201642350489044 -0.165607322308337 -0.129209361431281 -0.0925288718588955 -0.0556570523382093 -0.0186878003027541
1.00165781536033 0.968835240769782 0.936012666186799 0.903190091615099 0.870367517017303 0.837544942320984 0.804722367354631 0.7718997919576 0.73907721611182 0.706254639865684 0.673432063390876 0.640609486889906 0.607786910564113 0.574964334610173 0.542141759187953 0.509319184314758 0.476496609970204 0.443674036125701 0.410851462756139 0.37802888985852 0.345206317435377 0.312383745463834 0.27956117381938 0.246738602374669 0.213916031092626 0.18109345994928 0.148270888882799 0.115448317829985 0.0826257467600351 0.0498031756502447
-0.978001262920938 -0.94659820678854 -0.9151951506713 -0.883792094587114 -0.852389038479283 -0.820985982270924 -0.789582925878998 -0.758179869235863 -0.72677681234159 -0.695373755218735 -0.66397069791209 -0.632567640472001 -0.60116458293928 -0.569761525316598 -0.538358467592766 -0.506955409739295 -0.475552351712442 -0.444149293424735 -0.412746234797 -0.381343175826984 -0.349940116531666 -0.318537056943554 -0.28713399715729 -0.255730937281641 -0.224327877419764 -0.192924817660571 -0.161521758041601 -0.130118698574201 -0.0987156392163048 -0.0673125799124949
-0.961955205451402 -0.929816586919574 -0.897677968379348 -0.86553934983305 -0.833400731312561 -0.801262112841075 -0.769123494377489 -0.736984875909055 -0.704846257600724 -0.672707639644995 -0.640569022166874 -0.608430405274488 -0.576291789058582 -0.544153173540357 -0.512014558748865 -0.479875944814087 -0.447737331860421 -0.415598719888991 -0.383460108851988 -0.35132149862913 -0.319182889082017 -0.287044280065084 -0.254905671404098 -0.222767062934167 -0.190628454556432 -0.158489846202432 -0.126351237859281 -0.0942126295288444 -0.0620740212164426 -0.029935412928256
-0.978389804169848 -0.960741240786413 -0.942007462283672 -0.921714868145541 -0.900061461766824 -0.876930281141368 -0.850272898748305 -0.817872446709861 -0.778769761235348 -0.73268015617373 -0.680759151845473 -0.624522320188924 -0.566019117155774 -0.509434534751111 -0.458556215510529 -0.413446868038271 -0.373313928989123 -0.337668681151397 -0.30612280546061 -0.278385729307561 -0.254191316696869 -0.233087112251893 -0.213875383070938 -0.195288847480724 -0.1765273062467 -0.157091290822659 -0.137217172977054 -0.117264884758804 -0.0973527590240221 -0.0775387288306212
-0.994295849272426 -0.960606575970114 -0.926917302684898 -0.893228029401391 -0.859538756072321 -0.825849482655226 -0.792160209158754 -0.75847093559062 -0.7247816619037 -0.691092388023253 -0.657403113818927 -0.623713839146466 -0.590024563898466 -0.55633528811493 -0.522646011855247 -0.488956735108942 -0.455267457828144 -0.421578179885259 -0.387888901151622 -0.354199621573988 -0.320510341117971 -0.286821059754096 -0.25313177747255 -0.219442494303389 -0.185753210416493 -0.152063926011139 -0.118374641264349 -0.0846853563327864 -0.0509960713139144 -0.0173067862903972
-0.959361989609268 -0.927229883540958 -0.895097777416902 -0.862965671191152 -0.830833564829128 -0.79870145830207 -0.766569351593159 -0.734437244681064 -0.702305137514485 -0.670173030043079 -0.638040922250307 -0.605908814128076 -0.573776705683807 -0.541644596986968 -0.509512488130945 -0.477380379242749 -0.445248270434362 -0.413116161724029 -0.380984053105322 -0.34885194456687 -0.316719836096062 -0.284587727680698 -0.252455619310215 -0.220323510991361 -0.188191402798505 -0.156059294801833 -0.123927186987184 -0.0917950793159885 -0.0596629717363887 -0.0275308641932038
-1.08657977172999 -1.00065445148169 -0.902318995965351 -0.879008867639962 -0.889119275107037 -0.874216787328325 -0.837593668564002 -0.791371209624479 -0.7212611122227 -0.620736452923999 -0.540725396800735 -0.546519881052027 -0.658429567730498 -0.71683501830278 -0.58862937970395 -0.426685241328832 -0.394839868044486 -0.414809784147156 -0.380645305148309 -0.317852651991127 -0.284802021976718 -0.313313558740495 -0.3290071912551 -0.263023102122247 -0.17478270312274 -0.131448781688405 -0.102868398676084 -0.0495069984699206 0.00838071386176035 0.035592718079587
-0.996450090553768 -0.963980439211154 -0.931510788475169 -0.899041139733301 -0.866571495236013 -0.834101857322795 -0.801632227826263 -0.769162608216837 -0.736692999023009 -0.704223400449365 -0.671753812346772 -0.639284234477669 -0.606814666759865 -0.574345109732663 -0.541875563786589 -0.509406028095574 -0.476936501433693 -0.444466982192192 -0.411997468663985 -0.379527959131478 -0.347058451874451 -0.314588945116733 -0.282119436858359 -0.24964992536411 -0.217180410181562 -0.184710891363538 -0.152241369701079 -0.119771846145118 -0.0873023215479237 -0.0548327967371043
-0.996920540936721 -0.963560154958024 -0.930241195976853 -0.896997905907345 -0.863839878141281 -0.830763943986686 -0.79774053493889 -0.764728226546604 -0.731664570384729 -0.698489367034799 -0.66517243707868 -0.631691106098323 -0.598013976368361 -0.564074756934163 -0.529810213235588 -0.495204229519722 -0.4602460596465 -0.424899317120042 -0.389132123886589 -0.352956276016684 -0.316394488111943 -0.279480208891765 -0.242289823546669 -0.204902657636737 -0.167366861729176 -0.129722346096966 -0.0920072348290579 -0.0542551429079197 -0.0164834350741241 0.0212945864922307
-0.999839130243729 -0.966317494762942 -0.932795859289638 -0.899274223829624 -0.865752588367305 -0.832230952883896 -0.798709317369225 -0.76518768177223 -0.731666045869661 -0.698144409414466 -0.66462277223658 -0.631101134185178 -0.597579495149405 -0.564057855178266 -0.530536214368702 -0.497014572849539 -0.463492930755442 -0.429971288212561 -0.396449645331883 -0.362928002172248 -0.32940635877946 -0.295884715206843 -0.2623630715378 -0.228841427867052 -0.195319784304516 -0.161798140953519 -0.128276497875824 -0.0947548550983402 -0.061233212550108 -0.0277115701357014
-0.988730334843047 -0.954960574684021 -0.921190814511076 -0.887421054308542 -0.853651294121429 -0.81988153400645 -0.786111774006435 -0.75234201412379 -0.718572254213091 -0.684802494107447 -0.651032733701914 -0.617262972907042 -0.583493211658811 -0.549723449994952 -0.51595368796166 -0.482183925537249 -0.448414162686652 -0.414644399389169 -0.380874635617436 -0.347104871303081 -0.313335106367477 -0.279565340767329 -0.245795574600666 -0.212025808006221 -0.178256041144227 -0.144486274150281 -0.110716507039956 -0.0769467398075755 -0.043176972482499 -0.00940720510284316
-0.985482668728489 -0.951790003073362 -0.91809733738717 -0.884404671586649 -0.850712005545199 -0.817019339130693 -0.783326672232215 -0.7496340047542 -0.715941336641253 -0.682248667870212 -0.648555998506662 -0.614863328638372 -0.581170658332036 -0.547477987570039 -0.513785316322711 -0.480092644596484 -0.446399972391613 -0.412707299647544 -0.379014626313916 -0.34532195244194 -0.311629278108223 -0.277936603401671 -0.244243928460384 -0.210551253430028 -0.176858578437326 -0.143165903587483 -0.109473228918577 -0.0757805544391309 -0.0420878801065992 -0.00839520586566784
1.07058579770632 1.03047165689228 0.990408863460436 0.950471292772644 0.910736590106904 0.871276529103199 0.832135626933277 0.793342913906594 0.754892729351678 0.716770893391475 0.678963840307542 0.64145815792109 0.60425012461902 0.567374781051004 0.530865974403294 0.494714015745709 0.458889155267224 0.423324935749865 0.387953536176722 0.352738387742082 0.31765073469303 0.282667657012641 0.247789577627933 0.213018775819953 0.178341613341903 0.143741205621918 0.109203600315693 0.0747156628399816 0.0402645974282029 0.00583769301794098
-0.949901058101462 -0.918858574541381 -0.887816090975252 -0.856773607361551 -0.82573112355669 -0.794688639400494 -0.763646154768501 -0.732603669554579 -0.701561183690218 -0.670518697136365 -0.63947620993418 -0.608433722144875 -0.577391233825243 -0.546348745014395 -0.515306255734989 -0.484263765961547 -0.453221275660462 -0.422178784813745 -0.391136293410707 -0.360093801454247 -0.32905130895066 -0.298008815903077 -0.266966322301985 -0.235923828145957 -0.20488133347858 -0.173838838372208 -0.14279634296926 -0.11175384741441 -0.0807113517912793 -0.0496688561682256
-1.02082902252728 -0.986598196777314 -0.95235957977458 -0.918102576458452 -0.883810822982653 -0.849467163011884 -0.8150570390404 -0.780567711667892 -0.745991115086228 -0.711321795466766 -0.676560073306637 -0.641707712684413 -0.606768105807181 -0.571751157396082 -0.536667378969798 -0.50152319672314 -0.46632231179006 -0.43106161038494 -0.39573773481877 -0.360353166708513 -0.324911847497627 -0.289416810291071 -0.253867454839796 -0.218264735303693 -0.182619456832397 -0.146942933362075 -0.11123866298526 -0.075509368391215 -0.0397624864997395 -0.00400663278826824
-1.00148681458223 -0.969261640844867 -0.937033838159538 -0.904799461610749 -0.872539269184636 -0.840220109962603 -0.807768494505469 -0.775111605601652 -0.742219653470544 -0.709075335087038 -0.675668267017043 -0.641989795724228 -0.608030084395271 -0.573774563108889 -0.539194825638501 -0.50421185364428 -0.468748426603552 -0.432785127375507 -0.396324128094662 -0.359396154614991 -0.322039071220333 -0.284276525159924 -0.246075295544594 -0.207403019042412 -0.168287630688801 -0.128774874606585 -0.0889214329008417 -0.0487922635547692 -0.00847449008179044 0.0319392226221149
-0.949901188230953 -0.917374359754709 -0.884847531243371 -0.852320702657775 -0.819793873995959 -0.787267045276201 -0.754740216560522 -0.722213387888965 -0.689686559169921 -0.657159730277755 -0.624632901082366 -0.592106071452542 -0.559579241271791 -0.527052410482508 -0.494525579059308 -0.461998747046774 -0.429471914503269 -0.396945081472276 -0.364418247990332 -0.331891414081047 -0.299364579764802 -0.26683774506886 -0.234310910048026 -0.201784074757915 -0.16925723922986 -0.13673040350163 -0.104203567661028 -0.0716767317924412 -0.0391498959165581 -0.00662306003814088
-1.00210299087681 -0.974024391496769 -0.945082678329529 -0.914699339494553 -0.882846542541156 -0.849600679434938 -0.814904360376791 -0.778670356151566 -0.740825861644658 -0.701421584843698 -0.660987862044716 -0.620174936620843 -0.579570004789917 -0.539508074148611 -0.500216241826071 -0.461742151702502 -0.424066552170733 -0.387082062923037 -0.35075193271684 -0.315410055270738 -0.28148298554362 -0.24934192578281 -0.219136667389368 -0.19085756983258 -0.164078675700903 -0.13827110671776 -0.112910618027286 -0.0875648246538068 -0.0621641477217056 -0.0367297098803784
-1.04831330190956 -1.0123586095704 -0.976403917298983 -0.94044922514849 -0.904494533093171 -0.86853984106837 -0.832585148932758 -0.796630456545322 -0.760675763842987 -0.724721070785742 -0.688766377347908 -0.652811683507388 -0.616856989267674 -0.580902294734624 -0.544947600015832 -0.50899290512348 -0.473038210038487 -0.437083514712143 -0.401128819084554 -0.365174123080712 -0.329219426621831 -0.293264729639659 -0.257310032108078 -0.221355334046024 -0.185400635610503 -0.149445936956008 -0.113491238088925 -0.0775365389956838 -0.0415818397310091 -0.00562714036669916
-1.02611618783904 -0.990348533912158 -0.954580880018803 -0.918813226178316 -0.883045572400962 -0.847277918686596 -0.811510265002526 -0.775742611310181 -0.739974957580038 -0.704207303791481 -0.668439649950488 -0.632671996069687 -0.596904342144166 -0.561136688098864 -0.525369033862529 -0.489601379449305 -0.453833724891479 -0.418066070208518 -0.382298415412154 -0.346530760495993 -0.310763105449114 -0.274995450277522 -0.239227795054952 -0.203460139840465 -0.16769248456671 -0.131924829160259 -0.0961571736497678 -0.0603895180857747 -0.0246218625042418 0.0111457930625121
-1.00340273754101 -0.968106484142237 -0.9328102306653 -0.897513977004747 -0.862217723046661 -0.826921468690421 -0.791625213897064 -0.756328958659401 -0.721032703035682 -0.685736447085996 -0.650440190812341 -0.615143934202194 -0.57984767724318 -0.544551419923521 -0.509255162246199 -0.473958904272645 -0.43866264611218 -0.403366388007246 -0.368070130195013 -0.332773872758446 -0.297477615741962 -0.262181359158822 -0.226885102897686 -0.191588846829262 -0.156292590877066 -0.120996334978802 -0.0857000790761208 -0.0504038231227466 -0.0151075671167544 0.0201886889326936
-1.00905645941617 -0.973696653758126 -0.938328168578369 -0.902946022424226 -0.867543308086115 -0.832120621479181 -0.796710496774393 -0.761357316338102 -0.726120917062389 -0.69106224613624 -0.656231237410539 -0.621675071401649 -0.587433647493971 -0.553517740544065 -0.519933611466309 -0.486698589934173 -0.453822371585971 -0.421273047160288 -0.389012168483846 -0.357016736635653 -0.32526761500779 -0.293740253424038 -0.262388447434993 -0.231159243383202 -0.199994345052213 -0.168848927131248 -0.137737390491215 -0.10668163551178 -0.075674334425942 -0.0447008524300347
-1.03500475724769 -0.999048319569923 -0.963091881966875 -0.927135444461933 -0.891179007105595 -0.855222569969681 -0.819266133184208 -0.783309696870525 -0.747353261057137 -0.711396825739783 -0.675440390875965 -0.639483956413628 -0.603527522309683 -0.567571088556909 -0.531614655170416 -0.495658222218763 -0.459701789743164 -0.423745357622012 -0.387788925713546 -0.351832493958248 -0.315876062317155 -0.279919630744824 -0.243963199169892 -0.208006767523083 -0.172050335769381 -0.136093903899838 -0.100137471975512 -0.0641810400582754 -0.0282246081432533 0.0077318237911175
-1.00922302777557 -0.97267915626325 -0.936169173883423 -0.899731405631693 -0.863398566919524 -0.827202616566775 -0.79117809661103 -0.755363170927353 -0.719807907522981 -0.68455235731607 -0.649584598736248 -0.614879717091016 -0.580414759393567 -0.546174619479875 -0.512144197106112 -0.478300568886474 -0.44462207715408 -0.411099950259738 -0.377730131463245 -0.34451453764268 -0.311456579080691 -0.278554790786685 -0.245788206677096 -0.213136265269651 -0.180599524580222 -0.148176596126855 -0.115837185938144 -0.0835465763388647 -0.0512812603279612 -0.0190205335729188
-1.00064559501472 -0.966177535857533 -0.931709476615779 -0.897241417176977 -0.862773357366961 -0.828305296999403 -0.793837235900994 -0.759369173918514 -0.724901110966052 -0.69043304698262 -0.655964981939598 -0.62149691581646 -0.587028848583113 -0.552560780171203 -0.518092710544184 -0.483624639830999 -0.449156568206373 -0.414688495862679 -0.380220422989835 -0.345752349750317 -0.311284276299736 -0.276816202779956 -0.242348129277852 -0.207880055843298 -0.173411982433149 -0.13894390897449 -0.104475835368335 -0.0700077615428876 -0.0355396875611984 -0.00107161352002676
-1.04901276842642 -1.00158271527555 -0.953912458062453 -0.906116192222472 -0.858621521162779 -0.811913392957991 -0.766392726380652 -0.722522328090737 -0.681096585600024 -0.642832013057744 -0.607802050311138 -0.575919368631951 -0.546921119406475 -0.519842374479194 -0.493607961918075 -0.467403814226827 -0.440502900193678 -0.412265229309204 -0.382151163675879 -0.349935435141422 -0.31547136798986 -0.278749461046612 -0.240308911302654 -0.200712440873762 -0.160068174209368 -0.118458690676871 -0.0763189869819023 -0.0340690946603829 0.00828323276882689 0.0508333112911328
-0.831987266440382 -0.92521309778921 -0.987299442350634 -0.989031758838095 -0.94066352157595 -0.86425961528115 -0.789662550630109 -0.739902425592681 -0.702982061353045 -0.662204741901058 -0.617102879234988 -0.571266167355206 -0.529354372431878 -0.50030754931435 -0.490467299477007 -0.491501122215211 -0.490977366994458 -0.474741886139826 -0.43343282442681 -0.37857999357299 -0.326936122031469 -0.290362733929771 -0.261156536093101 -0.230243031122112 -0.202627722021554 -0.182593776519694 -0.157455020834771 -0.115024923679196 -0.0620848652521035 -0.0101582036243092
-1.03858672171656 -0.994748483506177 -0.951256933816045 -0.908292048121934 -0.865764228986907 -0.823602221040273 -0.782077710089025 -0.7416291221784 -0.703018903128923 -0.666915985401566 -0.633291228243784 -0.601940972599656 -0.572512132074655 -0.544053910919838 -0.515617404954267 -0.486858985623452 -0.457652893385312 -0.428139569120967 -0.398429060187331 -0.368243639421303 -0.337208636029775 -0.305002425528081 -0.271515568665318 -0.236754426562441 -0.200976376594073 -0.164495063944923 -0.127598188786377 -0.0905383292089326 -0.0534535199928746 -0.0164531600909318
-0.923445000709284 -0.918011838170688 -0.910551168868516 -0.899788160539491 -0.883839641848458 -0.861072769059096 -0.831464347902279 -0.795798618856766 -0.756479911925636 -0.716015948053217 -0.675707922424516 -0.636555398784704 -0.599543250448667 -0.565597589010127 -0.535348180248256 -0.508298168405187 -0.483317179101627 -0.45786738500961 -0.429595595197863 -0.398294617270548 -0.364293758465686 -0.327966527735563 -0.289863240889523 -0.250542625483397 -0.210420249201915 -0.169761206395961 -0.128371857952141 -0.0860879714917138 -0.0433216750388073 -0.000629186718268219
-0.918849434333693 -0.890938400453991 -0.86301920379497 -0.83507907310904 -0.807111642758078 -0.779111589397026 -0.751071353243598 -0.722978745035446 -0.694805294027188 -0.666523325335106 -0.638124629005167 -0.609605861315761 -0.580965681839751 -0.552210763327898 -0.52334074017894 -0.494319080205622 -0.465101848440137 -0.43565166537846 -0.40593766514703 -0.375948480930344 -0.345677620677418 -0.315124723096163 -0.284313949930072 -0.253278030681174 -0.222059442850045 -0.190701100451496 -0.159237915558732 -0.127701191344996 -0.0961157973252914 -0.0645049946000613
-1.00177602911804 -0.967616687891884 -0.933457346665524 -0.899298005486527 -0.865138664379147 -0.83097932335867 -0.796819982427822 -0.762660641551677 -0.728501300557281 -0.694341959229231 -0.66018261732037 -0.6260232745756 -0.591863930779347 -0.557704585874131 -0.523545239841071 -0.489385892657609 -0.455226544328949 -0.421067194975039 -0.386907844739354 -0.352748493744731 -0.318589142108846 -0.284429789932875 -0.250270437251996 -0.216111084105242 -0.181951730613073 -0.147792376910833 -0.113633023111984 -0.0794736693019499 -0.0453143154758954 -0.0111549616064183
-0.962933825442706 -0.930737075689644 -0.898544391432964 -0.866354603743026 -0.834159152543507 -0.801947197872018 -0.769706171368597 -0.737423526156183 -0.705088529686889 -0.672689780539248 -0.640211387468287 -0.60763633677316 -0.574950284165116 -0.542149563003802 -0.509234370589128 -0.476209682333681 -0.443079977906714 -0.409842975891486 -0.37649455398912 -0.343029987458188 -0.309444400946627 -0.27573741641502 -0.241926645074538 -0.20803491120431 -0.174087902104702 -0.140110151193898 -0.106118713340112 -0.0721263404843458 -0.0381360514087292 -0.00414843160567439
-0.970745201522202 -0.938503295468438 -0.906325582473347 -0.874247887488647 -0.842279762873839 -0.810417267781053 -0.778628761125159 -0.746866178155391 -0.715043459695704 -0.683066863446946 -0.650849909042816 -0.618307931600226 -0.585360693508459 -0.551945666246278 -0.517994305024354 -0.483396290891499 -0.448049808153381 -0.41192882830495 -0.37503952043761 -0.337441056839292 -0.299205860597061 -0.260404296275628 -0.221098494350288 -0.181337321258386 -0.141124821374891 -0.100453778697852 -0.0593167577800139 -0.017736760355383 0.0241412436716958 0.0661417923542915
-1.07073725458442 -1.02318985723981 -0.975724259847248 -0.928402270513599 -0.881572465840362 -0.835778029534121 -0.792053805227186 -0.751347643025378 -0.71376775900285 -0.679133251654705 -0.646946383191532 -0.616630206752792 -0.587636232307354 -0.559529797141718 -0.531881048515839 -0.504165546265867 -0.475879884682365 -0.446699383297349 -0.416322619538968 -0.384362477178445 -0.350410416572769 -0.314076794072581 -0.275047550003116 -0.233158162397438 -0.188766676145314 -0.142449829478254 -0.0951365671380505 -0.0476747803874311 -0.000235940062590893 0.0471775881069087
-1.01960006192556 -0.983213164486855 -0.946843970078804 -0.910510589831027 -0.87423626982633 -0.838046085513789 -0.80196729485435 -0.76602758547695 -0.730254181170609 -0.694671474732179 -0.65929299882976 -0.624129571099265 -0.589190100246679 -0.554475859258288 -0.519981387254472 -0.485681923611695 -0.451546203450805 -0.417536244614114 -0.383617313957034 -0.349774391665927 -0.315997386259891 -0.282278877077672 -0.248622126736604 -0.215032654955514 -0.181514326580614 -0.148065102313558 -0.114660981150387 -0.0812761268084223 -0.0478993235957173 -0.014523010968007
-1.04707809641109 -1.01078086270799 -0.974483629041014 -0.938186395452778 -0.90188916190553 -0.865591928344194 -0.829294694724763 -0.792997461005009 -0.75670022713875 -0.720402993055951 -0.684105758595139 -0.647808523571975 -0.611511287831266 -0.575214051334386 -0.538916814052384 -0.502619575878433 -0.466322336703814 -0.430025096490118 -0.393727855225242 -0.357430612931991 -0.321133369641895 -0.284836125391826 -0.248538880240006 -0.212241634269475 -0.175944387641182 -0.139647140530196 -0.103349893090146 -0.0670526454567667 -0.0307553977156411 0.0055418500601832
-1.03724565222231 -1.00057091014535 -0.963896167909647 -0.927221425387816 -0.890546682459156 -0.853871939021823 -0.817197195042752 -0.780522450529928 -0.743847705586748 -0.707172960339531 -0.670498214910856 -0.63382346942237 -0.597148723976674 -0.560473978600199 -0.523799233282329 -0.487124487940426 -0.450449742486296 -0.413774996881534 -0.377100251107217 -0.340425505172559 -0.303750759093811 -0.267076012893311 -0.230401266617749 -0.193726520328212 -0.157051774119031 -0.12037702806655 -0.0837022821419271 -0.0470275362949741 -0.0103527904953099 0.0263219552824948
-1.04328193367434 -0.979617512008394 -0.920859283351572 -0.870884371457108 -0.831729591895303 -0.803614272015324 -0.781328094464734 -0.759225867549202 -0.735352546908434 -0.708767858138397 -0.678900459326048 -0.645271241681095 -0.607380092055253 -0.564642879868274 -0.517262473146703 -0.468673751776215 -0.422639001969675 -0.380998123389566 -0.34477617508329 -0.313661240188298 -0.287007157864553 -0.263769611270148 -0.241311659555697 -0.217091010558016 -0.190536590866205 -0.161089540389188 -0.126268633562896 -0.0838458175512982 -0.034528095903496 0.0202437637351249
-0.981283801951263 -0.947152289565275 -0.913020777105177 -0.878889264462043 -0.844757751438804 -0.810626237867009 -0.776494723780819 -0.742363209275913 -0.708231694491427 -0.674100179582832 -0.639968664727499 -0.605837150108273 -0.571705635912153 -0.537574122342752 -0.503442609635676 -0.469311098137881 -0.435179588170842 -0.401048079842769 -0.36691657317419 -0.33278506804817 -0.298653564313407 -0.26452206183021 -0.230390560505344 -0.196259060245494 -0.162127560910596 -0.127996062339762 -0.0938645643355709 -0.0597330667002852 -0.0256015692714434 0.0085299281045972
-1.08096469665019 -1.03493926090818 -0.989184792928948 -0.943887396746583 -0.899104221216413 -0.854893121611693 -0.811443734056136 -0.768971614561988 -0.727664217845189 -0.68766317491666 -0.648954923263568 -0.611487101992143 -0.575181960844428 -0.539860192105717 -0.505298807901741 -0.471201657176715 -0.437262257132207 -0.403205961180697 -0.368810052620159 -0.334027698079649 -0.298856035020988 -0.263284373428076 -0.227270713373113 -0.190820747522497 -0.15416224883111 -0.117551562927776 -0.0811372458485953 -0.0450034923981124 -0.00908484204736867 0.0267215795659705
0.942275068310222 0.909093105399092 0.875911142444453 0.842729179440375 0.809547216374083 0.776365253226972 0.743183289963975 0.710001326548993 0.676819362958275 0.643637399181302 0.61045543524813 0.577273471198956 0.54409150707674 0.510909542935476 0.477727578836873 0.444545614862452 0.411363651084939 0.378181687522062 0.344999724182421 0.311817761093099 0.278635798285802 0.245453835792109 0.212271873643095 0.179089911855185 0.145907950386706 0.11272598919269 0.0795440282731008 0.046362067622192 0.0131801071664394 -0.0200018531846251
-1.04060213707822 -1.00285435137272 -0.965106565715724 -0.927358780086038 -0.889610994327024 -0.851863208250548 -0.814115421677888 -0.776367634455603 -0.738619846521966 -0.700872057828609 -0.663124268288898 -0.625376477806633 -0.587628686288859 -0.549880893655594 -0.512133099842377 -0.474385304833839 -0.436637508622568 -0.398889711183867 -0.361141912489213 -0.323394112512063 -0.28564631122637 -0.247898508619243 -0.210150704730424 -0.17240289961889 -0.134655093367941 -0.0969072861171734 -0.0591594782070458 -0.0214116699857068 0.0163361383688005 0.0540839467209591
-0.98429293189769 -0.95017711276622 -0.916061293771076 -0.881945474967973 -0.847829656324604 -0.813713837778409 -0.77959801923382 -0.745482200574309 -0.711366381632491 -0.677250562241264 -0.643134742285509 -0.609018921663104 -0.574903100274793 -0.540787278032803 -0.506671454867617 -0.472555630771254 -0.438439805746631 -0.404323979778698 -0.370208152871025 -0.336092325119621 -0.301976496643604 -0.267860667549952 -0.233744837897085 -0.199629007750513 -0.165513177252652 -0.131397346565476 -0.0972815158522697 -0.0631656852443659 -0.0290498547439684 0.00506597567900049
-0.995867555833452 -0.962735839262434 -0.929602375630153 -0.896457121945471 -0.863284570617912 -0.830069894378598 -0.796806451844389 -0.763490073831161 -0.730118294065108 -0.696686565706698 -0.663180316743184 -0.629582468868513 -0.595878280037408 -0.562062353247697 -0.528132760331996 -0.494092103418969 -0.459944588974316 -0.425696310515814 -0.391350959305249 -0.356900730528357 -0.322334945351858 -0.287645140014885 -0.252831711046212 -0.217900170805545 -0.182867634686684 -0.147754643691708 -0.112583838221733 -0.077377081762127 -0.0421510307362347 -0.00692103980189379
-1.12589554807422 -0.964903177181917 -0.838997086229981 -0.878274856047748 -0.958156108452452 -0.935884434976576 -0.850677265025695 -0.775665980997278 -0.737663939383284 -0.740846586434669 -0.745155753343883 -0.699474867538752 -0.580573610541965 -0.476766680255663 -0.466369290776729 -0.476153704601552 -0.425418054971407 -0.3551069097076 -0.322017316076124 -0.324709804541687 -0.347185776368676 -0.364401598426556 -0.315133500005106 -0.167407928114596 -0.0424323382269706 -0.0527448649258876 -0.123025350780188 -0.147270033033643 -0.0845990196445564 0.0895866137501365
-1.11588600386767 -1.07330627480088 -1.03075070556049 -0.988244665480135 -0.945804343424611 -0.903447305313015 -0.861205805750468 -0.819112672237953 -0.777188335173855 -0.735450831821588 -0.69392102400725 -0.652620479697616 -0.611566118285399 -0.570756264867093 -0.530181521111348 -0.489820189271677 -0.449654406462354 -0.409693948655836 -0.369946730718509 -0.3303855842343 -0.290974569966523 -0.251686441447813 -0.212528723288102 -0.173514234194889 -0.134642198188647 -0.0959051198593504 -0.057282220762006 -0.0187476012475195 0.0197318401146437 0.0581910052003779
-0.942011140815327 -0.912424724308064 -0.882838807372794 -0.853254985698417 -0.823673519926587 -0.794093725019622 -0.764512468269752 -0.734925775219591 -0.705328752083365 -0.675716306396445 -0.646083470307157 -0.616425307117066 -0.586738153087955 -0.557023436322479 -0.527283504651301 -0.497519292976261 -0.467731509963287 -0.437921372263502 -0.408089960112343 -0.378237300097303 -0.348363155393888 -0.318467708681894 -0.288552820658259 -0.258620815058365 -0.228674189754215 -0.198715470893834 -0.168747123592721 -0.138771593358261 -0.108791308297903 -0.0788086921691144
-1.04547219048252 -1.00865214596574 -0.971832101535432 -0.935012057277168 -0.898192013164813 -0.861371969122255 -0.824551924985174 -0.787731880588094 -0.750911835849124 -0.714091790707152 -0.677271745100606 -0.640451698967795 -0.603631652241798 -0.566811604834747 -0.529991556628893 -0.493171507407885 -0.456351456942215 -0.419531405048347 -0.382711351571848 -0.345891296428727 -0.309071239552607 -0.272251180927614 -0.235431120739889 -0.198611059210746 -0.161790996500174 -0.124970932753767 -0.088150868120884 -0.0513308027705136 -0.0145107369464083 0.0223093290889889
-0.939890994320062 -0.921880618848274 -0.903556882635104 -0.884354466981056 -0.863155457798181 -0.838777742399121 -0.810335009087334 -0.777336575672264 -0.740578476996478 -0.701172493048272 -0.660206667365726 -0.618763109374371 -0.577751763695512 -0.53739391573356 -0.497767485647279 -0.459065591829734 -0.42150889888226 -0.385313058004978 -0.350583695629541 -0.316991352514964 -0.2840977980021 -0.251597896520152 -0.21971889285173 -0.188727221590529 -0.158513696221183 -0.12883834425105 -0.0993136703874407 -0.0696081196469971 -0.0397614210837325 -0.00990612476100233
0.985070863744994 0.95178373497291 0.918496606113796 0.885209477078805 0.851922347929693 0.818635218784347 0.785348089834593 0.752060961248481 0.718773833025002 0.685486705129394 0.652199577560927 0.61891245032738 0.585625323447804 0.552338196986347 0.519051071006106 0.485763945520901 0.452476820509738 0.41918969586165 0.385902571469753 0.352615447333488 0.319328323478869 0.286041199930831 0.25275407670996 0.219466953820786 0.186179831207936 0.152892708804482 0.119605586557187 0.0863184644188994 0.0530313423531285 0.0197442203260482
1.04943342524581 1.01003720483418 0.970640984391894 0.931244763907622 0.891848543441964 0.852452323074789 0.81305610289107 0.773659882993615 0.734263663551456 0.694867444729966 0.655471226613664 0.616075009266854 0.576678792751734 0.537282577122086 0.497886362426527 0.458490148701431 0.419093935956664 0.379697724108302 0.340301513045277 0.30090530264174 0.261509092768146 0.222112883320221 0.182716674294756 0.143320465715355 0.103924257611791 0.0645280500003956 0.0251318428375592 -0.0142643639460398 -0.0536605704626353 -0.093056776835189
0.981497833102064 0.945802035116571 0.910106237144789 0.874410439204976 0.838714641299674 0.803018843441956 0.767323045702726 0.731627248175258 0.695931450984482 0.66023565424278 0.624539857980713 0.588844062208384 0.553148266931751 0.517452472140189 0.481756677826713 0.446060884015471 0.410365090711416 0.374669297811588 0.338973505172108 0.303277712593327 0.267581919861657 0.231886126798009 0.196190333361298 0.160494539563756 0.124798745492872 0.0891029512442001 0.053407156870286 0.0177113624116903 -0.017984432095964 -0.0536802266182887
1.04588340621354 1.00766850901026 0.969453611872642 0.931238714892189 0.893023818234869 0.854808922097002 0.81659402672187 0.778379132328536 0.740164238992219 0.701949346730122 0.663734455471227 0.625519565122459 0.587304675580202 0.549089786698665 0.510874898328792 0.472660010350641 0.434445122650912 0.396230235113745 0.358015347665412 0.319800460403278 0.281585573467477 0.243370686970902 0.205155800917471 0.166940915280751 0.128726030021883 0.090511145097693 0.0522962604601826 0.0140813760493563 -0.0241335082379396 -0.0623483925156482
-0.942532719054487 -0.91065070292846 -0.87876868677265 -0.846886670539004 -0.815004654246793 -0.783122637918716 -0.751240621523858 -0.719358605047558 -0.687476588593778 -0.65559457227187 -0.623712556094136 -0.591830540048614 -0.559948524090039 -0.528066508039942 -0.496184491690143 -0.464302474846828 -0.432420457335052 -0.400538439040982 -0.368656419875161 -0.336774399784537 -0.304892378725161 -0.273010356672811 -0.241128333682184 -0.209246309845256 -0.177364285324209 -0.145482260296332 -0.113600234929159 -0.0817182093683776 -0.0498361836820587 -0.0179541579188666
-0.998458718840605 -0.964973383148811 -0.931472813946526 -0.897934563225703 -0.864322683188526 -0.83059905412122 -0.796730368435947 -0.762688413830665 -0.728460547020582 -0.694039272389539 -0.659422115978687 -0.624607859243498 -0.589594571588613 -0.554377474215342 -0.518946269307873 -0.483271431185239 -0.447320944323841 -0.411072061694708 -0.374510459839217 -0.337646241085496 -0.300495614208358 -0.263084948223163 -0.225481253107452 -0.18775808907243 -0.149974576301801 -0.112179508311234 -0.0743948119717681 -0.0366314254265501 0.00111680144821015 0.0388602908430372
-1.01304341306636 -0.97684989733039 -0.940656381587102 -0.904462865856735 -0.868269350186768 -0.832075834644939 -0.795882319352773 -0.759688804419534 -0.723495289851636 -0.687301775634906 -0.651108261775667 -0.614914748285367 -0.578721235188507 -0.5425277225618 -0.506334210490161 -0.470140699039103 -0.433947188248981 -0.397753678078913 -0.361560168466654 -0.32536665934573 -0.289173150648609 -0.252979642305897 -0.216786134240746 -0.180592626373765 -0.144399118622831 -0.108205610914651 -0.0720121032139837 -0.0358185955048995 0.000374912189331294 0.0365684198356381
0.979175682336428 0.941706101755757 0.904261906257353 0.866855384649439 0.829477308592831 0.792115138671637 0.754764608310568 0.717433693555502 0.680171068096397 0.643053221892075 0.606227212332757 0.56985773866651 0.534101636665657 0.499084288199543 0.464922845023894 0.431732992342939 0.399589043505825 0.368401290992869 0.338054954392853 0.308498982597261 0.279698256823251 0.251613073429204 0.224185389338394 0.19733740916441 0.170930667717218 0.144819308342465 0.118888578332162 0.0930451256297723 0.0672500968381957 0.041478263225193
