-1.03076279989852 -0.994469490077079 -0.958176180257304 -0.921882870462796 -0.8855895607387 -0.849296251123096 -0.813002941604254 -0.776709632152432 -0.740416322715641 -0.704123013236475 -0.667829703658106 -0.631536393923851 -0.595243083993899 -0.558949773895941 -0.522656463669006 -0.486363153329987 -0.450069842891719 -0.413776532372933 -0.377483221801234 -0.341189911233825 -0.304896600735304 -0.268603290362867 -0.232309980144091 -0.196016670088011 -0.159723360159108 -0.123430050313209 -0.0871367405160715 -0.0508434307393406 -0.014550120968284 0.0217431888084257
-1.00158901917432 -0.965166221659703 -0.928743424133883 -0.892320626596678 -0.855897829011923 -0.819475031334461 -0.783052233519146 -0.746629435553606 -0.710206637556569 -0.67378383965928 -0.637361041911963 -0.600938244344581 -0.564515446955055 -0.528092649613115 -0.491669852154899 -0.455247054410352 -0.418824256240028 -0.382401457633089 -0.345978658630697 -0.30955585935339 -0.273133059941549 -0.23671026052529 -0.200287461193656 -0.163864662003986 -0.127441862927861 -0.0910190639122519 -0.0545962648914236 -0.0181734658077033 0.0182493333516413 0.0546721325881069
-0.97725990513981 -0.946519267210702 -0.9157690771704 -0.884969658646311 -0.854025754870936 -0.822833290540866 -0.791308496603962 -0.75937760058494 -0.726986510064662 -0.69410359251849 -0.660767374943635 -0.627033924217771 -0.592956364354993 -0.558576047915074 -0.523922591301444 -0.48899043774647 -0.45377803785836 -0.418335044919748 -0.382718156907083 -0.34696104789765 -0.311091635993945 -0.275129001396097 -0.239056872694776 -0.202856096862701 -0.166531346010256 -0.130089598210421 -0.0935232302489171 -0.0568312369556272 -0.0200536866243589 0.0167590840850991
-0.987676586878749 -0.953926594268604 -0.920176601612738 -0.886426608823902 -0.852676615808951 -0.818926622471228 -0.785176628705946 -0.751426634423245 -0.717676639601078 -0.683926644228617 -0.650176648272066 -0.616426651691889 -0.582676654442628 -0.548926656455138 -0.515176657692968 -0.481426658274135 -0.447676658327896 -0.413926657873998 -0.380176656891241 -0.346426655304156 -0.312676653023703 -0.278926649977608 -0.245176646160662 -0.211426641594255 -0.177676636339122 -0.143926630489756 -0.110176624236342 -0.0764266177700089 -0.0426766111899668 -0.00892660457244602
-1.06610141009647 -0.977542668082885 -0.913762039509115 -0.907625117723103 -0.922714023452486 -0.913867746590792 -0.870236226315442 -0.797923125654917 -0.736536053758071 -0.719092820804772 -0.718748094978562 -0.693690758963905 -0.617666281618267 -0.526646476491127 -0.463430790663928 -0.435902860653961 -0.43603312541285 -0.427055044193707 -0.377427857418387 -0.305250909882234 -0.241033572473961 -0.210097361902958 -0.217012378161302 -0.247269028987632 -0.230790369824126 -0.118479924971287 -0.000730446459391281 0.0258589820171846 -0.0206468221625799 -0.0935170663513668
-0.92431437496047 -0.894131157771149 -0.863999261218023 -0.83398035068703 -0.804088711343114 -0.774326292321023 -0.744693078855728 -0.715182270866547 -0.685761890909971 -0.656383266908714 -0.626956125613231 -0.597379793480911 -0.567546232255314 -0.537317944824689 -0.506575802480063 -0.475303608978886 -0.443497398440906 -0.411099193968611 -0.378048870900814 -0.344331724538875 -0.309944405174786 -0.274902152225382 -0.23929456160685 -0.203224939150059 -0.166777073845244 -0.130027931176909 -0.0930466994472727 -0.0558997126002491 -0.0186496643288179 0.0186416617367744
-0.999319035684836 -0.966919019887611 -0.934458396705899 -0.901874277220601 -0.869143227473812 -0.836255774492335 -0.80321883428062 -0.770045778010232 -0.736759408543552 -0.703379294759409 -0.669902637911584 -0.636321047347601 -0.602618254668159 -0.568746480486667 -0.534653879410463 -0.500303853009901 -0.465666727169916 -0.430725278070728 -0.395469729390056 -0.359907644500313 -0.324050921697587 -0.287909774997593 -0.251487681294557 -0.214785877940373 -0.177803381239106 -0.140547889193502 -0.103064047648852 -0.0654081887033734 -0.0276464416244435 0.0101526150282703
-0.996619784016076 -0.961948394633957 -0.927277005141926 -0.892605615406019 -0.857934225380779 -0.823262835057845 -0.788591444488748 -0.75392005374577 -0.719248662924313 -0.684577272107574 -0.649905881306811 -0.615234490515295 -0.580563099723653 -0.545891708911948 -0.511220318060775 -0.476548927163448 -0.441877536208454 -0.407206145152257 -0.372534753950159 -0.337863362584839 -0.303191971045821 -0.268520579309228 -0.233849187297572 -0.199177794921662 -0.164506402099078 -0.129835008783249 -0.0951636150641969 -0.0604922210653708 -0.025820826907314 0.00885056729015613
-0.946476020047782 -0.958320824459378 -0.95931765195592 -0.928331391735916 -0.869068045850092 -0.792945398301994 -0.717387248054205 -0.657991988825844 -0.617050378403124 -0.594052735872975 -0.590595261458116 -0.608800625665207 -0.643136071114411 -0.657447128879876 -0.619928579156325 -0.546793910166776 -0.465522958004107 -0.400642242212338 -0.368141892521099 -0.352819795951308 -0.331675778846708 -0.290067279764496 -0.246782186115688 -0.218397387956107 -0.179215337066976 -0.107264841640969 -0.0377545737911399 -0.0111083891548729 -0.0314310135464617 -0.0937473903244288
0.987106685679312 0.952561359034101 0.91801603230429 0.883470705448275 0.848925378476537 0.814380051398443 0.779834724166835 0.745289396722767 0.710744069016661 0.676198741012118 0.641653412716091 0.607108084146374 0.572562755331051 0.538017426339387 0.503472097240645 0.468926768062898 0.434381438823038 0.399836109534422 0.365290780204737 0.330745450822544 0.296200121371622 0.261654791834391 0.227109462187831 0.192564132401589 0.158018802421416 0.123473472227706 0.0889281419633 0.0543828117780987 0.0198374816877658 -0.0147078483255929
-1.05027402449091 -1.01088291731427 -0.971542356953962 -0.932291163458084 -0.893136238253315 -0.854080245708608 -0.815140820583479 -0.776336826179446 -0.737677069575498 -0.699180393898591 -0.660915842690076 -0.622965009594904 -0.585399374169664 -0.548249959617496 -0.511531888846804 -0.475237139940486 -0.439353709904898 -0.403876816265718 -0.368802788091365 -0.334125180101877 -0.299836853430199 -0.265924491285868 -0.232350065184786 -0.199072690947196 -0.166064773304353 -0.133294636673822 -0.10070099530743 -0.068217311111981 -0.0357856467799412 -0.00335021520019253
-1.00398515925071 -0.967825650811976 -0.931666142371136 -0.895506633944055 -0.859347125448398 -0.823187616773698 -0.787028107795147 -0.750868598411582 -0.714709088630759 -0.678549578506277 -0.642390068166209 -0.606230557757242 -0.570071047396056 -0.533911537079288 -0.497752026798792 -0.461592516647331 -0.425433006756663 -0.389273497313614 -0.353113988476836 -0.316954480237211 -0.280794972543681 -0.244635465329087 -0.208475958461864 -0.172316451811339 -0.136156945314807 -0.099997438921558 -0.0638379325609104 -0.0276784261722946 0.00848108024443478 0.0446405866743173
-0.995519652019253 -0.959866817337591 -0.924213982685975 -0.888561148063229 -0.852908313352161 -0.817255478414511 -0.781602643143747 -0.745949807456253 -0.710296971328339 -0.674644134742239 -0.638991297643964 -0.603338459970466 -0.567685621668124 -0.532032782721014 -0.496379943159959 -0.460727103165073 -0.425074262916807 -0.389421422447684 -0.353768581749672 -0.318115740800473 -0.282462899574223 -0.246810058070866 -0.211157216393589 -0.175504374654296 -0.139851532896531 -0.104198691130172 -0.0685458492987949 -0.0328930073461524 0.00275983471700378 0.0384126768631715
-1.01493606340714 -0.976100652943457 -0.93739032241495 -0.898911651863029 -0.860715117873321 -0.82282687978663 -0.785231931420261 -0.747921122180068 -0.710949889349621 -0.674386367798652 -0.638284894863822 -0.602696358498527 -0.567670377022516 -0.533251490220963 -0.499483052856781 -0.466408758138418 -0.434050991349948 -0.402346567632417 -0.371212253587737 -0.340570191804327 -0.310343868867232 -0.280461395832177 -0.250869381637593 -0.221519059937775 -0.19236166536776 -0.163367224489463 -0.134580930591563 -0.106042411461489 -0.0776938661548919 -0.0494531365444778
1.15554558113374 0.890010006643134 0.981438727133455 0.993131293738338 0.902740257707131 0.787049230007482 0.705013060364504 0.690013413971899 0.690967979140247 0.653067693056857 0.591060465299081 0.537083448541779 0.515531429222725 0.519829728831335 0.532378107980096 0.522443548722129 0.466777726074823 0.385203865472007 0.307025308887208 0.256394314036301 0.25617536757075 0.304887967487077 0.303671657162042 0.179343999440541 0.0588145896597725 0.068800317501886 0.13515521753653 0.154875640161833 0.11039005420236 0.00548495808927981
-0.948379968250602 -0.921829492895271 -0.895082490570821 -0.867967461651013 -0.840715496246226 -0.813582724214818 -0.786522844670453 -0.759252976248277 -0.730846346414063 -0.700360941715355 -0.667437676196142 -0.631863195774526 -0.593636380106122 -0.553605043796601 -0.512734590005107 -0.47161184115462 -0.430822480833856 -0.391326218030618 -0.354008144873518 -0.319080860655306 -0.286588841459767 -0.256402674292212 -0.227697389844046 -0.199708569242292 -0.172609551670338 -0.146749123210247 -0.122240099482425 -0.0990370021753112 -0.0766971477111275 -0.0546785511955431
-0.981984104728979 -0.953007272647252 -0.923511481726405 -0.893096634471265 -0.861739104797392 -0.82950848688598 -0.79647078457003 -0.762645093125558 -0.727866463948841 -0.691992960435714 -0.655158737860001 -0.617566974465023 -0.579425917638699 -0.540964091347343 -0.502371652245908 -0.463665011165501 -0.424902214059593 -0.386481593194955 -0.348870276486266 -0.31247028812654 -0.277667376378375 -0.244814629182061 -0.214134493188666 -0.185792518044086 -0.159857306662761 -0.136309986909842 -0.11487873318477 -0.0951763828372993 -0.0766073784841315 -0.0585240640587048
-0.994031174058199 -0.959398512657759 -0.924765851244585 -0.890133189825087 -0.855500528374072 -0.820867866875825 -0.786235205384158 -0.751602543983373 -0.716969882810221 -0.682337222012128 -0.647704561726773 -0.613071902089398 -0.578439243250866 -0.543806585424515 -0.509173928830064 -0.474541273650264 -0.43990862002974 -0.405275967997583 -0.370643317511332 -0.33601066835785 -0.301378020281331 -0.26674537305337 -0.232112726555147 -0.197480080710763 -0.162847435506395 -0.128214790938136 -0.0935821469796604 -0.0589495035701079 -0.0243168605329042 0.0103157823374542
-0.971763353404228 -0.939574834656392 -0.907386315958645 -0.875197797391887 -0.843009279127781 -0.810820761322636 -0.778632243980603 -0.746443727100396 -0.714255210811143 -0.682066695249062 -0.649878180448318 -0.617689666417564 -0.585501153166485 -0.553312640708904 -0.521124129055692 -0.488935618201787 -0.456747108137237 -0.424558598848476 -0.392370090339689 -0.360181582689676 -0.327993075995893 -0.295804570343659 -0.263616065769747 -0.231427562281309 -0.199239059815562 -0.167050558275511 -0.134862057497263 -0.10267355729381 -0.0704850574525909 -0.038296557754658
-1.08400045646195 -1.04433214503615 -1.00466383369647 -0.964995522497431 -0.925327211368209 -0.885658900184517 -0.845990588733523 -0.806322276801257 -0.766653964257747 -0.726985651008834 -0.687317337019601 -0.647649022269945 -0.607980706768528 -0.568312390639089 -0.528644074036335 -0.488975757123767 -0.449307440055237 -0.409639122937176 -0.369970805840577 -0.330302488742096 -0.290634171594803 -0.250965854347234 -0.211297536929795 -0.171629219278971 -0.131960901373702 -0.0922925832214624 -0.0526242649014247 -0.0129559464996657 0.0267123719418104 0.0663806903920173
-0.948683021812775 -0.917430142330353 -0.886177262843684 -0.854924383366538 -0.823671503927675 -0.792418624559949 -0.761165745297609 -0.729912866147373 -0.698659987004445 -0.667407107748366 -0.636154228307549 -0.604901348622622 -0.573648468634094 -0.542395588281992 -0.511142707506936 -0.479889826252403 -0.448636944459012 -0.417384062053098 -0.386131178987146 -0.354878295332516 -0.323625411190291 -0.292372526638375 -0.261119641661968 -0.229866756237874 -0.198613870402024 -0.167360984226242 -0.136108097866802 -0.10485521147521 -0.0736023250994576 -0.0423494387616575
-0.973193051441282 -0.942317925578724 -0.91144034784909 -0.880568583613277 -0.84973230098491 -0.81895687736159 -0.788229124524083 -0.757521390222218 -0.72678673169891 -0.695976464462069 -0.665054227586493 -0.633986741038704 -0.602730321495885 -0.571199672477871 -0.539311521874068 -0.507032308209516 -0.474338912351648 -0.441200273901837 -0.407586035285542 -0.373476591490647 -0.338855025645644 -0.303725442045879 -0.268176029654118 -0.232310664795502 -0.196211888577241 -0.159954113164147 -0.123600570169373 -0.0872045296719918 -0.0507905961664241 -0.0143762077509252
-0.942773900309183 -0.911287388670864 -0.879800877153051 -0.848314365893258 -0.816827854986362 -0.785341344467877 -0.753854834178515 -0.722368323904911 -0.69088181341221 -0.659395302495473 -0.627908791090924 -0.596422279170079 -0.564935766693792 -0.533449253580274 -0.501962739743381 -0.470476225122202 -0.438989709662747 -0.407503193313483 -0.376016676061191 -0.344530158043442 -0.313043639435507 -0.281557120412841 -0.250070601151648 -0.218584081802477 -0.18709756241252 -0.155611043007053 -0.124124523627061 -0.0926380043047686 -0.0611514850216774 -0.0296649657466049
-0.922786261516845 -0.904658692794468 -0.887668751317241 -0.872515505216577 -0.857396759545752 -0.840017337148169 -0.818611395105875 -0.791809130310215 -0.759295564651094 -0.721344032035059 -0.679526289436653 -0.635738699597421 -0.591724620397177 -0.548615390268817 -0.507495899558431 -0.469877265711786 -0.437091568220351 -0.409328507658695 -0.385963184529708 -0.364254677966448 -0.340933061759518 -0.31337817709757 -0.281568934761459 -0.246321331841922 -0.209200641077031 -0.171391535352724 -0.131807012499072 -0.0891558809328933 -0.0436018664738419 0.0043275757077162
-0.972129173235284 -0.940445558900115 -0.908762517504573 -0.877076633771359 -0.845382777490621 -0.81367519076293 -0.781947319863111 -0.750190453406034 -0.718388045192521 -0.686524076770651 -0.6545924754916 -0.622589655157318 -0.590512604565111 -0.558360612493707 -0.526129653840748 -0.493800147998101 -0.461347542162125 -0.428742950252913 -0.395962688312761 -0.363008214149037 -0.329887271010373 -0.296610206316428 -0.263197784170949 -0.229676110724954 -0.196082243634458 -0.162452949455484 -0.128812878839069 -0.095179609620854 -0.0615545442798667 -0.0279350414559832
-1.08666848076207 -1.04018897633532 -0.993681492468528 -0.947031777418784 -0.900366689075817 -0.853903253668336 -0.807978061148287 -0.762961634762802 -0.719240667216507 -0.677154135127713 -0.636833981311967 -0.598360390134129 -0.561771453048082 -0.52693688986381 -0.493619918206447 -0.4613261186056 -0.429517525823173 -0.397739628645747 -0.365647123238788 -0.333248081258601 -0.300638918234203 -0.267930487636896 -0.235291394707124 -0.202866967693252 -0.17065167510617 -0.138596088055531 -0.106626047783499 -0.0746748328675107 -0.0427302010935631 -0.0107935300497956
-1.00932970826511 -0.975855983255259 -0.942382258338638 -0.908908533645082 -0.875434809421865 -0.841961085910312 -0.808487363210503 -0.775013641362416 -0.741539920306872 -0.708066199956199 -0.674592480207911 -0.641118760955822 -0.607645042115014 -0.574171323685641 -0.540697605696597 -0.507223888206653 -0.473750171279643 -0.440276454969767 -0.406802739339033 -0.373329024490288 -0.339855310536594 -0.306381597570809 -0.272907885605 -0.239434174594812 -0.205960464351033 -0.172486754655262 -0.139013045317231 -0.105539336173078 -0.0720656271364413 -0.0385919181403299
-0.89139997931005 -0.879121890533712 -0.866727666541952 -0.854106336823492 -0.840126195630861 -0.823490559017959 -0.803263565480349 -0.778790895766393 -0.750183577193993 -0.71784991251867 -0.682621959676884 -0.645437715400331 -0.607128612925946 -0.568099831511633 -0.528608876249237 -0.488748809545425 -0.448676011268728 -0.408964573820326 -0.370165249140292 -0.332317714791629 -0.29533387974307 -0.259022502909907 -0.222779742993652 -0.186155207197098 -0.149724896941928 -0.114171439439856 -0.0795775708438306 -0.0458266234081574 -0.0126042048513367 0.0204535082420829
-1.05827099630669 -0.983643121969032 -0.917862576797425 -0.867011110072396 -0.828666926318128 -0.798378675796803 -0.772080336478966 -0.746146574106975 -0.718329477802086 -0.687439159833996 -0.655140401687263 -0.623811652150166 -0.595809412757687 -0.57340239603165 -0.557437831335161 -0.543164804409612 -0.524896877026787 -0.498803658701725 -0.462260732105904 -0.415611524793298 -0.359941425538503 -0.297215026611378 -0.232913734262835 -0.172921872444278 -0.121218621928034 -0.0804631698217119 -0.0499398717531242 -0.0277641516025389 -0.0107505377398366 0.00461166534269888
-1.01344676607254 -0.976098002822931 -0.93873410613196 -0.901340272503454 -0.863921001310571 -0.82648120348941 -0.789008133358508 -0.751495372152672 -0.713979465389353 -0.676512584210492 -0.639166437973352 -0.602017620589027 -0.56513594553852 -0.528564104582463 -0.492337725259281 -0.456491299938927 -0.421050248540029 -0.386004836344402 -0.351331837104622 -0.316989213093122 -0.282930223712299 -0.249108794156797 -0.215481512790246 -0.182002678789402 -0.148614771414533 -0.115267655025272 -0.0819525542952084 -0.0486688309148027 -0.0154070343280499 0.0178444890826709
1.00244866593301 0.973356811965459 0.944339149441214 0.914995592756177 0.884826731811538 0.853478637274641 0.821278627372176 0.788458246069313 0.754184692725788 0.717654814478352 0.679248394177235 0.639640948601036 0.599695380456101 0.561024136159764 0.525257138194834 0.493344669595051 0.465465985069597 0.439395865478485 0.412630653747208 0.383957414912333 0.352485894538197 0.317385678394889 0.278065713075494 0.234089993870838 0.185403350039685 0.132274295991185 0.0758852527680745 0.0175450126069504 -0.0418460541137478 -0.101489682480119
-0.968834377276513 -0.935921445396977 -0.90300851369911 -0.870095582373968 -0.837182651522665 -0.80426972121179 -0.771356791459808 -0.738443862256062 -0.705530933521544 -0.672618005168965 -0.639705077146267 -0.6067921494102 -0.573879221885677 -0.540966294370261 -0.508053366659945 -0.475140438671782 -0.442227510390565 -0.409314581950987 -0.376401653521258 -0.343488725253767 -0.310575797296947 -0.277662869774625 -0.244749942712202 -0.211837016102854 -0.178924089909278 -0.146011164074697 -0.113098238494917 -0.0801853130597394 -0.0472723876823622 -0.0143594622818323
-1.0076889122695 -0.972377321162047 -0.937065730118162 -0.901754139177283 -0.866442548342334 -0.831130957609036 -0.795819366980813 -0.760507776419871 -0.725196185715838 -0.689884594620922 -0.654573002910225 -0.619261410364577 -0.583949816792755 -0.548638222115332 -0.513326626325096 -0.478015029591876 -0.442703432094674 -0.40739183387214 -0.372080234935456 -0.336768635326298 -0.301457035093965 -0.266145434276625 -0.230833832867923 -0.195522230864773 -0.160210628321699 -0.124899025319889 -0.0895874219895912 -0.0542758184609445 -0.0189642148145972 0.0163473888811753
-1.04304307789383 -1.00641794780182 -0.969801059647213 -0.933196122282083 -0.896601733933357 -0.860015855349957 -0.823439007993888 -0.786874748534445 -0.750336213756986 -0.713837240721835 -0.677384887473103 -0.640984517300846 -0.604642665184504 -0.568370552861042 -0.532181034940001 -0.496088810763706 -0.460106465847395 -0.424236285665169 -0.388476465057737 -0.352819136373393 -0.31725491633732 -0.28177344203892 -0.246360432024441 -0.211000234299358 -0.175675633249193 -0.14037083765985 -0.105077317538707 -0.0697894028049971 -0.0345056018038892 0.000774532512962458
0.985703897026161 0.95131286936585 0.916921841821378 0.88253081447547 0.848139787312711 0.813748760312577 0.779357733532237 0.744966707038962 0.71057568086271 0.676184655022311 0.641793629529382 0.607402604393733 0.573011579594992 0.538620554992055 0.504229530447652 0.469838505960598 0.435447481587836 0.401056457482744 0.366665433791444 0.332274410534603 0.297883387701525 0.26349236526006 0.229101343092241 0.194710321059103 0.160319299023498 0.125928276874475 0.0915372546040505 0.0571462322328232 0.0227552097927505 -0.0116358126813707
-0.948995855470459 -0.915501341395088 -0.882345646623522 -0.849751687561278 -0.81789451758794 -0.786970716368633 -0.757310831736594 -0.729157876438047 -0.702270754703062 -0.676361063869764 -0.651435282224661 -0.627573608291355 -0.604749626348232 -0.582510463692823 -0.560235568331299 -0.537060128085258 -0.511993668974055 -0.483787329992646 -0.45142856384823 -0.415108465121374 -0.375319038860986 -0.332518202159619 -0.287027520284399 -0.239014663120961 -0.188168070854382 -0.13424314302732 -0.0777423463133024 -0.0193501941314223 0.0402676802478342 0.100450363591133
-1.01085261774414 -0.974550525172565 -0.938248432577654 -0.901946339961618 -0.865644247356215 -0.829342154816443 -0.793040062460734 -0.756737970425835 -0.720435878858324 -0.684133787908012 -0.647831697727812 -0.611529608471416 -0.575227520264051 -0.538925433117089 -0.502623347003908 -0.466321261859766 -0.430019177588024 -0.393717094002573 -0.35741501090958 -0.321112928173782 -0.284810845674556 -0.248508763301693 -0.212206680986624 -0.175904598668735 -0.139602516277599 -0.103300433757569 -0.0669983511219541 -0.0306962684068733 0.00560581432925372 0.0419078970224332
-1.02324491811743 -1.04854112566869 -0.97381995192839 -0.871579313184292 -0.785940063051086 -0.745189007854152 -0.742653827434702 -0.76174935769079 -0.781198185232023 -0.780729954946987 -0.748794794128636 -0.676022950671018 -0.567199202005539 -0.483726443713049 -0.473170937798456 -0.471134293813445 -0.413530902908061 -0.349490935078987 -0.3367094938553 -0.353925638049002 -0.360139415292824 -0.323946622020567 -0.252326049870308 -0.166954357401434 -0.109916675654304 -0.105689564062417 -0.0879068231508606 -0.00485760710261927 0.0457047563593328 -0.0713391038729771
-1.02592964981109 -0.987572294526118 -0.949214939147652 -0.910857583591539 -0.87250022770283 -0.834142871318628 -0.795785514315055 -0.757428156602389 -0.719070798188533 -0.680713439111765 -0.642356079434238 -0.603998719224071 -0.56564135852181 -0.527283997257699 -0.488926635369554 -0.450569272935789 -0.412211910066464 -0.373854546857645 -0.335497183380283 -0.297139819618881 -0.258782455536328 -0.220425091092299 -0.182067726233602 -0.143710360924344 -0.105352995210682 -0.0669956291464074 -0.0286382627338022 0.00971910401622161 0.0480764710067154 0.0864338381192216
-1.02756650902794 -0.992540483850873 -0.957514458553994 -0.922488433003264 -0.887462407114388 -0.852436380826478 -0.817410354122562 -0.782384326987214 -0.747358299367275 -0.712332271202826 -0.677306242444643 -0.642280213046175 -0.607254182953232 -0.572228152081069 -0.537202120322437 -0.50217608751063 -0.467150053497125 -0.432124018265574 -0.397097981850461 -0.362071944357401 -0.327045905909791 -0.292019866635284 -0.256993826678546 -0.22196778617614 -0.186941745215207 -0.151915703874228 -0.116889662246475 -0.0818636204256926 -0.0468375784927241 -0.0118115365251857
-0.992897505659513 -0.959229246166827 -0.925560986693495 -0.891892727203042 -0.85822446758999 -0.824556207756985 -0.790887947708178 -0.757219687473578 -0.723551427085113 -0.689883166573327 -0.656214905961303 -0.62254664527026 -0.588878384538548 -0.555210123873029 -0.521541863397501 -0.487873603234957 -0.454205343500098 -0.420537084275228 -0.386868825634283 -0.353200567650123 -0.319532310395336 -0.285864053892215 -0.25219579796187 -0.218527542388351 -0.18485928700865 -0.151191031713583 -0.117522776556336 -0.0838545216033149 -0.0501862668114433 -0.0165180121102734
-0.975502426388476 -0.942951866487765 -0.910401306527131 -0.877850746488492 -0.845300186396202 -0.812749626283786 -0.780199066179035 -0.747648506117887 -0.71509794617462 -0.682547386425136 -0.649996826913516 -0.617446267675882 -0.584895708752048 -0.552345150196586 -0.51979459205636 -0.487244034332639 -0.454693477013202 -0.422142920077446 -0.389592363492485 -0.357041807184646 -0.324491251070064 -0.291940695088956 -0.259390139277864 -0.226839583681778 -0.194289028283158 -0.161738473051953 -0.129187917970605 -0.0966373630222591 -0.0640868081803883 -0.0315362534160477
-0.996209312119786 -0.965567285314945 -0.934880586116553 -0.904080367490856 -0.873124339713545 -0.841988476317076 -0.810695246551496 -0.779260209430057 -0.747624787301228 -0.715711528741409 -0.683441623903519 -0.650735923334602 -0.617507180584854 -0.583635761217056 -0.549021866097341 -0.513677425292646 -0.477645792736385 -0.44098428862705 -0.403753787869308 -0.366015417927441 -0.327830369405636 -0.289254884079347 -0.250325408409106 -0.211075147167918 -0.171544133693605 -0.131777078163235 -0.091830569546033 -0.0517584758087403 -0.0115919021159855 0.0286437370681299
0.976195562665972 0.943680877015149 0.911166191560276 0.878651506466984 0.846136821844489 0.813622137786918 0.781107454384474 0.748592771685592 0.716078089575591 0.683563407909582 0.651048726584985 0.618534045509799 0.586019364587993 0.553504683707431 0.520990002776216 0.488475321799511 0.455960640812084 0.423445959870068 0.390931279026657 0.358416598301923 0.325901917707661 0.293387237243123 0.260872556857398 0.228357876501508 0.195843196184376 0.16332851591814 0.130813835669889 0.0982991554049686 0.0657844751268012 0.0332697948483268
-0.979899420414033 -0.946911514074933 -0.913923607683171 -0.880935701113436 -0.847947794138133 -0.81495988654463 -0.781971978282415 -0.748984069359785 -0.715996159858126 -0.683008249885572 -0.650020339584144 -0.617032429104335 -0.584044518611291 -0.551056608328771 -0.51806869847973 -0.485080789225306 -0.452092880689041 -0.4191049729059 -0.386117065880209 -0.353129159582312 -0.320141253974057 -0.287153348998355 -0.254165444522383 -0.221177540409961 -0.188189636587227 -0.155201732997185 -0.12221382958799 -0.0892259263098142 -0.0562380231157569 -0.0232501199596482
-1.0301046981424 -0.994977574102342 -0.959850450202494 -0.924723326572026 -0.889596203368619 -0.854469080743886 -0.819341958796652 -0.784214837592984 -0.749087717120714 -0.713960597328777 -0.678833478088771 -0.643706359252957 -0.608579240670189 -0.573452122175682 -0.538325003622368 -0.503197884947691 -0.468070766119746 -0.432943647144725 -0.397816528052391 -0.362689408928702 -0.327562289873666 -0.292435171012122 -0.257308052568246 -0.222180934759487 -0.187053817677053 -0.151926701338046 -0.116799585589383 -0.0816724702451541 -0.0465453551583405 -0.0114182401916439
-1.00510738111407 -0.968163437659734 -0.931194391411272 -0.894180959591722 -0.857131453619684 -0.820056891925836 -0.782951526793605 -0.745806414595877 -0.708616594210617 -0.671387917328227 -0.634165504383787 -0.597004292998545 -0.559953883881021 -0.523042530088821 -0.486298027625711 -0.449767691931018 -0.413505931859683 -0.377576010493564 -0.342032506554842 -0.306886407100076 -0.27213780126942 -0.237778916998499 -0.203770537404818 -0.170059617174856 -0.136569242089106 -0.10321870747965 -0.0699360157909304 -0.0366624386361023 -0.00338361719083361 0.0299037149785804
-0.96592308639637 -0.931862397646282 -0.897724485189659 -0.86339552805088 -0.828738193939357 -0.793649785264659 -0.758189654551961 -0.722455245037011 -0.686534312682239 -0.650491524348345 -0.614308877762422 -0.577947703368162 -0.541410329655232 -0.504863077297209 -0.468536741707708 -0.43275602507658 -0.397805558199804 -0.363715779521621 -0.330492903169638 -0.298300438356654 -0.26734121806677 -0.237744837951213 -0.209347944329729 -0.181918091342794 -0.155239413745284 -0.129106397734641 -0.103338354664175 -0.0777798651575728 -0.0523517617641466 -0.0269939400146167
-1.00155405157266 -0.967908881288405 -0.934255022793704 -0.90057184139093 -0.866888789792387 -0.833223500249451 -0.799496235759865 -0.765629218362042 -0.731649875510706 -0.697597202876873 -0.663451263580385 -0.629177387603294 -0.594739757692742 -0.560097967656238 -0.525211587394217 -0.490044680118452 -0.454536411119141 -0.418521860688832 -0.381837701578153 -0.344431061367678 -0.306276681345471 -0.267354757336542 -0.227667303313693 -0.187223012960975 -0.146035480659639 -0.104142498989152 -0.0616737526246488 -0.0187818639156582 0.0243806861863929 0.0676614520796017
-0.968144999106605 -0.936588855431847 -0.905032711817566 -0.873476568280292 -0.84192042455728 -0.810364280316095 -0.778808135224807 -0.747251988952031 -0.715695841168054 -0.684139691602979 -0.65258354022452 -0.621027387059793 -0.589471232167804 -0.557915075735127 -0.526358917954638 -0.494802758916849 -0.463246598682756 -0.431690437297654 -0.400134274799872 -0.368578111215578 -0.337021946567903 -0.30546578089358 -0.273909614283756 -0.242353446870364 -0.210797278894078 -0.1792411105711 -0.147684941911014 -0.116128772902196 -0.0845726036548176 -0.0530164343094982
-1.01943713663179 -0.984030637843075 -0.948624138994671 -0.913217640013387 -0.877811140843797 -0.842404641453133 -0.806998141881488 -0.77159164219412 -0.736185142484087 -0.700778642836238 -0.665372143274773 -0.629965643808732 -0.594559144442118 -0.559152645158788 -0.523746145962101 -0.488339646953573 -0.452933148252897 -0.4175266499543 -0.382120152129141 -0.346713654782771 -0.311307157904033 -0.275900661451644 -0.240494165263787 -0.205087669178323 -0.169681173152339 -0.134274677188322 -0.0988681813511309 -0.0634616856943839 -0.0280551901643659 0.00735130531947131
-1.00532274450632 -0.971148726689215 -0.936933951597629 -0.902627767808449 -0.868223198683624 -0.833733178140199 -0.799206607530554 -0.76462888363412 -0.729695417503199 -0.694113578390522 -0.657928554077666 -0.621269986978419 -0.584289781811696 -0.547228892516923 -0.510385217488296 -0.474195383718595 -0.439071845482782 -0.405191637585964 -0.372645061588023 -0.341410905537797 -0.311440079106363 -0.282677155339968 -0.255041360785543 -0.228438674323041 -0.202747430663816 -0.177834446660363 -0.153548111898351 -0.129728520343046 -0.106201010744929 -0.0827872330507861
-1.04745366941708 -1.00880102963701 -0.970148389689983 -0.931495749493474 -0.892843109137885 -0.854190468741344 -0.815537828359959 -0.776885188039461 -0.738232547846089 -0.699579907864167 -0.660927268229835 -0.622274629092192 -0.583621990580243 -0.544969352742623 -0.506316715599631 -0.467664079138589 -0.429011443347273 -0.390358808248238 -0.351706173862331 -0.313053540168793 -0.274400907136463 -0.235748274694878 -0.197095642616363 -0.158443010642803 -0.119790378551527 -0.0811377461512497 -0.0424851133407692 -0.00383248007967644 0.034820153519359 0.0734727873053976
-0.98633161746936 -0.951686179849337 -0.917040742184012 -0.882395304431594 -0.847749866562959 -0.813104428573368 -0.778458990542936 -0.743813552582477 -0.709168114840742 -0.674522677453219 -0.639877240464418 -0.605231803896105 -0.570586367787084 -0.535940932244327 -0.501295497382613 -0.466650063279795 -0.432004629957226 -0.39735919724718 -0.362713764943687 -0.328068332876885 -0.293422900885934 -0.258777468820469 -0.224132036572 -0.189486604042003 -0.154841171129921 -0.120195737770449 -0.0855503040413158 -0.0509048700521881 -0.0162594358974586 0.0183859983322991
-1.04262225064323 -1.00593322998672 -0.969244209244818 -0.932555188306032 -0.895866167125759 -0.859177145669937 -0.8224881238798 -0.785799101696665 -0.749110079086907 -0.712421056012894 -0.675732032395905 -0.639043008146947 -0.60235398317326 -0.565664957367015 -0.528975930644785 -0.492286903035824 -0.45559787461455 -0.418908845523359 -0.382219815896931 -0.345530785771085 -0.308841755156925 -0.272152724079578 -0.235463692620244 -0.198774660864647 -0.162085628860517 -0.125396596648133 -0.0887075642759804 -0.0520185317919587 -0.0153294992334312 0.0213595333648733
1.01825703101703 0.983467423299474 0.948677815534897 0.913888207689132 0.879098599794351 0.844308991883491 0.809519383926233 0.774729775879518 0.73994016771259 0.705150559398342 0.670360950911956 0.635571342229188 0.600781733326368 0.565992124182123 0.531202514791092 0.496412905209666 0.461623295513319 0.42683368579209 0.392044076129895 0.357254466571607 0.322464857152335 0.287675247884491 0.252885638689692 0.218096029468109 0.183306420124916 0.148516810572464 0.113727200746815 0.0789375906168731 0.0441479802591913 0.00935836977723388
-0.97696803598995 -0.943455299207727 -0.909942562488947 -0.876429825947758 -0.842917089753455 -0.809404354071548 -0.775891618997285 -0.7423788846138 -0.708866151026039 -0.6753534182999 -0.641840686323258 -0.608327954939484 -0.57481522397502 -0.541302493188589 -0.50778976233248 -0.474277031200985 -0.440764299624622 -0.407251567536827 -0.37373883491108 -0.340226101778124 -0.306713368183017 -0.273200634180386 -0.239687899863116 -0.206175165323994 -0.172662430617158 -0.139149695794302 -0.105636960935989 -0.07212422611273 -0.0386114913259508 -0.0050987565598062
-1.03653810224535 -0.995843937923413 -0.955190253209568 -0.914573069540165 -0.873901152287231 -0.833078180455344 -0.79207474364361 -0.750924094123118 -0.709843224258343 -0.66907373140355 -0.628771892778766 -0.589072655570454 -0.550107675900296 -0.511995445630833 -0.474805603672438 -0.438425541385928 -0.402715552669047 -0.367609789116773 -0.333082055393796 -0.299190910746417 -0.266016103066337 -0.233638079100985 -0.2021400810207 -0.171580175444935 -0.141912931366688 -0.113056962680057 -0.0848905605099909 -0.0572700049135189 -0.0300038544451465 -0.00288873728374721
-1.06380691709651 -1.01734902794793 -0.97116782950514 -0.925540194675268 -0.880587783911012 -0.836427846964572 -0.793315203240609 -0.751540017648459 -0.711396267463687 -0.673104360239239 -0.636586612271352 -0.601690817042083 -0.568229300995653 -0.535872522424927 -0.504327264039579 -0.473587474367867 -0.443659138359654 -0.414309220832645 -0.385217045788402 -0.355950394096071 -0.326049160841694 -0.295121812439066 -0.263051100612976 -0.229861091331109 -0.195866822221725 -0.161434456147879 -0.126843685251223 -0.0923062373117111 -0.0578484533839009 -0.0234503278410005
-0.990369411787281 -0.955943348876543 -0.921511840412352 -0.887067460089348 -0.852604069962705 -0.818116320923127 -0.783600730842902 -0.749054671634024 -0.714477064385739 -0.679867254966469 -0.645224739184096 -0.610549050331365 -0.575840290999752 -0.54110084097565 -0.506332176459929 -0.471529882116443 -0.436687913965369 -0.401799604989204 -0.36685913768074 -0.331864715611649 -0.29681554762332 -0.261712465158289 -0.226562790063669 -0.191375406179888 -0.15615895491604 -0.12092162201562 -0.0856700129910489 -0.0504098689198547 -0.0151450533710685 0.0201210394634028
-1.0206177499932 -0.987876270656215 -0.955121777814003 -0.922340304227056 -0.889484140841335 -0.856500728584661 -0.823351850126827 -0.78999128808227 -0.756326483102035 -0.722270557710181 -0.687805703886219 -0.652931380973523 -0.617653378268932 -0.582002804883143 -0.546010088565496 -0.509677611806039 -0.473006251700903 -0.436018909029859 -0.398747776505078 -0.361240190884713 -0.323547274938412 -0.285705203181517 -0.247690357112134 -0.209470865650281 -0.171041640420837 -0.132410557806323 -0.0936105705149561 -0.0546825992082926 -0.0156743600355457 0.0233647319821571
-0.995281930044991 -0.960973582358631 -0.92666523469489 -0.892356887076982 -0.858048539529636 -0.823740192078111 -0.789431844748304 -0.755123497563867 -0.720815150538844 -0.68650680368442 -0.652198457009958 -0.617890110524363 -0.583581764222715 -0.549273418044774 -0.514965071928207 -0.480656725857601 -0.446348379824179 -0.412040033798778 -0.377731687751777 -0.343423341672134 -0.309114995553444 -0.274806649394769 -0.240498303217013 -0.206189957030583 -0.171881610782034 -0.137573264422219 -0.103264917983028 -0.0689565715124525 -0.0346482250418433 -0.000339878598393049
-1.00691300246736 -0.971753218353154 -0.936593434236016 -0.901433650113901 -0.866273865884128 -0.831114081405516 -0.795954296483525 -0.760794510951731 -0.725634724809559 -0.690474938066009 -0.655315150602526 -0.62015536226867 -0.584995572943718 -0.549835782625841 -0.514675991311827 -0.479516198874081 -0.444356405180387 -0.409196610204446 -0.374036813921131 -0.338877016204078 -0.303717216901614 -0.268557415901717 -0.233397613250979 -0.198237809050971 -0.163078003464584 -0.127918196702965 -0.0927583891089782 -0.0575985810257451 -0.022438772665696 0.0127210357914114
-1.02028053043808 -0.986809436336121 -0.953303814045 -0.919757676436272 -0.886182888669482 -0.852580126721939 -0.818887457554014 -0.785018724158627 -0.750853482675828 -0.716275599858762 -0.681220471765806 -0.645636376781645 -0.609486034601853 -0.572789930165554 -0.535579806205579 -0.497874671386023 -0.459677882996183 -0.42094292689489 -0.381622732689243 -0.341717876409867 -0.301240845693266 -0.260211441564089 -0.218678718599541 -0.176705098257895 -0.134377215969129 -0.0917906523025483 -0.049052554413082 -0.00625593833541776 0.036574270962344 0.0794301712787498
-0.998937899846259 -0.964690069491933 -0.930442239085561 -0.89619440858712 -0.861946577980017 -0.827698747238738 -0.793450916278637 -0.759203085007438 -0.724955253361461 -0.690707421297115 -0.656459588822572 -0.622211755958943 -0.587963922730108 -0.553716089171027 -0.519468255302541 -0.485220421077934 -0.450972586430859 -0.416724751283989 -0.382476915561299 -0.348229079202942 -0.313981242153119 -0.279733404355357 -0.245485565750503 -0.21123772630167 -0.176989886063732 -0.142742045144846 -0.108494203774538 -0.074246362181935 -0.0399985204731958 -0.00575067872373538
-0.988975480382955 -0.954423682856391 -0.919871885453175 -0.885320088291238 -0.850768291402123 -0.816216494786651 -0.78166469840917 -0.747112902253277 -0.712561106416054 -0.678009311024269 -0.643457516209946 -0.608905722106427 -0.574353928833636 -0.539802136457844 -0.505250345031286 -0.470698554603726 -0.436146765224202 -0.401594976941311 -0.367043189762724 -0.332491403532858 -0.297939618055309 -0.263387833140307 -0.228836048624594 -0.194284264396162 -0.159732480521506 -0.125180697074335 -0.0906289139787296 -0.0560771311230783 -0.0215253484026327 0.0130264342856399
-0.995861988755387 -0.962027442082571 -0.92819289554102 -0.894358349229078 -0.860523803189097 -0.826689257401119 -0.792854711651946 -0.75902016569712 -0.725185619360367 -0.691351072490069 -0.657516524965016 -0.623681976671604 -0.58984742750191 -0.55601287737073 -0.522178326185832 -0.488343773804143 -0.454509220061696 -0.420674664761775 -0.386840107736724 -0.353005548967878 -0.319170988473822 -0.285336426308264 -0.251501862665412 -0.217667297746557 -0.183832731640816 -0.149998164463499 -0.116163596546856 -0.0823290282350382 -0.0484944597028642 -0.0146598910828177
-1.01563048262569 -0.980356630003035 -0.945082777354277 -0.909808924685488 -0.874535072015504 -0.839261219368692 -0.803987366778807 -0.768713514291851 -0.733439661993443 -0.698165809994431 -0.662891958466981 -0.627618107598583 -0.592344257596357 -0.557070408745927 -0.521796561343369 -0.486522715648047 -0.451248871871067 -0.415975030067211 -0.380701190218654 -0.345427352173465 -0.310153515746186 -0.274879680738482 -0.239605846900502 -0.204332014004178 -0.169058181960081 -0.133784350718824 -0.0985105202525698 -0.0632366905013607 -0.0279628612552227 0.00731096773332272
-1.01109980901517 -0.977233335174434 -0.942505408513229 -0.90702227984099 -0.872987821417401 -0.842541139428438 -0.815464654315006 -0.790869588987411 -0.767539061978648 -0.74396117889957 -0.717772098049774 -0.686394990901042 -0.648056092560208 -0.604193892674304 -0.556823409096477 -0.507053517964134 -0.455999132819232 -0.405705458537661 -0.358327834329767 -0.315531845409774 -0.278860638492875 -0.24907091075619 -0.223773561224552 -0.199964404139675 -0.175324712763107 -0.148077657767854 -0.117928540452941 -0.085112284893254 -0.0505001756410955 -0.0151225873681227
-0.984317506738066 -0.951771756972724 -0.919226007270165 -0.886680257657878 -0.854134508098355 -0.821588758525974 -0.789043008827646 -0.756497258911086 -0.723951508814689 -0.691405758606747 -0.658860008344448 -0.62631425808221 -0.593768507867565 -0.561222757720514 -0.52867700764817 -0.496131257633624 -0.463585507654628 -0.431039757691582 -0.398494007732843 -0.365948257795922 -0.333402507905621 -0.300856758082741 -0.268311008332083 -0.235765258671705 -0.203219509188703 -0.170673759982424 -0.138128011132193 -0.105582262678262 -0.0730365145245981 -0.0404907665411006
-1.00642701187522 -0.973083082939559 -0.939739153892767 -0.906395224659812 -0.873051295244774 -0.839707365654946 -0.806363435831356 -0.773019505704005 -0.739675575225061 -0.706331644338022 -0.672987712929549 -0.639643780872094 -0.60629984803082 -0.572955914241729 -0.539611979375029 -0.506268043466896 -0.472924106585226 -0.439580168758814 -0.406236230018538 -0.372892290442686 -0.339548350121399 -0.306204409152803 -0.272860467666956 -0.239516525796751 -0.206172583654494 -0.172828641340979 -0.13948469893154 -0.106140756483616 -0.0727968140085248 -0.0394528715060544
-0.975411967319174 -0.941085442664828 -0.906758918185633 -0.872432394072777 -0.838105870455677 -0.803779347462198 -0.769452825275746 -0.735126304106907 -0.700799784219428 -0.666473265833118 -0.632146748938873 -0.597820233470359 -0.563493719321619 -0.529167206228198 -0.494840693934284 -0.460514182377131 -0.426187671540267 -0.391861161399262 -0.357534651932732 -0.323208143139461 -0.288881635023271 -0.254555127586174 -0.220228620822934 -0.185902114721113 -0.151575609246702 -0.117249104337865 -0.0829225998430097 -0.0485960955997925 -0.0142695914926134 0.0200569125824417
-0.998035428933628 -0.964104032155756 -0.930172635325636 -0.89624123842264 -0.86230984150669 -0.828378444658495 -0.794447047961377 -0.760515651480388 -0.726584255204898 -0.692652859130353 -0.658721463352199 -0.624790067990882 -0.590858673169845 -0.556927279024535 -0.522995885672407 -0.48906449314696 -0.455133101469956 -0.421201710700179 -0.387270320875869 -0.35333893191608 -0.319407543710062 -0.285476156141583 -0.251544769072459 -0.2176133823784 -0.18368199601263 -0.149750609949665 -0.115819224171659 -0.0818878386536833 -0.0479564533348141 -0.0140250681451324
-0.981661002091389 -0.948679490833944 -0.915684510866101 -0.882658285544015 -0.849583586746038 -0.816446193271598 -0.783243363082221 -0.74997196893073 -0.71661586357302 -0.683157863244624 -0.649589658096547 -0.615905156758664 -0.582097477091536 -0.548156573878477 -0.514075078031569 -0.479859488055233 -0.445518125421741 -0.411052735882433 -0.376463988814897 -0.34175482382265 -0.306928748065688 -0.271992293366622 -0.236964090198514 -0.201862878534967 -0.166695737701293 -0.131469853676226 -0.0962044997004688 -0.0609195009016139 -0.0256248026928475 0.00967211944124635
-1.0604891473921 -1.01729206279725 -0.974097495505538 -0.930953660420234 -0.888000963694211 -0.845389701717421 -0.803217540578567 -0.761597024072943 -0.720752837123463 -0.68088588517384 -0.641989814623371 -0.604006457110248 -0.566881571901714 -0.530576628781216 -0.495046358732522 -0.460202827024475 -0.425956669344891 -0.392255468772393 -0.359057365732654 -0.326325782648742 -0.294025462443077 -0.262111536538155 -0.23050069035679 -0.199090519390352 -0.167740705404124 -0.136325417490306 -0.104814687774869 -0.0732081260872861 -0.041527790037289 -0.00980134917967134
-0.977811345162513 -0.943829404573047 -0.909847464033799 -0.87586552360545 -0.841883583344744 -0.807901643308636 -0.773919703558838 -0.739937764147441 -0.705955825083282 -0.671973886366765 -0.63799194800781 -0.604010010018712 -0.57002807240144 -0.536046135116646 -0.502064198128353 -0.468082261455388 -0.434100325137828 -0.40011838924593 -0.36613645384648 -0.332154518962207 -0.298172584604828 -0.26419065078873 -0.230208717538985 -0.196226784851758 -0.162244852596896 -0.128262920636232 -0.0942809889258596 -0.0602990574392562 -0.0263171261251728 0.00766480507382156
-1.00037672346527 -0.965900205414464 -0.93142368738562 -0.896947169366613 -0.862470651317619 -0.827994133197585 -0.793517614988256 -0.759041096690795 -0.724564578361225 -0.690088060057712 -0.655611541792121 -0.621135023564739 -0.586658505361325 -0.55218198710952 -0.517705468764762 -0.483228950451794 -0.44875243232811 -0.414275914512893 -0.379799397106864 -0.345322880175179 -0.310846363774107 -0.276369847932437 -0.241893332569038 -0.207416817582075 -0.172940302896801 -0.138463788447972 -0.103987274181254 -0.069510760049286 -0.03503424602167 -0.000557732072250025
-0.944646457688546 -0.941564377067445 -0.931640673203664 -0.904564367515074 -0.866651213784355 -0.827332759540029 -0.791876994929172 -0.761982011043857 -0.729229860137582 -0.685904947632628 -0.637217130464982 -0.591607628449061 -0.555927935978117 -0.530670645760744 -0.514437461677154 -0.504625433978677 -0.497437673163925 -0.485506184349517 -0.461098723415275 -0.418597154675847 -0.352911869554581 -0.265762136266565 -0.186102730193841 -0.141181319714665 -0.124181638025208 -0.120390878812071 -0.117574012905681 -0.105960337361916 -0.0831586769946499 -0.0486227385572555
-0.988958699443654 -0.956088020551667 -0.923217341761926 -0.890346663169294 -0.857475984874635 -0.824605306975355 -0.79173462954904 -0.758863952655603 -0.725993276304087 -0.693122600475505 -0.660251925089607 -0.627381250050824 -0.594510575260953 -0.561639900611229 -0.52876922599092 -0.495898551291984 -0.463027876397721 -0.430157201154103 -0.397286525421411 -0.36441584915449 -0.33154517233182 -0.298674494956979 -0.265803817133918 -0.232933138977039 -0.200062460542167 -0.167191781869339 -0.134321102994014 -0.101450423951771 -0.0685797447832572 -0.0357090655303849
-1.02017606008368 -0.983745231258673 -0.947314402553088 -0.910883574072751 -0.874452745806147 -0.838021917701857 -0.801591089666163 -0.765160261605422 -0.728729433468577 -0.692298605214633 -0.655867776800263 -0.619436948181553 -0.583006119324535 -0.546575290235018 -0.510144460911134 -0.473713631280517 -0.437282801246786 -0.400851970687982 -0.364421139507487 -0.327990307735606 -0.291559475434375 -0.255128642649851 -0.218697809364173 -0.182266975581553 -0.145836141458409 -0.109405307166457 -0.0729744727864028 -0.0365436383653228 -0.000112803906772741 0.0363180305965711
-1.01004339138269 -0.974727857034394 -0.939412323007726 -0.904096789658568 -0.868781257654795 -0.833465727793557 -0.798150201077108 -0.762834678377836 -0.727519159843562 -0.692203645460973 -0.656888135296794 -0.62157262943776 -0.586257127960457 -0.550941630900875 -0.515626138297926 -0.480310650242794 -0.444995166891869 -0.409679688610094 -0.374364215664355 -0.339048747720761 -0.303733284295224 -0.26841782486473 -0.233102368750541 -0.197786915247632 -0.162471463701543 -0.127156013481268 -0.0918405639990509 -0.0565251147712012 -0.0212096656870346 0.0141057832708811
-0.962214337181843 -0.929824769120153 -0.897435200989675 -0.865045632723841 -0.832656064323637 -0.800266495822198 -0.767876927313703 -0.735487358911292 -0.703097790742909 -0.670708222941468 -0.638318655644949 -0.605929088992602 -0.573539523094637 -0.541149957945119 -0.508760393494625 -0.476370829635934 -0.443981266226739 -0.41159170304218 -0.379202139847344 -0.346812576449643 -0.314423012667076 -0.282033448359367 -0.249643883553155 -0.217254318314359 -0.184864752699103 -0.152475186746792 -0.120085620439762 -0.087696053773846 -0.0553064868559256 -0.0229169198206467
-1.00534202384753 -0.973363289326908 -0.941303793441997 -0.90906657452638 -0.876529484584921 -0.843578393085385 -0.810156425675857 -0.776230609053136 -0.741806317928571 -0.706902236658531 -0.671551940164933 -0.63579272601108 -0.599656815080251 -0.563156121535625 -0.526303556584295 -0.489136326329107 -0.451703904562834 -0.41408054094222 -0.376333565590029 -0.338477854629163 -0.300515170682552 -0.262448306775119 -0.224284177539734 -0.18603411877144 -0.147723029306007 -0.109379552189974 -0.0710337442722444 -0.0327111312413644 0.00558229965790116 0.0438454457917329
0.919913130164811 0.983233026897341 0.811091328127133 0.825689729164418 0.898291832238253 0.838237871532867 0.758112702134356 0.788158006611668 0.825998156563292 0.753520147862526 0.622278784452381 0.526245822293297 0.528216033381552 0.566276253856797 0.563543910409485 0.507966727789914 0.416222019600661 0.355075156793579 0.377788008098335 0.433520376006571 0.445406546450421 0.36169070254069 0.23105661610285 0.120943970316821 0.0733765050656277 0.098392738295809 0.103506243504835 0.0106880170601087 -0.0977363087421718 -0.0993524426236092
-0.985083492850451 -0.950014180502119 -0.914944868115118 -0.879875555646545 -0.844806243004534 -0.809736930116395 -0.774667617035107 -0.739598303858987 -0.704528990742019 -0.669459677821865 -0.634390365115217 -0.599321052608527 -0.564251740290775 -0.529182428161057 -0.494113116225924 -0.45904380451164 -0.423974493000249 -0.38890518147719 -0.353835869691024 -0.318766557439392 -0.283697244532206 -0.24862793081805 -0.213558616300186 -0.178489301046954 -0.143419985232306 -0.108350669030922 -0.0732813525147683 -0.0382120357340654 -0.00314271875475414 0.0319265983532944
-1.01039007357234 -0.974745990280983 -0.939094921025027 -0.903427014228402 -0.867729810065837 -0.831992322756427 -0.796212070945936 -0.760385099719152 -0.724493055490274 -0.68851522773204 -0.652435876821932 -0.616240505863616 -0.579917638885389 -0.543467883614065 -0.506896721211378 -0.470217042880221 -0.433443434151908 -0.396589847830289 -0.359668638788317 -0.322686402902801 -0.285648296301519 -0.248559280332597 -0.211423537225561 -0.174246801527476 -0.137041796174154 -0.0998204393690311 -0.0625844419972821 -0.0253342348595652 0.0119246642632678 0.0491854658453171
-1.01625977800367 -0.91237337272137 -0.844441528523933 -0.823325286819881 -0.830310621869439 -0.840902477777822 -0.837056745178505 -0.807425052290561 -0.760991031147182 -0.710681319306859 -0.664862572615162 -0.630761451489433 -0.612049960944734 -0.598181484387023 -0.578353626767964 -0.554959500831172 -0.53051839614052 -0.494858801748989 -0.438128227169384 -0.364441064264695 -0.281403425485461 -0.198835509231128 -0.135413857696776 -0.104814425212491 -0.0918544708527643 -0.0768674250249613 -0.0511100987235443 -0.0109023016679414 0.0381075421096559 0.0879388549988649
-0.998672570640498 -0.963987944133773 -0.929303317718868 -0.894618691469171 -0.859934065448596 -0.825249439734626 -0.790564814468517 -0.755880189768644 -0.721195565598087 -0.686510941893721 -0.651826318642895 -0.617141695845575 -0.58245707351175 -0.54777245169149 -0.51308783045379 -0.47840320990327 -0.443718590137843 -0.409033971192967 -0.374349353066526 -0.33966473566858 -0.304980118887226 -0.270295502593343 -0.235610886588918 -0.200926270683882 -0.166241654788826 -0.131557038854804 -0.096872422894062 -0.0621878069292489 -0.0275031909634304 0.00718142500522284
-0.94146992017755 -0.909217208503402 -0.876964496751899 -0.84471178479123 -0.812459072474455 -0.780206359678978 -0.747953646394711 -0.715700932629297 -0.683448218348789 -0.651195503513711 -0.618942788104044 -0.586690072104633 -0.554437355503212 -0.522184638299069 -0.489931920502912 -0.45767920215958 -0.425426483337793 -0.393173764167664 -0.360921044776873 -0.328668325221984 -0.296415605541779 -0.264162885764499 -0.231910165876223 -0.199657445859891 -0.167404725728061 -0.135152005491513 -0.102899285124293 -0.0706465646029555 -0.0383938439508334 -0.00614112320295433
-1.01503055067095 -0.982040514630731 -0.948959111188286 -0.915709201630804 -0.882261983776197 -0.848620645930246 -0.8148680018195 -0.781120741434956 -0.74755143440463 -0.714289288002846 -0.681234180452137 -0.648228657712092 -0.61509647471155 -0.581586222256354 -0.547454455970654 -0.512564754874811 -0.476797853565015 -0.439996085544563 -0.402032565154917 -0.362941931183078 -0.322799203527437 -0.281690032837791 -0.239742592769578 -0.197093691301088 -0.153872150696383 -0.11018914778572 -0.0660932633783485 -0.0216319226604832 0.0230894756528031 0.0679510394642227
-0.971742483198052 -0.938028424048929 -0.904314364935939 -0.870600305907825 -0.836886247077194 -0.803172188584624 -0.76945813061874 -0.735744073344941 -0.702030016787704 -0.668315960924811 -0.634601905688195 -0.600887850998332 -0.567173796761062 -0.533459742823692 -0.499745689028898 -0.466031635259353 -0.432317581439039 -0.398603527617166 -0.364889473875177 -0.331175420298221 -0.297461366972371 -0.263747313981586 -0.230033261401367 -0.19631920928506 -0.162605157605869 -0.128891106298619 -0.095177055224773 -0.0614630042470656 -0.0277489533066961 0.00596509763552111
-1.02061955000431 -0.984056509605159 -0.947493469291279 -0.910930429135979 -0.874367389130624 -0.837804349249422 -0.801241309479911 -0.764678269802406 -0.728115230155011 -0.691552190472287 -0.65498915071685 -0.618426110858328 -0.581863070900481 -0.545300030983603 -0.508736991300492 -0.472173952117431 -0.435610913706545 -0.399047876289846 -0.362484840039284 -0.325921804976682 -0.289358771086328 -0.252795738345155 -0.216232706700658 -0.17966967609226 -0.143106646456549 -0.106543617698745 -0.0699805896014511 -0.0334175619300143 0.00314546549662896 0.0397084928461453
0.991338455517289 0.959939975910506 0.928496761220492 0.896946024091011 0.865225557723117 0.833284681766539 0.801118241108413 0.768734904528059 0.736153111136129 0.703387332032119 0.670426395939573 0.637252720988046 0.603848355173759 0.570193865959593 0.536273606176232 0.502088550658925 0.467648963420233 0.432985643177411 0.398128614315263 0.363084269184105 0.327853092125631 0.292436823738701 0.256842229650846 0.221085196051234 0.185213066346926 0.149277438522994 0.113315471658674 0.0773550359253385 0.0414012847687378 0.00545369245321837
0.961852699510878 0.93029966562055 0.8987466317585 0.867193598004749 0.835640564488953 0.804087531329468 0.772534498549813 0.740981466145845 0.709428434097599 0.677875402378528 0.646322370951586 0.614769339777096 0.583216308784138 0.551663277776785 0.52011024654701 0.488557214963367 0.457004182918398 0.425451150323984 0.393898117108792 0.362345083249272 0.330792048733823 0.299239013557249 0.267685977739988 0.236132941313822 0.20457990433029 0.173026866857183 0.141473829007544 0.109920790899358 0.0783677526251358 0.0468147142710181
1.0047333015914 0.970972148394599 0.93721099516072 0.903449841880592 0.869688688644709 0.835927535595235 0.80216638298134 0.768405231062995 0.734644080036351 0.700882930048999 0.667121781118102 0.633360633228215 0.599599486355964 0.565838340446266 0.532077195424355 0.498316051168474 0.464554907556745 0.430793764513814 0.397032621977395 0.363271479890959 0.329510338199416 0.295749196848178 0.26198805578467 0.228226914957354 0.194465774316828 0.160704633803209 0.126943493312545 0.0931823527545432 0.0594212121375985 0.0256600714947782
0.983490154048466 0.950438010374918 0.917385866679158 0.88433372293043 0.851281579118239 0.818229435231983 0.785177291240379 0.752125147108501 0.719073002807522 0.686020858327202 0.652968713725535 0.619916569077578 0.586864424457188 0.553812279933436 0.52076013555589 0.487707991300893 0.45465584712924 0.421603703012754 0.388551558947182 0.355499415012937 0.322447271311597 0.289395127932665 0.256342984917337 0.223290842292346 0.190238700074869 0.15718655826166 0.124134416777335 0.0910822755312243 0.0580301344436483 0.0249779934376762
-1.06083638717083 -1.02399431878366 -0.987152250469812 -0.950310182276234 -0.913468114161444 -0.876626046055966 -0.839783977866768 -0.802941909517388 -0.766099841021223 -0.729257772412614 -0.692415703719829 -0.655573634969616 -0.618731566176852 -0.58188949730893 -0.545047428338026 -0.508205359302935 -0.471363290248566 -0.43452122117765 -0.397679152083083 -0.360837082960587 -0.323995013806591 -0.287152944642553 -0.250310875590048 -0.213468806773407 -0.17662673822786 -0.13978466995354 -0.102942601899312 -0.0661005340015468 -0.0292584661979188 0.00758360157357307
-1.00227429286223 -0.967867167051941 -0.933460041301322 -0.89905291563809 -0.864645789989076 -0.830238664251917 -0.795831538308366 -0.76142441205339 -0.727017285450704 -0.692610158488446 -0.658203031183721 -0.62379590356087 -0.589388775643815 -0.554981647454778 -0.520574519004077 -0.48616739025609 -0.451760261149714 -0.417353131567858 -0.382946001392032 -0.348538870554134 -0.314131738998657 -0.27972460667982 -0.245317473590737 -0.210910339735033 -0.176503205119485 -0.142096069791909 -0.107688933961115 -0.0732817978531883 -0.0388746616023082 -0.00446752531967941
-1.01301491406222 -0.956900241805674 -0.901310526207539 -0.848523715244233 -0.80049260107922 -0.75851972638179 -0.721631791657486 -0.68862657677864 -0.659662021248482 -0.634978518198459 -0.613786115642004 -0.595037275313043 -0.577316752025982 -0.557738472917145 -0.533484346335957 -0.503479033162336 -0.467228144639806 -0.424818340935834 -0.376937544073247 -0.326097674572357 -0.275266652577851 -0.227336563000361 -0.184896149814307 -0.14993629483467 -0.122359772174894 -0.101085203447505 -0.0831827079629186 -0.0658670365687185 -0.0487799685632782 -0.0321700403576691
0.957460317402695 0.926209420579101 0.894958523819883 0.86370762716582 0.832456730622981 0.801205834180696 0.76995493779604 0.738704041417029 0.707453144987711 0.67620224846219 0.644951351838757 0.613700455126755 0.582449558338768 0.551198661500351 0.519947764661954 0.488696867960636 0.457445971540606 0.426195075488071 0.394944179867138 0.363693284711509 0.332442390047285 0.301191495910358 0.269940602375781 0.238689709490075 0.207438817146488 0.176187925216836 0.144937033640493 0.113686142365275 0.082435251305202 0.0511843603658458
