-0.987500408204659 -0.959115758038643 -0.930651883852669 -0.902045000588929 -0.873214396043338 -0.84407289378165 -0.814524387595274 -0.784470425030624 -0.753812098428496 -0.722457114156244 -0.690340089893084 -0.657402371146196 -0.623568066076975 -0.588692333463668 -0.55265056609699 -0.515468042200684 -0.477234938202022 -0.438151137909366 -0.398428603204687 -0.358217900883279 -0.317654248968766 -0.276851697393263 -0.235839623722832 -0.194627376767367 -0.153228862678133 -0.111676080808324 -0.0700688459774945 -0.028500331122797 0.0130306738145871 0.0545489746424688
-1.0171580409124 -0.987499893699546 -0.957807649325778 -0.927991469650367 -0.897877304168522 -0.867306585658345 -0.836266892393553 -0.804774186405471 -0.77281181926021 -0.740329696657431 -0.707176551296213 -0.673175822625489 -0.638178100458981 -0.602142576069569 -0.565045096491771 -0.5268195303475 -0.487415811615821 -0.446890114117017 -0.405351209209122 -0.363012018559958 -0.320111501414797 -0.276878794982585 -0.233503748326976 -0.190152268711632 -0.146933784345534 -0.10392839202891 -0.0611553419816386 -0.018605801361104 0.0237805483449615 0.0660768970662372
-0.947106989633055 -0.914830539258109 -0.882554088908186 -0.850277638638809 -0.818001188519939 -0.785724738588276 -0.753448288733038 -0.721171838824699 -0.688895388806243 -0.656618938669939 -0.624342488532675 -0.592066038542498 -0.559789588829472 -0.527513139451739 -0.495236690459581 -0.462960241943756 -0.430683794022347 -0.398407346882262 -0.36613090069272 -0.33385445548337 -0.30157801124897 -0.269301567959651 -0.237025125487037 -0.204748683679746 -0.172472242392858 -0.140195801488604 -0.107919360851345 -0.0756429203776662 -0.0433664799909181 -0.0110900396211422
-1.02562736270208 -0.990153766769306 -0.95468017089184 -0.919206575117947 -0.883732979452657 -0.848259383904461 -0.812785788538928 -0.777312193416982 -0.741838598523865 -0.706365003832455 -0.67089140934185 -0.6354178150577 -0.599944220994861 -0.564470627205002 -0.528997033714848 -0.49352344041452 -0.458049847167386 -0.422576253866419 -0.387102660410963 -0.35162906669626 -0.316155472616528 -0.280681878073387 -0.245208282998087 -0.209734687354174 -0.174261091204759 -0.138787494617604 -0.1033138975795 -0.0678403000871118 -0.0323667022575645 0.00310689576190298
-1.03001761380921 -0.996959227835448 -0.963832860097249 -0.93058246858197 -0.897174510180501 -0.863580011164232 -0.829765776423036 -0.795702895965635 -0.761383821657684 -0.726810477967405 -0.692001317916382 -0.656978926664535 -0.621761194080932 -0.586347228871213 -0.550729348315103 -0.514891485152086 -0.478809892084879 -0.442438486209387 -0.405735970825334 -0.368702529654545 -0.331348716524368 -0.29369143025597 -0.255772949645786 -0.217635659846198 -0.179296991458106 -0.140771383225442 -0.10208626101574 -0.0632750293813875 -0.0243820204905699 0.0145457015845765
-1.03498889480473 -1.07501663619787 -0.993487181025743 -0.87556804736969 -0.802510751670985 -0.822529738177137 -0.855607164000652 -0.820521834437071 -0.759471434649087 -0.726998702874555 -0.703607709784854 -0.65129285915974 -0.554855554056223 -0.490325194640327 -0.520170969002605 -0.56139321982271 -0.525367448318186 -0.446438635269026 -0.38044206332817 -0.346204743077893 -0.353301617082801 -0.392006580555022 -0.375389339296757 -0.240911330382414 -0.100805105385161 -0.0673593130449743 -0.0783158762703296 -0.0543310095309163 -0.0222648193727866 -0.0355283853610838
-1.00387333408318 -0.970114895559581 -0.936356456991935 -0.902598018304157 -0.868839579425553 -0.835081140288388 -0.801322700831377 -0.767564261027158 -0.733805820977628 -0.700047380829446 -0.666288940779073 -0.632530501035422 -0.598772061782052 -0.565013623101112 -0.531255185040689 -0.497496747614028 -0.463738310828243 -0.429979874700771 -0.396221439238787 -0.362463004398113 -0.328704570121728 -0.294946136344316 -0.261187702967354 -0.227429269887542 -0.193670837015665 -0.159912404278356 -0.126153971651549 -0.0923955391215373 -0.0586371066667337 -0.024878674263582
-1.02283727418045 -0.986145825045062 -0.949454375730699 -0.912762926049846 -0.876071475863317 -0.839380025047728 -0.802688573494568 -0.765997121111159 -0.729305667853285 -0.692614213708646 -0.655922758744157 -0.619231303046535 -0.582539846696063 -0.54584838974728 -0.509156932254617 -0.472465474297803 -0.435774015960401 -0.399082557315977 -0.36239109843074 -0.325699639351453 -0.289008180120017 -0.252316720768163 -0.215625261286939 -0.178933801693366 -0.142242342149016 -0.105550882823486 -0.0688594237738957 -0.032167965004985 0.00452349357555444 0.0412149520842932
-0.947107838049156 -0.916626351209905 -0.886215743464943 -0.855940425934718 -0.825807356925236 -0.795792935350283 -0.765808775369212 -0.735762997124719 -0.705614529447301 -0.675324867199237 -0.644814960682148 -0.613995624057489 -0.58278295055236 -0.551114149656444 -0.518922495921997 -0.486104407888979 -0.452567115456854 -0.418297949975383 -0.383303835472237 -0.347589965236415 -0.311161099872247 -0.274026832419549 -0.236216085660067 -0.197757243766175 -0.158657206730829 -0.118951536937642 -0.0788119305123003 -0.038425065463768 0.00209858640793935 0.0426676048550438
0.989850559494087 0.958428285376329 0.927001499867495 0.895543619541197 0.863989930267962 0.832260663429422 0.80025396315473 0.767877068407193 0.735095684739206 0.701893115311223 0.668264587126842 0.634208308150446 0.599730703776411 0.564871069119087 0.529675711248448 0.49418611533698 0.458445161111662 0.42250612841492 0.386428813652683 0.350288679369447 0.314165104644349 0.278127656801147 0.242206656142098 0.206416305855296 0.170745587693705 0.135174899870723 0.0996755278766107 0.0642200985563655 0.028795716897048 -0.00660689257876455
-1.00090894490535 -0.96774190950121 -0.934574874179825 -0.901407838997349 -0.868240803948654 -0.83507376902437 -0.80190673425942 -0.768739699688385 -0.735572665300179 -0.702405631050937 -0.669238596811347 -0.636071562430733 -0.602904527769932 -0.569737492735816 -0.536570457272454 -0.503403421426663 -0.470236385250526 -0.437069348714451 -0.403902311778777 -0.37073527444525 -0.337568236725965 -0.304401198620922 -0.271234160081737 -0.238067121049138 -0.204900081468691 -0.171733041328674 -0.138566000783385 -0.105398960009509 -0.0722319191072702 -0.0390648781577771
-0.953127859355404 -0.922279062690206 -0.891430265942357 -0.86058146901415 -0.829732671857431 -0.798883874468488 -0.768035076971831 -0.73718627953013 -0.706337482330469 -0.675488685528224 -0.644639889127531 -0.613791093094719 -0.582942297396041 -0.552093501997447 -0.521244706874752 -0.490395912043505 -0.459547117532041 -0.428698323380096 -0.397849529617369 -0.367000736222011 -0.336151943159287 -0.305303150380401 -0.274454357780318 -0.24360556525727 -0.212756772778775 -0.181907980332782 -0.151059187919647 -0.120210395543108 -0.0893616032079931 -0.0585128109194089
-1.01981874195902 -0.982925588006968 -0.946041057398782 -0.909176468813134 -0.872349928521116 -0.835580166416153 -0.798881619288596 -0.762266507422645 -0.725742478180985 -0.689315326098609 -0.65298800732127 -0.616762768397413 -0.580641474494553 -0.544624465256502 -0.50871000974898 -0.472889620249053 -0.437154122026553 -0.401498349111024 -0.365919277347228 -0.330418441081111 -0.294998514283908 -0.259660163177942 -0.224396022989857 -0.189194199110157 -0.154032708580434 -0.118888478631633 -0.0837441656010108 -0.048587042724269 -0.0134171217245834 0.0217624010530022
-1.06209001480339 -1.02230579951055 -0.982548217176468 -0.942813508076561 -0.903098086427018 -0.863394327297048 -0.823678275227111 -0.783940936878155 -0.744249497921826 -0.704676555282311 -0.665240171883283 -0.625944777148287 -0.586803366551442 -0.54786319976918 -0.509199374231098 -0.470964074177149 -0.433315551660453 -0.396359243176433 -0.360164390661436 -0.324708273373182 -0.289945179899736 -0.255831029741394 -0.222328266047365 -0.189391166283067 -0.156934821529812 -0.124871734638384 -0.0931432419215437 -0.0616887759128615 -0.030411320567164 0.000795252305407629
1.0068361496091 0.956285092720516 0.908764258085389 0.864699554205007 0.822959628207685 0.783232811737695 0.750043435876123 0.726841161939462 0.707940972749022 0.686525699838957 0.660384248089981 0.628457040719447 0.590741141447617 0.551460176006382 0.51565846837682 0.487436573525113 0.46838848348876 0.451025707605412 0.426809199221074 0.392080170414997 0.344399897949744 0.28357851885357 0.218421611217492 0.160250691083028 0.121455585230931 0.109631504626319 0.112126886232542 0.114343446067687 0.11414279037056 0.11250149793515
-1.03422889590822 -0.997103544224817 -0.959978192605219 -0.922852841099709 -0.885727489793845 -0.848602138754171 -0.811476787935892 -0.774351437256388 -0.737226086593081 -0.700100735832182 -0.662975384935012 -0.625850033881667 -0.588724682674251 -0.551599331402884 -0.514473980135277 -0.477348628761485 -0.440223277136153 -0.403097925149924 -0.365972572695587 -0.328847219638504 -0.291721865837185 -0.25459651119941 -0.217471155830046 -0.18034579990143 -0.143220443658671 -0.106095087306624 -0.0689697308163311 -0.0318443741272884 0.0052809827133875 0.042406339631675
-0.993004558307502 -0.958100545494408 -0.923196532709912 -0.888292520000686 -0.853388507556366 -0.818484495580516 -0.783580484189463 -0.748676473458422 -0.713772463385377 -0.678868453979876 -0.643964445374935 -0.609060437734434 -0.57415643120337 -0.539252425851184 -0.504348421706938 -0.469444418713718 -0.434540416815957 -0.399636416049456 -0.364732416448023 -0.329828417946121 -0.294924420453377 -0.260020423835107 -0.22511642777939 -0.190212431988133 -0.155308436395797 -0.12040444099094 -0.0855004457459494 -0.0505964506271526 -0.015692455592802 0.0192115394008681
-1.0647925485376 -1.02476740040312 -0.984662500215697 -0.944374651919718 -0.903784730848374 -0.862793761130625 -0.821399290689722 -0.77962676401283 -0.737516688048482 -0.695154335687549 -0.652788981128899 -0.610710898898394 -0.569217978393729 -0.528638568499919 -0.489250163624038 -0.451096380774085 -0.414173683896311 -0.378523802089061 -0.344168884686563 -0.311007496814485 -0.278907307546356 -0.247721527960629 -0.217245537155463 -0.187282035428828 -0.157720839858227 -0.12846809546976 -0.0994081423043842 -0.0704378992200148 -0.0415264053275499 -0.0126607298011334
-1.03738953649173 -0.999258234722395 -0.961147324941334 -0.923088503550383 -0.885112219822519 -0.847244830066963 -0.809497565866783 -0.771878136757181 -0.734395288808065 -0.697061942238099 -0.659906677326257 -0.622961989366588 -0.586254642923224 -0.549788479640622 -0.513557588925385 -0.477539974152372 -0.441715921871783 -0.406090937366907 -0.370670522754978 -0.335434948755937 -0.300358178240397 -0.265414214223574 -0.230577220299092 -0.19582163106238 -0.161122804537688 -0.12645334750665 -0.0917739383516043 -0.0570520154260758 -0.0222939853676349 0.0124840031151371
-1.03806518618426 -0.890912337729729 -0.965791722621443 -0.998152206618337 -0.95476442759958 -0.864141968865557 -0.770448423281307 -0.713632727191527 -0.701135181294918 -0.725335793824167 -0.750882038793929 -0.735488256664347 -0.655695671658462 -0.563353043050903 -0.512841445217163 -0.493363677884587 -0.478575419963204 -0.445122141741891 -0.379819543319137 -0.307174452653019 -0.261116479666507 -0.259813987844148 -0.258390354916781 -0.21757195413537 -0.183542126585076 -0.199604518518287 -0.212087029022104 -0.156725447974125 -0.0238628755792265 0.182505760375895
-1.07627234707154 -1.03881434500752 -1.00135634300916 -0.963898341137175 -0.926440339360558 -0.88898233762825 -0.851524335900743 -0.81406633415913 -0.776608332455337 -0.739150330850996 -0.701692329375702 -0.664234328051046 -0.626776326883753 -0.589318325821102 -0.551860324823403 -0.514402323962534 -0.476944323341915 -0.439486323079557 -0.402028323294602 -0.364570324096103 -0.327112325590591 -0.289654327866264 -0.252196330937971 -0.21473833478897 -0.177280339349484 -0.139822344527818 -0.102364350197658 -0.0649063562239343 -0.0274483624711588 0.010009631196258
-1.0392035034845 -1.00017431848525 -0.961178577386217 -0.922259669141145 -0.883485392266602 -0.844930543681292 -0.806673504349612 -0.768796476842682 -0.731393366112818 -0.694546493999566 -0.658280147510197 -0.622604104943912 -0.587530188189924 -0.553078393497478 -0.51926475033312 -0.486081246672546 -0.453500096771635 -0.421438461497829 -0.389814650550171 -0.358606622342555 -0.327807247467583 -0.29740529594035 -0.267373135465916 -0.237668031760494 -0.208203244894964 -0.178876453991104 -0.149567020019642 -0.120175165304752 -0.0907028757354405 -0.0611775780919238
-0.99263798166329 -0.958204021236174 -0.923770060771726 -0.889336100182703 -0.854902139339229 -0.820468178113422 -0.786034216428025 -0.751600254225917 -0.717166291479912 -0.682732328197237 -0.648298364492847 -0.613864400508631 -0.579430436379613 -0.544996472213369 -0.51056250809258 -0.476128544027799 -0.441694580002515 -0.407260615964109 -0.372826651847717 -0.338392687575613 -0.303958723066855 -0.269524758230474 -0.23509079293538 -0.200656827072737 -0.166222860662843 -0.131788893768495 -0.0973549264933444 -0.0629209589501285 -0.0284869912470694 0.00594697650873918
-1.03988076049106 -1.00520567348586 -0.970530586401743 -0.935855499210662 -0.901180411955172 -0.866505324686746 -0.831830237421931 -0.797155150170263 -0.762480062948169 -0.727804975762042 -0.69312988857125 -0.658454801323404 -0.623779713928513 -0.589104626146176 -0.554429537713471 -0.519754448427801 -0.485079358143714 -0.450404266884024 -0.415729174735697 -0.381054081874054 -0.346378988496504 -0.311703894787089 -0.27702880087638 -0.24235370686694 -0.207678612802771 -0.173003518726094 -0.138328424730567 -0.103653330896123 -0.0689782371963622 -0.0343031435783005
-0.977989228483247 -0.947488558034588 -0.916935169101253 -0.886295902404075 -0.855555668267381 -0.824703347810359 -0.793725635728126 -0.762607527860867 -0.731329411053092 -0.69986795425513 -0.668189563836237 -0.636258080520404 -0.604039398485598 -0.571507625725695 -0.538645105727041 -0.505458910129947 -0.471959805351805 -0.438148608764343 -0.404033435061605 -0.369661537272562 -0.335089953009914 -0.300373646767249 -0.2655592905617 -0.230685151522622 -0.1957641697047 -0.160799251616547 -0.125778496657141 -0.0906936760685861 -0.0555660555751118 -0.0204242745214799
-1.02038773210959 -0.985823629733352 -0.951259527344936 -0.91669542492518 -0.882131322340304 -0.847567219424455 -0.813003115998105 -0.778439011900905 -0.743874907062908 -0.709310801453988 -0.674746695112912 -0.640182588095667 -0.605618480467395 -0.57105437232985 -0.536490263799432 -0.501926155014521 -0.467362046099993 -0.432797937104734 -0.39823382807335 -0.36366971910932 -0.329105610330841 -0.294541501841798 -0.259977393688827 -0.225413285885659 -0.190849178371641 -0.156285071077908 -0.121720963977135 -0.0871568570440315 -0.0525927502199096 -0.0180286434377303
-1.0452263260377 -1.00893041952819 -0.972634513009192 -0.936338606463916 -0.900042699831273 -0.863746793032336 -0.827450885961166 -0.791154978534552 -0.754859070787224 -0.718563162780245 -0.682267254562086 -0.645971346178071 -0.60967543765519 -0.573379528947095 -0.53708361998893 -0.500787710715119 -0.464491801082769 -0.428195891140414 -0.39189998095379 -0.355604070566016 -0.319308160014555 -0.283012249323905 -0.246716338466708 -0.210420427412716 -0.174124516171959 -0.137828604765125 -0.101532693215232 -0.065236781552098 -0.0289408698304088 0.00735504188893296
-1.03856734529346 -1.0030661651929 -0.967564984799988 -0.93206380384595 -0.896562622172445 -0.861061439686326 -0.825560256444816 -0.790059072513101 -0.754557887837856 -0.719056702344506 -0.683555515992 -0.648054328747666 -0.612553140567614 -0.577051951363074 -0.541550761030232 -0.506049569449985 -0.470548376524339 -0.435047182255017 -0.399545986700519 -0.364044790046738 -0.328543592511409 -0.293042394290888 -0.257541195495987 -0.222039996232435 -0.18653879667116 -0.151037596982296 -0.1155363972676 -0.0800351975975205 -0.0445339979856491 -0.00903279843136214
-1.02969471272507 -0.993998387281565 -0.958302061739288 -0.922605735984006 -0.886909409984795 -0.851213083760117 -0.815516757442664 -0.779820431201322 -0.744124105235518 -0.708427779727544 -0.672731454760607 -0.637035130393139 -0.601338806665491 -0.56564248354568 -0.529946160985838 -0.494249838946873 -0.458553517392669 -0.422857196290223 -0.387160875594216 -0.351464555206946 -0.315768235017617 -0.280071914921926 -0.244375594841539 -0.208679274702744 -0.172982954424361 -0.137286633943997 -0.101590313281904 -0.065893992481105 -0.0301976715930613 0.00549864932865557
-0.95881476813449 -0.927545091662053 -0.896275415280939 -0.865005739161671 -0.833736063653134 -0.802466389128795 -0.771196715882099 -0.739927044180944 -0.708657374271067 -0.677387706341657 -0.64611804037788 -0.614848376313896 -0.583578714060129 -0.552309053432064 -0.521039394225369 -0.489769736251396 -0.458500079310971 -0.427230423147167 -0.395960767496714 -0.364691112128753 -0.333421456820526 -0.302151801368443 -0.270882145645594 -0.239612489562175 -0.20834283310013 -0.177073176287639 -0.145803519266067 -0.114533862179551 -0.0832642050701376 -0.0519945479543501
0.919696845781953 0.902915437896624 0.885933836754101 0.868374700705063 0.849725276338996 0.829461281879634 0.807147733848897 0.782394994267866 0.754905508856093 0.724515998502709 0.691508201076712 0.656275108692065 0.619225815638771 0.580833824910996 0.541531574688208 0.501522835186918 0.461002539398769 0.420358939378863 0.380008280241911 0.340285460277606 0.301505041069383 0.263933707557066 0.227646638106022 0.192587263030635 0.158363527015809 0.124676007720552 0.0919313003297941 0.0605165590315726 0.0300351565004284 -0.000105479967471286
-0.974442476019682 -0.941295315409675 -0.908149044931535 -0.875006992077174 -0.841867881708823 -0.808726142366447 -0.775563619930607 -0.742359251768543 -0.709092923853603 -0.67574559043996 -0.642301530298966 -0.608745853331269 -0.575064852443528 -0.541249552566452 -0.507295500207029 -0.473211596153322 -0.439009500985306 -0.404698560169537 -0.370290048503154 -0.335805273219068 -0.301268049659132 -0.266701031485462 -0.232122225641233 -0.197546303661713 -0.162979242169469 -0.128424739380187 -0.0938860747946988 -0.0593649439863785 -0.0248571255336135 0.00964308123395522
-0.947585423278319 -0.917045814020577 -0.886506204858688 -0.85596659592853 -0.825426987487995 -0.794887379789647 -0.764347772942742 -0.733808167018959 -0.703268562082975 -0.672728958195959 -0.642189355412072 -0.611649753783718 -0.581110153357116 -0.550570554153731 -0.520030956163635 -0.489491359276078 -0.458951763338245 -0.428412168129881 -0.397872573453354 -0.367332979268969 -0.336793385576512 -0.306253792380209 -0.27571419970202 -0.245174607564296 -0.2146350159732 -0.184095424901135 -0.153555834201633 -0.123016243712939 -0.0924766533310118 -0.0619370629662432
-0.964533918562234 -0.932255204856232 -0.89997649104619 -0.867697777026162 -0.835419062769712 -0.803140348299694 -0.770861633756607 -0.738582919308577 -0.706304205116592 -0.674025491321284 -0.641746777989007 -0.609468065167544 -0.5771893528912 -0.544910641140356 -0.512631929867761 -0.480353218969544 -0.448074508312426 -0.415795797702093 -0.383517086950285 -0.351238375953979 -0.318959664631463 -0.286680952922379 -0.254402240851787 -0.222123528463926 -0.189844815794341 -0.157566102869652 -0.125287389689481 -0.0930086762594248 -0.0607299626359758 -0.0284512488883511
1.05923496841936 1.02031806432932 0.982482572131691 0.94477576395893 0.907280881046756 0.869941045279362 0.831102932031581 0.78982183821804 0.749583993421915 0.713723937300766 0.680538517141165 0.647065157136933 0.610138767242899 0.565784200457914 0.51157628150343 0.452099778947292 0.39439832098364 0.348341030465415 0.321485987535805 0.309321606840219 0.304318886649616 0.299320817561433 0.288658359478999 0.268382740267603 0.239938290334456 0.205368205002569 0.16371803671623 0.113985391019087 0.0579737287309641 -0.001812025509273
-0.805432063385132 -0.838543485805621 -0.865497918544539 -0.878505422183876 -0.875542973658714 -0.857257189055138 -0.829206324710135 -0.797271028163079 -0.763709871511998 -0.729264631417523 -0.692231978232036 -0.650297305730858 -0.602403122359217 -0.552520395241973 -0.504969844795511 -0.460442745922673 -0.41844655672172 -0.377382913586116 -0.335913872978614 -0.294848993343899 -0.255534708622142 -0.219302122049913 -0.187421014049379 -0.160652332468254 -0.137783017670841 -0.117605340605735 -0.100906902042115 -0.088671086301412 -0.0806690820934812 -0.0763690292252845
-1.03354077797482 -0.997963017250583 -0.96238525656695 -0.926807496045544 -0.89122973594744 -0.855651976555528 -0.820074218100506 -0.784496460789434 -0.748918704786998 -0.713340950177156 -0.677763196763325 -0.642185444278786 -0.606607692447726 -0.571029940957958 -0.535452189525281 -0.499874438013833 -0.464296686349734 -0.428718934558701 -0.393141182678157 -0.357563430692739 -0.321985678573887 -0.286407926301964 -0.25083017389302 -0.215252421351003 -0.179674668595766 -0.144096915550956 -0.10851916223949 -0.0729414087159459 -0.0373636550622889 -0.00178590136733009
-0.97728660981829 -0.943938198082845 -0.910589786249205 -0.87724137419897 -0.843892961847938 -0.810544549134424 -0.777196136052609 -0.743847722620995 -0.71049930889951 -0.677150894949728 -0.643802480798388 -0.610454066463518 -0.577105651963386 -0.543757237317208 -0.510408822544301 -0.47706040766343 -0.443711992695775 -0.410363577672751 -0.377015162613401 -0.343666747477076 -0.3103183322082 -0.276969916760465 -0.243621501124619 -0.210273085307567 -0.176924669343777 -0.14357625329712 -0.110227837321527 -0.0768794215497545 -0.043531005939807 -0.0101825904059998
-1.03700477680397 -1.13984117407855 -0.980353864613571 -0.889510164035774 -0.881191338497033 -0.89241820339093 -0.86985582055275 -0.784365681811806 -0.693950752531815 -0.658615229023822 -0.659226757853787 -0.656868848151396 -0.624615166182202 -0.583500006755205 -0.553705676341619 -0.504045899518045 -0.412574338396348 -0.345672987124049 -0.363776236918389 -0.415199735239811 -0.420229443609559 -0.330684450125003 -0.224516349188 -0.180311740424517 -0.153064738052465 -0.0903340776610317 -0.0335294657325808 -0.0259625160391573 -0.0247015006183534 0.0347461439258521
-1.00321183551401 -0.970128388181036 -0.937044940831892 -0.903961493421158 -0.870878045880942 -0.837794598133303 -0.804711150082571 -0.771627701620356 -0.73854425260512 -0.70546080293404 -0.672377352692294 -0.639293902012063 -0.606210451008961 -0.573126999732346 -0.540043548194942 -0.506960096329202 -0.473876644079294 -0.440793191516515 -0.407709738749664 -0.374626285910415 -0.341542833136159 -0.308459380547365 -0.275375928196802 -0.242292476120214 -0.209209024352927 -0.176125572927444 -0.143042121865385 -0.109958671162634 -0.0768752207230265 -0.0437917704273841
-0.99434501799165 -0.958619499213237 -0.922893980420097 -0.887168461567806 -0.851442942613 -0.815717423530905 -0.779991904370061 -0.744266385216922 -0.708540866236304 -0.672815347608014 -0.637089829493482 -0.601364312049541 -0.565638795438017 -0.529913279840702 -0.494187765395298 -0.458462252043168 -0.422736739655374 -0.387011228018107 -0.351285716914653 -0.315560206201542 -0.279834695753613 -0.244109185465479 -0.208383675310836 -0.172658165294936 -0.136932655470162 -0.101207145887064 -0.065481636541734 -0.0297561274050915 0.00596938159817223 0.0416948905549231
-1.00141863445314 -0.964912487386668 -0.928440254651171 -0.892037991966504 -0.855681813638144 -0.819349268124676 -0.783083581911492 -0.746927941630405 -0.710859696472101 -0.674867799394692 -0.639053455867113 -0.603545934486007 -0.568462770298581 -0.533874564154305 -0.499838571685395 -0.466405601852795 -0.433624415687379 -0.401542029171001 -0.37020252159341 -0.339639970524944 -0.309885953106088 -0.280946460370969 -0.252725138928284 -0.225104620214979 -0.197985819406444 -0.17127617279388 -0.144890917393325 -0.118744529029627 -0.0927406380380657 -0.0667801633815247
-1.00118216210085 -0.966799986890047 -0.932417811494612 -0.898035635718776 -0.863653459377635 -0.829271282324715 -0.794889104556407 -0.760506926109245 -0.726124747037481 -0.691742567383873 -0.657360387127483 -0.622978206231447 -0.588596024672348 -0.554213842480551 -0.519831659706964 -0.485449476430875 -0.451067292732305 -0.416685108665831 -0.382302924264037 -0.347920739496966 -0.313538554319026 -0.279156368677687 -0.244774182492667 -0.210391995702421 -0.176009808348119 -0.141627620523892 -0.107245432432993 -0.0728632442681633 -0.038481056070966 -0.00409886784516905
1.01857730850694 0.981734120658638 0.944903994006554 0.908098046347291 0.871330299479058 0.834612838625343 0.797947098709139 0.761334953665035 0.724790683774508 0.688333475627499 0.651989734700922 0.615787671193433 0.579752550327486 0.543897857420713 0.508230554127527 0.472743287354274 0.437423558999666 0.402252605679941 0.36721180282322 0.332289346387633 0.297475137463806 0.262758413385382 0.228125756458044 0.193562248816191 0.159049626937021 0.124570726411246 0.0901161249408131 0.0556794274240599 0.0212586054336234 -0.0131472777892835
-1.01586268237163 -0.981206156339338 -0.946549630308091 -0.911893104311648 -0.87723657837214 -0.842580052498068 -0.807923526655015 -0.773267000789644 -0.73861047481583 -0.703953948623335 -0.669297422038236 -0.634640894870692 -0.59998436693087 -0.565327838028982 -0.530671308002765 -0.496014776800033 -0.461358244441439 -0.426701711128922 -0.392045177080646 -0.357388642398389 -0.322732107154828 -0.288075571397606 -0.253419035074218 -0.218762498135704 -0.184105960647447 -0.149449422715714 -0.114792884495969 -0.0801363461331787 -0.045479807681117 -0.0108232691707607
-0.961910595451548 -0.930154591111867 -0.898379037704487 -0.86656304345783 -0.834685229405051 -0.802723705687285 -0.770655026072835 -0.738458359236724 -0.706124889853665 -0.673648874429457 -0.641024840794539 -0.60824738461051 -0.575313236911571 -0.542227670222332 -0.509001782487593 -0.475661431842518 -0.442231805351601 -0.408720645606291 -0.375133936917757 -0.34148807494909 -0.307802058201357 -0.27409394232269 -0.240378011549457 -0.20666591502327 -0.172962532918448 -0.139271079108083 -0.105594871227635 -0.0719354497179243 -0.0382871424788617 -0.00464247427512804
-0.995939667232297 -0.960033873958851 -0.924128080698704 -0.888222287433102 -0.852316493979988 -0.816410700119554 -0.780504905644283 -0.744599110365425 -0.708693314156979 -0.672787516920562 -0.636881718605491 -0.600975919173008 -0.565070118612306 -0.529164317024365 -0.493258514548611 -0.457352711366466 -0.421446907650611 -0.385541103496759 -0.349635298982897 -0.313729494193089 -0.277823689212915 -0.241917884119028 -0.206012078952369 -0.170106273735986 -0.13420046845707 -0.0982946631000506 -0.0623888576741691 -0.0264830521973107 0.00942275330287909 0.0453285587963147
-1.05118189859856 -0.98417962103213 -0.922770324198674 -0.879546119398445 -0.858999961432352 -0.858991899509643 -0.858949516972273 -0.838625563859898 -0.79750592287027 -0.740880455237524 -0.677521803683245 -0.617073306300879 -0.567964798602837 -0.53377210577739 -0.514324526458152 -0.499319263384249 -0.476796367321978 -0.438299377040811 -0.380408650289188 -0.316348332728244 -0.263503516997288 -0.235199022763664 -0.228518577806865 -0.234494012109227 -0.236190656352321 -0.218502372254764 -0.181603644984145 -0.130146646325456 -0.071413671084357 -0.0133445448216748
-1.0142409294098 -0.978379008775355 -0.94251708814735 -0.906655167549957 -0.870793246987996 -0.834931326486084 -0.799069406167387 -0.763207486155037 -0.727345566473492 -0.691483647149428 -0.655621728317077 -0.619759810137561 -0.583897892783287 -0.548035976471803 -0.512174061394366 -0.476312147591918 -0.440450235054926 -0.404588323722255 -0.368726413524101 -0.332864504407584 -0.297002596324056 -0.261140689197684 -0.225278782843899 -0.189416877070712 -0.153554971765184 -0.117693066842428 -0.0818311622507019 -0.0459692579367173 -0.0101073538078499 0.0257545502383594
-1.02426562752046 -0.961405328578317 -0.899344989084534 -0.846934986025629 -0.809719869631732 -0.789895369007302 -0.779567755510509 -0.769632989428333 -0.756235244509287 -0.737239802734196 -0.712148165551607 -0.680870889276998 -0.643814036205697 -0.603365692552429 -0.562915743800219 -0.527879248585881 -0.500675322138757 -0.469714132904521 -0.42419540245443 -0.370486011645736 -0.319244631157189 -0.279587944890661 -0.254464689640504 -0.24278594804614 -0.233480133234801 -0.21401838615947 -0.176025428588327 -0.114752357819287 -0.0358021924539839 0.0526340685800179
-1.00621812038849 -0.971471292650428 -0.936724464990985 -0.901977637442072 -0.867230809976825 -0.83248398254913 -0.79773715509467 -0.762990327549646 -0.728243499870546 -0.693496672017706 -0.658749843946568 -0.624003015611348 -0.589256186951383 -0.554509357846489 -0.519762528178786 -0.48501569789912 -0.450268866962223 -0.415522035269623 -0.380775202729833 -0.346028369332512 -0.311281535087603 -0.276534700014212 -0.241787864168082 -0.207041027622266 -0.17229419048242 -0.137547352851161 -0.102800514786357 -0.0680536763492241 -0.0333068376591086 0.00144000115010983
-1.04648062280863 -1.00971688617343 -0.972953149426194 -0.936189412471026 -0.899425675214337 -0.862661937561546 -0.825898199411779 -0.789134460692311 -0.752370721449321 -0.715606981751081 -0.678843241635366 -0.64207950113232 -0.60531576029261 -0.568552019248972 -0.531788278162109 -0.495024537222521 -0.458260796615823 -0.421497056478282 -0.384733316911249 -0.347969577925742 -0.3112058395102 -0.274442101629016 -0.2376783641504 -0.200914626921064 -0.164150889797894 -0.127387152664901 -0.0906234155044379 -0.0538596783275916 -0.0170959411620539 0.0196677959603322
-0.950004796873539 -0.917522694119048 -0.88504059136971 -0.852558488649107 -0.820076386018896 -0.787594283568471 -0.7551121814601 -0.722630079837119 -0.690147978694274 -0.657665878006778 -0.625183777820309 -0.592701678198163 -0.560219579237212 -0.527737481168643 -0.495255384209307 -0.462773288384404 -0.43029119367054 -0.397809100041599 -0.365327007455959 -0.332844915812715 -0.300362824996141 -0.267880734892263 -0.235398645394121 -0.202916556379165 -0.170434467655478 -0.137952379041873 -0.105470290469445 -0.0729882019039423 -0.0405061133374352 -0.00802402476857673
-1.02478650843854 -0.988509256013752 -0.952232003693901 -0.915954751515792 -0.879677499490383 -0.843400247621566 -0.807122995910795 -0.770845744359385 -0.734568492970516 -0.698291241754387 -0.66201399074739 -0.625736739992467 -0.589459489554416 -0.553182239585476 -0.516904990215765 -0.480627741399482 -0.444350493059605 -0.408073245170134 -0.371795997719299 -0.335518750701226 -0.29924150411151 -0.262964257927775 -0.226687012055746 -0.190409766386185 -0.154132520821903 -0.117855275282877 -0.0815780297456999 -0.0453007842058488 -0.00902353867771221 0.0272537068195929
-0.980489821419146 -0.94616341637085 -0.911837011291854 -0.877510606152755 -0.843184200859955 -0.808857795308093 -0.774531389408952 -0.740204983099283 -0.705878576398557 -0.671552169325205 -0.637225761810782 -0.60289935376512 -0.568572945116042 -0.534246535863322 -0.499920126042844 -0.465593715762961 -0.431267305145149 -0.396940894290889 -0.362614483276394 -0.328288072096782 -0.293961660726898 -0.259635249157523 -0.225308837443186 -0.190982425637055 -0.156656013723111 -0.122329601661698 -0.0880031893877783 -0.0536767768552241 -0.0193503641189342 0.0149760487409371
0.971274171007284 0.938807771022757 0.906341371056701 0.873874971129065 0.841408571268634 0.808942171499442 0.776475771817673 0.744009372203511 0.711542972600984 0.679076572933071 0.646610173074701 0.614143772888792 0.581677372270302 0.549210971242358 0.516744569855403 0.484278168140971 0.451811766114466 0.419345363745673 0.386878961010834 0.354412557957633 0.321946154651613 0.289479751164697 0.257013347594322 0.224546944036294 0.192080540554382 0.159614137200969 0.127147734014938 0.0946813310151445 0.0622149281538301 0.0297485253665848
-0.948655427486259 -0.92060631786939 -0.893078409714682 -0.866518847828458 -0.840602098742716 -0.81476132830591 -0.788237177906638 -0.760270077303671 -0.730292134196333 -0.697942055754895 -0.663493269092884 -0.627377881309635 -0.589974251310878 -0.551445745227908 -0.5119039035766 -0.47146795718557 -0.430315410222765 -0.388849169900722 -0.347595363164155 -0.307347592841893 -0.268966330733798 -0.233242079468852 -0.200685464992524 -0.171506206872836 -0.144990275851543 -0.120356718140017 -0.0974806306543597 -0.0763023234238853 -0.056366908226026 -0.0371206972752427
-1.01448235809935 -0.965938422028808 -0.919328591703462 -0.874798508103468 -0.831697777621341 -0.78981660672082 -0.751503636738166 -0.719523860333276 -0.695749240588071 -0.680569098814229 -0.669335218820443 -0.656140000039655 -0.635794479781707 -0.605984246864028 -0.565922727612413 -0.518060146878536 -0.465953775995318 -0.414352273694782 -0.36741264581506 -0.32573389921959 -0.289025541028142 -0.256731694704231 -0.227234949086354 -0.199449418200712 -0.175476851449332 -0.156805735675386 -0.139283872110816 -0.118377538685563 -0.0936676057327972 -0.0657635916864943
-0.99307849718569 -0.958295948762223 -0.923513400299982 -0.888730851748869 -0.853948303057505 -0.819165754179335 -0.784383205088395 -0.749600655743142 -0.714818106019135 -0.680035555797017 -0.645253005060661 -0.61047045381975 -0.575687902096809 -0.540905349965727 -0.506122797513781 -0.47134024483042 -0.436557691989016 -0.401775138996451 -0.366992585849436 -0.332210032570492 -0.29742747918859 -0.262644925747582 -0.227862372350824 -0.193079819103532 -0.158297266058846 -0.12351471323823 -0.088732160588534 -0.0539496080389868 -0.0191670555229426 0.0156154970252126
-1.03945919874651 -1.00349815893197 -0.967537119196173 -0.931576079576047 -0.895615040108244 -0.859654000867027 -0.82369296207741 -0.787731923992344 -0.751770886825798 -0.71580985075083 -0.67984881581584 -0.643887782038063 -0.607926749397727 -0.571965717727034 -0.536004686835242 -0.500043656587872 -0.464082626848912 -0.428121597419966 -0.392160568110586 -0.356199538824486 -0.32023850948892 -0.284277480041655 -0.248316450462483 -0.212355420749163 -0.176394390929276 -0.140433361023135 -0.104472330992162 -0.0685113007983841 -0.0325502704651075 0.00341075996903826
-1.00490394157119 -0.96980047758301 -0.93469701368358 -0.899593549910152 -0.864490086178832 -0.829386622374051 -0.794283158374673 -0.759179694101348 -0.724076229647454 -0.688972765151427 -0.653869300759224 -0.618765836618683 -0.583662372866491 -0.548558909594718 -0.513455446885884 -0.478351984828896 -0.443248523534542 -0.408145063194733 -0.37304160398303 -0.337938145918466 -0.302834688981442 -0.26773123312777 -0.232627778214908 -0.197524324084433 -0.162420870612757 -0.127317417679338 -0.0922139651409956 -0.0571105128552121 -0.0220070607047531 0.0130963914212948
-0.948612272009616 -0.916072581807178 -0.883532891479061 -0.850993200929097 -0.818453510149342 -0.785913819147874 -0.753374127908635 -0.720834436412748 -0.688294744654184 -0.655755052649476 -0.623215360492547 -0.590675668296671 -0.558135976180723 -0.525596284286 -0.493056592766584 -0.460516901805291 -0.427977211546533 -0.395437521952384 -0.36289783294538 -0.330358144472258 -0.297818456485802 -0.26527876894217 -0.232739081811005 -0.200199395061675 -0.167659708648971 -0.135120022511623 -0.102580336538706 -0.0700406506203598 -0.0375009647006355 -0.00496127873706248
-0.998656543156394 -0.965069081218005 -0.931481619234856 -0.897894157183623 -0.864306695116212 -0.830719233077067 -0.797131771005542 -0.763544308838966 -0.729956846611666 -0.696369384380808 -0.662781922197939 -0.629194460113201 -0.595606998158675 -0.562019536294203 -0.528432074447092 -0.494844612486741 -0.461257150255502 -0.427669687545466 -0.394082224166155 -0.360494760047084 -0.326907295147769 -0.293319829432168 -0.259732362882008 -0.226144895518484 -0.192557427502881 -0.158969959030566 -0.125382490293144 -0.0917950214537498 -0.0582075525653995 -0.0246200836535793
-0.979068208908894 -0.951728905877126 -0.924258394872404 -0.896516061027751 -0.868331971362925 -0.839537036555071 -0.809994860024136 -0.779588002747502 -0.748242163189463 -0.715920303399182 -0.682691302278373 -0.648650517941887 -0.613915749279319 -0.578694558279228 -0.543187874319433 -0.507480333235817 -0.471599336454871 -0.435459641307465 -0.398966256989679 -0.362097844254059 -0.324851476742268 -0.287224566968988 -0.249215882940991 -0.210845319566873 -0.17221592387045 -0.133429814144445 -0.0945022416419848 -0.0554397886388807 -0.0163012285412901 0.0228416174620436
-1.07614502762728 -0.970126519535021 -0.866497955396325 -0.770585448865203 -0.703711888357672 -0.68221601984667 -0.68650324477081 -0.690302372336763 -0.676569187357746 -0.636538204228403 -0.585331880062536 -0.544044657653735 -0.52616158773787 -0.514730152819929 -0.490836045201218 -0.458155364599202 -0.425298583356414 -0.398023256899517 -0.379319981495342 -0.363964433687257 -0.344678560087769 -0.317082035580323 -0.288385448132126 -0.266512636373447 -0.250649528503036 -0.235272736594705 -0.204759518654025 -0.144936463951027 -0.0575268408818081 0.0517719123760145
-0.997960487043553 -0.963416431903057 -0.928872376725659 -0.894328321522678 -0.859784266330271 -0.82524021119291 -0.790696156163502 -0.756152101308911 -0.721608046743407 -0.68706399258011 -0.652519938880132 -0.617975885691581 -0.583431833058874 -0.548887781011648 -0.514343729549827 -0.479799678569266 -0.445255627956861 -0.410711577667748 -0.376167527684733 -0.341623478033089 -0.307079428748702 -0.272535379818168 -0.23799133103091 -0.203447282157985 -0.168903233094145 -0.134359183783965 -0.0998151342476103 -0.0652710845305003 -0.0307270347034737 0.00381701515627527
-0.963675277193149 -0.930598069678986 -0.897520862271215 -0.864443655095461 -0.831366448187521 -0.798289241532605 -0.765212035003419 -0.732134828476318 -0.699057621954777 -0.665980415478116 -0.63290320910192 -0.599826002885843 -0.566748796882919 -0.533671591119722 -0.500594385623425 -0.467517180450069 -0.434439975651392 -0.401362771233034 -0.368285567187052 -0.335208363497257 -0.302131160145398 -0.26905395710689 -0.235976754331799 -0.202899551765985 -0.169822349363837 -0.13674514709205 -0.103667944958026 -0.070590742967273 -0.0375135410770094 -0.00443633923238086
-0.975947023983497 -0.943894083687372 -0.911855507546735 -0.879840725641498 -0.847839924674932 -0.815834217257046 -0.783787663001467 -0.751661416460644 -0.719422064938721 -0.687038921064036 -0.654486766010024 -0.621741748086394 -0.588774376384756 -0.555532603124345 -0.52196645842774 -0.488056840903294 -0.453800760419659 -0.419228803400909 -0.38437999618201 -0.349293548186058 -0.31400871460818 -0.278564459318655 -0.242998580888354 -0.207346378143235 -0.171634316229006 -0.135885800613341 -0.100120831732019 -0.0643557283574534 -0.0285954876404639 0.00715772367352539
-1.02326041758034 -0.987605581089933 -0.951950744586739 -0.916295908033292 -0.880641071425258 -0.844986234767099 -0.809331398065325 -0.773676561345095 -0.738021724704137 -0.702366888237903 -0.666712051960209 -0.63105721586446 -0.595402379932939 -0.559747544103441 -0.524092708319468 -0.48843787259183 -0.45278303694267 -0.417128201372151 -0.381473365868508 -0.345818530394241 -0.310163694905414 -0.27450885936751 -0.238854023783687 -0.203199188178098 -0.167544352621218 -0.131889517177373 -0.0962346818399746 -0.0605798465828123 -0.0249250113720895 0.010729823827886
-0.973939561433098 -0.948445708086523 -0.92264653411912 -0.895993632877903 -0.867906989394558 -0.837880617800124 -0.805736256938384 -0.771552792372153 -0.73610997182763 -0.700103847776614 -0.663194829509933 -0.624784415523173 -0.58447511089541 -0.54267344703969 -0.499969694168971 -0.456885051361875 -0.413931157031767 -0.371650478065305 -0.33062614064147 -0.291573079635237 -0.255239182095581 -0.222310995101973 -0.193229705855857 -0.168228406806049 -0.146953171268869 -0.128868050202412 -0.113296024264385 -0.0995194426209402 -0.0867991987724249 -0.0743908223027323
-0.998275543463754 -0.963992224080234 -0.929708904699331 -0.895425585346916 -0.861142266002245 -0.826858946632257 -0.79257562720124 -0.758292307698199 -0.724008988213644 -0.689725668849997 -0.655442349655836 -0.621159030666274 -0.586875711918286 -0.552592393456284 -0.518309075339005 -0.484025757675043 -0.449742440598504 -0.415459124295703 -0.381175808930298 -0.346892494523126 -0.312609181059314 -0.278325868515645 -0.244042556835522 -0.209759245934231 -0.17547593564797 -0.141192625795642 -0.106909316206049 -0.0726260067330136 -0.0383426973205491 -0.00405938793521525
-0.991780956734889 -0.957877754731592 -0.923974552728535 -0.890071350713388 -0.856168148705288 -0.822264946757496 -0.788361745028325 -0.754458543685867 -0.720555342832291 -0.686652142559122 -0.652748942981248 -0.618845744219391 -0.584942546368421 -0.551039349419776 -0.517136153345705 -0.483232958145128 -0.449329763821496 -0.415426570369691 -0.381523377791609 -0.347620186125772 -0.313716995419855 -0.279813805703009 -0.245910616930283 -0.212007429022819 -0.178104241840238 -0.144201055217772 -0.110297868954649 -0.07639468286651 -0.0424914968706803 -0.00858831090990464
-1.02558657416381 -0.99687571254285 -0.969605667894598 -0.944219772708924 -0.918477087000616 -0.889785420819203 -0.856831856828271 -0.818686799572227 -0.774674668504705 -0.724743287676137 -0.671080084614938 -0.616432387719012 -0.563629695273609 -0.515830185113344 -0.47530902828542 -0.440480689138009 -0.408829396347383 -0.377979142601222 -0.346084303006158 -0.313281018333223 -0.280200870769547 -0.247367295649469 -0.21487114089617 -0.182993610782196 -0.153209922388718 -0.126573974941159 -0.101260383433344 -0.075227514283775 -0.0484480238412691 -0.0213981409372211
-0.979146628590964 -0.948229218266807 -0.917313838259112 -0.886391058108997 -0.855429715300837 -0.824396747928215 -0.793273228578294 -0.762046444309678 -0.730714405573171 -0.699279801227195 -0.667753310368451 -0.636147609653211 -0.604472570614207 -0.572726844290005 -0.540903024139291 -0.508980693795397 -0.476939559664672 -0.444772829070925 -0.412478836843573 -0.380062926917042 -0.347532195502007 -0.314894023254975 -0.282156928615782 -0.249331060316655 -0.216431950476049 -0.183476752407156 -0.150483720815894 -0.117469555913413 -0.0844436385390492 -0.0514135196891887
-0.984580705918246 -0.951202032805069 -0.917823359671479 -0.88444468649515 -0.851066013332526 -0.817687340268333 -0.784308667421669 -0.750929994907239 -0.717551322787823 -0.684172651116171 -0.650793979956849 -0.617415309377375 -0.584036639428772 -0.550657970096076 -0.517279301340629 -0.483900633094983 -0.450521965300264 -0.41714329796068 -0.383764631069409 -0.350385964512405 -0.317007298148819 -0.283628631850084 -0.250249965536759 -0.216871299157799 -0.183492632726609 -0.150113966254305 -0.116735299678402 -0.0833566329455943 -0.0499779661129225 -0.0165992992650113
-1.00987087211384 -0.971114641851447 -0.933674894013372 -0.89972431280212 -0.868872347827408 -0.839425525543398 -0.807041914374812 -0.768164329735198 -0.72502303302284 -0.680960533356923 -0.637980884755483 -0.597753527461273 -0.561837930064457 -0.531353674544858 -0.506761613039794 -0.486327564926905 -0.467536661560122 -0.446946314958229 -0.421197451956647 -0.388192777992521 -0.346150443153423 -0.294652284845646 -0.23873488975036 -0.183653240806857 -0.130081156712059 -0.0780565495309053 -0.0296548690427853 0.0133472053403334 0.0524056133906245 0.089784449676297
-0.997752505676829 -0.965537457587462 -0.933322409466842 -0.901107361283333 -0.868892312942857 -0.8366772643498 -0.804462215464866 -0.772247166266337 -0.740032116746514 -0.707817066901769 -0.675602016730752 -0.643386966232683 -0.611171915417493 -0.578956864337955 -0.546741813047361 -0.514526761558241 -0.48231170987887 -0.450096658041243 -0.417881606050907 -0.385666553783891 -0.353451501083845 -0.321236447828906 -0.289021394035154 -0.256806339768923 -0.224591285159621 -0.1923762303415 -0.160161175405114 -0.127946120420749 -0.0957310654213338 -0.0635160104304574
-1.05036323685249 -1.01279826292862 -0.975252609220071 -0.937754323552746 -0.900318203563911 -0.862950118570422 -0.825633474796129 -0.788351743027035 -0.751111115390749 -0.713929919260235 -0.676852301648274 -0.639928864477601 -0.603208840421048 -0.566735985151841 -0.530544884059584 -0.494638918399025 -0.459007971605576 -0.423619139972168 -0.388437118179209 -0.353439781599473 -0.318608300778826 -0.283926679685853 -0.249390255980012 -0.214995137208173 -0.180729176775973 -0.146574817982082 -0.112501117838504 -0.0784760617605323 -0.0444767350632659 -0.0104824980367549
-1.05002637273829 -1.01294779870244 -0.975869224774993 -0.938790651047326 -0.901712077568825 -0.864633504367043 -0.827554931424204 -0.790476358712674 -0.753397786210728 -0.7163192138989 -0.679240641760857 -0.642162069781046 -0.605083497930226 -0.568004926124389 -0.530926354288017 -0.493847782434316 -0.456769210594683 -0.419690638784563 -0.38261206701181 -0.345533495269874 -0.308454923548605 -0.271376351826197 -0.234297780034221 -0.197219208114439 -0.160140636095988 -0.123062064036236 -0.0859834920180976 -0.0489049201091509 -0.0118263482900684 0.0252522234802024
-1.02350403764083 -0.988152540080023 -0.952801042548498 -0.917449545106317 -0.882098047726031 -0.846746550356539 -0.811395052939658 -0.776043555420175 -0.740692057761841 -0.705340559936493 -0.669989061929349 -0.634637563728977 -0.59928606530537 -0.563934566554233 -0.528583067344213 -0.493231567509996 -0.457880066883784 -0.42252856532179 -0.38717706272243 -0.351825559128924 -0.316474054620694 -0.281122549308043 -0.245771043424801 -0.210419537205735 -0.17506803076583 -0.139716524175609 -0.104365017447528 -0.0690135105895864 -0.033662003650029 0.00168950331284043
-1.00806663151652 -0.973085627387336 -0.938104623205107 -0.903123618921917 -0.868142614522601 -0.83316161000162 -0.798180605359177 -0.763199600578534 -0.728218595569454 -0.693237590256503 -0.658256584696961 -0.623275578981287 -0.588294573207658 -0.553313567505135 -0.518332561976863 -0.483351556591453 -0.448370551280675 -0.413389545963483 -0.378408540564582 -0.343427535044487 -0.308446529372669 -0.273465523550353 -0.238484517705787 -0.203503511982653 -0.168522506459336 -0.133541501171316 -0.0985604960477511 -0.0635794910048847 -0.0285984860136277 0.00638251894144257
-0.984710837891604 -0.951886800018632 -0.91906276200663 -0.88623872374607 -0.853414685165048 -0.820590646217053 -0.787766606919507 -0.754942567290306 -0.722118527285306 -0.689294486842597 -0.656470445891238 -0.62364640435803 -0.590822362201577 -0.557998319507679 -0.525174276376093 -0.492350232835209 -0.459526188897686 -0.426702144584609 -0.393878099916539 -0.361054054903488 -0.328230009552831 -0.295405963875874 -0.262581917899643 -0.229757871644472 -0.196933825088205 -0.164109778222849 -0.131285731139573 -0.0984616839440383 -0.0656376367007332 -0.0328135894638523
-0.955590708310167 -0.924988785350596 -0.894386862528585 -0.863784940001457 -0.833183017859494 -0.80258109619047 -0.771979175139166 -0.741377254831261 -0.710775335259016 -0.680173416377298 -0.649571498124837 -0.618969580436324 -0.588367663269716 -0.55776574667603 -0.527163830710904 -0.4965619153554 -0.465960000576771 -0.435358086361588 -0.404756172706683 -0.374154259630611 -0.343552347157358 -0.312950435309634 -0.282348524105036 -0.251746613549749 -0.22114470360941 -0.190542794224897 -0.159940885278614 -0.129338976644589 -0.0987370682218283 -0.0681351599155843
1.00622120337067 0.974582092170222 0.942936056428883 0.911268499798689 0.87955564858283 0.847768449864423 0.815865911195125 0.783797424089865 0.751485855448102 0.718862823289691 0.685921474731548 0.65267033916485 0.619119869342355 0.585288211463143 0.551187700681793 0.516799734528565 0.482102151270083 0.447089489742753 0.411756377106867 0.376081093248481 0.340037831235089 0.303616458775481 0.266869542143609 0.229863657037797 0.192658718288699 0.155313231172967 0.117886723618924 0.0804306394176386 0.0429630631594934 0.00549373963470104
-0.994158716333396 -0.959964228222465 -0.925769740150831 -0.89157525218997 -0.85738076441625 -0.823186276915339 -0.788991789805226 -0.754797303193673 -0.720602817115219 -0.686408331582855 -0.652213846596602 -0.618019362153241 -0.583824878259516 -0.549630394962036 -0.515435912336644 -0.481241430536266 -0.447046949715306 -0.412852469956993 -0.378657991304765 -0.344463513714069 -0.310269037118353 -0.276074561438168 -0.241880086542466 -0.20768561230664 -0.17349113868345 -0.139296665642109 -0.105102193140269 -0.0709077211125605 -0.036713249413083 -0.00251877787580223
-0.991964359499139 -0.960411854908049 -0.928868530039991 -0.897328123924658 -0.865728369286377 -0.833992667643569 -0.802043101996409 -0.769803869961681 -0.737208946140854 -0.704204221427072 -0.670773474895511 -0.636909957666854 -0.602606037040466 -0.567850545030453 -0.532633806345169 -0.496955651755229 -0.460825877462718 -0.42428463533332 -0.387378258417998 -0.350147448845216 -0.312631501012819 -0.274863345655626 -0.236850458856378 -0.198608877257102 -0.160214334389056 -0.12175078047358 -0.0832753356031034 -0.0448287702245442 -0.00641328633167336 0.0319785561950239
-0.918322632449955 -0.894621755805544 -0.871218376261836 -0.848225129536614 -0.825472873252412 -0.802715885590231 -0.779683905060188 -0.756044896514171 -0.731244269842024 -0.704745983605718 -0.67631074601778 -0.645773452703379 -0.613047011513604 -0.578356379203239 -0.541977164228829 -0.504075532950273 -0.464811056489949 -0.424426367116795 -0.38323347317816 -0.341738826188474 -0.300497488453934 -0.260016603330418 -0.22061163837252 -0.18247732199025 -0.145517101816566 -0.109644748130626 -0.0751066025734334 -0.0420865541974377 -0.0101861103390283 0.0211388170944208
-1.04769535267786 -0.983241542167358 -1.00412500330271 -0.928759195226481 -0.832955022558653 -0.820831865285691 -0.852345559382464 -0.86071619316686 -0.816384408340409 -0.714679494291603 -0.613264777773119 -0.585387094878683 -0.659507747451668 -0.68494590033405 -0.53799339165881 -0.381974889724363 -0.385012851424085 -0.447388057865762 -0.438512050890427 -0.372161091057684 -0.29820261860678 -0.254002500879075 -0.226920313624375 -0.192771115878142 -0.131198191410011 -0.0423534439970567 -0.00459503271193374 -0.0696486000971103 -0.104503467278724 0.0700351249711712
-1.05600553301797 -1.01944887198806 -0.982892210899404 -0.94633554969776 -0.909778888400408 -0.873222227050839 -0.836665565725885 -0.800108904493917 -0.763552243356117 -0.726995582293743 -0.690438921275534 -0.653882260267101 -0.617325599278231 -0.580768938495422 -0.544212278118261 -0.507655618221993 -0.471098958825395 -0.434542299845736 -0.397985641191688 -0.361428982839066 -0.324872324780466 -0.288315666990189 -0.251759009369344 -0.215202351821592 -0.178645694333979 -0.142089036919093 -0.105532379608298 -0.0689757224246286 -0.0324190653390059 0.00413759169067732
-0.997659326708827 -0.963246303582756 -0.928833280570977 -0.894420257757655 -0.860007235261218 -0.825594213194449 -0.791181191613284 -0.756768170542989 -0.722355149942993 -0.687942129739849 -0.653529109794447 -0.619116089951262 -0.584703070056086 -0.550290049959985 -0.515877029544919 -0.48146400881115 -0.447050987812429 -0.412637966698147 -0.37822494560725 -0.343811924541241 -0.309398903467263 -0.274985882333681 -0.240572861013747 -0.206159839406204 -0.171746817586867 -0.137333795661235 -0.102920773676465 -0.0685077516594014 -0.0340947296139844 0.000318292461570482
-0.931960819255948 -0.906394498646606 -0.880723187276164 -0.854810676300423 -0.828503579575529 -0.801660413080886 -0.774204478588573 -0.746073408012449 -0.717197368040816 -0.687516366166985 -0.657017238329864 -0.625698527579765 -0.593577904917428 -0.560749553145309 -0.527314405449707 -0.49332388475059 -0.458821832215881 -0.42387127227168 -0.388523804980423 -0.352766149691713 -0.316568805576948 -0.279930762932137 -0.242964976551732 -0.205793516601753 -0.168460950236056 -0.1309860710783 -0.093362081643531 -0.0555886039976339 -0.0177165295184604 0.0201904330881461
-1.00840310257739 -0.973289186897946 -0.938175271208715 -0.903061355441762 -0.867947439438841 -0.832833523053212 -0.797719606274455 -0.762605689110405 -0.727491771505618 -0.692377853399528 -0.657263934774374 -0.622150015623098 -0.587036095941126 -0.551922175733823 -0.516808255019486 -0.481694333858199 -0.446580412366329 -0.4114664908436 -0.37635256960899 -0.34123864887513 -0.306124728828066 -0.27101080961284 -0.235896891210477 -0.200782973571813 -0.165669056690952 -0.13055514054918 -0.0954412250332581 -0.0603273099991327 -0.0252133952740112 0.00990051932208305
1.04297887849697 1.00556739049184 0.968155902404087 0.930744414166339 0.893332925816481 0.855921437424967 0.818509949087282 0.781098460876098 0.743686972747783 0.706275484651229 0.668863996621749 0.631452508716257 0.594041021007709 0.556629533633223 0.519218046756174 0.481806560580799 0.444395075286085 0.406983590909148 0.369572107444258 0.332160624856172 0.294749143102268 0.257337662106553 0.219926181659545 0.182514701537484 0.145103221592997 0.107691741727159 0.0702802619584467 0.0328687823187149 -0.00454269722407354 -0.0419541767179294
1.00154350286629 0.967216812391778 0.93289012202611 0.898563431823997 0.864236741728358 0.829910051648199 0.795583361468659 0.761256671069827 0.726929980335464 0.692603289160247 0.658276597478848 0.623949905235939 0.58962321238095 0.555296518882345 0.520969824738005 0.486643130044449 0.452316434916415 0.417989739442874 0.383663043688931 0.349336347649975 0.315009651303965 0.280682954641524 0.246356257703924 0.212029560547158 0.177702863235445 0.143376165818526 0.109049468279991 0.0747227706011835 0.0403960728206006 0.00606937499103032
1.12504119674776 1.06043839051271 0.996866834676231 0.935386449117819 0.877126865227079 0.823065707974391 0.773502865143138 0.728511818514329 0.687938163046445 0.651447869090853 0.618216295392969 0.587296147796726 0.557826618971941 0.529292848891992 0.501190097837865 0.472708160017418 0.443184083635116 0.41284939895495 0.382066234138505 0.350824626878191 0.31902159224913 0.286446031379046 0.252454389606094 0.216477183364745 0.178673669264306 0.139487272679736 0.09976935387377 0.0602977321480316 0.0211481280719321 -0.017779262468171
1.00258777749131 0.964727011960288 0.926984333669633 0.889492835757958 0.852322594954235 0.815514742814248 0.779057646610672 0.742945998616811 0.707252555391574 0.672062013838574 0.63742876795464 0.603399636009903 0.570008275585741 0.537235701508516 0.505045324796001 0.473382783986613 0.442169286876786 0.411246090774349 0.380445415406292 0.349643280664837 0.318726656483511 0.287595339084063 0.25620042984113 0.224524503906705 0.192624726389331 0.160553943218455 0.128273133650597 0.0957426038103188 0.0630118339672727 0.0301525979273849
-1.0000493352115 -0.965964381433757 -0.931879427743736 -0.897794474221146 -0.863709520939473 -0.829624567946817 -0.795539615195947 -0.761454662602839 -0.727369710031627 -0.693284757384597 -0.659199804768474 -0.625114852341098 -0.591029900234534 -0.556944948477774 -0.522859997059975 -0.488775045914054 -0.454690094946053 -0.420605144010759 -0.386520192965814 -0.352435241731557 -0.318350290243999 -0.284265338454334 -0.250180386374483 -0.216095434048852 -0.182010481591056 -0.147925529127652 -0.113840576767768 -0.0797556245897846 -0.0456706725665467 -0.0115857206445128
-1.00788539790461 -0.975289210315155 -0.942707325782217 -0.910143361806678 -0.877602461450098 -0.845080619354452 -0.812535710922722 -0.779911367622765 -0.74713236442096 -0.714126655730064 -0.68085377024985 -0.647281130251839 -0.613374972658798 -0.579096792998469 -0.544415625347626 -0.509335399374217 -0.473875734581328 -0.438084114221419 -0.402010456910143 -0.365686558966548 -0.32913968613553 -0.292394966402855 -0.255468976717756 -0.21837185890549 -0.181096565331917 -0.143639238439524 -0.106025970436702 -0.0682916192537959 -0.0304761559430771 0.00737917016270398
-1.01446180495732 -0.97745603841642 -0.940450271876875 -0.903444505352834 -0.866438738914102 -0.82943297264623 -0.79242720664211 -0.755421440972701 -0.718415675613895 -0.681409910504044 -0.644404145526421 -0.607398380550524 -0.570392615449863 -0.533386850113989 -0.496381084476214 -0.459375318628864 -0.422369552700304 -0.385363786804036 -0.348358021039494 -0.311352255464701 -0.274346490127331 -0.237340725060416 -0.200334960238431 -0.163329195616798 -0.126323431133283 -0.0893176667188757 -0.0523119022951252 -0.015306137798301 0.0216996267670114 0.0587053913791471
1.00508059418706 0.96891667158903 0.93272887107793 0.896510358876199 0.860271876396821 0.824028551657657 0.78779548390552 0.751589406686617 0.715433619515749 0.679354305247436 0.643382614126474 0.607550938245225 0.571894599577574 0.536460639623498 0.501301078891422 0.466476134397496 0.432029700341728 0.397932183151854 0.364145134408885 0.330668174079203 0.297510439225533 0.264679525567389 0.232176863451438 0.199999815598853 0.168135639601674 0.136557506509258 0.105192346329368 0.0739624331232524 0.0428176582076875 0.0117148172133332
