-1.00443850869173 -0.970789396552802 -0.937140284425159 -0.903491172322399 -0.869842060257137 -0.83619294822658 -0.802543836167296 -0.768894724007349 -0.735245611701428 -0.701596499236071 -0.667947386698577 -0.634298274201439 -0.600649161871882 -0.567000049896072 -0.533350938447341 -0.499701827588738 -0.466052717326098 -0.43240360754668 -0.398754498126963 -0.365105389018889 -0.33145628019326 -0.297807171626183 -0.264158063314953 -0.230508955258548 -0.196859847441482 -0.163210739831715 -0.129561632345483 -0.0959125248992631 -0.0622634174622282 -0.0286143100167243
-0.94083703746542 -0.938282912465086 -0.933140853329262 -0.922939373573705 -0.90492384491441 -0.876873718988982 -0.838987908921244 -0.792594182567951 -0.741116265231378 -0.6884005032573 -0.637887769719971 -0.592917569375767 -0.555856842993871 -0.52518227539471 -0.498473120948986 -0.473609168177269 -0.448410244448766 -0.420155798377379 -0.386707214507563 -0.348793999861308 -0.307862692079987 -0.265525990392472 -0.224061240377646 -0.185539343732041 -0.150540780272795 -0.118853831148873 -0.0885884047159587 -0.0577857522683118 -0.025890869647796 0.00730031116682501
-0.964063591029401 -0.931449381024548 -0.898835171124467 -0.866220961402781 -0.833606751970526 -0.800992542985936 -0.768378334758633 -0.735764127612556 -0.703149921777547 -0.670535717442201 -0.637921514724231 -0.605307313723628 -0.572693114537127 -0.540078917248427 -0.50746472186609 -0.474850528111161 -0.442236335678205 -0.409622144443372 -0.377007954349429 -0.344393765424027 -0.311779577716038 -0.279165391229471 -0.246551205788879 -0.213937021208616 -0.181322837441695 -0.148708654461562 -0.116094472184734 -0.0834802904998198 -0.0508661092407145 -0.0182519282276368
-1.07165823657789 -1.03400928250585 -0.9963603283975 -0.958711374216646 -0.921062419969226 -0.883413465673927 -0.845764511358322 -0.808115557040311 -0.770466602690241 -0.732817648275792 -0.695168693801536 -0.657519739281272 -0.619870784719783 -0.582221830085794 -0.544572875350595 -0.506923920531777 -0.469274965683532 -0.431626010960132 -0.393977056513276 -0.356328102384294 -0.318679148586924 -0.281030195117554 -0.243381241903165 -0.205732288859358 -0.168083335925592 -0.130434383063292 -0.0927854302978849 -0.0551364776557728 -0.017487525103254 0.0201614274083984
-0.98628905712347 -0.952450811357859 -0.91861256561207 -0.884774319897333 -0.850936074247652 -0.817097828705572 -0.783259583324997 -0.749421338146725 -0.715583093147779 -0.681744848275507 -0.647906603422342 -0.61406835846699 -0.580230113287703 -0.546391867760927 -0.51255362178346 -0.478715375335326 -0.44487712843737 -0.411038881190479 -0.377200633713728 -0.343362386118889 -0.309524138515907 -0.275685891000761 -0.24184764361355 -0.208009396390128 -0.174171149405228 -0.140332902723197 -0.106494656327956 -0.0726564101766068 -0.0388181641993866 -0.00497991831981729
-1.01501839304337 -0.979765115488528 -0.944511837946261 -0.909258560401219 -0.874005282979214 -0.838752005866494 -0.803498729349885 -0.768245453713937 -0.73299217913352 -0.69773890572583 -0.66248563348705 -0.62723236238311 -0.59197909241544 -0.556725823727468 -0.521472556492824 -0.48621929086395 -0.450966026971141 -0.41571276487727 -0.380459504562114 -0.345206245740462 -0.30995298806086 -0.274699731190848 -0.239446474873957 -0.20419321889359 -0.168939963116658 -0.133686707448291 -0.0984334518629946 -0.0631801963481065 -0.0279269408729238 0.00732631459776755
-1.06256698042015 -1.01994531061064 -0.977343538132258 -0.93476953495242 -0.892230266569966 -0.849775989520852 -0.807631030958094 -0.766035308051165 -0.725117027418311 -0.684980277503334 -0.645744384603471 -0.607532484479322 -0.570430357867231 -0.534374365406534 -0.49928367199427 -0.465158079655315 -0.431997788609612 -0.399723954729517 -0.368231791593094 -0.337391787948805 -0.307068251337713 -0.277157231410107 -0.247681746253176 -0.218682033974904 -0.190140244329554 -0.16201691571925 -0.134244229491301 -0.106744696721111 -0.0794305044512813 -0.052211258716215
-0.945017361000423 -0.914915029271099 -0.884812697632101 -0.854710366161874 -0.824608034903883 -0.794505703902012 -0.764403373236824 -0.734301042980568 -0.704198713135564 -0.674096383674846 -0.643994054524243 -0.613891725597781 -0.583789396801968 -0.553687068013246 -0.523584739124004 -0.493482410120493 -0.463380081005689 -0.433277751755594 -0.403175422324052 -0.373073092603248 -0.342970762469949 -0.312868431820294 -0.282766100627905 -0.252663768891937 -0.222561436636194 -0.192459103900468 -0.162356770763848 -0.13225443731873 -0.102152103671441 -0.072049769931788
-0.988242975883873 -0.953812252066206 -0.919381528143178 -0.884950804009203 -0.850520079560083 -0.816089354708327 -0.781658629431904 -0.747227903720489 -0.712797177545123 -0.678366450867017 -0.643935723626683 -0.609504995759459 -0.575074267193249 -0.540643537826218 -0.506212807582268 -0.471782076517989 -0.437351344735677 -0.402920612387764 -0.368489879644512 -0.334059146697358 -0.299628413743035 -0.265197680963532 -0.230766948481853 -0.196336216366936 -0.161905484530412 -0.127474752862164 -0.0930440213223715 -0.058613289886723 -0.0241825585226418 0.0102481728045149
0.967006483004326 0.935294242517308 0.903582002171498 0.871869762064906 0.840157522153908 0.808445282324862 0.776733042325675 0.745020801893085 0.713308560857616 0.681596319097576 0.649884076588636 0.618171833330811 0.586459589338523 0.554747344683843 0.523035099452998 0.491322853731211 0.459610607601727 0.427898361140896 0.396186114412486 0.364473867436839 0.332761620223439 0.301049372788788 0.269337125177465 0.237624877449873 0.205912629701658 0.174200382027657 0.142488134484233 0.110775887100009 0.0790636398311176 0.0473513926155703
-0.999434588667409 -0.965339063661249 -0.93124353868848 -0.897148013775635 -0.863052488969021 -0.828956964331034 -0.794861439968649 -0.760765915996832 -0.726670392517926 -0.692574869601115 -0.658479347195578 -0.624383825220492 -0.590288303577218 -0.556192782095857 -0.522097260608297 -0.488001739024819 -0.453906217268909 -0.419810695238471 -0.385715172856069 -0.351619650168503 -0.317524127253634 -0.283428604195069 -0.24933308109941 -0.215237558066902 -0.181142035149365 -0.147046512378328 -0.112950989752565 -0.0788554672532608 -0.0447599448239839 -0.0106644223989009
-1.01371421148184 -0.979243268733502 -0.944772325917382 -0.910301382985601 -0.875830439984097 -0.841359496972633 -0.806888553972464 -0.772417610978675 -0.737946667920189 -0.703475724725406 -0.669004781386815 -0.634533837912924 -0.600062894307551 -0.565591950555749 -0.531121006609163 -0.496650062304566 -0.462179117467932 -0.427708171996892 -0.393237225830812 -0.35876627900433 -0.3242953315759 -0.289824383613536 -0.255353435223485 -0.220882486517167 -0.186411537588453 -0.15194058852671 -0.117469639420843 -0.0829986903453513 -0.0485277413175801 -0.0140567923405849
-1.02494720426912 -0.989215366024806 -0.953483527917685 -0.917751690062718 -0.882019852626042 -0.846288015772768 -0.810556179612739 -0.774824344247934 -0.739092509804149 -0.703360676401339 -0.667628844112282 -0.631897012997958 -0.596165183113769 -0.56043335449279 -0.524701527160833 -0.488969701136986 -0.453237876390594 -0.417506052698762 -0.381774229813463 -0.346042407578413 -0.310310585860259 -0.274578764549704 -0.238846943633679 -0.203115123124404 -0.167383303039042 -0.131651483376039 -0.0959196640540409 -0.0601878449733294 -0.0244560260405313 0.0112757928361401
-0.972362058717498 -0.941438774191497 -0.910503843390127 -0.879550930706275 -0.848568483114999 -0.817544669667283 -0.786471765135638 -0.755342250221257 -0.724145323618522 -0.692866091902186 -0.661476575175297 -0.629945521922974 -0.598244256373309 -0.566354405726285 -0.534263769278744 -0.501974531743066 -0.469492803554205 -0.436826012621856 -0.403985491974835 -0.370996877643692 -0.337889381409414 -0.304688924823292 -0.271408268517836 -0.238057586526464 -0.204649867404987 -0.171200832583051 -0.137734320463236 -0.104272081150651 -0.0708193945875716 -0.0373774231755647
0.982135283291558 0.946828164374293 0.91181337669371 0.877322983296746 0.843483343513243 0.810364280569806 0.777915176997189 0.746075906170679 0.714868745539542 0.684276115323781 0.654038602752357 0.623836336806472 0.593386950405886 0.562558092224588 0.531229374311911 0.499178246464327 0.466181463762705 0.432115164678345 0.396908985610757 0.36060717128185 0.323282618494137 0.28500012057717 0.24579205696866 0.205640638771263 0.164359817639244 0.121793857806946 0.0780765332774257 0.0334381948698577 -0.0117940091008296 -0.0572687309457691
-0.948832909671666 -0.916251440236443 -0.88366997091842 -0.851088501900583 -0.818507033394135 -0.785925565578821 -0.753344098480341 -0.720762632090658 -0.688181166420817 -0.655599701503761 -0.623018237440951 -0.590436774350976 -0.55785531233937 -0.525273851459448 -0.492692391749798 -0.46011093324233 -0.427529475955906 -0.394948019863869 -0.362366564920697 -0.329785111050923 -0.297203658171593 -0.264622206199254 -0.232040755048448 -0.19945930464414 -0.166877854954985 -0.13429640593421 -0.10171495742964 -0.0691335092662213 -0.0365520612827986 -0.00397061332168984
-0.979876874020398 -0.946535072266057 -0.913196887948774 -0.87987270095983 -0.846637250695358 -0.813572202894774 -0.780722569165764 -0.748106442913684 -0.715670898866306 -0.683340960782786 -0.651024467225409 -0.61862496045724 -0.586048652147431 -0.553212431589483 -0.520038603804466 -0.486460459099379 -0.452419620370772 -0.417880055587475 -0.38282140210021 -0.347263629715003 -0.311236791351707 -0.274777716637724 -0.237950342030663 -0.200826966274816 -0.163486230431029 -0.126000889148469 -0.088413809113057 -0.0507600753079366 -0.013073533868397 0.0246122787822367
-1.00475105780101 -0.968127967979707 -0.931514192583173 -0.894885599678045 -0.858263346963144 -0.821679207936337 -0.785162129659472 -0.748753814927983 -0.71254981590766 -0.676646426238715 -0.6410890560887 -0.605910394756998 -0.571132703019961 -0.536736527561815 -0.502697560656032 -0.469013791025222 -0.435692078958594 -0.40275247456264 -0.370224863530613 -0.338165284085533 -0.306636312582861 -0.27569220472826 -0.245353933628207 -0.215620205263691 -0.186433939712958 -0.157723664083848 -0.129416119505318 -0.101430056103457 -0.0736540459717484 -0.0459691166955275
-0.944367287851231 -0.911431189951045 -0.878495092011928 -0.845558993992529 -0.812622895893503 -0.779686797731832 -0.746750699547774 -0.713814601407365 -0.680878503456467 -0.647942405850712 -0.615006308704982 -0.582070212123976 -0.549134116201519 -0.516198020987964 -0.48326192652617 -0.450325832872516 -0.417389740064996 -0.384453648054558 -0.351517556768389 -0.318581466125686 -0.285645376043646 -0.252709286462307 -0.219773197413075 -0.186837108944688 -0.153901021083852 -0.120964933817608 -0.0880288469963693 -0.0550927604494884 -0.0221566740587135 0.0107794122811086
-0.990780219272804 -0.87645544870729 -0.827164196663211 -0.833609228111661 -0.87400111065579 -0.920327510644293 -0.932176686776004 -0.883003219557992 -0.814126384380128 -0.769314297878054 -0.734265746787702 -0.680162185370073 -0.591891669461546 -0.509168661199994 -0.46916077713499 -0.444021845161377 -0.403185992593893 -0.370222333081563 -0.368479853594862 -0.366292048055755 -0.318238537124086 -0.203567623747008 -0.10020234002093 -0.0824788085883218 -0.111710785126643 -0.131056837820024 -0.12407715184429 -0.0842071928946864 -0.00398193175245291 0.124288784529672
-1.01199627431988 -0.977241233203112 -0.942486191976292 -0.907731150511202 -0.872976108647783 -0.838221066261545 -0.803466023402115 -0.768710980149191 -0.733955936528651 -0.699200892533233 -0.664445848076946 -0.629690803054113 -0.594935757363916 -0.56018071092496 -0.525425663656323 -0.49067061545954 -0.45591556624042 -0.421160515939413 -0.386405464526541 -0.351650412055482 -0.316895358600825 -0.282140304237814 -0.247385249044308 -0.212630193130802 -0.177875136735705 -0.143120080114408 -0.108365023462317 -0.0736099669241626 -0.0388549105019686 -0.00409985416208386
-0.997501646804982 -0.961870984388857 -0.926229619798162 -0.890562054435692 -0.854873142603942 -0.819178732035213 -0.783518291281345 -0.747933314399663 -0.712449776649882 -0.677090353005311 -0.641880036091239 -0.606844397945948 -0.572006203284866 -0.537376987532013 -0.502963947374011 -0.468768153839307 -0.434790458678624 -0.401036962189953 -0.367513302110408 -0.334218017386329 -0.301147872266363 -0.26829000077614 -0.235593016049233 -0.203000750637324 -0.170476435656598 -0.137996218788074 -0.105568515407604 -0.0732039666862628 -0.0408898492811941 -0.00860759872105621
-1.04897873218371 -0.924248634323054 -0.860916734144549 -0.869317570044637 -0.903250320975488 -0.91014472054341 -0.868488080415555 -0.774550295560468 -0.664674016091438 -0.578940907600311 -0.532315942448421 -0.533484919689476 -0.57627843922515 -0.595106304348993 -0.534656319172 -0.44014908768307 -0.370192093221023 -0.336407536646431 -0.335275650059551 -0.349694072997624 -0.359164796857136 -0.345975067811951 -0.303553151145451 -0.233546282923777 -0.159336563234616 -0.104505970218818 -0.0717011302083601 -0.0574077151087693 -0.054402930928647 -0.0545368672023636
-0.996230098906163 -0.962361199494561 -0.928492300174507 -0.894623401075173 -0.860754502297782 -0.826885603935332 -0.793016706075882 -0.759147808811064 -0.725278912251741 -0.691410016480475 -0.65754112144741 -0.623672227069583 -0.589803333245995 -0.555934439803509 -0.522065546573444 -0.488196653477096 -0.454327760441637 -0.420458867327764 -0.386589973995027 -0.352721080364859 -0.318852186374164 -0.284983292010511 -0.251114397464118 -0.217245502944703 -0.183376608537316 -0.14950771428972 -0.115638820225193 -0.0817699263447472 -0.0479010325848004 -0.0140321388656236
-1.01052637608192 -0.975535561916425 -0.940544747471313 -0.905553932671669 -0.87056311773277 -0.835572302965801 -0.800581488775388 -0.765590675600427 -0.730599863923442 -0.695609054175638 -0.660618246539334 -0.625627441134622 -0.590636638012914 -0.555645836950891 -0.52065503768936 -0.485664240100368 -0.450673444043263 -0.415682649195367 -0.380691855351942 -0.345701062962035 -0.310710272638138 -0.275719484888363 -0.240728699803293 -0.205737917265604 -0.170747136743863 -0.135756357602355 -0.100765579202356 -0.0657748009932796 -0.0307840227801285 0.00420675554320052
-1.01897544602126 -0.984759093003024 -0.950542739928077 -0.916326386686008 -0.882110033137245 -0.847893679143174 -0.813677324598177 -0.779460969419068 -0.745244613579392 -0.711028257075117 -0.676811899935161 -0.642595542196682 -0.608379183916545 -0.574162825230452 -0.539946466284242 -0.505730107185468 -0.471513748029564 -0.437297388901777 -0.403081029866438 -0.368864670914394 -0.334648312018119 -0.300431953155242 -0.266215594324007 -0.231999235512793 -0.197782876649918 -0.163566517647244 -0.129350158410881 -0.0951337988795369 -0.0609174391280646 -0.0267010792653537
-1.00274516783557 -0.967904056454541 -0.933062945104047 -0.898221833843136 -0.863380722791812 -0.828539612074548 -0.79369850177273 -0.758857391943756 -0.724016282592177 -0.689175173706737 -0.654334065265802 -0.619492957245145 -0.584651849605867 -0.549810742250392 -0.514969635096344 -0.480128528180834 -0.445287421545177 -0.410446315128034 -0.375605208851591 -0.340764102674776 -0.305922996565705 -0.271081890493717 -0.236240784433037 -0.20139967837133 -0.166558572345113 -0.131717466386286 -0.0968763604594146 -0.062035254517756 -0.0271941485366473 0.00764695750305361
-0.998243093478476 -0.963484573864546 -0.928726054130732 -0.893967534123126 -0.859209013833117 -0.824450493292705 -0.789691972551042 -0.754933451644103 -0.720174930537988 -0.685416409165195 -0.650657887393704 -0.615899365075362 -0.581140842070314 -0.546382318271895 -0.511623793576364 -0.476865267858487 -0.442106740962355 -0.407348212630847 -0.372589682639923 -0.337831150999083 -0.303072617776214 -0.268314083065367 -0.233555547065259 -0.198797009974302 -0.164038471885022 -0.129279932897187 -0.0945213932454197 -0.0597628531762538 -0.0250043128489988 0.00975422759884136
-1.06872576499054 -1.00449452146115 -0.941205358956223 -0.882077696365787 -0.83063667423105 -0.789589132357004 -0.758062985952574 -0.73403362793106 -0.714445286619351 -0.696151643925247 -0.676675360666606 -0.653706342388804 -0.625295957912277 -0.590941429157724 -0.551002439035674 -0.507842661315732 -0.463953448222754 -0.42033287494352 -0.377598009511074 -0.336335168381608 -0.297122980117099 -0.260263589476729 -0.224953206008495 -0.190596264984743 -0.15853603978639 -0.129963213811828 -0.103519272420782 -0.0774516084591566 -0.0509804427562324 -0.0235692031371356
-1.01019779487336 -0.973709291883192 -0.937237533634117 -0.900808456506978 -0.864445169461852 -0.82817223588347 -0.792022864275935 -0.756030250714228 -0.720218896437473 -0.684606633946352 -0.649193315623634 -0.613974298822614 -0.578946703581927 -0.544114700681569 -0.509489634479714 -0.475104492905867 -0.440988045182263 -0.407130542130702 -0.373507524738005 -0.340074213051504 -0.306780746883658 -0.273580002833642 -0.240435804647494 -0.207319215346177 -0.174219307903498 -0.141130958413894 -0.108054245501474 -0.0749901160805169 -0.0419377876962884 -0.00889604555180231
0.970999676799662 0.93653298241057 0.902079865388087 0.867650947706251 0.833243044390792 0.798850940700515 0.764475109774803 0.730116965634568 0.695775997946223 0.661461443060086 0.627223448416552 0.593122389228538 0.559219964834475 0.525583171074841 0.4922648435521 0.459255880414606 0.426533514321635 0.394082253430266 0.361885839054063 0.329917669634744 0.29814855789606 0.266555280321647 0.235138468434653 0.203897683554566 0.172804351146699 0.141820055973414 0.110895155839446 0.0799855557376757 0.0490805763712079 0.018177892370703
-0.983215900902937 -0.951438056001744 -0.91966021116025 -0.887882366426964 -0.856104521895835 -0.824326677673726 -0.792548833873726 -0.760770990586097 -0.728993147803584 -0.69721530550682 -0.6654374637255 -0.633659622501589 -0.601881781870058 -0.57010394183791 -0.538326102422284 -0.506548263708838 -0.474770425780049 -0.442992588637141 -0.41121475225435 -0.379436916579194 -0.347659081552516 -0.315881247099159 -0.284103413079994 -0.252325579342035 -0.220547745740877 -0.188769912161675 -0.156992078599274 -0.125214245069488 -0.0934364115623309 -0.0616585780613633
-0.993307058501627 -0.959625096298356 -0.925943134224674 -0.892261172395706 -0.858579210835886 -0.824897249531993 -0.791215288410893 -0.757533327403867 -0.723851366519784 -0.69016940577255 -0.656487445118625 -0.622805484500111 -0.589123523873834 -0.555441563255523 -0.521759602650675 -0.488077641964953 -0.454395681115136 -0.420713720162275 -0.387031759203475 -0.35334979833575 -0.319667837656097 -0.285985877232827 -0.252303917019523 -0.218621956951227 -0.184939997003558 -0.151258037153898 -0.117576077346111 -0.0838941175251964 -0.0502121576742277 -0.0165301977857959
-0.956913653129683 -0.924616077520389 -0.892318501802398 -0.86002092583276 -0.827723349440041 -0.795425772460633 -0.763128194790738 -0.730830616357408 -0.698533037151289 -0.666235457195009 -0.633937876575511 -0.601640295395821 -0.569342713735553 -0.537045131580687 -0.504747548891464 -0.472449965618822 -0.440152381707201 -0.407854797084362 -0.375557211715765 -0.343259625734335 -0.310962039314863 -0.278664452612728 -0.246366865705663 -0.214069278649287 -0.181771691488423 -0.149474104271666 -0.117176517073511 -0.0848789299574161 -0.0525813429167938 -0.0202837559275471
1.03964548220467 1.0013932085634 0.963138059072952 0.924893458266737 0.886691596776835 0.848565126507505 0.810529778353091 0.772596868522718 0.734776975494553 0.697087429450998 0.659573305122352 0.62228661337589 0.585280234403971 0.548610525699309 0.512321679681554 0.476405751177748 0.440840360319583 0.405597526049947 0.370649072562284 0.335971646241076 0.301543099018565 0.267338160047091 0.233319067359391 0.199444160423848 0.16566867557103 0.131952159545165 0.0982745038829344 0.064622487761894 0.0309900961306287 -0.00262688461951883
-0.995458737535161 -0.957111617517808 -0.91903517353993 -0.881457239267411 -0.844298619212765 -0.807331777243171 -0.770042843797837 -0.731966298660061 -0.693116352417473 -0.653709763379778 -0.614293749940636 -0.575498145514698 -0.538235658433667 -0.504550496697458 -0.476172345125971 -0.452441296150841 -0.432033484870155 -0.41335880943608 -0.394806044631327 -0.374945708706727 -0.35239375578014 -0.325913705063239 -0.294859336142963 -0.258816822060825 -0.217711649301391 -0.171589592042436 -0.120638261791523 -0.0652637299128744 -0.00660406986757453 0.0540196443590792
-0.974723780062323 -0.941074095411731 -0.907424410766526 -0.873774726179753 -0.840125041758455 -0.806475357608031 -0.772825673773286 -0.739175990257863 -0.705526306961337 -0.671876623760876 -0.63822694054809 -0.604577257218197 -0.570927573654207 -0.537277889690299 -0.503628205174632 -0.469978520060135 -0.436328834321223 -0.402679147913495 -0.369029460786878 -0.335379772887429 -0.301730084160236 -0.2680803945712 -0.234430704169474 -0.200781013057095 -0.167131321464393 -0.133481629617935 -0.0998319376009738 -0.0661822454569453 -0.0325325532133443 0.00111713910631974
-0.979428811331295 -0.945884822865363 -0.91234083444853 -0.878796846118214 -0.8452528578639 -0.811708869682353 -0.778164881647368 -0.744620893838122 -0.711076906278278 -0.677532918972082 -0.64398893190164 -0.610444945043519 -0.576900958375415 -0.543356971879534 -0.509812985536924 -0.476268999319495 -0.442725013217933 -0.409181027307172 -0.375637041666542 -0.342093056308726 -0.308549071229738 -0.275005086410896 -0.241461101774702 -0.207917117230649 -0.174373132694985 -0.140829148087862 -0.107285163338284 -0.0737411783986198 -0.0401971933058385 -0.00665320811805846
-1.00199513901129 -0.968048352885647 -0.934120948384053 -0.900231350081679 -0.866357754814508 -0.832470062371841 -0.798545212095429 -0.764570331921236 -0.730566264609631 -0.696547862538209 -0.662472301729071 -0.628282339115444 -0.593922217542618 -0.559342123504137 -0.524503886161056 -0.489409961696203 -0.454067870159801 -0.418464760049877 -0.382583693584325 -0.346411759412715 -0.309937052792535 -0.273151966802543 -0.236066085806575 -0.198698672471046 -0.161090511387607 -0.123288560046301 -0.0853429456054863 -0.0473009746147655 -0.00919550152038285 0.0289442322572564
-1.03630208684791 -1.00040827135425 -0.964514455948255 -0.928620640740979 -0.892726825896271 -0.856833011593715 -0.820939198023025 -0.785045385349949 -0.749151573634225 -0.713257762892109 -0.677363953071919 -0.641470144104994 -0.605576335914863 -0.569682528393826 -0.533788721420474 -0.497894914849811 -0.462001108552467 -0.426107302485166 -0.390213496631708 -0.354319690998076 -0.318425885595801 -0.282532080433549 -0.246638275508524 -0.210744470816746 -0.174850666360963 -0.138956862123929 -0.103063058001695 -0.0671692538855793 -0.0312754497346668 0.00461835447501466
-1.0534339558871 -1.01492930028178 -0.976424644619631 -0.937919988856466 -0.899415332990854 -0.860910677028994 -0.822406020964903 -0.783901364787742 -0.745396708479421 -0.70689205202078 -0.668387395395601 -0.629882738588407 -0.591378081600209 -0.552873424497983 -0.514368767358854 -0.475864110234576 -0.437359453145775 -0.398854796013939 -0.360350138736135 -0.321845481210867 -0.283340823336999 -0.244836165040741 -0.206331506357673 -0.167826847329996 -0.129322187917004 -0.0908175280647991 -0.0523128677496293 -0.0138082069851193 0.024696454095737 0.0632011153301039
-0.974619941893448 -0.943016864601811 -0.911413789681926 -0.879810719053831 -0.848207653237706 -0.816604592529706 -0.785001537729731 -0.753398489673507 -0.721795448836309 -0.690192415599514 -0.658589390329343 -0.626986373388232 -0.595383365245363 -0.563780366796906 -0.532177378774914 -0.500574400828004 -0.468971432637646 -0.437368475100176 -0.405765529451125 -0.374162597067944 -0.342559679363563 -0.310956777250524 -0.279353889639809 -0.247751014933166 -0.216148151496951 -0.184545297608821 -0.15294245122703 -0.121339610227569 -0.0897367724768052 -0.0581339358386937
-0.997527512659083 -0.96296087580319 -0.928394238874735 -0.893827601788465 -0.859260964573786 -0.824694327274886 -0.790127689880425 -0.755561052351817 -0.72099441459703 -0.686427776527119 -0.651861138118934 -0.617294499365775 -0.5827278602981 -0.548161221095011 -0.513594581963134 -0.479027943070559 -0.444461304572341 -0.409894666609944 -0.375328029274156 -0.340761392466658 -0.30619475604185 -0.271628119860104 -0.237061483805649 -0.202494847782084 -0.167928211746624 -0.133361575664915 -0.0987949394827211 -0.0642283031599056 -0.0296616667326028 0.00490496974398454
0.963350040262156 0.932250713745756 0.901151387066623 0.870052059998972 0.838952732343784 0.807853403924405 0.776754074626887 0.745654744388153 0.714555413285923 0.683456081420651 0.652356748842929 0.621257415590886 0.590158081691023 0.559058747123328 0.527959411879313 0.496860076043082 0.465760739687083 0.434661402744534 0.40356206513203 0.37246272683892 0.341363387872738 0.310264048247976 0.279164708006962 0.24806536721137 0.216966025972424 0.185866684393461 0.154767342496713 0.123668000303813 0.0925686579150835 0.0614693154505182
-1.09896624543305 -1.02956325411106 -0.957740942978148 -0.88549307717147 -0.818930839731774 -0.765481866291289 -0.733722184944592 -0.728050429522575 -0.735007264339036 -0.738471841032706 -0.729535230059155 -0.701091481578158 -0.649309414055309 -0.583456919179472 -0.515906537725783 -0.458350333591193 -0.419347805563487 -0.39560866887198 -0.380865321716758 -0.368790677739476 -0.35304277944218 -0.329249987635634 -0.30092193636548 -0.271100845231755 -0.233078002817212 -0.18184817601948 -0.128970976012979 -0.0868419447136952 -0.0546355027270898 -0.0282207903309939
-0.973537007710858 -0.941100523812593 -0.908664039860739 -0.876227555816233 -0.843791071637295 -0.811354587296636 -0.778918102827645 -0.746481618268256 -0.714045133613883 -0.681608648870995 -0.649172164132785 -0.616735679514125 -0.584299195121672 -0.55186271102921 -0.51942622729144 -0.486989743919592 -0.454553260897656 -0.422116778144141 -0.389680295568987 -0.35724381311335 -0.32480733072619 -0.29237084836644 -0.25993436603293 -0.227497883733214 -0.19506140146985 -0.162624919233694 -0.13018843697377 -0.0977519546400586 -0.0653154722281878 -0.0328789897451981
-0.978579061830618 -0.949571104666666 -0.932797496939483 -0.926887761412617 -0.903368110322675 -0.841616918923052 -0.779524525061264 -0.752991979146763 -0.731451219242642 -0.678742114886487 -0.602805373860213 -0.522606913506819 -0.457830287210104 -0.431029592517068 -0.452007061181472 -0.476686917620906 -0.464726965128136 -0.444597329832792 -0.448561608616689 -0.4552449585335 -0.429862926679867 -0.349866454039686 -0.241648057145866 -0.142698130041005 -0.0859570012574288 -0.0891168714661666 -0.113427495403339 -0.117860699680464 -0.108719044345566 -0.104137772805795
-0.986662694203557 -0.952485619647875 -0.918308545090382 -0.884131470558501 -0.849954396104473 -0.815777321783006 -0.78160024763386 -0.747423173687166 -0.713246099949487 -0.67906902641365 -0.644891953041118 -0.610714879785517 -0.576537806597123 -0.542360733412827 -0.508183660194167 -0.474006587014657 -0.439829513983164 -0.405652441238005 -0.371475368891763 -0.337298296924644 -0.303121225283759 -0.268944153914318 -0.234767082753925 -0.200590011721744 -0.166412940670771 -0.132235869461486 -0.0980587980504605 -0.0638817264375438 -0.029704654699589 0.00447241706729911
-1.01914754922248 -0.981600237238026 -0.944052925170954 -0.90650561288074 -0.868958300130939 -0.831410986707866 -0.793863672584791 -0.756316357816433 -0.718769042596338 -0.681221727153706 -0.643674411721533 -0.606127096533763 -0.56857978179229 -0.53103246757082 -0.493485153896454 -0.455937840738079 -0.418390528070279 -0.380843215948643 -0.343295904436288 -0.305748593545451 -0.268201283275652 -0.230653973615118 -0.193106664506921 -0.155559355865324 -0.11801204753451 -0.0804647393556355 -0.0429174312278252 -0.00537012308194649 0.0321771850821356 0.0697244932473067
-0.929153304878239 -0.895707860664999 -0.862293270190359 -0.828949275875716 -0.795708068034184 -0.762596593661919 -0.729628378595524 -0.696836857159372 -0.664348518788455 -0.632291692680202 -0.600709011971176 -0.569621685782719 -0.539054209437628 -0.509044223064499 -0.47962711337184 -0.450816108581999 -0.422588286411352 -0.394798281038546 -0.367277669675883 -0.339888245208007 -0.312499354437644 -0.284986485770621 -0.257249694025141 -0.229217912537433 -0.200911022303422 -0.172376372864443 -0.143680240283779 -0.114886962059463 -0.0860341949065878 -0.0571529253445089
-0.987729367629049 -0.953807617616003 -0.919885867703194 -0.885964117948013 -0.852042368296495 -0.818120618693867 -0.784198869193501 -0.75027711987344 -0.716355370802274 -0.682433622031016 -0.648511873549817 -0.614590125333614 -0.580668377360124 -0.546746629618187 -0.512824882091514 -0.478903134732168 -0.444981387482954 -0.411059640281268 -0.377137893073379 -0.343216145846466 -0.309294398597937 -0.275372651331564 -0.241450904076595 -0.207529156876837 -0.173607409808881 -0.139685662952505 -0.105763916367452 -0.0718421700800995 -0.0379204240033989 -0.00399867802194347
-1.06453497693599 -1.017511788615 -0.970621680601674 -0.924032335937402 -0.878108648977019 -0.833209648621525 -0.789473690643136 -0.746952757165779 -0.70557400884898 -0.665254451976611 -0.625995296794312 -0.587818804538164 -0.550723566733755 -0.514613496064694 -0.479373920972836 -0.444910511774991 -0.411166195574766 -0.378212584747986 -0.346146425175429 -0.315036311485478 -0.284943800493415 -0.255902417701814 -0.227833563362427 -0.200618113560064 -0.174086972962621 -0.148052775684705 -0.122305045044695 -0.0966594946958262 -0.0710597104269928 -0.0454812460610015
-0.999099347631665 -0.965336683998145 -0.931574020369831 -0.897811356682438 -0.864048692710405 -0.830286028252088 -0.796523363362794 -0.762760698258311 -0.728998033539398 -0.695235369855037 -0.661472707662147 -0.62771004736963 -0.593947389347901 -0.560184733813443 -0.52642208094193 -0.492659430899763 -0.45889678384743 -0.425134139931056 -0.391371499262693 -0.357608861832477 -0.32384622760006 -0.290083596464273 -0.25632096808065 -0.222558342021507 -0.188795717769573 -0.155033094780222 -0.121270472488973 -0.0875078504030153 -0.0537452283360671 -0.0199826061784776
-1.0838196490777 -1.04409434659576 -1.00434529195933 -0.964558325118596 -0.924769895045079 -0.885038639283368 -0.845461340648961 -0.806135877154453 -0.767126362329923 -0.728488770146468 -0.690280280821776 -0.652558376135182 -0.615378660204537 -0.578789226501763 -0.542824362191762 -0.507470639857301 -0.472697231410909 -0.438451420666312 -0.404662473946569 -0.371209475710878 -0.337958964952473 -0.304790077940384 -0.271632340046833 -0.238446745768977 -0.205269777000555 -0.172145774845038 -0.139075029848262 -0.106044223687832 -0.0730296531260698 -0.0400050186964733
-1.04628044512648 -1.00860855561169 -0.970936666314022 -0.933264777458683 -0.895592889277673 -0.857921001971338 -0.820249115606554 -0.78257723021922 -0.744905345854778 -0.707233462560032 -0.669561580377665 -0.631889699349329 -0.594217819483066 -0.556545940652467 -0.518874062713259 -0.481202185584171 -0.443530309212034 -0.40585843359309 -0.368186558745653 -0.330514684726911 -0.292842811603772 -0.255170939424185 -0.217499068160289 -0.179827197755045 -0.142155328110546 -0.104483459121514 -0.0668115906940646 -0.0291397227255114 0.00853214493342645 0.0462040124436791
0.988284812158063 0.953809186385077 0.919333560562158 0.884857934696446 0.850382308926352 0.815906683443852 0.781431058523928 0.746955434445777 0.712479811422458 0.678004189610904 0.643528569009687 0.609052949577789 0.574577331265672 0.540101713989721 0.505626097655589 0.471150482160086 0.436674867399891 0.402199253280015 0.367723639713804 0.33324802663962 0.298772414002076 0.264296801768777 0.229821189999295 0.195345578743321 0.160869967919078 0.126394357432078 0.0919187472684681 0.0574431374193737 0.0229675278151874 -0.0115080816288806
-1.05427442097925 -1.01623904400135 -0.978227922847872 -0.940268090767512 -0.902383088588808 -0.864594046680029 -0.826915945988535 -0.789366385595989 -0.751979586542191 -0.714785853595293 -0.677783204478716 -0.6409615851547 -0.604315025876373 -0.567853894060422 -0.531587966587757 -0.49550832103263 -0.459599405573837 -0.42383785011501 -0.388200821776627 -0.352675454821715 -0.317251375298937 -0.281917668887979 -0.246661259792614 -0.211470079825956 -0.176338252714398 -0.141256981229338 -0.106199592408918 -0.0711400302610994 -0.0360725824063692 -0.00099662236834755
-1.0024146321489 -0.969357727335463 -0.936317567037018 -0.903318453310535 -0.87038199581277 -0.837519129790185 -0.804700785248271 -0.771887220560053 -0.739036012809664 -0.706105989516728 -0.673063661231753 -0.639877459262963 -0.606517102474231 -0.572957459952003 -0.539179065936391 -0.505179965059589 -0.470955316707259 -0.436471228886855 -0.401696516146125 -0.36663987057219 -0.331319953637017 -0.295759293142377 -0.259995882209262 -0.224072806276455 -0.188038054734684 -0.15193484879211 -0.115782432974697 -0.0795938819473394 -0.0433815676128614 -0.00715768618357018
-0.971084044146302 -0.938690164701957 -0.90630278011354 -0.873929746606328 -0.841574374353385 -0.809237093534564 -0.776911360409109 -0.744585746817524 -0.71223626084595 -0.679836955564364 -0.647366627732458 -0.614805260032352 -0.58213337011994 -0.549333615546218 -0.516392360833189 -0.483308658491802 -0.450086529367246 -0.416737179652756 -0.383275225480131 -0.349721737387405 -0.316099399514166 -0.282429343237127 -0.248726488881482 -0.215002614705647 -0.181263141752436 -0.147509840135999 -0.113736233471417 -0.0799364652966598 -0.0461154053403234 -0.0122806048786578
-0.983021271730803 -0.94859877588146 -0.914176280156297 -0.879753784691833 -0.845331289652459 -0.810908795201155 -0.7764863014674 -0.742063808576743 -0.707641316672514 -0.673218825882333 -0.6387963362532 -0.604373847811965 -0.569951360604153 -0.53552887475001 -0.501106390373562 -0.466683907539241 -0.432261426268469 -0.397838946470229 -0.36341646800558 -0.328993990656322 -0.294571514184443 -0.260149038359718 -0.225726562983083 -0.191304087910555 -0.156881613187331 -0.122459138878677 -0.0880366649409697 -0.0536141912934688 -0.0191917178158541 0.0152307556220899
-0.944686224579608 -0.913479302397742 -0.882272380366707 -0.85106545864038 -0.819858537339564 -0.78865161656486 -0.757444696369143 -0.726237776800822 -0.695030857938167 -0.663823939857303 -0.632617022595907 -0.601410106182047 -0.570203190624176 -0.538996275852304 -0.507789361762212 -0.476582448191203 -0.445375534997837 -0.414168622184157 -0.382961709756961 -0.351754797598566 -0.320547885560169 -0.289340973486213 -0.258134061194128 -0.226927148520375 -0.195720235404556 -0.164513321843567 -0.133306407960339 -0.102099493895519 -0.0708925797345972 -0.0396856655492725
-0.963985936358551 -0.932671542745851 -0.901357149187124 -0.87004275572167 -0.83872836239548 -0.807413969233697 -0.776099576171374 -0.744785183097143 -0.713470789804023 -0.682156396075539 -0.650842001752857 -0.619527606691551 -0.588213210783385 -0.556898814064873 -0.525584416625405 -0.494270018621117 -0.462955620196689 -0.431641221384236 -0.400326822196257 -0.369012422679363 -0.337698022888692 -0.306383622891076 -0.275069222800125 -0.243754822736384 -0.21244042280137 -0.181126023056827 -0.149811623424452 -0.118497223810348 -0.087182824198294 -0.0558684245914898
-0.995007905293821 -0.961428635068604 -0.927849364840047 -0.894270094597015 -0.860690824284929 -0.827111553854177 -0.793532283318482 -0.759953012699583 -0.726373741987962 -0.692794471177133 -0.659215200303999 -0.625635929416315 -0.592056658572714 -0.55847738787535 -0.524898117420402 -0.49131884723661 -0.457739577341748 -0.424160307777162 -0.390581038588581 -0.357001769815701 -0.323422501496709 -0.289843233647749 -0.256263966196783 -0.222684699043113 -0.189105432059572 -0.155526165120034 -0.121946898128996 -0.088367631019923 -0.054788363811504 -0.021209096543736
-1.01759479947238 -0.981180612051166 -0.944751570651493 -0.90829654546323 -0.871817514230324 -0.835322279165358 -0.798828832801392 -0.762356529406949 -0.725919979871927 -0.689532132604092 -0.653204029461304 -0.616946235663948 -0.580771667158879 -0.54470264279884 -0.508762062784629 -0.472965749803389 -0.437323303425713 -0.401826508269637 -0.366466718237205 -0.33125137931905 -0.296191960527949 -0.261299832317826 -0.226585970907175 -0.19205354790722 -0.157674910735533 -0.123415872700785 -0.0892469348697082 -0.0551413996577185 -0.0210790871169073 0.0129585532914646
-0.973760552088956 -0.937930488576097 -0.902102642075178 -0.8662879186612 -0.830507665076788 -0.794781750691773 -0.759113694717204 -0.723502378643399 -0.687944483236541 -0.652438193233551 -0.616989909978417 -0.581608088966897 -0.546301482054561 -0.511080026536215 -0.475953619555815 -0.440930812214656 -0.406016943261526 -0.371205848077837 -0.336489588941762 -0.301864639085887 -0.267328574481402 -0.232878938898142 -0.198513147300531 -0.164225983888936 -0.130001838612912 -0.0958215278473809 -0.0616619679195643 -0.0275031211555457 0.00665896607544039 0.0408242263933717
-0.907417081956375 -0.989372016688973 -0.992808655798529 -0.88689269094767 -0.786032559017044 -0.792556955003661 -0.81523286115195 -0.756579803063096 -0.687689192517864 -0.692119535808568 -0.734725831094113 -0.75068719950005 -0.690556784322573 -0.566383817540441 -0.414862003012078 -0.30976684343202 -0.305938240744976 -0.34539189506024 -0.357234055359842 -0.331757367952173 -0.274551078477217 -0.196113349855127 -0.126578014126742 -0.0954262501450523 -0.109892954890968 -0.15949384256627 -0.185114178128295 -0.136659453066156 -0.0487465142405051 0.0228299526451207
-0.988923690411977 -0.955332949439612 -0.921742208515608 -0.888151467640117 -0.854560726755866 -0.820969985804671 -0.787379244782118 -0.753788503707863 -0.72019776264406 -0.686607021670578 -0.653016280895656 -0.619425540434621 -0.585834800384989 -0.552244060773034 -0.518653321598239 -0.485062582824185 -0.451471844388597 -0.41788110616167 -0.384290368020176 -0.350699629934726 -0.317108891899389 -0.283518153899004 -0.249927415881491 -0.216336677789675 -0.18274593958294 -0.14915520123652 -0.11556446277249 -0.0819737242241175 -0.048382985622583 -0.0147922469985462
-1.01167384415271 -0.977046996290045 -0.942420148401413 -0.907793300385478 -0.873166452062531 -0.838539603258408 -0.803912753899493 -0.769285903953978 -0.734659053456734 -0.700032202473256 -0.66540535112486 -0.630778499546815 -0.596151647882107 -0.561524796304584 -0.526897944963699 -0.492271093880462 -0.45764424305379 -0.423017392522691 -0.388390542313969 -0.353763692365519 -0.319136842593009 -0.284509992945387 -0.249883143504705 -0.215256294363162 -0.180629445520431 -0.146002596949434 -0.111375748608642 -0.0767489004504602 -0.0421220524174964 -0.00749520444991057
-0.959029166259545 -0.930629015006239 -0.902210474217873 -0.873744633153949 -0.845183449021785 -0.816469899911422 -0.787530179495957 -0.758290217152048 -0.728691669487513 -0.698695259011463 -0.668322244607014 -0.637609019250785 -0.606595651116103 -0.575336909163133 -0.543890300420876 -0.512309583406851 -0.480631075983154 -0.44882508190167 -0.416848118118637 -0.38466756851792 -0.352253533715289 -0.319586088517584 -0.286685204495917 -0.253584644180614 -0.220333437174598 -0.18697770077681 -0.153536635997683 -0.120025082122871 -0.0864673478274068 -0.0528901091336676
-0.987756426782361 -0.956482890612604 -0.925199815940959 -0.893893237062104 -0.862510671736864 -0.830992582760314 -0.799289729598397 -0.767345612420728 -0.735064397540735 -0.702356123436979 -0.669193651104733 -0.635565547168449 -0.601468167591995 -0.566929025696909 -0.531975283807129 -0.496601542898521 -0.460800147605417 -0.424586978544067 -0.387984945358555 -0.351021537822371 -0.313725390741357 -0.276127904838723 -0.238271544507156 -0.20019734600755 -0.161929569404159 -0.123492728012688 -0.0849291243512845 -0.0462836927577919 -0.00759410564638851 0.0311037800496635
-0.953135397073134 -0.930459141931514 -0.907396010921601 -0.883383828684111 -0.858093165755409 -0.831338544475007 -0.803277548499335 -0.774056281289835 -0.743431864211096 -0.711149129649716 -0.677292736177205 -0.642032298911298 -0.605479896144828 -0.567517458871028 -0.528071429266596 -0.487476441541713 -0.446213112126386 -0.404937794296437 -0.364299031176171 -0.324738388438022 -0.286645687391453 -0.250358938982988 -0.216008912707398 -0.183556881075471 -0.152493370113826 -0.122203969932953 -0.0921252734630145 -0.0618129629785396 -0.0312480753118605 -0.000517985934759834
-1.01403130171571 -0.978444488086342 -0.942857674578971 -0.907270861338313 -0.871684048418359 -0.836097235846332 -0.800510423633116 -0.76492361180206 -0.729336800442723 -0.693749989636728 -0.658163179367759 -0.622576369595015 -0.586989560288229 -0.551402751459271 -0.515815943143816 -0.480229135430625 -0.444642328402422 -0.409055522064706 -0.373468716400745 -0.337881911382105 -0.302295106977426 -0.266708303153653 -0.231121499870953 -0.195534697095911 -0.159947894827567 -0.124361093060656 -0.0887742917402211 -0.0531874907882993 -0.0176006900845881 0.0179861105017997
-1.00600594726415 -0.972283212211812 -0.938560477249818 -0.904837742482317 -0.871115008033389 -0.837392274023875 -0.80366954054173 -0.769946807637339 -0.736224075243683 -0.702501343270801 -0.668778611654364 -0.635055880336449 -0.60133314924199 -0.567610418227345 -0.533887687146417 -0.500164955911886 -0.466442224452121 -0.432719492699483 -0.398996760590164 -0.365274028071693 -0.33155129509443 -0.297828561603967 -0.264105827526817 -0.230383092792704 -0.196660357363273 -0.162937621245715 -0.12921488459749 -0.0954921475998634 -0.0617694103790648 -0.0280466730475624
-1.0394210289552 -1.00306746537065 -0.966713901824765 -0.930360338361934 -0.894006775084942 -0.857653212111608 -0.821299649561479 -0.784946087523065 -0.748592525959029 -0.71223896477471 -0.675885403771982 -0.639531842726856 -0.603178281446989 -0.566824719866625 -0.530471157950818 -0.494117595661285 -0.457764032985405 -0.421410470016521 -0.385056906866654 -0.348703343616551 -0.312349780339144 -0.275996217101682 -0.239642653948678 -0.203289090914609 -0.166935528016531 -0.130581965255249 -0.0942284025839873 -0.0578748399499065 -0.0215212773234814 0.0148322853189838
-1.00399873280805 -0.969035982758335 -0.934073232640449 -0.899110482361714 -0.864147731780259 -0.829184980764151 -0.794222229270424 -0.759259477285567 -0.724296724824945 -0.689333971906846 -0.654371218532374 -0.61940846469834 -0.584445710419383 -0.549482955781462 -0.514520200900981 -0.479557445944817 -0.444594691058924 -0.409631936255106 -0.374669181486967 -0.339706426609458 -0.304743671452865 -0.269780915863403 -0.234818159750993 -0.199855403057819 -0.16489264579142 -0.129929888001214 -0.0949671298388058 -0.0600043714642319 -0.0250416129690883 0.00992114557213948
-1.03749315004748 -0.999670494420975 -0.961847838821009 -0.924025183237192 -0.886202527579893 -0.84837987173416 -0.81055721556301 -0.772734558941497 -0.734911901814862 -0.697089244149201 -0.659266585923835 -0.621443927121398 -0.583621267731442 -0.545798607771203 -0.507975947261492 -0.47015328620972 -0.432330624596469 -0.394507962308387 -0.356685299227811 -0.318862635313754 -0.281039970544396 -0.243217304904928 -0.205394638408562 -0.167571971096797 -0.129749303096227 -0.0919266345301025 -0.0541039654231789 -0.0162812958019775 0.0215413742014336 0.0593640444285994
-0.984134058856134 -0.951779770156723 -0.91942548146 -0.887071192751504 -0.854716904055032 -0.822362615402509 -0.790008326820124 -0.757654038322735 -0.725299749885629 -0.692945461478771 -0.660591173090421 -0.628236884713409 -0.595882596325241 -0.563528307842116 -0.531174019172846 -0.498819730257994 -0.46646544108329 -0.434111151783387 -0.401756862520453 -0.369402573417802 -0.337048284589032 -0.30469399614636 -0.272339708196482 -0.239985420815138 -0.20763113395976 -0.17527684756346 -0.142922561580364 -0.110568275958988 -0.0782139906043728 -0.0458597054106889
-1.01525196810277 -0.98060406689536 -0.945956165748614 -0.911308264734815 -0.876660363953498 -0.842012463497465 -0.807364563405341 -0.772716663681112 -0.738068764244382 -0.703420864990028 -0.668772965798415 -0.634125066546281 -0.599477167116474 -0.564829267416287 -0.530181367387669 -0.495533467086736 -0.460885566595671 -0.426237665986749 -0.391589765318523 -0.35694186460457 -0.322293963847222 -0.287646063055263 -0.252998162263287 -0.218350261491095 -0.183702360673512 -0.149054459738301 -0.114406558669951 -0.0797586574753933 -0.0451107561945829 -0.0104628548757324
-1.02459542935245 -0.988629727432107 -0.952664025420964 -0.916698323210241 -0.880732620649502 -0.844766917593587 -0.808801213960089 -0.772835509715447 -0.736869804958739 -0.700904099811176 -0.664938394349861 -0.628972688640874 -0.593006982736205 -0.5570412766315 -0.521075570320788 -0.485109863847979 -0.449144157238754 -0.413178450395989 -0.37721274321033 -0.341247035646301 -0.305281327686893 -0.269315619339651 -0.233349910710321 -0.197384201925357 -0.161418493095862 -0.125452784318164 -0.0894870756448737 -0.0535213671025404 -0.0175556586571994 0.0184100497402435
-1.02213038852078 -0.987072563144472 -0.952014737713526 -0.916956912180509 -0.881899086488367 -0.846841260552416 -0.811783434187094 -0.776725607245906 -0.741667779839513 -0.706609952109743 -0.671552124065938 -0.636494295684317 -0.60143646691549 -0.566378637607638 -0.531320807570309 -0.496262976560962 -0.46120514430261 -0.426147310432566 -0.39108947461961 -0.356031636744072 -0.320973796739171 -0.28591595457728 -0.250858110387372 -0.215800264350883 -0.180742416702479 -0.145684567694385 -0.11062671759583 -0.0755688666851662 -0.0405110152602193 -0.00545316362368618
-0.949565609074721 -0.919856264825395 -0.890107470215179 -0.8602728509761 -0.830300447594879 -0.800146994537832 -0.769809587434952 -0.739286634429277 -0.708541432552332 -0.677527846063395 -0.64619711924427 -0.614499841382393 -0.58239691628215 -0.549890505815736 -0.516998604309616 -0.483761277839541 -0.450227511472485 -0.416459894491051 -0.382519103308919 -0.348444558648457 -0.314270367309206 -0.2800248428538 -0.245713125897252 -0.211339184130844 -0.176925466498561 -0.142495530437934 -0.108058886107968 -0.0736220982398473 -0.0391939971320012 -0.00478397947467168
-1.0143475531492 -0.979677620254083 -0.945007687271698 -0.910337754152352 -0.875667820946855 -0.840997887720429 -0.806327954495449 -0.771658021293982 -0.736988088179721 -0.70231815520886 -0.667648222365979 -0.632978289617753 -0.598308356929793 -0.563638424263454 -0.52896849159791 -0.494298558987867 -0.459628626498381 -0.424958694160362 -0.390288762001466 -0.35561883007048 -0.320948898421473 -0.286278967078433 -0.251609035945035 -0.216939104893359 -0.182269173789418 -0.147599242530482 -0.112929311144906 -0.0782593796901847 -0.0435894482092875 -0.00891951674155303
-1.0069494448076 -0.971664654664591 -0.936376417488669 -0.901086225780506 -0.865804917320683 -0.830545791284763 -0.795322647148351 -0.760147763724741 -0.725026836877952 -0.689963322381231 -0.654958298594029 -0.620012249522346 -0.585127614890528 -0.550314657296308 -0.515585312654296 -0.480950387273223 -0.446417296251324 -0.411981019450712 -0.377631883952687 -0.343354040951403 -0.30913009766923 -0.274943096027498 -0.240777816743382 -0.2066204168798 -0.172460820086801 -0.138291588396946 -0.104112070785727 -0.0699236955021635 -0.035729420946446 -0.00153258805655833
0.988617106544185 0.954697398255901 0.920777690011546 0.886857981861313 0.852938273848314 0.819018566003997 0.785098858320226 0.751179150788052 0.717259443434867 0.683339736281123 0.649420029283181 0.615500322381382 0.581580615521272 0.547660908669208 0.513741201805434 0.479821494944926 0.445901788080957 0.411982081085242 0.378062373831517 0.34414266632314 0.310222958595871 0.276303250707269 0.242383542802073 0.208463835019296 0.17454412738787 0.140624419907727 0.106704712572868 0.0727850053686204 0.0388652982515187 0.00494559117090266
-0.973388954424333 -0.939364261231684 -0.905338844141341 -0.871306034540674 -0.837257113481877 -0.80318416913358 -0.769084568465339 -0.734962162539574 -0.700841459989221 -0.666752496873196 -0.632726761383803 -0.598796104746694 -0.56498605010599 -0.531296808279687 -0.4977242953819 -0.464272561037345 -0.43094668233457 -0.397747712706839 -0.364674981663817 -0.33172494667604 -0.298893347204264 -0.266171876944743 -0.233536046535735 -0.200959928873217 -0.168428028942044 -0.135927925278938 -0.103449058539218 -0.0709823408749269 -0.0385227083064115 -0.0060661028210929
-0.992533774939822 -0.954946350475841 -0.917362811234893 -0.879817373031632 -0.842396611684181 -0.805197343269083 -0.768304984893077 -0.731794242374915 -0.695708375351218 -0.660070837324496 -0.62485730344296 -0.590031504266247 -0.55557499285485 -0.521540612272681 -0.487985826678765 -0.454915294609154 -0.42230835201194 -0.390095850106341 -0.358206531839532 -0.326609191799399 -0.295282637484001 -0.264208934859835 -0.233383183767135 -0.202803365599302 -0.172465954088666 -0.142362786061671 -0.112468658382283 -0.0827477896336284 -0.0531391252379318 -0.0235752923271959
-1.03967438485753 -1.00436542438903 -0.969056463860238 -0.933747503218902 -0.898438542415037 -0.863129581420425 -0.827820620291662 -0.792511659107646 -0.757202697951674 -0.721893736903705 -0.68658477602596 -0.651275815376228 -0.615966855007086 -0.580657894950286 -0.545348935219751 -0.510039975778936 -0.474731016560937 -0.439422057427914 -0.404113098203718 -0.368804138629921 -0.333495178427526 -0.298186217364531 -0.262877255396921 -0.227568292555633 -0.192259328983427 -0.156950364847958 -0.121641400304617 -0.0863324354935704 -0.0510234705063528 -0.0157145054223393
-1.03806342331512 -0.993789331222427 -0.949753721186277 -0.90608443798501 -0.862858722514023 -0.820160403196948 -0.778150262453314 -0.736979864270474 -0.696686944911176 -0.657313804966361 -0.619034830064333 -0.582057427092739 -0.546560651869774 -0.512610155935836 -0.480176453780874 -0.448962915970832 -0.418611434692179 -0.388785132537471 -0.359167730039454 -0.329504109085545 -0.299554441901823 -0.269090081047827 -0.23792710041691 -0.205924978872293 -0.173072093822852 -0.139397329905445 -0.104962702123199 -0.0698592037844801 -0.0342606110523505 0.00163860419645628
-0.885741782957553 -0.858730287045955 -0.836426333996807 -0.821887240470176 -0.815907441314655 -0.816697414406568 -0.814394691544637 -0.800048818162992 -0.776430340314991 -0.747999492664237 -0.714254263696086 -0.673452080351332 -0.62515834580802 -0.574170368193195 -0.525726828091812 -0.481599990971447 -0.442660979501142 -0.40964276027317 -0.383056341645981 -0.362663055119518 -0.34803681297909 -0.338158232795804 -0.329634753283932 -0.317699031988757 -0.294457780636438 -0.25246388749542 -0.18918089282244 -0.104499734531496 -0.00311028917734884 0.109097832025051
-1.01789276631491 -0.982612443158503 -0.947332119877012 -0.912051796341608 -0.876771472424798 -0.84149114800266 -0.806210822964241 -0.770930497219869 -0.735650170752054 -0.700369843534911 -0.665089515436795 -0.629809186299617 -0.594528855984315 -0.559248524427909 -0.523968191620195 -0.488687857685959 -0.453407522791113 -0.418127187131068 -0.382846850868891 -0.34756651400875 -0.312286176515093 -0.277005838342265 -0.241725499404215 -0.206445159660931 -0.171164819296961 -0.135884478555321 -0.100604137688337 -0.0653237968979005 -0.0300434561748414 0.00523688454277373
-0.987710389350487 -0.952641250302017 -0.917572111291015 -0.882502972338777 -0.84743383337832 -0.81236469432216 -0.777295555089077 -0.742226415628407 -0.707157276005423 -0.67208813629493 -0.637018996493905 -0.601949856579867 -0.566880716555489 -0.531811576524051 -0.496742436623305 -0.461673297028275 -0.426604157915092 -0.391535019427022 -0.356465881678412 -0.321396744700784 -0.286327608504953 -0.25125847305859 -0.216189338156786 -0.181120203565267 -0.146051069104877 -0.110981934613736 -0.0759127999439667 -0.040843664992839 -0.00577452982422203 0.0292946054563658
-1.04937568892838 -1.01295455883405 -0.97653342874598 -0.940112298710628 -0.903691168793346 -0.867270039072078 -0.830848909656301 -0.794427780664755 -0.758006652221713 -0.721585524431935 -0.685164397316589 -0.648743270875946 -0.612322145095867 -0.575901019904578 -0.539479895196152 -0.503058770785698 -0.466637646476062 -0.430216522099983 -0.393795397513233 -0.357374272633802 -0.320953147395235 -0.28453202174243 -0.248110895665711 -0.211689769174665 -0.175268642310521 -0.138847515117702 -0.102426387621772 -0.0660052598582514 -0.029584131921333 0.00683699608011947
0.92259146006329 0.917298843440793 0.911374933582081 0.902537204340425 0.885065444230145 0.855919483768683 0.82621700682492 0.805943039954643 0.786394127109814 0.756951797130242 0.718026001010945 0.672783795285747 0.623747153067034 0.57085771378146 0.514892223532822 0.462548188819225 0.420565976611363 0.389936635375976 0.368867824560862 0.350182966041997 0.325359422302405 0.287567643042315 0.23675042683077 0.176805317479709 0.120676490903826 0.0818154354539141 0.0666562571224062 0.0771508381522193 0.104339548146556 0.136534878548692
1.05895455985526 0.998295076683404 0.938034045418479 0.87941163957125 0.82456225285216 0.775607400517541 0.733722863807589 0.699230685034686 0.669983684816072 0.643532296961815 0.618686629748417 0.59457171006899 0.57034349923793 0.545281696254764 0.518667877138472 0.489667388300716 0.457555219723242 0.422161165275449 0.383626291580243 0.342781952386914 0.300632073226343 0.258010798765744 0.215073150217635 0.171800667435067 0.128160088287901 0.0845427745921415 0.0430533859315418 0.00560995132687443 -0.0283293202207753 -0.0599211747152436
1.06402080624427 1.00501833796821 0.947174201515659 0.891905982991633 0.842017676699183 0.800162468033599 0.767003898561054 0.742731326886264 0.727627023597226 0.720658376571841 0.715440330864353 0.704249720823089 0.680717882870818 0.643894161728077 0.595169768939322 0.539885375046925 0.483823269166119 0.430582755705641 0.382542049796328 0.339377994163901 0.300092088432803 0.264021889562217 0.231849183850284 0.203337519922095 0.173233266371599 0.137090912913591 0.0987146137774075 0.0630230642736386 0.0311434595233457 0.00325511960020775
0.982102392580969 0.948305899610559 0.914509406570119 0.880712913375808 0.846916419933903 0.813119926132514 0.779323431796968 0.745526936752382 0.711730440885816 0.677933944138333 0.644137446605067 0.610340948419666 0.576544449687326 0.542747950399417 0.508951450515079 0.475154949978341 0.441358448775291 0.407561947075361 0.373765445063381 0.339968942802428 0.306172440325144 0.272375937645239 0.238579434700696 0.204782931429762 0.170986427847461 0.137189924008001 0.103393420045561 0.069596916087973 0.0358004121577128 0.00200390825091775
-1.0521191375028 -1.01503854765777 -0.97795795778283 -0.94087736779532 -0.903796777644018 -0.86671618733128 -0.829635597042374 -0.792555007000999 -0.755474417401677 -0.718393828417799 -0.681313240167429 -0.644232652754801 -0.607152066245401 -0.570071480549742 -0.532990895553726 -0.495910311199802 -0.458829727425994 -0.421749144096093 -0.384668561062754 -0.347587978208346 -0.310507395422661 -0.273426812619439 -0.236346229808203 -0.199265646991377 -0.162185064047198 -0.125104480851291 -0.0880238973930191 -0.0509433137026456 -0.0138627298603088 0.0232178540413843
-0.978256048873443 -0.943881146644302 -0.9095062443608 -0.875131341965976 -0.840756439400076 -0.806381536613256 -0.77200663359809 -0.737631730355354 -0.703256826876206 -0.668881923140296 -0.634507019090876 -0.600132114662094 -0.565757209787311 -0.531382304396734 -0.497007398452753 -0.462632492049651 -0.428257585309579 -0.393882678334259 -0.359507771230467 -0.325132864145597 -0.290757957237201 -0.256383050655318 -0.222008144519938 -0.187633238922027 -0.153258333866503 -0.118883429311848 -0.0845085251168623 -0.0501336211334582 -0.0157587172856848 0.0186161864843749
-1.05563076092977 -1.00978300138411 -0.962005940682884 -0.911193063036641 -0.858043058847376 -0.803947564320878 -0.751264792686639 -0.702257906920064 -0.657843291956493 -0.618333689108262 -0.582974043235748 -0.550742350086339 -0.520746877819895 -0.492616984246169 -0.466030569665225 -0.440338614688473 -0.414619888654345 -0.387191235497992 -0.356685026479336 -0.323757667560662 -0.289571573379846 -0.255254182553419 -0.221793029612536 -0.190208181048226 -0.161789735276393 -0.137606834768376 -0.117574766292387 -0.101076129975641 -0.0865166350844966 -0.0720577681701007
0.995031024995572 0.983238046121128 0.968850666371364 0.946994302831926 0.914392757811678 0.87003941988566 0.820407637470405 0.773029410729504 0.732191386973309 0.700136723295325 0.674179968774924 0.650403520487943 0.624649383255853 0.591797992882657 0.548204015115807 0.497080604494008 0.443010708023304 0.389197953787836 0.338266597660827 0.291902725593752 0.251557881057645 0.21814864683992 0.190451762993495 0.1663614148989 0.142381411981599 0.115918879055448 0.0893845784429387 0.0656341822875856 0.0442993645083676 0.0242057994681297
