-1.01247562841937 -0.977291775529644 -0.942107922600569 -0.906924069588049 -0.87174021653129 -0.836556363496934 -0.801372510578057 -0.766188657878222 -0.731004805516495 -0.695820953633382 -0.660637102439631 -0.625453252163551 -0.590269403006857 -0.55508555506488 -0.519901708383356 -0.484717862916014 -0.449534018556 -0.414350175046126 -0.379166332131437 -0.343982489716244 -0.308798647744675 -0.273614806177477 -0.238430965041882 -0.203247124361279 -0.168063284077219 -0.132879444087413 -0.0976956041960752 -0.0625117642272556 -0.0273279241778516 0.00785591591202754
-1.00854240116772 -0.97262127940887 -0.936700157663776 -0.900779035940475 -0.864857914365636 -0.828936793073531 -0.793015672110199 -0.757094551509816 -0.721173431347325 -0.685252311696287 -0.649331192583992 -0.613410074026156 -0.577488956043161 -0.541567838674047 -0.505646721942692 -0.469725605793678 -0.433804490116694 -0.397883374661178 -0.361962259159851 -0.326041143418839 -0.290120027262618 -0.254198910543983 -0.218277793229017 -0.1823566753105 -0.146435556774738 -0.110514437629519 -0.0745933179750461 -0.0386721979391221 -0.00275107766752518 0.0331700426894718
-1.05990889513391 -1.02175690876441 -0.983604922281435 -0.945452935580703 -0.907300948636246 -0.869148961470124 -0.830996974218186 -0.792844987034847 -0.754693000034994 -0.716541013305881 -0.678389026863765 -0.640237040707153 -0.602085054824866 -0.563933069166979 -0.52578108367473 -0.487629098292746 -0.4494771129634 -0.411325127616666 -0.373173142184992 -0.335021156623138 -0.296869170891441 -0.258717184945989 -0.220565198725871 -0.182413212167718 -0.144261225215324 -0.106109237847147 -0.0679572501731361 -0.0298052623222291 0.00834672563217889 0.046498713630578
-0.969278184224872 -0.93647462010587 -0.903671055986004 -0.870867491836405 -0.838063927620564 -0.805260363303778 -0.772456798866219 -0.739653234264496 -0.706849669346101 -0.674046103964406 -0.641242538105418 -0.608438971788299 -0.575635405042085 -0.542831837935301 -0.510028270546303 -0.477224702953298 -0.444421135232331 -0.411617567450931 -0.378813999667215 -0.346010431910142 -0.313206864201383 -0.280403296565185 -0.247599729036098 -0.214796161638678 -0.181992594347207 -0.149189027119705 -0.116385459899438 -0.0835818926413198 -0.0507783253615933 -0.0179747580918371
-1.01390811963157 -0.977755491513448 -0.941602863321817 -0.905450235003637 -0.869297606531812 -0.833144977910332 -0.796992349241577 -0.760839720676545 -0.724687092462328 -0.688534464828867 -0.65238183784142 -0.616229211524072 -0.580076585943984 -0.543923961340629 -0.507771337966434 -0.471618715953332 -0.435466095379162 -0.399313476225885 -0.36316085845963 -0.32700824207907 -0.290855627091016 -0.254703013484931 -0.218550401180886 -0.182397790092006 -0.146245180173006 -0.110092571348315 -0.0739399633796178 -0.0377873559997942 -0.00163474898924964 0.0345178578597295
-1.00030448575716 -0.964655513213554 -0.929006540760053 -0.893357568450934 -0.857708596311217 -0.822059624346358 -0.786410652512817 -0.7507616807818 -0.715112709232516 -0.679463737965954 -0.643814767062229 -0.608165796596234 -0.572516826609675 -0.536867857011507 -0.501218887656673 -0.46556991831682 -0.429920948780023 -0.39427197898335 -0.358623008888619 -0.322974038407661 -0.287325067439808 -0.251676095885545 -0.216027123649975 -0.180378150666989 -0.144729176981033 -0.109080202654542 -0.0734312277113631 -0.0377822522001857 -0.00213327630766649 0.0335156997450465
-1.01505388242912 -0.98082753404853 -0.94660118583872 -0.912374838010294 -0.878148490704511 -0.84392214403363 -0.809695798063265 -0.775469452854591 -0.74124310849768 -0.707016765063776 -0.672790422519898 -0.638564080807012 -0.604337739877295 -0.57011139972778 -0.535885060357597 -0.501658721729422 -0.467432383785434 -0.433206046422294 -0.398979709546597 -0.364753373150197 -0.330527037246262 -0.296300701854534 -0.262074367021047 -0.227848032783272 -0.193621699118133 -0.159395365963851 -0.125169033164389 -0.0909427005568042 -0.0567163680448034 -0.0224900355487531
-1.00030597390601 -0.964750111207174 -0.929194248495328 -0.893638385805775 -0.858082523135972 -0.822526660478538 -0.786970797844599 -0.751414935268651 -0.71585907286018 -0.680303210724957 -0.644747348878915 -0.609191487315528 -0.573635626044842 -0.5380797651432 -0.502523904690554 -0.466968044714999 -0.431412185230923 -0.395856326249742 -0.360300467770912 -0.324744609749023 -0.289188752127451 -0.253632894832093 -0.218077037718934 -0.182521180626979 -0.146965323397199 -0.111409465905835 -0.0758536081682221 -0.0402977502399953 -0.00474189219888396 0.0308139658718586
-0.99312725661482 -0.959344335754679 -0.925561414858368 -0.891778493875309 -0.857995572849476 -0.824212651850311 -0.79042973095462 -0.756646810259537 -0.722863889936165 -0.689080970153155 -0.655298050995383 -0.621515132526779 -0.587732214808313 -0.553949297889107 -0.520166381805687 -0.486383466556042 -0.452600552133858 -0.418817638554139 -0.385034725813368 -0.351251813812613 -0.317468902429089 -0.283685991544389 -0.249903081057632 -0.216120170904473 -0.182337261149211 -0.148554351863965 -0.114771443023495 -0.0809885345617045 -0.0472056263464457 -0.0134227182290561
1.06220588387157 1.02408215289865 0.985958421971672 0.94783469111936 0.90971096036393 0.871587229737009 0.833463499314342 0.795339769171065 0.757216039335783 0.719092309810632 0.680968580538418 0.642844851447115 0.604721122470925 0.566597393568974 0.528473664693607 0.490349935745128 0.452226206643701 0.414102477440958 0.375978748209649 0.337855018975521 0.299731289752567 0.2616075605436 0.223483831306689 0.18536010199987 0.147236372625771 0.109112643199722 0.0709889137432601 0.0328651842793093 -0.00525854516988525 -0.0433822745822479
-1.02921981131055 -0.994160496418553 -0.959078892673666 -0.923953353653386 -0.888749527210494 -0.85343840578158 -0.818025065863202 -0.782520436837175 -0.746924775566388 -0.711220445840893 -0.675328911678308 -0.639156412153143 -0.60261992849709 -0.565679410570566 -0.528300839270006 -0.490431351007176 -0.452027129956498 -0.413099395827677 -0.373675544226957 -0.333792638811439 -0.293490160250938 -0.252817320736638 -0.211862258545194 -0.170709296369986 -0.129388568485832 -0.0879227577576141 -0.0463589298290427 -0.00474529976684675 0.0368897024490064 0.0785225931102395
-1.03671917104497 -1.00016556449637 -0.963611957910971 -0.927058351285104 -0.890504744641551 -0.853951137997855 -0.817397531324119 -0.780843924577886 -0.744290317713883 -0.707736710714092 -0.671183103672327 -0.634629496710358 -0.598075889961721 -0.561522283607009 -0.524968677833933 -0.488415072811622 -0.451861468658844 -0.415307865311513 -0.378754262653467 -0.342200660543093 -0.305647058832417 -0.269093457383359 -0.232539856097418 -0.195986254906188 -0.159432653822068 -0.122879052860241 -0.0863254519662388 -0.0497718510780975 -0.0132182501735345 0.0233353507598134
-0.960910149543431 -0.927924207147102 -0.894937959054135 -0.861951182282062 -0.828964432347875 -0.795978519593821 -0.762994495163723 -0.730013368637227 -0.697035742535694 -0.664062267672159 -0.631094195084642 -0.598132925867407 -0.565179696987261 -0.532235088901185 -0.499299363645961 -0.466372166087416 -0.433452987764653 -0.40054132408084 -0.367636572154298 -0.334737732099879 -0.30184370478157 -0.268953477950066 -0.2360663869029 -0.203181879915641 -0.170299509629156 -0.137418903513544 -0.104539883990522 -0.0716622684822151 -0.0387856594607563 -0.00590960566078175
-1.00605820254963 -0.970791268946385 -0.935524335407321 -0.900257402014601 -0.864990468870523 -0.829723536077155 -0.794456603715507 -0.759189671836005 -0.723922740387785 -0.688655809276366 -0.65338887833409 -0.618121947375006 -0.582855016209081 -0.547588084629967 -0.512321152464369 -0.477054219687527 -0.441787286289302 -0.406520352169495 -0.371253417215506 -0.33598648135519 -0.300719544526514 -0.265452606681468 -0.230185667828132 -0.194918727996391 -0.159651787247262 -0.124384845667709 -0.0891179034173614 -0.0538509606737667 -0.0185840176134969 0.016682925587121
0.981539501172675 0.946788649075582 0.912047246118903 0.877328376315896 0.842646835210408 0.808014930136922 0.773433304061898 0.738900938307166 0.704421831984077 0.670000651750128 0.635639716657902 0.601340758858753 0.567103496666392 0.532919593043962 0.498781622715519 0.464693862799346 0.430665827057722 0.396716273434681 0.362863000086707 0.32911072183833 0.29546088268109 0.261913294656472 0.228461242005731 0.195093958026213 0.161791000039853 0.128531672164769 0.0953039416792144 0.0620982413890505 0.028906203050442 -0.00428024184287082
-0.984470220190265 -0.949697882305926 -0.91490665559466 -0.880084940932569 -0.845234711568313 -0.810360922773046 -0.775466885535345 -0.740552909557369 -0.705608943678177 -0.670619135930153 -0.635554791982088 -0.600384006911873 -0.565077839073094 -0.529619199922123 -0.493996939420782 -0.458211808449918 -0.42226491696437 -0.386146910295931 -0.349845958252887 -0.313350793172532 -0.276650288024415 -0.239740874486349 -0.202649219069205 -0.165410927143065 -0.128067124681783 -0.0906584987259549 -0.0532184599793673 -0.0157731658149017 0.0216729633813731 0.0591209414700908
-1.04432839408882 -1.00542853382204 -0.966512030888813 -0.927570459895798 -0.888654207052438 -0.849834427466134 -0.811206540233285 -0.772860007941163 -0.734836203151528 -0.697158629302134 -0.659827403360224 -0.622836795675416 -0.586177306117822 -0.549824352639539 -0.513759411892808 -0.478003277248458 -0.442588909007597 -0.407558618473867 -0.372942255016599 -0.33871046926535 -0.304819112164728 -0.271227755805991 -0.237910856866987 -0.20484432218735 -0.17199497466727 -0.139323721635148 -0.106776892071663 -0.0743021670450137 -0.0418672143211771 -0.00944469834057826
-1.01936765620782 -0.984432985285848 -0.949498314270351 -0.914563643070956 -0.879628971631801 -0.844694299916204 -0.809759627929684 -0.774824955708204 -0.739890283367291 -0.704955611048362 -0.670020938916826 -0.635086267144086 -0.600151595907512 -0.565216925408313 -0.530282255829981 -0.495347587261277 -0.460412919756465 -0.425478253326544 -0.390543587950853 -0.355608923525361 -0.320674259925193 -0.285739597044232 -0.250804934851375 -0.215870273297452 -0.180935612186015 -0.146000951308339 -0.11106629055388 -0.0761316298492137 -0.0411969691712155 -0.00626230850933539
-0.991070295537802 -0.959400740042575 -0.927794647795417 -0.896262617649074 -0.864744216982494 -0.833156825088363 -0.801400100388115 -0.769351094891155 -0.736814155830024 -0.7036097427394 -0.669695469139403 -0.635063237046509 -0.599711075779581 -0.563661523867033 -0.526944563238118 -0.489595440215914 -0.451667354760732 -0.413280056987995 -0.374562309040524 -0.33561237101562 -0.296520877499206 -0.257365718629243 -0.218173806751841 -0.178961533668781 -0.139754186796378 -0.100577974565725 -0.0614538938525069 -0.0223912966847127 0.0166418327450391 0.0556878522029721
-0.935847947919759 -0.904197631862967 -0.872547315778839 -0.840896999638109 -0.809246683445615 -0.777596367202598 -0.745946050861812 -0.714295734378147 -0.682645417763527 -0.650995101046467 -0.619344784264796 -0.587694467458676 -0.556044150680357 -0.524393834030454 -0.492743517641468 -0.46109320172509 -0.42944288648246 -0.397792571993336 -0.366142258279342 -0.334491945250978 -0.302841632790959 -0.271191320781192 -0.239541009100351 -0.207890697640408 -0.176240386349774 -0.144590075190371 -0.112939764121743 -0.0812894531059544 -0.0496391421175246 -0.0179888311340892
-1.0268448565683 -0.99105067171532 -0.955260850197101 -0.919475027823175 -0.883692013141054 -0.847906042459098 -0.812093890391092 -0.776229717979214 -0.740294693673802 -0.704269001567076 -0.668121880910642 -0.631819834745953 -0.595332866071214 -0.558644977711648 -0.521746509596112 -0.484639150240987 -0.447328186089597 -0.409821946705519 -0.372130234576548 -0.334265700767074 -0.296241708485638 -0.258075827226728 -0.219802451628613 -0.181456299179804 -0.143056553625978 -0.104621310447186 -0.0661798458038139 -0.0277577406939331 0.0106453852139652 0.0490364025837859
-0.958993400375288 -0.933660602891254 -0.908329597838357 -0.882967417790601 -0.857589503376416 -0.832083809420792 -0.805779939480547 -0.777947597915902 -0.748175243568862 -0.716201173757673 -0.682044285223744 -0.645793624564278 -0.607590177355042 -0.567782685086072 -0.52676725343508 -0.484921688916215 -0.442700628091225 -0.400884326875814 -0.360312337256565 -0.321735776149632 -0.285883651703558 -0.253323944658275 -0.223980526119259 -0.197527892125937 -0.173287148087986 -0.150526724015611 -0.128657738950871 -0.107191343096046 -0.0858961222624557 -0.0646050211636765
-0.991182636452828 -0.956947567602287 -0.922700613980049 -0.888417253703863 -0.854086018113945 -0.819697552326279 -0.785237903337449 -0.750691965147125 -0.716044617886704 -0.681277037195516 -0.646355594612896 -0.611242960653177 -0.575904140133831 -0.540313475084859 -0.504451063880431 -0.468310693058852 -0.431884489865481 -0.395144256209778 -0.358061074182675 -0.320623471936904 -0.282824339140643 -0.244663103853839 -0.20616534770351 -0.167368935997207 -0.128334715197527 -0.0891240023649799 -0.0497770157966784 -0.0103296687306414 0.0291782470680877 0.0687059702027092
-1.01741614677567 -0.982165945057275 -0.946915743409044 -0.911665541888445 -0.876415340570366 -0.841165139532515 -0.80591493884646 -0.770664738582958 -0.735414538815659 -0.700164339613533 -0.664914141023915 -0.629663943088733 -0.594413745858033 -0.559163549414324 -0.523913353795689 -0.488663158830059 -0.453412964298996 -0.418162770008745 -0.382912575804346 -0.347662381661322 -0.312412187587817 -0.277161993575749 -0.241911799552121 -0.206661605417464 -0.171411411031335 -0.136161216275157 -0.100911021158802 -0.0656608257353086 -0.0304106301019362 0.00483956563300039
-0.965127616157467 -0.936117844989053 -0.907141290928519 -0.878219046330523 -0.849332828870814 -0.820448856636335 -0.791510724037732 -0.762454808158401 -0.73321124044904 -0.703716680693657 -0.673940147642191 -0.643858749786068 -0.613461219437358 -0.582782784190723 -0.551864257520806 -0.520722301139611 -0.489360574672154 -0.457754881158148 -0.425883029747888 -0.393758710619298 -0.361404584207209 -0.328843126108759 -0.296096072570321 -0.263189452531053 -0.23016720505202 -0.197076734304941 -0.16396139478223 -0.130855223480447 -0.0977590370920369 -0.0646653472334164
-0.934381085815228 -0.904334371105615 -0.875191267588238 -0.84742994800229 -0.820941178243302 -0.795414905091262 -0.770325205707633 -0.74505253594808 -0.718818736063608 -0.690892458155885 -0.660888217333915 -0.628506994458531 -0.593485930921698 -0.555706810239884 -0.51515428775988 -0.472079864025251 -0.427143576712902 -0.382372766836312 -0.339867432256782 -0.300650894890304 -0.265477307666549 -0.234807242940148 -0.2079269507656 -0.184003234143753 -0.162899430161 -0.144421362106691 -0.127448263996441 -0.110807216941733 -0.0940432797112427 -0.0768810054879441
-0.950954205326526 -0.918762529778636 -0.886570854135205 -0.854379178305088 -0.822187502180144 -0.789995825665973 -0.757804148740127 -0.72561247139544 -0.693420793613923 -0.661229115378754 -0.629037436688592 -0.596845757545966 -0.564654077929744 -0.532462397724139 -0.500270716800966 -0.4680790350771 -0.43588735248409 -0.403695668967111 -0.37150398447384 -0.339312298948337 -0.307120612333757 -0.274928924590116 -0.242737235744879 -0.21054554588537 -0.178353855270896 -0.146162164183994 -0.113970472828146 -0.0817787813590256 -0.0495870898201303 -0.0173953982269139
-1.0035536720257 -0.970004729511075 -0.936414077048661 -0.902724481278337 -0.868901227160789 -0.83491278855339 -0.800717876579462 -0.766288831726672 -0.731662274674111 -0.696877204922577 -0.661917857068282 -0.626754774481285 -0.591363241620349 -0.555737507299037 -0.519869853266801 -0.483725728661856 -0.447263062170125 -0.410436533279608 -0.373206365489774 -0.335558207543882 -0.297484064496141 -0.25897670186044 -0.220031926989396 -0.180646472160923 -0.140817727515398 -0.100566160242545 -0.0600038878670116 -0.0192549270801466 0.0216007590948153 0.0624942210516684
-0.97719578836784 -0.94492572822085 -0.912655668014787 -0.880385607733048 -0.848115547427358 -0.815845487160095 -0.783575426967926 -0.751305366877235 -0.719035306898982 -0.686765247033633 -0.654495187255085 -0.622225127530599 -0.589955067805278 -0.557685007935602 -0.525414947774269 -0.493144887247453 -0.4608748263117 -0.428604764971542 -0.396334703259422 -0.364064641271419 -0.331794579119523 -0.299524516916758 -0.267254454780286 -0.23498439281209 -0.202714331049306 -0.170444269501944 -0.138174208136363 -0.105904146909419 -0.0736340857836265 -0.0413640247229139
-1.06534739377845 -1.0261634825742 -0.986979569397856 -0.947795652251916 -0.908611729748544 -0.869427800605868 -0.830243863356199 -0.791059916525829 -0.75187595880279 -0.712691989069879 -0.673508006827221 -0.634324011729272 -0.595140003809528 -0.555955984617648 -0.51677195604784 -0.477587919856353 -0.43840387741239 -0.399219828674916 -0.360035773344566 -0.320851711498866 -0.281667643309566 -0.242483568929043 -0.20329948843217 -0.164115401898816 -0.124931309506327 -0.0857472115177712 -0.0465631084416143 -0.00737900103113496 0.0318051092265378 0.070989220660812
1.07824295512887 1.03953711963316 1.00083128402846 0.962125448173667 0.923419611973866 0.884713775359533 0.846007938316568 0.807302100853802 0.768596263016379 0.729890424878975 0.691184586598067 0.652478748350588 0.613772910332833 0.575067072818562 0.536361236054792 0.497655400104119 0.458949564963003 0.420243730547786 0.381537896754944 0.342832063481611 0.304126230625085 0.265420398078507 0.226714565718394 0.188008733423116 0.149302901095084 0.110597068660062 0.0718912361132047 0.0331854034729135 -0.00552042921880071 -0.044226261914025
-0.996958219495762 -0.891481571439148 -0.822871672588218 -0.819364129859739 -0.846991716201582 -0.863560576255536 -0.856173175407953 -0.822620624589141 -0.774152296160666 -0.722574813110751 -0.668465539503001 -0.609594524669865 -0.547092397068767 -0.49553210165702 -0.466958214881479 -0.449859522647269 -0.429001413215931 -0.39781147481639 -0.353882209721522 -0.30280357641261 -0.252164897423037 -0.210347747813854 -0.188902712756782 -0.190658711481905 -0.180388989342093 -0.127366956095839 -0.0569223530013295 -0.00260630864472457 0.025200830575636 0.021911413808366
-0.927068961283111 -0.897376430292746 -0.867683899400037 -0.837991368700015 -0.808298838250944 -0.778606308105918 -0.748913778334109 -0.719221248974671 -0.689528719930608 -0.659836191060899 -0.630143662184571 -0.600451133110661 -0.570758603642148 -0.541066073557776 -0.511373542684245 -0.481681011064316 -0.451988478790726 -0.422295945940056 -0.392603412552721 -0.362910878540622 -0.33321834378353 -0.303525808181654 -0.273833271716947 -0.244140734388265 -0.214448196180342 -0.184755657119853 -0.155063117415377 -0.125370577305929 -0.0956780369703831 -0.0659854965725773
-1.00420950462257 -0.968313910095526 -0.932411925278521 -0.896501525277178 -0.860588551906004 -0.824680160124509 -0.788780890763306 -0.752896213110559 -0.717037924413505 -0.681218492507217 -0.645446739619023 -0.609730576574314 -0.574076978316736 -0.538489176262938 -0.502969376701164 -0.467519428933037 -0.432140651955285 -0.396832600531679 -0.361593950905484 -0.326421629470874 -0.291312125159753 -0.256260239892847 -0.22125402754618 -0.186281785903852 -0.151339536426983 -0.116424866387724 -0.0815339026253528 -0.0466621326319142 -0.0118039469434101 0.0230465381431692
0.99019144253481 0.955565220159842 0.920938997755263 0.886312775290569 0.851686552843058 0.817060330518163 0.782434108426052 0.747807886667664 0.713181665302287 0.678555444385385 0.643929223998749 0.609303004230755 0.574676785147784 0.540050566728235 0.505424348920585 0.47079813164162 0.436171914776732 0.401545698117441 0.366919481447226 0.332293264611289 0.297667047470261 0.263040829908621 0.22841461190624 0.193788393471243 0.159162174629392 0.124535955441779 0.0899097360931632 0.0552835167614026 0.0206572974730735 -0.0139689217830684
-0.987043198376308 -0.972165596266863 -0.956200200601359 -0.937607036348488 -0.914056817023435 -0.883611259433453 -0.846685405007572 -0.804210434700791 -0.756828762950225 -0.705429474572988 -0.652177102424066 -0.599555041367913 -0.549922791040231 -0.505144270161718 -0.466307976660624 -0.431896306210427 -0.399948608729954 -0.369338153374217 -0.339331178323394 -0.309931878622153 -0.281328938531284 -0.253487506390385 -0.225478586854286 -0.196839762843483 -0.169869074025915 -0.146716610156014 -0.126180204586759 -0.106452531203586 -0.0866578824232277 -0.0661534552952373
-1.00482320330563 -0.965230479551748 -0.925637121338201 -0.886034731437961 -0.846385920763662 -0.806671572136232 -0.7669746478701 -0.727407898624566 -0.68810114894491 -0.649173350145305 -0.610682886729521 -0.572673001498727 -0.535211865719989 -0.498467364523962 -0.462611748810761 -0.427735018694775 -0.393876698498709 -0.360956660164284 -0.328856544556936 -0.297424720617967 -0.266501239307644 -0.235940168238557 -0.205651641632591 -0.1755614518264 -0.145601957006428 -0.115702381635723 -0.085772849433953 -0.0557394017613924 -0.0256108512841294 0.00458329650529518
-1.02114333912108 -0.98541966074675 -0.949695982380157 -0.913972304064445 -0.878248625860768 -0.842524947819302 -0.806801269928301 -0.771077592166788 -0.735353914538784 -0.699630237043442 -0.663906559635424 -0.628182882258277 -0.592459204840251 -0.556735527248434 -0.521011849345035 -0.485288171033923 -0.449564492246327 -0.413840812981247 -0.378117133267935 -0.342393453188877 -0.306669772839865 -0.270946092324667 -0.235222411778957 -0.199498731324246 -0.163775050993498 -0.12805137078211 -0.0923276906237663 -0.0566040104517602 -0.0208803302595323 0.0148433499444397
-1.01718831099693 -0.982263178193807 -0.947338045372497 -0.912412912477295 -0.877487779428526 -0.84256264615172 -0.807637512617216 -0.772712378808206 -0.737787244714489 -0.70286211032524 -0.667936975620534 -0.63301184057817 -0.598086705182569 -0.563161569444636 -0.528236433412078 -0.493311297253322 -0.458386161141292 -0.423461025146179 -0.388535889303416 -0.353610753612135 -0.318685618062395 -0.283760482634385 -0.248835347268823 -0.213910211902556 -0.178985076496421 -0.144059941031317 -0.109134805544404 -0.0742096700736544 -0.0392845346040176 -0.00435939910718885
-0.939551109309842 -0.912805450276166 -0.886063495184378 -0.859314006286751 -0.832466702336136 -0.805410159852367 -0.778027429922649 -0.750211919188341 -0.721903981940061 -0.693055646294022 -0.663618688019548 -0.633544819799245 -0.602772003060487 -0.571183194209749 -0.53867633875937 -0.505264343666073 -0.470983927215548 -0.435852091564985 -0.399887376325164 -0.36313418704972 -0.325643395778005 -0.287471178986053 -0.248694930896638 -0.209402458503391 -0.169702002136635 -0.129707073964725 -0.0895318401714458 -0.0492752267574 -0.00897454497504189 0.0313482976102123
-0.971596593462023 -0.938934660497128 -0.906273652098449 -0.873613259471011 -0.840952449350656 -0.808291226099449 -0.775634469053527 -0.742987732432183 -0.710354395013268 -0.677736531888641 -0.64513317884764 -0.612542611853974 -0.579964424780565 -0.547403483137177 -0.514866019387993 -0.482358462177987 -0.449886745887836 -0.417454631660213 -0.385065201088644 -0.352720990808071 -0.32042440121379 -0.288176060386009 -0.255969507144585 -0.223796106336433 -0.191645616177049 -0.159508370079523 -0.127378608878747 -0.0952522595013096 -0.063128085818798 -0.0310055609390476
-1.05050738848248 -1.01344139627886 -0.976375404102533 -0.939309411991895 -0.902243420003665 -0.865177428168435 -0.828111436393953 -0.791045444583037 -0.753979452741642 -0.716913460914257 -0.679847469196402 -0.642781477696352 -0.605715486511642 -0.568649495696849 -0.531583505272742 -0.494517515167829 -0.457451525282219 -0.420385535494705 -0.383319545697422 -0.346253555857206 -0.309187565959566 -0.272121575975894 -0.2350555858211 -0.197989595408982 -0.160923604705369 -0.123857613712737 -0.0867916225281226 -0.0497256312580751 -0.0126596399526344 0.0244063513522869
-1.05213757033212 -1.01973291381002 -0.987255661729527 -0.954647515483199 -0.921792629259755 -0.888559889217347 -0.854814656595721 -0.820433188042365 -0.785338846754141 -0.749479107552476 -0.71285078520769 -0.675463029477328 -0.637336568258971 -0.598538442010357 -0.559134233747976 -0.519137384163183 -0.478545426223269 -0.437344404324412 -0.395524784230399 -0.353106205746561 -0.310115602188612 -0.266592342291058 -0.222625536463563 -0.178318032295658 -0.133777884421169 -0.0891157353406974 -0.0444473719776364 0.000132834791305945 0.0446213226989532 0.0890372316305116
0.979521653798704 0.946432087062643 0.913342520395773 0.880252953821821 0.847163387321979 0.814073820884914 0.780984254571736 0.74789468845803 0.714805122604853 0.681715557082734 0.648625992014621 0.615536427536564 0.582446863792333 0.54935730095656 0.516267739206644 0.483178178700186 0.45008861955938 0.416999061784609 0.383909505302791 0.350819949868798 0.317730395194491 0.284640841005901 0.251551287085749 0.21846173326796 0.185372179534582 0.152282625894008 0.11919307231187 0.0861035187445964 0.0530139651545671 0.0199244115056484
-0.990654045661118 -0.957220917160542 -0.92378778869667 -0.890354660337059 -0.856921532143648 -0.823488404196849 -0.790055276656592 -0.756622149673524 -0.723189023281648 -0.68975589748329 -0.656322772270708 -0.622889647633639 -0.589456523559189 -0.556023400023929 -0.522590277005999 -0.489157154500356 -0.455724032513102 -0.422290911078106 -0.388857790231155 -0.355424669987952 -0.321991550359177 -0.288558431347144 -0.255125312920699 -0.221692195039281 -0.18825907765817 -0.154825960710285 -0.121392844043281 -0.0879597275064383 -0.0545266110408322 -0.0210934946104844
-0.794154880204801 -0.931435936224085 -0.980919717524876 -0.908404261652434 -0.833438988114664 -0.862744317572466 -0.897973293336077 -0.83133362044482 -0.722319028205037 -0.652702966918814 -0.626091746604198 -0.626549892208229 -0.631241455148252 -0.589728592722841 -0.474476265873669 -0.377162544233571 -0.381557105529028 -0.42058295116994 -0.412968735854126 -0.371512403747676 -0.332529221383748 -0.318333903800863 -0.295238960058989 -0.234093669942109 -0.179896602108804 -0.169163276656025 -0.130327730559602 -0.0136643424587667 0.0351096592325407 -0.178583666343301
-1.00119738345759 -0.96563672092126 -0.930076058382479 -0.894515395829019 -0.8589547332599 -0.823394070686246 -0.787833408156337 -0.75227274575509 -0.716712083676807 -0.681151422131613 -0.645590761283517 -0.610030101285002 -0.574469442273216 -0.538908784323968 -0.503348127492404 -0.46778747181233 -0.432226817282237 -0.396666163780662 -0.361105511198225 -0.325544859593817 -0.289984209068396 -0.254423559732618 -0.218862911735931 -0.183302265193239 -0.147741620042475 -0.112180976136151 -0.0766203331620616 -0.0410596907856077 -0.00549904874732285 0.0300615931934757
-1.04426433065854 -1.00826214839935 -0.972259966125039 -0.936257783838278 -0.900255601560456 -0.864253419319665 -0.828251237152074 -0.792249055098114 -0.756246873207185 -0.720244691522345 -0.684242510052329 -0.648240328797287 -0.612238147722209 -0.576235966651436 -0.540233785380947 -0.504231603733932 -0.468229421552848 -0.43222723873001 -0.396225055188661 -0.360222870925909 -0.324220685957322 -0.288218500336609 -0.252216314270015 -0.216214127976684 -0.180211941574784 -0.144209755160715 -0.108207568844762 -0.0722053827107264 -0.0362031967226009 -0.000201010814425327
-1.07049569089427 -1.03299181894377 -0.995487947053106 -0.95798407525664 -0.920480203509336 -0.882976331753859 -0.845472459963069 -0.8079685881204 -0.770464716221373 -0.732960844250431 -0.695456972135624 -0.657953099790902 -0.620449227130842 -0.582945354072524 -0.545441480531565 -0.507937606415225 -0.470433731654028 -0.432929856279909 -0.395425980372117 -0.357922104097722 -0.320418227645755 -0.282914351172368 -0.245410474702206 -0.207906598226622 -0.170402721735294 -0.132898845218289 -0.0953949686689028 -0.0578910920846663 -0.0203872154768093 0.0171166611400132
-1.02526625041815 -0.990156827633891 -0.955047404831428 -0.919937982020232 -0.884828559267532 -0.849719136650932 -0.814609714231802 -0.779500292055638 -0.744390870120695 -0.709281448422039 -0.674172026989229 -0.639062605860449 -0.603953185042476 -0.568843764416468 -0.533734343854854 -0.498624923320774 -0.463515502803397 -0.428406082305312 -0.39329666181972 -0.358187241288841 -0.323077820642154 -0.287968399798238 -0.252858978632085 -0.217749557015743 -0.182640134853087 -0.147530712074375 -0.112421288683583 -0.0773118647332907 -0.0422024403967505 -0.00709301587738535
-0.897820916178366 -0.906425686335908 -0.909567079662842 -0.901942365961847 -0.882606655974193 -0.852437548441431 -0.815244753167632 -0.774400764936119 -0.728597107384684 -0.676775082863116 -0.623556079714721 -0.574981507781188 -0.535950410290859 -0.506792364018703 -0.485962978237233 -0.468991458662512 -0.450899189155148 -0.427602669710373 -0.396179371763929 -0.357455536378954 -0.313194597025438 -0.266021796157424 -0.222009612165177 -0.186017636840255 -0.154606679643177 -0.124208238017094 -0.0990353436667349 -0.0837306898624555 -0.0768740818755529 -0.0755296029775595
-0.983568477921843 -0.957654552388095 -0.931298223749768 -0.904073185206913 -0.875754067945572 -0.846163947061318 -0.815118735301864 -0.782480042408545 -0.748299428445048 -0.712682687913795 -0.675762602749775 -0.637678701746123 -0.598569182322471 -0.558566916404447 -0.517857966145114 -0.476846480101284 -0.435969275863227 -0.395575760751287 -0.355938443746193 -0.317109650740129 -0.279086661853143 -0.24177345610252 -0.204700808094494 -0.167406871900743 -0.129832523865786 -0.0920142589703939 -0.053968324467526 -0.0157111430362845 0.0227199132118448 0.0612822348072796
-1.03243453121829 -0.992297084181615 -0.951961741808906 -0.911396167697341 -0.870718155298994 -0.830054871307478 -0.789420845527638 -0.748765755533337 -0.707892506863273 -0.666619962128345 -0.624977584263415 -0.583047486284338 -0.540952714237922 -0.498980046294789 -0.457449258533036 -0.416648386536832 -0.376860458718325 -0.338380215295487 -0.301468992605791 -0.266242799658873 -0.232781313632413 -0.20110740297374 -0.171016701208783 -0.142284422608729 -0.114831339347191 -0.0885738520145507 -0.0632653169658178 -0.0386360673975449 -0.0144873881078128 0.00936169820491531
-1.06072851782484 -1.02151580999416 -0.982303102220836 -0.943090394534721 -0.903877686956049 -0.864664979528285 -0.825452272397387 -0.786239565697193 -0.747026859410564 -0.707814153464312 -0.668601447712006 -0.629388741988907 -0.590176036127222 -0.550963329946936 -0.511750623268692 -0.472537915927981 -0.433325207770439 -0.394112498667428 -0.354899788520586 -0.315687077326926 -0.276474365107306 -0.237261651900437 -0.198048937816436 -0.158836222984114 -0.119623507535649 -0.0804107916122703 -0.0411980753880403 -0.00198535902464476 0.0372273573985708 0.0764400738228457
-1.05224982435221 -1.01497199325525 -0.977694162146844 -0.940416331025489 -0.903138499954298 -0.865860669019516 -0.828582838335328 -0.791305007998625 -0.754027178009199 -0.716749348333066 -0.679471518898253 -0.642193689623287 -0.604915860417405 -0.567638031152686 -0.530360201695422 -0.493082371925928 -0.45580454174563 -0.418526711126378 -0.381248880056491 -0.343971048519739 -0.306693216498757 -0.269415384009768 -0.232137551203357 -0.194859718256711 -0.157581885319063 -0.120304052509809 -0.0830262198569568 -0.0457483873559643 -0.00847055496347107 0.0288072773735866
1.00288549395452 0.846834248015733 0.825257732702099 0.903800018856069 0.938658906194311 0.818768482218159 0.673454256693385 0.6463171409438 0.697668230260926 0.752367392466947 0.776759401538995 0.747560257992938 0.657090347442173 0.560087595890207 0.509902427310585 0.491917717166881 0.476952595592795 0.445538759912485 0.387382813653716 0.31917841796822 0.264365998413719 0.237430167897449 0.217032288724681 0.178894825792191 0.122807904964716 0.0613153059418116 0.0339077627943387 0.0667615018690694 0.105847764245114 0.077086544684668
-0.97986706310689 -0.946024749218727 -0.912182435360507 -0.878340121570014 -0.844497807874899 -0.810655494304854 -0.776813180907833 -0.742970867746613 -0.709128554924968 -0.675286242520085 -0.641443930461765 -0.607601618642971 -0.573759306970394 -0.539916995405655 -0.506074683922137 -0.472232372485349 -0.438390061042657 -0.404547749476736 -0.370705437672898 -0.336863125591667 -0.303020813212375 -0.269178500535392 -0.235336187645249 -0.201493874646846 -0.167651561642399 -0.133809248721181 -0.0999669359233857 -0.0661246232635353 -0.0322823107025389 0.00156000181209715
-0.990483154246538 -0.960696874540535 -0.930607138829147 -0.899816827206954 -0.867827781485369 -0.834270769666664 -0.799393302799743 -0.763573411206749 -0.72709445925617 -0.690169655831964 -0.652826253833634 -0.615045017164567 -0.576879422747295 -0.538673799580929 -0.500792405827675 -0.463388364225534 -0.426618936711779 -0.390869077444955 -0.35655338219678 -0.323977320970382 -0.293419082326741 -0.264995241324098 -0.238175919009736 -0.21229748628522 -0.186807767480194 -0.161242019401588 -0.135373775337396 -0.10908481192207 -0.0824516026948228 -0.0555992954210599
-1.00677993865686 -0.970767834612441 -0.934755730647664 -0.898743626869792 -0.862731523390115 -0.826719420303591 -0.790707317635849 -0.754695215367289 -0.718683113366719 -0.682671011485303 -0.646658909615205 -0.61064680765884 -0.5746347055368 -0.538622603242386 -0.502610500770146 -0.466598398046909 -0.430586294976766 -0.394574191440592 -0.358562087343215 -0.322549982708492 -0.286537877590039 -0.250525772052177 -0.214513666202054 -0.178501560121812 -0.142489453750752 -0.106477347024636 -0.0704652400079209 -0.0344531327948143 0.00155897453017411 0.0375710818849592
-1.01963020405783 -0.98514463011512 -0.950659056093783 -0.916173481959684 -0.881687907843855 -0.847202333900927 -0.812716760214742 -0.778231186848611 -0.74374561385449 -0.709260041284733 -0.674774469204628 -0.640288897682697 -0.605803326794551 -0.571317756644159 -0.536832187315564 -0.502346618784752 -0.467861051006493 -0.433375483958756 -0.398889917638582 -0.364404352096101 -0.329918787394713 -0.295433223560213 -0.26094766046797 -0.226462097985555 -0.191976536099772 -0.157490974798102 -0.123005413951494 -0.0885198534087692 -0.0540342930467848 -0.0195487327494041
-1.10161778035214 -1.02227409397436 -0.9476360248332 -0.881678069058822 -0.825402885108416 -0.779180335421872 -0.743820936042834 -0.719270708658318 -0.701577043925068 -0.686186813982405 -0.670043447930238 -0.650464514108625 -0.625396031730444 -0.595297823499873 -0.561142578103424 -0.52344064466566 -0.48316952299819 -0.443637655222745 -0.407878495211374 -0.375494601527257 -0.34523080890636 -0.315834750638229 -0.286065254226745 -0.255099090227317 -0.223773607187132 -0.19228210577502 -0.156581117154596 -0.112706979987047 -0.0612520324290392 -0.00394761251111113
-1.02886685927878 -0.993163672447871 -0.957460485896203 -0.921757299868844 -0.886054114513959 -0.850350929958341 -0.814647746340202 -0.778944563760062 -0.743241382156261 -0.707538201432903 -0.671835021519347 -0.636131842351264 -0.600428663915532 -0.56472548640385 -0.529022310026776 -0.493319134865473 -0.457615960969654 -0.421912788392625 -0.386209617159322 -0.350506447177616 -0.314803278326107 -0.279100110474824 -0.243396943459508 -0.207693777123721 -0.171990611376612 -0.13628744613693 -0.100584281296235 -0.0648811167431202 -0.0291779523814678 0.00652521188101448
-0.990472687513492 -0.955964478863995 -0.921456270340457 -0.886948062050239 -0.852439854063282 -0.817931646435776 -0.783423439206307 -0.748915232402159 -0.714407026022999 -0.679898820065517 -0.645390614542108 -0.610882409469091 -0.576374204862898 -0.541866000740404 -0.507357797090309 -0.472849593788154 -0.438341390682439 -0.403833187626661 -0.369324984491996 -0.334816781215345 -0.300308577750042 -0.265800374051315 -0.231292170081978 -0.196783965829076 -0.162275761368977 -0.127767556797968 -0.093259352202666 -0.0587511476468446 -0.0242429431125562 0.0102652614385762
-0.960849538394258 -0.928739044508204 -0.89662855061277 -0.864518056691388 -0.832407562741247 -0.800297068769425 -0.768186574808796 -0.736076080902282 -0.703965587107194 -0.671855093483161 -0.639744600084697 -0.607634106965034 -0.575523614185894 -0.54341312184295 -0.511302630019297 -0.479192138713758 -0.447081647912294 -0.414971157633669 -0.382860667917825 -0.350750178856605 -0.318639690554828 -0.286529203090821 -0.254418716436945 -0.222308230525569 -0.190197745235071 -0.158087260427364 -0.125976775952517 -0.0938662916685847 -0.0617558074774335 -0.029645323291881
-0.999517473156505 -0.965038090433239 -0.930558707715969 -0.896079325022516 -0.861599942416671 -0.827120559971779 -0.792641177753418 -0.758161795806645 -0.723682414102185 -0.689203032592678 -0.654723651232751 -0.620244269977529 -0.585764888779647 -0.551285507581792 -0.516806126307544 -0.482326744814009 -0.447847362937088 -0.41336798049433 -0.37888859731835 -0.344409213320372 -0.309929828431273 -0.275450442618817 -0.240971055998318 -0.206491668737964 -0.172012281069875 -0.137532893213353 -0.103053505272492 -0.068574117311365 -0.0340947293491953 0.000384658606009016
-0.895013151898327 -0.970480393815936 -1.02384652298002 -0.92633430421461 -0.77986299226903 -0.714007423023082 -0.738268266953199 -0.814254639933981 -0.832083604836048 -0.707695833289703 -0.531818484967951 -0.438875341554472 -0.508555144738245 -0.601606476229459 -0.574352154619601 -0.484352106004166 -0.418784631873406 -0.382064427792601 -0.359198093432598 -0.340323450811492 -0.316861127534187 -0.28250706111462 -0.240058428702855 -0.195602064466025 -0.159282191003407 -0.136245355580701 -0.107590015697139 -0.0605846059320118 -0.0312255589513068 -0.0676913069426866
-1.03064916201645 -0.958036002781148 -0.902660875222836 -0.869894020589394 -0.836361493416114 -0.780732584504651 -0.718593716434697 -0.669092159243011 -0.628701441016582 -0.591387231985977 -0.563757512905847 -0.555580842161858 -0.570891971734338 -0.590790427982234 -0.592605377748812 -0.561519775435977 -0.492751544494256 -0.413804697010002 -0.353355199758587 -0.312480749635635 -0.285359476066831 -0.266057360694708 -0.248191794029192 -0.225551577047224 -0.193059743726427 -0.149716358787725 -0.109695376924573 -0.086685524991521 -0.0772607285149745 -0.0737162126892999
-0.975429246852738 -0.942234737065955 -0.909040227194469 -0.875845717177601 -0.842651206971528 -0.809456696540388 -0.776262185863303 -0.743067674925132 -0.709873163718714 -0.676678652239275 -0.643484140483628 -0.610289628448978 -0.577095116127725 -0.543900603493041 -0.51070609051741 -0.477511577189796 -0.444317063499705 -0.411122549422341 -0.377928034929579 -0.344733519994277 -0.31153900458954 -0.278344488701307 -0.245149972366858 -0.211955455649496 -0.178760938665301 -0.145566421542196 -0.112371904402718 -0.0791773873440807 -0.0459828703675817 -0.0127883534505421
-0.952532418779932 -0.920268247889464 -0.888004076985516 -0.855739906049259 -0.823475735106594 -0.791211564220124 -0.758947393554546 -0.72668322330549 -0.69441905369021 -0.662154884879919 -0.629890716840033 -0.597626549484513 -0.565362382713557 -0.533098216372289 -0.500834050313125 -0.468569884472726 -0.436305718830514 -0.404041553452707 -0.37177738841514 -0.339513223745338 -0.307249059458742 -0.274984895556875 -0.242720731985566 -0.210456568671509 -0.178192405520543 -0.145928242447414 -0.113664079423356 -0.0813999164357656 -0.0491357534802094 -0.0168715905542957
-1.00335923928564 -0.968257536965423 -0.933155834707972 -0.898054132565723 -0.862952430518822 -0.827850728511452 -0.792749026416217 -0.757647324093209 -0.722545621424041 -0.687443918328332 -0.65234221485622 -0.617240511090471 -0.582138807100817 -0.547037102904859 -0.511935398523175 -0.476833694040386 -0.44173198955352 -0.406630285145199 -0.371528580871811 -0.336426876699224 -0.301325172570675 -0.266223468417508 -0.231121764123491 -0.196020059586501 -0.160918354808418 -0.125816649821974 -0.0907149446793005 -0.0556132394333454 -0.020511534120909 0.0145901712252444
-0.963840164134108 -0.931107051638056 -0.898373939115031 -0.865640826581125 -0.832907714078169 -0.800174601637583 -0.767441489223396 -0.734708376774359 -0.701975264195493 -0.669242151383769 -0.636509038237677 -0.60377592465609 -0.57104281054095 -0.538309695806474 -0.50557658039749 -0.472843464368989 -0.440110347793534 -0.407377230703807 -0.374644113132764 -0.341910995154335 -0.309177876852694 -0.276444758332641 -0.24371163978147 -0.210978521389367 -0.178245403275591 -0.145512285525218 -0.11277916815752 -0.0800460511515173 -0.0473129343910388 -0.0145798177361152
-1.01267740194053 -0.977461548517616 -0.942245694921697 -0.907029840931096 -0.871813986279641 -0.836598130711974 -0.80138227406046 -0.766166416171039 -0.730950556856233 -0.695734695941598 -0.660518833338258 -0.625302968978731 -0.590087102834338 -0.554871235031618 -0.519655365714936 -0.484439494944745 -0.449223622758636 -0.41400774918666 -0.378791874277332 -0.343575998160555 -0.308360120986578 -0.273144242896018 -0.237928363990956 -0.202712484364303 -0.16749660411082 -0.132280723316867 -0.0970648420333435 -0.0618489603182218 -0.0266330782932249 0.00858280390398591
-1.06745323598625 -1.02542683764331 -0.983464010107231 -0.941601908314425 -0.899877114334239 -0.85833077220621 -0.817022846717715 -0.776031368271131 -0.735487808981003 -0.69549812035459 -0.656012729757837 -0.616943183521364 -0.578215833942556 -0.539816257185867 -0.501743908225356 -0.463994533406443 -0.426586762948511 -0.389634471195422 -0.353273607761618 -0.317633179219371 -0.282840456380412 -0.248988271972729 -0.216031706389337 -0.183880309520104 -0.152399261577285 -0.121446514985623 -0.0908954806974329 -0.0606277784642433 -0.0305424047068573 -0.000542700013396963
-0.982733317529805 -0.951644054810232 -0.920477828990824 -0.889173329550288 -0.857730015065028 -0.826153037056383 -0.794409549727714 -0.762459795678578 -0.730274368411285 -0.697815523873214 -0.665001816889263 -0.631740877003713 -0.597922922433567 -0.56336852608673 -0.527919403816975 -0.491571488570662 -0.454377869040778 -0.416466039814247 -0.377982418697885 -0.339074710484148 -0.299890941711901 -0.260562926535269 -0.221157629569416 -0.181722050446908 -0.14228817840889 -0.102888563675371 -0.063573010773233 -0.0243811434434256 0.0147053920237015 0.0537194437004491
-0.941772279554546 -0.910006179734082 -0.87824007987321 -0.846473979952425 -0.814707879848855 -0.782941779400191 -0.751175678389719 -0.71940957661015 -0.687643473946289 -0.655877370323443 -0.62411126573684 -0.592345160199185 -0.560579053730521 -0.528812946380223 -0.497046838217774 -0.465280729363752 -0.433514619936993 -0.401748509998264 -0.369982399604163 -0.33821628885267 -0.306450177852107 -0.274684066705995 -0.242917955498639 -0.211151844291949 -0.17938573307746 -0.147619621840303 -0.115853510610359 -0.0840873994195648 -0.0523212882633278 -0.0205551771279244
-1.04634288508241 -0.983301093692327 -0.930382504696493 -0.890828092013041 -0.861036436086562 -0.835687880924472 -0.809432218259055 -0.778035324532281 -0.74175796729999 -0.701493195745315 -0.656168294446664 -0.604219106831266 -0.546774398450528 -0.495734623352566 -0.461430628547071 -0.437143144393345 -0.415476864894707 -0.403382455280963 -0.406805070969341 -0.413321856900281 -0.405917955395027 -0.37110811450711 -0.30952550521921 -0.228775174955523 -0.150231253977169 -0.0934206999078175 -0.0567126969844145 -0.0333038228705055 -0.0168580023227582 -0.00115599687112107
-1.0088802014406 -0.97543479521119 -0.941989389113552 -0.908543983263492 -0.875098577730599 -0.841653172546417 -0.808207767636522 -0.774762362903674 -0.741316958265339 -0.707871553671248 -0.674426149185473 -0.640980744900673 -0.607535340918462 -0.574089937376264 -0.540644534394437 -0.507199131989246 -0.473753730136409 -0.440308328753524 -0.406862927744989 -0.37341752702051 -0.339972126491125 -0.306526726089606 -0.273081325835665 -0.239635925753763 -0.206190525800401 -0.172745125920596 -0.139299726081385 -0.105854326258509 -0.0724089264405182 -0.0389635266191621
-0.980640867677012 -0.94780292382219 -0.9149649799605 -0.882127036045919 -0.849289091969061 -0.816451147622791 -0.783613202972361 -0.750775258012782 -0.71793731278572 -0.685099367318963 -0.65226142153811 -0.619423475343216 -0.586585528635498 -0.553747581320833 -0.520909633339132 -0.48807168476181 -0.455233735703979 -0.422395786324039 -0.389557836790442 -0.356719887268553 -0.323881937922962 -0.291043988899243 -0.258206040266887 -0.22536809205298 -0.192530144191056 -0.159692196585136 -0.126854249114752 -0.0940163016725106 -0.0611783542278066 -0.0283404067692305
-0.944799679935083 -0.91245881987059 -0.880117959859503 -0.847777099955116 -0.815436240183923 -0.783095380584039 -0.750754521266857 -0.718413662368095 -0.686072804047486 -0.65373194644853 -0.62139108962575 -0.589050233611425 -0.556709378452231 -0.524368524252418 -0.49202767111991 -0.459686819119758 -0.427345968288481 -0.395005118591365 -0.362664269954674 -0.330323422219838 -0.297982575207077 -0.265641728746293 -0.233300882706115 -0.200960036957242 -0.168619191339918 -0.136278345705048 -0.103937499976636 -0.0715966541182002 -0.0392558081782147 -0.0069149622263919
-1.01795476596065 -0.98348132329885 -0.949007880501118 -0.914534437426796 -0.880060993928347 -0.845587549866837 -0.811114105144627 -0.776640659679067 -0.742167213406176 -0.707693766269438 -0.673220318223552 -0.638746869226014 -0.604273419228511 -0.569799968159463 -0.535326515979475 -0.50085306280112 -0.46637960879181 -0.43190615418632 -0.397432699235131 -0.362959244184193 -0.328485789278319 -0.294012334719539 -0.259538880538733 -0.22506542671144 -0.190591973162978 -0.156118519822041 -0.121645066681038 -0.087171613737988 -0.0526981609496191 -0.0182247082623355
-1.03280921494588 -0.99633404761002 -0.959858880262426 -0.923383712838243 -0.886908545210589 -0.850433377282392 -0.813958209137851 -0.777483040876404 -0.741007872477177 -0.704532703895949 -0.668057535115408 -0.63158236612497 -0.595107196954151 -0.558632027792858 -0.522156858863138 -0.485681690355207 -0.4492065224539 -0.412731355354355 -0.37625618925143 -0.339781024328534 -0.303305860766216 -0.266830698727531 -0.230355538305553 -0.193880379533064 -0.157405222271625 -0.120930066314229 -0.0844549113507883 -0.0479797570599054 -0.0115046031780174 0.0249705505439802
-1.01189873661643 -0.977234467464191 -0.942565268120541 -0.907886990628685 -0.873201300908891 -0.838513153562552 -0.803834844038477 -0.769180088385796 -0.734560944207508 -0.699989046191491 -0.665475995811277 -0.631033386236812 -0.596671157016226 -0.562392633210394 -0.528198903547213 -0.494088725909933 -0.460058217392961 -0.426095262779975 -0.392186763227043 -0.358323917690524 -0.324498999576846 -0.290704141184071 -0.256930910376793 -0.223171232142927 -0.189419024397133 -0.15566934840765 -0.121919845930278 -0.0881691245710571 -0.0544170748494152 -0.0206639080131281
-1.01029690867201 -0.976100004253854 -0.941903099909311 -0.907706195702741 -0.873509291738764 -0.839312388159464 -0.805115485216521 -0.770918583187061 -0.736721682340406 -0.702524782879247 -0.66832788474754 -0.63413098782456 -0.59993409197764 -0.565737197026366 -0.531540302799134 -0.497343409207351 -0.463146516171298 -0.428949623563763 -0.394752731246035 -0.3605558390809 -0.326358946931517 -0.292162054700435 -0.257965162447755 -0.223768270273397 -0.189571378278999 -0.155374486546646 -0.121177595078476 -0.0869807038498124 -0.0527838128086596 -0.0185869218961907
0.979388115624709 0.944357619898947 0.909331746312333 0.874320232115245 0.839350238728903 0.804454115839423 0.769667542021677 0.735025079628219 0.700553497233577 0.666276756911186 0.632215388508141 0.598389063814952 0.564815345690521 0.531503361267318 0.498451201777621 0.465621250579366 0.432977201695699 0.400523699684948 0.368268944861232 0.336194410026662 0.304274886105347 0.272488676356518 0.240828133379904 0.209288824738288 0.177865128506171 0.146548262651451 0.115317994203915 0.084151281933021 0.0530253025050381 0.0219172870604378
-0.993010928958425 -0.964908828780307 -0.94150144538032 -0.92706373856031 -0.909456120883469 -0.876264161766499 -0.830388605278778 -0.778674656326005 -0.728430188506488 -0.68460627408776 -0.642264111321672 -0.59399242995615 -0.536376636914069 -0.481988847818099 -0.446063852311271 -0.438500427418281 -0.459832815857413 -0.478473135739656 -0.462999735957371 -0.414778013135718 -0.343370125833053 -0.260501581463384 -0.186551282863319 -0.13775788313174 -0.105145640994013 -0.075596282283137 -0.0446357956361618 -0.0102413344258718 0.0284495518360527 0.0720092146032082
-0.963000812719488 -0.930150381645683 -0.897299950624602 -0.864449519729178 -0.831599088991164 -0.798748658415905 -0.765898227944284 -0.733047797511738 -0.700197367096386 -0.667346936701727 -0.634496506390112 -0.601646076238607 -0.568795646318716 -0.535945216679713 -0.503094787335735 -0.470244358182623 -0.437393929075965 -0.404543499828624 -0.37169307026687 -0.338842640313327 -0.305992209914706 -0.273141779037971 -0.24029134773109 -0.207440916047832 -0.174590483984158 -0.141740051544557 -0.108889618825443 -0.0760391859402274 -0.0431887529783812 -0.0103383200233888
-0.979472190361807 -0.948501228298866 -0.917499267753165 -0.886411012824699 -0.855135616157618 -0.823564745090101 -0.791605677192293 -0.759179317062067 -0.726245467176244 -0.69278713131318 -0.658841220578417 -0.624458122909293 -0.589681673139531 -0.554529493688402 -0.519008446353114 -0.483108562857096 -0.446829304007061 -0.410224677016644 -0.373358039332047 -0.336275602922814 -0.29901929338933 -0.261644831000242 -0.224263114697264 -0.186983855251118 -0.149856832075485 -0.112893788900452 -0.076014258078772 -0.0391329233971781 -0.00223728575564357 0.0346669496675471
-0.980909068941989 -0.953263960760789 -0.925513072838782 -0.897830361418229 -0.870042930682233 -0.84183879600997 -0.812696469624102 -0.782072243373914 -0.74954303077172 -0.714820949784782 -0.678038314537135 -0.639432488192007 -0.599318362686727 -0.558320945055023 -0.51691313078673 -0.47464925409969 -0.43122493846528 -0.387819525640998 -0.345951422634361 -0.307011579166849 -0.272359080638434 -0.243092700215205 -0.219269962127724 -0.200582012801842 -0.186295736380102 -0.175476351399325 -0.166806676256773 -0.159084950947582 -0.15195350199796 -0.14526567756688
-1.01795765782132 -0.977455715509643 -0.936529155958045 -0.895593156561857 -0.855934382414379 -0.818697762501436 -0.783589793680989 -0.74972035997772 -0.715251326211043 -0.67842608880859 -0.63876218983611 -0.596095707768882 -0.550998312840642 -0.506984042318942 -0.467682419709696 -0.434242546438463 -0.406873879002068 -0.384507716262764 -0.365584828640281 -0.34786203041882 -0.328925146848697 -0.306634444570316 -0.279947955784423 -0.248215484324168 -0.211256154991958 -0.169286091819077 -0.123640094783052 -0.075877428932605 -0.0273365436549933 0.0206993155778921
-1.10318878556724 -1.05886277839201 -1.01452004403217 -0.970215493149356 -0.926107148882363 -0.882381430017314 -0.839235225452469 -0.796857306437156 -0.755393503512846 -0.714946179409531 -0.675486766319158 -0.63695396379916 -0.599277078315467 -0.562347843967992 -0.526059097621165 -0.490345659563503 -0.455153947635477 -0.420434786461286 -0.386140333111824 -0.352223667661047 -0.318638100933674 -0.285339765264486 -0.252296079028509 -0.219472692825611 -0.186816900114797 -0.154277040613693 -0.121823996215291 -0.0894387787902966 -0.0571203779449042 -0.024872277719182
-1.01233557589514 -0.977239695260673 -0.942143814607719 -0.907047933951913 -0.871952053295825 -0.836856172642479 -0.801760292009789 -0.766664411426525 -0.731568530949992 -0.696472650652307 -0.661376770636329 -0.626280891012596 -0.591185011889571 -0.556089133367401 -0.520993255529163 -0.485897378397978 -0.450801501967358 -0.415705626172354 -0.380609750906029 -0.345513875951974 -0.310418001066409 -0.275322126052117 -0.240226250898124 -0.205130375627733 -0.170034500215108 -0.134938624632639 -0.0998427488947478 -0.0647468730286289 -0.0296509970705295 0.00544487894103997
-0.984368534711621 -0.951175282143132 -0.917982029734648 -0.884788777655797 -0.851595526002907 -0.818402274854864 -0.785209024294075 -0.752015774384576 -0.718822525113392 -0.685629276426752 -0.652436028184726 -0.619242780225844 -0.586049532405704 -0.55285628464819 -0.519663036885719 -0.486469789016548 -0.453276540938458 -0.420083292581476 -0.386890043903159 -0.353696794938938 -0.320503545743713 -0.287310296368176 -0.254117046846177 -0.220923797205158 -0.187730547463765 -0.154537297645483 -0.121344047801962 -0.0881507979800568 -0.0549575481792735 -0.0217642983872828
1.05439579073234 1.01467610275049 0.974818404161357 0.934870627747565 0.894790058179844 0.854485757703847 0.813764546976774 0.77242744171618 0.730354479469479 0.687548871329748 0.644427500742867 0.601510669242921 0.559252323006658 0.517840986781508 0.477405076987863 0.438097998167294 0.4000336207384 0.363142690506713 0.327388461187835 0.293047342750718 0.260474034227648 0.22998962996316 0.201780805550764 0.175914996919774 0.15211710009373 0.129988678868482 0.108980508034875 0.0885719859734157 0.0685077944282537 0.0485989359844499
0.955756715187179 0.921114548336943 0.888532375115744 0.860550503927102 0.83726085562119 0.81771214386189 0.799228641121267 0.778417528228271 0.750742060631209 0.71261540695391 0.665394313902932 0.611671422705512 0.554917937952202 0.502119317686805 0.459245927174969 0.424693507116465 0.395484464785492 0.370722498319842 0.349493072025446 0.328727424017203 0.304818235862254 0.275287546638543 0.242174825467217 0.208322804514972 0.175269838087487 0.144208219724609 0.116250377763858 0.0922342829080512 0.0719799405235064 0.0550528646424163
1.03117113364222 0.993768519770419 0.956377404143779 0.919038424843948 0.881796971156282 0.844686762466677 0.807690087359499 0.770793664972065 0.734053367455023 0.69753470227324 0.661272565135145 0.625294198810055 0.589632011031726 0.554339069391672 0.519466706785487 0.485038657467338 0.451081945693349 0.417664354368895 0.384853988794429 0.352679485201464 0.321159612554275 0.290297641070367 0.260034845980143 0.230295973878389 0.201001651804508 0.17207099658651 0.143421203762204 0.114969779363558 0.0866373926893678 0.0583455038551349
0.989834792985385 0.957308182666308 0.924781572398181 0.892254962364308 0.859728352902059 0.82720174436578 0.794675137023657 0.762148531118439 0.729621926877319 0.69709532452676 0.664568724305887 0.632042126456988 0.599515531129097 0.566988938098221 0.534462347067705 0.501935757823261 0.469409170209848 0.436882584227043 0.40435599987012 0.371829416962525 0.339302835284748 0.306776254626949 0.274249674817985 0.241723095757899 0.209196517592814 0.176669940455728 0.144143364181084 0.111616788530498 0.0790902132728267 0.0465636381787399
-0.980622062519141 -0.946284044963678 -0.911946027474174 -0.877608010068165 -0.843269992649621 -0.808931975098412 -0.774593957311566 -0.740255939204276 -0.705917920747237 -0.671579901927599 -0.637241882742826 -0.602903863192959 -0.568565843270011 -0.534227822933888 -0.499889802147344 -0.465551780916646 -0.431213759252862 -0.396875737142755 -0.362537714550066 -0.328199691370743 -0.29386166748379 -0.259523642784108 -0.225185617230204 -0.190847590820132 -0.156509563646557 -0.122171535818427 -0.0878335074152223 -0.0534954785253044 -0.0191574493020257 0.0151805800850138
-1.01386713832252 -0.982752858141133 -0.951002091228381 -0.918164496545736 -0.883948250838978 -0.848164491595153 -0.81087768148208 -0.772173842375423 -0.731971907801479 -0.690243800445169 -0.64734048797529 -0.603707699306605 -0.559763786014225 -0.515817590314659 -0.472148595833409 -0.429028361190561 -0.386768505268028 -0.345848813000443 -0.306795262237221 -0.270150436434162 -0.236461070448665 -0.206051074971199 -0.178353064024513 -0.152576472340192 -0.127929314152886 -0.10365377736407 -0.0791301650394506 -0.0539111031929962 -0.0281003944674837 -0.00193963566289246
-1.01913921652811 -0.982953053061488 -0.946766889498891 -0.910580725691738 -0.874394561397368 -0.838208396399851 -0.802022230684243 -0.765836064292918 -0.729649897296506 -0.693463729758714 -0.65727756168727 -0.621091393075913 -0.584905223924671 -0.548719054258748 -0.51253288409643 -0.476346713403156 -0.440160542102885 -0.403974370006516 -0.36778819693467 -0.33160202285993 -0.295415847792867 -0.259229671771945 -0.22304349494719 -0.186857317471407 -0.150671139396938 -0.114484960774702 -0.0782987817503792 -0.0421126024816129 -0.00592642307912372 0.0302597563580982
1.07232975707084 1.02486349266642 0.977015964583246 0.928570249921434 0.879766194178348 0.831040691496236 0.783162062199615 0.736854822400209 0.692336845176318 0.649723258445183 0.609224852513234 0.571076333284197 0.535474058981712 0.502460997109064 0.471941923788742 0.443422240340395 0.416299707186168 0.389940895961023 0.363807754207798 0.337774921888021 0.31182021206789 0.285815066487834 0.25920544158521 0.231441499593129 0.202415711230793 0.172191568084173 0.141074336720211 0.109411629569115 0.0774786675331887 0.0455325736327571
