-0.988191235639245 -0.954149296144252 -0.920107356599625 -0.886065416995655 -0.852023477413794 -0.817981537945093 -0.783939598627835 -0.749897659505785 -0.715855720697395 -0.681813782341255 -0.647771844581804 -0.613729907564949 -0.579687971403282 -0.545646036076151 -0.511604101539725 -0.477562167790695 -0.443520234878017 -0.409478303019177 -0.375436372418256 -0.341394443057185 -0.30735251486236 -0.273310587738224 -0.23926866150142 -0.205226735943108 -0.17118481084031 -0.137142885990348 -0.103100961285886 -0.069059036653604 -0.0350171120609212 -0.000975187485439251
-1.04820571888377 -1.01048754178288 -0.972769364656923 -0.93505118753029 -0.897333010539759 -0.859614833839526 -0.821896657541043 -0.784178481732234 -0.746460306449666 -0.708742131718478 -0.671023957569472 -0.633305784034865 -0.595587611143277 -0.557869438908946 -0.520151267336756 -0.482433096408549 -0.444714926104718 -0.406996756422877 -0.369278587373636 -0.331560419002361 -0.293842251363106 -0.256124084466787 -0.218405918151777 -0.180687752221362 -0.142969586511025 -0.105251420882825 -0.0675332552729242 -0.0298150896452206 0.00790307599955346 0.0456212416514569
-1.02067623798567 -0.985242764155895 -0.949809290370543 -0.914375816677192 -0.878942343155923 -0.843508869897981 -0.80807539700677 -0.7726419245397 -0.737208452358038 -0.701774980267429 -0.666341508047171 -0.630908035469975 -0.595474562310971 -0.560041088354969 -0.524607613411862 -0.489174137382195 -0.453740660176775 -0.418307181656806 -0.382873701703896 -0.347440220330876 -0.312006737583383 -0.276573253530757 -0.24113976833715 -0.205706282187623 -0.170272795256072 -0.134839307716173 -0.0994058197518851 -0.0639723315283007 -0.0285388431247666 0.00689464540080751
-1.00154072856888 -0.966695584076762 -0.931850439504064 -0.897005294767731 -0.862160149792656 -0.827315004532172 -0.792469859045424 -0.757624713428009 -0.722779567815494 -0.687934422322388 -0.653089276938989 -0.618244131624539 -0.583398986329986 -0.548553840973096 -0.513708695474759 -0.478863549801557 -0.444018403934848 -0.409173257869409 -0.374328111617088 -0.339482965244606 -0.304637818832401 -0.269792672445563 -0.234947526087782 -0.200102379757615 -0.165257233494456 -0.130412087348858 -0.0955669413751381 -0.0607217956085535 -0.0258766500043314 0.00896849550230731
-0.986693517664009 -0.951616380230145 -0.916539242651068 -0.881462104762725 -0.846384966347167 -0.811307827184749 -0.776230687102925 -0.741153545948414 -0.706076403597886 -0.670999259963056 -0.635922115065874 -0.600844968955844 -0.565767821714743 -0.530690673553417 -0.495613524697718 -0.460536375304416 -0.425459225503438 -0.390382075386394 -0.35530492503008 -0.320227774490349 -0.285150623817822 -0.250073473071942 -0.214996322347463 -0.179919171723042 -0.144842021177664 -0.1097648706623 -0.0746877201155515 -0.0396105694899443 -0.00453341880605517 0.0305437318985249
-1.0069340736589 -0.973057116154552 -0.939180158634508 -0.905303201062862 -0.871426243438344 -0.837549285789677 -0.803672328230928 -0.769795370875889 -0.735918413751921 -0.702041456872626 -0.668164500283009 -0.634287544035924 -0.600410588174767 -0.566533632705106 -0.532656677643978 -0.498779723092121 -0.464902769134529 -0.431025815709511 -0.397148862718959 -0.363271910065798 -0.329394957653206 -0.29551800538527 -0.261641053169696 -0.227764100918904 -0.193887148560536 -0.160010196028082 -0.126133243263188 -0.0922562902356034 -0.0583793370193301 -0.0245023837144331
-1.03278900233196 -0.99575388967257 -0.958718777011677 -0.921683664360602 -0.884648551702853 -0.847613438999991 -0.810578326153591 -0.773543213075068 -0.736508099775173 -0.699472986270771 -0.662437872503839 -0.625402758397635 -0.588367643871395 -0.551332528828281 -0.51429741319534 -0.477262297011238 -0.440227180356204 -0.403192063365082 -0.366156946156507 -0.329121828729657 -0.292086711053846 -0.255051593087817 -0.218016474748046 -0.180981355964803 -0.143946236765834 -0.106911117211051 -0.0698759973915808 -0.0328408773991218 0.00419424270354635 0.0412293628608741
-0.969969204227714 -0.936936549386035 -0.903903894616775 -0.870871240002761 -0.837838585663915 -0.804805931745644 -0.771773278458211 -0.738740625995562 -0.705707974421505 -0.672675323735112 -0.639642673806637 -0.60661002447413 -0.573577375603305 -0.540544727170521 -0.507512079190298 -0.47447943171914 -0.441446784808692 -0.408414138449175 -0.375381492617461 -0.342348847298468 -0.309316202479121 -0.276283558144148 -0.243250914269477 -0.210218270829414 -0.177185627800575 -0.144152985145397 -0.111120342767288 -0.0780877005623268 -0.0450550584563082 -0.0120224163824541
-0.974240354496615 -0.940791134753277 -0.907341915065652 -0.87389269548899 -0.840443476089094 -0.806994256933253 -0.773545038084141 -0.74009581958911 -0.706646601438827 -0.673197383579591 -0.639748165836901 -0.606298948006058 -0.572849729914979 -0.539400511522058 -0.50595129284437 -0.472502074003261 -0.439052855154497 -0.405603636487258 -0.372154418182735 -0.338705200356729 -0.305255983108699 -0.271806766527265 -0.238357550657702 -0.204908335526572 -0.171459121128928 -0.138009907413603 -0.104560694176058 -0.07111148119731 -0.0376622683539649 -0.00421305554652614
1.06810098775283 1.03198640373027 0.995871819597086 0.959757235240702 0.923642650579311 0.88752806555686 0.851413480189541 0.815298894519459 0.779184308620153 0.743069722586339 0.706955136566016 0.670840550720503 0.634725965189574 0.59861138002682 0.562496795263802 0.526382210930133 0.490267627052585 0.454153043648501 0.418038460721491 0.381923878229649 0.345809296119693 0.309694714341552 0.273580132857995 0.23746555162492 0.201350970557869 0.165236389562718 0.12912180854702 0.0930072274408526 0.0568926462627062 0.0207780650531749
-0.96519304247935 -0.932041603423489 -0.898893062341222 -0.865749060960047 -0.832608157694789 -0.799467621702318 -0.766322648420341 -0.733168136664576 -0.69999987248195 -0.666813320526238 -0.633601772647384 -0.600357977494379 -0.567075109681467 -0.533748047683906 -0.500373023872817 -0.466949982341775 -0.433479419602605 -0.399960330117691 -0.366392857279134 -0.332783242247339 -0.299139250624788 -0.26546868108213 -0.231779464562676 -0.198078962158324 -0.164372123282653 -0.130663019908884 -0.096954625927124 -0.0632489150432168 -0.0295449583090557 0.00415889888695326
-1.01940158749423 -0.982935215171034 -0.946471517383657 -0.910014072420879 -0.873567655080992 -0.837136783623617 -0.800723753644196 -0.764331281560509 -0.727965989743889 -0.691636160982155 -0.65535281377552 -0.619127650552299 -0.582970920644646 -0.546887061000081 -0.510878333095233 -0.474944108907811 -0.439082401532988 -0.403288678034731 -0.367557072624923 -0.331878934138332 -0.296244915065444 -0.260646191618953 -0.225076034900389 -0.189529271425913 -0.15400485448138 -0.118502661198697 -0.0830221373243049 -0.0475612770813101 -0.012112699984945 0.0233323181265261
-1.0486443170102 -1.01199660868406 -0.975348900302396 -0.938701191838459 -0.902053483319103 -0.865405774760213 -0.828758066080187 -0.792110357146052 -0.755462647716803 -0.718814937569155 -0.682167226658702 -0.645519514985761 -0.608871802562525 -0.57222408944869 -0.535576375692936 -0.498928661252353 -0.462280946065955 -0.425633230092036 -0.388985513333524 -0.352337795952615 -0.315690078151319 -0.279042360127144 -0.242394642059578 -0.205746924101398 -0.169099206316549 -0.132451488740579 -0.0958037713842755 -0.0591560542417489 -0.0225083372651494 0.0141393796038618
-1.05160069621666 -1.01474911624193 -0.97789207895929 -0.941024086474901 -0.90414598343562 -0.867258933428845 -0.830359033263429 -0.793440471996464 -0.756494874456548 -0.719511150529568 -0.682469914559041 -0.645349707002893 -0.608123828771638 -0.570744622586142 -0.533163038702628 -0.495345415708395 -0.457267851101069 -0.418930089688488 -0.380340868833977 -0.341521248812579 -0.302495370627267 -0.263291020317868 -0.223950564071624 -0.184514832182949 -0.145003931227534 -0.105433445202005 -0.0658215915054467 -0.0261856114935857 0.013463791053758 0.0531175467507402
1.02076145402434 0.983658716810192 0.946555979549256 0.909453242233617 0.872350504936648 0.835247767710059 0.798145030437628 0.761042292999203 0.723939555426842 0.686836817774786 0.649734080033789 0.612631342178732 0.575528604184986 0.538425866029876 0.501323127686632 0.464220389110142 0.427117650231679 0.390014910906395 0.352912170980774 0.315809430342746 0.278706688890603 0.241603946564739 0.20450120347395 0.167398459776181 0.130295715657568 0.0931929713082001 0.0560902269058028 0.0189874825914751 -0.0181152616278274 -0.0552180057786849
-1.00946565797977 -0.97605906907817 -0.942652480154674 -0.90924589118418 -0.875839302142861 -0.842432713011879 -0.809026123791077 -0.775619534487892 -0.742212945121461 -0.708806355732502 -0.675399766436368 -0.641993177367073 -0.608586588686996 -0.575180000671991 -0.541773413603983 -0.508366827675689 -0.474960243081463 -0.441553660111411 -0.408147079009993 -0.374740499743346 -0.341333922208021 -0.307927346268578 -0.2745207716616 -0.241114198114908 -0.207707625449255 -0.174301053477508 -0.14089448188808 -0.107487910387012 -0.0740813388753102 -0.0406747673027238
-0.987387651241209 -0.952190549357003 -0.916990551581098 -0.881778162350839 -0.846546819109716 -0.811291321475857 -0.776008984759776 -0.740705236643522 -0.705415438602884 -0.670180928671416 -0.635037017319976 -0.600017508128752 -0.565150147135298 -0.530438450206643 -0.495882655471803 -0.461494120278283 -0.427282469466282 -0.393239278628304 -0.359353576069313 -0.325622250191813 -0.292044154422696 -0.258616861404488 -0.225332820642252 -0.19218229033103 -0.159151886563236 -0.126226131577187 -0.0933848142974367 -0.0606062269122288 -0.0278674079783247 0.00485491735538498
-0.958089098788991 -0.926124424384012 -0.894159750117675 -0.862195076154618 -0.830230402680233 -0.798265729857797 -0.76630105774136 -0.734336386374003 -0.702371715864129 -0.670407046328472 -0.638442377851737 -0.606477710510621 -0.574513044354213 -0.542548379321158 -0.510583715324439 -0.478619052284844 -0.446654390101978 -0.414689728582918 -0.382725067539703 -0.350760406896756 -0.318795746606596 -0.286831086635664 -0.254866427006098 -0.222901767725295 -0.190937108686003 -0.158972449771133 -0.1270077909389 -0.0950431321670638 -0.0630784734362589 -0.031113814727837
-0.97721947089999 -0.943452198808182 -0.909684926670807 -0.87591765450768 -0.842150382456746 -0.808383110683918 -0.774615839348855 -0.740848568618473 -0.707081298694982 -0.673314029763879 -0.639546761908516 -0.605779495186711 -0.572012229629761 -0.538244965162882 -0.50447770168096 -0.470710439063633 -0.436943177218466 -0.403175916179993 -0.369408656007957 -0.335641396735961 -0.301874138391075 -0.268106880961064 -0.234339624276471 -0.200572368170973 -0.16680511264798 -0.133037857738185 -0.099270603411661 -0.0655033496030807 -0.0317360961661103 0.00203115706583437
-0.976846647928078 -0.943558417466092 -0.910270186973208 -0.876981956419152 -0.843693725879036 -0.810405495490949 -0.777117265539493 -0.743829036322827 -0.710540808046808 -0.677252580867934 -0.643964354837553 -0.610676129980726 -0.577387906316259 -0.544099683837943 -0.510811462542245 -0.477523242461352 -0.444235023608291 -0.41094680588373 -0.377658589164152 -0.344370373341679 -0.311082158312344 -0.277793943950935 -0.244505730047273 -0.211217516369305 -0.177929302682452 -0.144641088790273 -0.111352874651418 -0.0780646602795946 -0.0447764457536499 -0.0114882311687165
-1.07701449905981 -1.04794208037082 -0.841260128262512 -0.8377655570085 -0.924161014349113 -0.914408682193539 -0.825603145659686 -0.720675197568323 -0.642768058342947 -0.617499175465374 -0.620170477047954 -0.613505011360672 -0.574142448085996 -0.534388942556329 -0.522784382576892 -0.497137100194261 -0.420607415259297 -0.348495154598654 -0.335392207210228 -0.3409192038011 -0.300953960505643 -0.19007403106065 -0.137655919612586 -0.244023135941169 -0.338488261949473 -0.255031594615518 -0.117315219093778 -0.0719656073247377 -0.0677849902164781 -0.00411953841897863
-1.01499725536348 -0.979941926530259 -0.944881234095716 -0.909813107783969 -0.874723976289966 -0.839595910830403 -0.804405053738145 -0.769122528784144 -0.733705314375551 -0.698111633065461 -0.662318829354552 -0.626309028230397 -0.590065631184112 -0.553577145720973 -0.516832586053075 -0.47981788720561 -0.442525285303792 -0.404975300059824 -0.367195221447293 -0.329211136898348 -0.291048833209774 -0.252737672511251 -0.214321318264037 -0.175846535649934 -0.137358195401332 -0.0988926421808285 -0.060454010821251 -0.0220371684359285 0.0163678789100306 0.0547723404135732
-1.00633545991175 -0.991816132414402 -0.953738388361101 -0.886350468355185 -0.817426101939914 -0.775276347188287 -0.756836087352341 -0.751768296313369 -0.752024485290659 -0.749885068209383 -0.736657532480277 -0.703406133885465 -0.645523855413374 -0.575718588877635 -0.510503517198102 -0.464298078894303 -0.444355620695165 -0.431358866567526 -0.404059078693476 -0.360052294878206 -0.301645746832681 -0.233371900384216 -0.168664157825517 -0.121865630811964 -0.102057331984233 -0.109761345948721 -0.116526144189403 -0.0936330588112895 -0.040268477525951 0.0374049480534022
-0.965829171271888 -0.941143279855484 -0.916069534487866 -0.890225457031407 -0.863329649814104 -0.835150821606635 -0.805557026484774 -0.774471779420505 -0.74194109366558 -0.708066435692245 -0.673048586574977 -0.637113156038811 -0.600443873193361 -0.563056944686571 -0.524958038985433 -0.486278194294803 -0.44717673259478 -0.407800741228552 -0.36831875624873 -0.328997343182516 -0.290127574925756 -0.251947852516574 -0.214485889562191 -0.177672560589262 -0.141262071233093 -0.105038312644973 -0.0690805869314899 -0.0335032725202805 0.00173435783210808 0.0367118077869021
-1.03061039083832 -0.994354619668599 -0.95809884838072 -0.921843076845499 -0.885587304880604 -0.849331532307437 -0.813075759015484 -0.77681998494298 -0.740564210155071 -0.704308434743955 -0.668052658783134 -0.631796882341433 -0.595541105475641 -0.559285328194389 -0.523029550519601 -0.486773772574504 -0.450517994517482 -0.414262216546237 -0.378006438845984 -0.341750661512666 -0.305494884619907 -0.269239108208383 -0.232983332186959 -0.196727556427175 -0.160471780783077 -0.124216005116285 -0.0879602293362325 -0.051704453389188 -0.0154486773209429 0.0208070987978303
-0.984718239121832 -0.950838252188336 -0.916958265144631 -0.883078277883332 -0.849198290235028 -0.815318302031558 -0.781438313171773 -0.747558323597251 -0.713678333353463 -0.679798342527009 -0.64591835126511 -0.612038359730144 -0.578158368057294 -0.544278376272971 -0.510398384368557 -0.476518392304085 -0.442638400042232 -0.40875840758758 -0.374878414971939 -0.340998422294126 -0.30711842966971 -0.273238437203052 -0.239358444953667 -0.205478452959824 -0.171598461219648 -0.137718469706388 -0.103838478333935 -0.0699584870104885 -0.0360784956808466 -0.00219850429895461
-0.992198999535468 -0.958008262498526 -0.923817525223012 -0.88962678748441 -0.85543604923 -0.821245310455776 -0.787054571180814 -0.752863831425935 -0.718673091195856 -0.6844823504949 -0.650291609341928 -0.616100867759436 -0.58191012574544 -0.547719383200055 -0.513528640034561 -0.479337896302798 -0.445147152111369 -0.410956407635363 -0.376765663050219 -0.342574918464301 -0.308384173969205 -0.27419342964163 -0.240002685498699 -0.205811941531838 -0.17162119768926 -0.137430453912341 -0.103239710158314 -0.0690489663977102 -0.034858222638402 -0.000667478897594979
-1.00741910488834 -0.970583238076342 -0.933747371270188 -0.896911504507931 -0.86007563786926 -0.823239771427076 -0.78640390518548 -0.749568039107799 -0.712732173063052 -0.675896306943246 -0.639060440826656 -0.602224574838119 -0.565388709096038 -0.528552843693068 -0.491716978719205 -0.454881114279557 -0.41804525047438 -0.381209387369401 -0.344373525005489 -0.307537663358617 -0.270701802388534 -0.233865942066696 -0.197030082411401 -0.160194223451813 -0.12335836521373 -0.0865225076962856 -0.0496866507953447 -0.0128507943730805 0.0239850617398224 0.060820917720552
-1.01148943625422 -0.977593722410544 -0.943694653627198 -0.909790880883033 -0.875882301158253 -0.841968906104023 -0.808049820053981 -0.774122876893998 -0.740181616036402 -0.706217668470337 -0.67221932596576 -0.638174045487831 -0.604070534725225 -0.569902504260685 -0.535664862083391 -0.501352302914205 -0.46695800557967 -0.432469298597356 -0.397874740700472 -0.363173661793756 -0.328368084574823 -0.293462718740344 -0.258473021983189 -0.22341596334215 -0.188303809243486 -0.153149333843468 -0.11797204483095 -0.0827900782341563 -0.0476093499062202 -0.012432720656503
-0.955281997453501 -0.922591955401347 -0.889901913212237 -0.857211870708789 -0.824521827812823 -0.791831784471681 -0.759141740635585 -0.726451696191352 -0.693761650769294 -0.661071603982333 -0.628381555630346 -0.595691505559944 -0.563001453662143 -0.53031140000558 -0.497621344725216 -0.464931288043702 -0.432241230177049 -0.399551171227014 -0.366861111281622 -0.334171050488243 -0.30148098900908 -0.268790926994203 -0.236100864545131 -0.203410801751296 -0.170720738702316 -0.138030675482865 -0.105340612157663 -0.072650548781543 -0.0399604853897432 -0.00727042201260441
0.944917461380138 0.946769933676689 0.93735470425217 0.93000195588658 0.904487539706962 0.845558207310923 0.791398643831277 0.774585874798585 0.751828353799171 0.679760581454277 0.590589818469025 0.53541651556951 0.545719251399285 0.574489116271734 0.570739671519149 0.546061850879607 0.52070456675718 0.486971273814133 0.434436646461199 0.369705695844803 0.30364101729529 0.247364246920522 0.213033183938421 0.205770098119718 0.201518978336316 0.177762800514917 0.147318769700237 0.12775319809699 0.120294597431867 0.12208702931205
-1.00183241419777 -0.968064174184147 -0.934295934242926 -0.900527694481354 -0.866759455002471 -0.832991215932782 -0.799222977496872 -0.765454739933761 -0.731686503442154 -0.697918268180026 -0.664150034182776 -0.630381801455155 -0.596613569958002 -0.562845339476507 -0.529077109759179 -0.495308880583435 -0.461540651737971 -0.427772423027684 -0.394004194270405 -0.360235965319514 -0.326467736037274 -0.292699506307327 -0.258931276098818 -0.225163045395525 -0.191394814154229 -0.157626582359879 -0.123858350137069 -0.090090117636577 -0.0563218849742557 -0.0225536522572277
-1.00903184441796 -0.974020837966014 -0.938932845964173 -0.903766430142438 -0.868483273426544 -0.833007009013743 -0.797145949991636 -0.760697286958988 -0.723529040668898 -0.685588644413259 -0.647070351484811 -0.608230120176509 -0.569338572068903 -0.530724981892947 -0.492718716187326 -0.45559085557126 -0.419618469427343 -0.385160868111122 -0.352558683076574 -0.321995589198439 -0.293616022206651 -0.267450920969864 -0.243077236911637 -0.219980164123576 -0.197731854814579 -0.176015157506829 -0.154868747858346 -0.134377714513789 -0.114456970928519 -0.0949788867605727
-0.99967203298742 -0.964622036276873 -0.929572039483685 -0.894522042520397 -0.859472045261712 -0.824422047601458 -0.789372049547833 -0.754322051151238 -0.719272052516538 -0.684222053728039 -0.649172054733337 -0.61412205544585 -0.579072055762761 -0.544022055516295 -0.508972054548792 -0.473922052807983 -0.438872050290311 -0.403822047081666 -0.368772043299748 -0.33372203910006 -0.298672034647555 -0.263622030100469 -0.228572025590166 -0.19352202122308 -0.158472017032789 -0.123422013030649 -0.0883720092119951 -0.0533220055612869 -0.0182720020355132 0.0167780014152047
0.98405460681088 0.950638727933347 0.917222849015596 0.883806970050307 0.850391091119183 0.816975212325922 0.783559333773179 0.750143455549162 0.716727577685331 0.683311700188951 0.649895823027262 0.616479946157498 0.583064069548995 0.549648193219498 0.51623231719972 0.482816441523831 0.44940056621598 0.415984691256767 0.382568816603082 0.34915294216052 0.315737067821854 0.282321193490275 0.248905319110657 0.215489444656293 0.182073570172486 0.148657695718985 0.115241821341328 0.0818259470671942 0.0484100728670499 0.0149941986970565
-0.994682300469539 -0.960955441175984 -0.927228581842147 -0.89350172246175 -0.859774863004335 -0.826048003448198 -0.792321143830794 -0.758594284209795 -0.724867424664573 -0.691140565261335 -0.657413705991937 -0.62368684682965 -0.589959987753871 -0.556233128768516 -0.52250626987432 -0.488779411034781 -0.455052552183547 -0.421325693172109 -0.387598833826042 -0.353871973949425 -0.320145113340963 -0.286418251842298 -0.252691389466822 -0.218964526288671 -0.185237662453215 -0.151510798115685 -0.117783933399518 -0.0840570684134709 -0.0503302032393767 -0.0166033379523355
-0.980983372188374 -0.946337313197883 -0.911691254123138 -0.87704519485448 -0.84239913528642 -0.80775307535017 -0.773107015119569 -0.738460954696032 -0.703814894148649 -0.669168833531094 -0.634522772867694 -0.599876712175438 -0.565230651478545 -0.530584590830147 -0.495938530290422 -0.461292469918822 -0.426646409726684 -0.392000349533608 -0.357354289124276 -0.322708228335448 -0.288062167016901 -0.253416105046515 -0.218770042414586 -0.18412397915025 -0.149477915325584 -0.114831851034478 -0.0801857864151359 -0.0455397216029287 -0.0108936566775907 0.0237524082950532
-1.15858169718811 -0.873122293943211 -1.01123048868994 -0.981962505448053 -0.864787584921471 -0.845829399259938 -0.867416329712443 -0.836670450934184 -0.763683902105968 -0.681272295022549 -0.610175067408868 -0.568112613472413 -0.560061788329039 -0.540025290728064 -0.474373491337181 -0.429921604864105 -0.463597280182407 -0.492333058789038 -0.429210156283616 -0.311899592053044 -0.20921983643104 -0.174419713834701 -0.19846946501463 -0.244900415103631 -0.229766810429803 -0.10329646635258 0.000111446838560501 -0.0379831590457105 -0.0880126888640973 0.0415923733573529
-1.04504902376395 -1.00842148693872 -0.971793950158116 -0.935166413440886 -0.898538876769901 -0.861911340148356 -0.825283803696682 -0.788656267559217 -0.752028731858724 -0.715401196691157 -0.678773662066837 -0.642146127974673 -0.605518594394792 -0.568891061272195 -0.532263528538254 -0.495635996104977 -0.459008463884845 -0.422380931811587 -0.38575339985118 -0.349125868077353 -0.31249833659077 -0.275870805486974 -0.239243274841017 -0.202615744717488 -0.165988215159602 -0.129360686184922 -0.0927331577297647 -0.0561056297008988 -0.01947810196813 0.0171494256079763
-0.963190023392829 -0.929856181400155 -0.896522339393365 -0.863188497357031 -0.829854655203021 -0.796520812805807 -0.763186969962946 -0.729853126481174 -0.696519282280834 -0.663185437340484 -0.629851591757928 -0.596517745660785 -0.563183899156739 -0.529850052273736 -0.496516204995866 -0.46318235721153 -0.429848508784409 -0.396514659574987 -0.3631808094629 -0.329846958407583 -0.296513106388419 -0.263179253408082 -0.229845399562407 -0.196511544971588 -0.163177689760102 -0.129843834051075 -0.0965099779579361 -0.0631761215888527 -0.0298422650406325 0.00349159159275605
-0.982888480040746 -0.949602421286934 -0.916316362488221 -0.883030303565464 -0.849744244492077 -0.816458185283768 -0.783172126072862 -0.749886067037882 -0.716600008425519 -0.683313950456369 -0.65002789317848 -0.616741836596763 -0.583455780733749 -0.550169725682466 -0.516883671527001 -0.483597618245194 -0.450311565776195 -0.417025514010626 -0.383739462806056 -0.350453411936367 -0.317167361154515 -0.283881310212092 -0.250595258855212 -0.217309206876112 -0.184023154256969 -0.150737101050738 -0.117451047403537 -0.0841649934711418 -0.0508789393548109 -0.0175928851421719
-0.994186325553708 -0.9596426038035 -0.925098881875216 -0.890555159619134 -0.856011436901931 -0.821467713602745 -0.786923989634178 -0.752380264923346 -0.71783653942198 -0.683292813096659 -0.648749085948746 -0.614205357988296 -0.579661629239193 -0.545117899780624 -0.510574169675022 -0.476030438862492 -0.441486707277438 -0.406942974953784 -0.372399241945489 -0.337855508287139 -0.303311774008475 -0.268768039105069 -0.234224303435805 -0.199680566872766 -0.165136829477503 -0.130593091361013 -0.0960493526425968 -0.0615056134515258 -0.0269618739486321 0.00758186569736064
-1.00819188918574 -0.973271790998851 -0.938351692896193 -0.903431594928507 -0.868511497049413 -0.8335913992126 -0.798671301469157 -0.763751203905381 -0.728831106651007 -0.693911009821668 -0.658990913433169 -0.624070817476352 -0.589150721945502 -0.55423062684865 -0.519310532217381 -0.484390438163736 -0.449470344847066 -0.414550252535489 -0.37963016145245 -0.344710071533907 -0.30978998264395 -0.274869894630615 -0.23994980727773 -0.205029720377716 -0.170109633821592 -0.135189547530993 -0.100269461451427 -0.0653493755333906 -0.0304292897234332 0.00449079603287901
0.950501292596358 0.918231061382533 0.885960830137641 0.853690598807903 0.821420367340694 0.789150135706601 0.756879903967907 0.724609672207453 0.692339440498613 0.660069208888679 0.627798977330075 0.595528745751509 0.563258514084722 0.530988282273581 0.498718050294329 0.466447818240567 0.434177586227479 0.4019073543392 0.369637122634639 0.337366891102848 0.305096659715412 0.27282642846251 0.240556197408679 0.208285966612211 0.17601573603204 0.143745505607402 0.111475275298084 0.0792050450677135 0.0469348148747234 0.0146645846762468
-1.02877516155909 -0.991892126098722 -0.955009090624297 -0.918126055169645 -0.881243019898926 -0.844359984995993 -0.807476950593121 -0.770593916835117 -0.733710883968502 -0.696827852228321 -0.659944821701989 -0.623061792440017 -0.586178764497949 -0.549295737951465 -0.512412712874631 -0.475529689314931 -0.438646667284209 -0.401763646678338 -0.364880627346267 -0.327997609065202 -0.291114591594418 -0.254231574719028 -0.2173485583275 -0.180465542343428 -0.14358252672756 -0.106699511419392 -0.0698164962362669 -0.0329334810044015 0.00394953429234738 0.0408325496307125
-1.00639306371152 -0.970879225987101 -0.935365388301138 -0.899851550635974 -0.864337712892549 -0.828823874961283 -0.793310036771926 -0.757796198289265 -0.722282359578883 -0.686768520735629 -0.651254681870616 -0.615740843099022 -0.580227004534072 -0.544713166281184 -0.509199328414345 -0.473685490889624 -0.438171653649733 -0.40265781670188 -0.367143980079915 -0.331630143859779 -0.296116308127937 -0.260602472968303 -0.225088638454588 -0.189574804639663 -0.154060971503237 -0.118547138985144 -0.0830333069388967 -0.0475194752047338 -0.0120056436561083 0.023508187825222
-0.965677172457969 -0.933069340446867 -0.900453109349717 -0.867811916750257 -0.83512141761958 -0.802358494055135 -0.769512719272443 -0.736575891063489 -0.703536014408049 -0.670382571043787 -0.637114742552129 -0.603734135475437 -0.570243634219343 -0.536651234642539 -0.502967025333313 -0.469204354345268 -0.435375423315342 -0.401484588748505 -0.367532784969123 -0.33351510271111 -0.299425171810771 -0.265257109884919 -0.231006985672396 -0.196672186851828 -0.162253425738926 -0.127754803936857 -0.0931906555615082 -0.0585777111379375 -0.0239320543151594 0.0107303929768225
-1.04613470081165 -1.00238865748791 -0.958309341264272 -0.913975515678318 -0.869616319213156 -0.825486572267553 -0.781793447957382 -0.738889788157601 -0.697758757062378 -0.65936292840171 -0.623952191729671 -0.59159826555636 -0.56224802448632 -0.535348967501886 -0.510115985774618 -0.485332914855171 -0.459778934832352 -0.432645659568457 -0.403343708483268 -0.371747289453022 -0.337846507468068 -0.301706521315836 -0.263692704972085 -0.224109491345847 -0.182717333890921 -0.139313502449149 -0.0943865118697904 -0.0485470331737319 -0.00220311706096426 0.0442878408487465
-0.999809846395466 -0.964616424188306 -0.929464308800149 -0.894390658270225 -0.859436544836915 -0.82463579070014 -0.789989303706821 -0.7554909135486 -0.721139051648999 -0.686937218137948 -0.652904586239102 -0.619064247449547 -0.585440493337019 -0.552062415751833 -0.518967181803535 -0.486219459356001 -0.453882975669195 -0.421990194833107 -0.390553430877949 -0.359535660764791 -0.328887527187418 -0.298562002985835 -0.268521381584934 -0.238733409375798 -0.209178324029384 -0.179835160675614 -0.150665653000399 -0.121625887755714 -0.0926666654018063 -0.0637374648259909
-0.985065560917542 -0.950280231311804 -0.915494901824662 -0.880709572575808 -0.845924243542855 -0.811138914637088 -0.776353585646547 -0.741568256343412 -0.706782926559676 -0.671997596162398 -0.63721226509911 -0.602426933337458 -0.567641600836075 -0.532856267517532 -0.498070933304716 -0.46328559815784 -0.428500262069341 -0.393714925123226 -0.358929587423764 -0.324144249064693 -0.289358910137121 -0.254573570725442 -0.219788230887202 -0.185002890678381 -0.150217550175524 -0.115432209469084 -0.0806468686845591 -0.0458615279306369 -0.0110761872137196 0.0237091534853622
-0.975285547152409 -0.941284358042211 -0.907283168853155 -0.873281979525196 -0.839280790129283 -0.805279600739541 -0.771278411311806 -0.737277221819417 -0.70327603242401 -0.669274843312896 -0.635273654587788 -0.601272466328994 -0.567271278568321 -0.533270091143547 -0.499268903844532 -0.465267716463484 -0.431266528778149 -0.397265340506076 -0.363264151378488 -0.329262961241494 -0.295261769969924 -0.261260577499554 -0.227259384009937 -0.193258189756673 -0.159256995055759 -0.125255800196418 -0.0912546053003774 -0.0572534104289252 -0.0232522155690905 0.0107489793106621
-0.994005852102968 -0.961538137282231 -0.929054363692711 -0.896540106116467 -0.863989909714441 -0.831397839606473 -0.798747070369097 -0.766018429906609 -0.73319424997766 -0.700258210293468 -0.667197878521173 -0.634001794316898 -0.600659376066137 -0.567163557071885 -0.533512652730531 -0.499722991894548 -0.465813581037023 -0.431796123657413 -0.397678531622725 -0.363460853243793 -0.329141170942409 -0.294718641520399 -0.260196719299725 -0.225578467226354 -0.190861085222137 -0.156044659599022 -0.121146685253455 -0.0861894571490106 -0.0511970619332644 -0.0161940341747927
-0.956095147305397 -0.922769230430428 -0.889444818841579 -0.856112604807954 -0.822797591507968 -0.789529979819485 -0.756326450508875 -0.723215927528712 -0.690289827687899 -0.657645779323224 -0.625343764026699 -0.59343435170414 -0.561962171680731 -0.530948090959129 -0.500403138922752 -0.470322756800605 -0.440685884402241 -0.411421044013828 -0.382444194146466 -0.35367145573438 -0.325018990317572 -0.296414182438731 -0.267829308651273 -0.23925222874415 -0.210688243437737 -0.182144703976436 -0.153619722769332 -0.125107660541229 -0.0965971101151309 -0.0680752223385902
-0.999112934925367 -0.966056083664457 -0.933010919592285 -0.899991293544063 -0.866989489790148 -0.83399672551658 -0.801021516136981 -0.768061649484882 -0.735054704845872 -0.701924063052854 -0.668596519675937 -0.634999723969529 -0.60105681363701 -0.566672880177645 -0.531757173913637 -0.496253626663073 -0.460134146786634 -0.423447867319499 -0.386255673733164 -0.348588236569893 -0.310468672639639 -0.271919130133715 -0.232957882768862 -0.193599765239945 -0.153849730628906 -0.113723401560525 -0.0732889604438582 -0.0326291691109262 0.00816745269866357 0.0490109457684076
-0.994732365058984 -0.960242143782689 -0.925765280662404 -0.891317377432284 -0.856908882777214 -0.82255254023139 -0.78827542577553 -0.7541061886733 -0.720065438873645 -0.686170816588185 -0.652436122393972 -0.618874196959418 -0.585499881609535 -0.552336020295743 -0.519403955878849 -0.486711024230796 -0.454260651158448 -0.422054629197205 -0.390091879343505 -0.358361469709418 -0.326850005185915 -0.295547469244127 -0.264457359675799 -0.233577953516513 -0.20287313045657 -0.172300610085174 -0.141827868932432 -0.111426354577073 -0.0810736418514011 -0.0507488374011171
1.02600943824936 0.991043420744856 0.956077403313369 0.92111138603894 0.886145368945872 0.851179352061362 0.816213335483927 0.781247319319816 0.746281303634868 0.711315288477004 0.676349273862866 0.641383259801281 0.606417246325621 0.571451233567472 0.536485221692352 0.501519210903327 0.466553201372642 0.43158719311172 0.396621186072079 0.361655180126442 0.326689175127832 0.291723170934745 0.256757167427569 0.22179116449168 0.186825162010516 0.151859159866161 0.116893157937216 0.0819271561161098 0.046961154354057 0.0119951526169682
-0.983896458886713 -0.950163565174111 -0.916430671475406 -0.88269777775868 -0.848964883950761 -0.815231989955701 -0.781499095627713 -0.747766200814939 -0.714033305391063 -0.680300409251731 -0.646567512354901 -0.612834614674107 -0.57910171617608 -0.545368816800328 -0.511635916493184 -0.477903015255498 -0.444170113102314 -0.410437210050911 -0.376704306160283 -0.342971401654022 -0.309238496796873 -0.275505591838138 -0.241772686965364 -0.208039782343217 -0.174306878106626 -0.140573974359491 -0.106841071111354 -0.0731081683212109 -0.0393752658402263 -0.00564236349260759
-0.975248988418144 -0.94277369254073 -0.910298396633212 -0.877823100668444 -0.845347804610841 -0.812872508443037 -0.780397212228978 -0.747921916035054 -0.715446619856107 -0.682971323661987 -0.650496027394118 -0.618020730986821 -0.585545434359896 -0.553070137375065 -0.52059483987792 -0.488119541707601 -0.455644242735524 -0.423168942968649 -0.390693642441407 -0.358218341162581 -0.32574303913454 -0.293267736368392 -0.260792432910193 -0.228317128846979 -0.19584182439475 -0.163366519767512 -0.130891215042326 -0.0984159102560804 -0.0659406054218928 -0.0334653005469416
-1.06878712099688 -1.0305065049808 -0.992225888936271 -0.953945272778683 -0.915664656394918 -0.877384039660597 -0.839103422434843 -0.800822804565924 -0.762542185875196 -0.724261566214887 -0.685980945587617 -0.647700324033608 -0.609419701642927 -0.571139078705037 -0.532858455503759 -0.494577832100977 -0.456297208504812 -0.418016584730279 -0.379735960805171 -0.341455336801514 -0.303174712802386 -0.264894088884459 -0.226613465098765 -0.188332841470944 -0.150052217950716 -0.111771594479886 -0.0734909710445298 -0.0352103476407284 0.0030702757396993 0.0413508991059988
-0.932632434909987 -0.90293086700288 -0.873262460835295 -0.843657013137099 -0.814148349035803 -0.78475522474843 -0.755432092452414 -0.72611054741283 -0.696695061284904 -0.667098063133885 -0.637290935274958 -0.607259798335794 -0.57697475784854 -0.546341858963253 -0.515267441629703 -0.483723085378597 -0.451699156958764 -0.419195932410564 -0.386226438001865 -0.35284479161905 -0.319115384053126 -0.285105111926489 -0.250890895187089 -0.216545141731087 -0.182112187921936 -0.147626240221861 -0.113109057020886 -0.0785771419488464 -0.0440384276670125 -0.00949870409451411
-0.99592227391921 -0.96234104543563 -0.928759816919143 -0.895178588356046 -0.86159735971283 -0.828016130948736 -0.794434902013825 -0.760853672880272 -0.727272443617897 -0.693691214309143 -0.660109984989316 -0.626528755681933 -0.592947526367764 -0.559366296856592 -0.525785066954393 -0.492203836622924 -0.458622605848503 -0.425041374559916 -0.391460142698015 -0.357878910309431 -0.324297677467242 -0.290716444242811 -0.257135210700651 -0.22355397690691 -0.189972742941119 -0.156391508887768 -0.122810274837789 -0.0892290408625538 -0.0556478069487541 -0.0220665730619092
-0.972774951658668 -0.944588539504073 -0.916380511386264 -0.888131023717301 -0.859826725312835 -0.831452880473089 -0.802982723032964 -0.774377475778648 -0.745562347766812 -0.716456627302473 -0.68699193341358 -0.657102967808813 -0.626731062556819 -0.595844071166107 -0.564421787123108 -0.532465242386072 -0.499998314336308 -0.467115023575557 -0.433911137046625 -0.400419263836163 -0.366656223566784 -0.332643003726562 -0.298417263265428 -0.264018642553793 -0.229478036182142 -0.194819917896622 -0.160051823845949 -0.125182926727791 -0.0902458830330484 -0.0552792202009294
-1.01803098759246 -0.983086042889885 -0.94814109827161 -0.913196153798443 -0.878251209504546 -0.843306265423381 -0.808361321612236 -0.773416378125234 -0.738471434980013 -0.703526492172414 -0.668581549647561 -0.633636607337901 -0.598691665168124 -0.56374672303189 -0.528801780827909 -0.493856838506106 -0.458911896006366 -0.423966953177181 -0.389022009874278 -0.354077066073723 -0.319132121781664 -0.284187177010761 -0.249242231799731 -0.214297286187281 -0.17935234018603 -0.144407393813884 -0.109462447135976 -0.0745175002291861 -0.0395725531701604 -0.00462760603548342
-1.02889550874115 -0.991942247713267 -0.954988986719021 -0.918035725763918 -0.881082464860936 -0.84412920401856 -0.807175943219827 -0.770222682422323 -0.733269421507275 -0.696316160347668 -0.659362898859884 -0.622409636971157 -0.585456374626422 -0.548503111841412 -0.511549848642746 -0.474596585029786 -0.437643320975126 -0.400690056371554 -0.363736791101171 -0.326783525083161 -0.289830258245975 -0.252876990561515 -0.215923722175483 -0.178970453258422 -0.142017183906443 -0.105063914187378 -0.0681106441303943 -0.0311573737708802 0.00579589679222841 0.0427491674441082
-0.958527028113568 -0.926956214484945 -0.895385400729519 -0.863814586725764 -0.832243772386426 -0.800672957624821 -0.769102142322275 -0.737531326360732 -0.705960509656617 -0.674389692155152 -0.642818873882281 -0.611248054884131 -0.579677235217956 -0.54810641498552 -0.516535594293107 -0.48496477322058 -0.453393951854809 -0.421823130337129 -0.390252308815151 -0.358681487407132 -0.327110666223991 -0.295539845356277 -0.263969024813064 -0.232398204569283 -0.200827384544762 -0.169256564658586 -0.137685744881952 -0.106114925199331 -0.074544105596159 -0.042973286058112
-1.02150628782652 -0.985737690314314 -0.949969092823438 -0.914200495417682 -0.878431898182003 -0.84266330115287 -0.806894704151634 -0.771126106940906 -0.735357509263462 -0.699588910886706 -0.663820311696415 -0.628051711607955 -0.592283110569388 -0.556514508659544 -0.520745905956757 -0.484977302406578 -0.449208697936997 -0.41344009253851 -0.377671486228145 -0.341902879066525 -0.306134271125171 -0.270365662479082 -0.234597053217146 -0.198828443432693 -0.163059833222921 -0.127291222687256 -0.0915226119301685 -0.0557540010413981 -0.0199853900467083 0.0157832210441315
-1.07130875402857 -1.03331415816202 -0.995319562322269 -0.957324966577153 -0.919330371082553 -0.881335775995531 -0.843341181389836 -0.805346587304357 -0.767351993721867 -0.729357400604586 -0.691362807888668 -0.653368215503749 -0.615373623399784 -0.577379031608018 -0.539384440164364 -0.501389849042109 -0.463395258179747 -0.425400667439211 -0.387406076690607 -0.34941148591328 -0.311416895113886 -0.273422304330199 -0.235427713724464 -0.197433123470121 -0.159438533660914 -0.121443944351803 -0.0834493555223182 -0.0454547671133995 -0.0074601789870573 0.0305344090144299
-0.964870047912285 -0.931452486607779 -0.898034925449273 -0.864617364606902 -0.831199804209601 -0.797782244382332 -0.764364685275365 -0.730947127003144 -0.697529569511502 -0.664112012711651 -0.630694456544946 -0.597276900960272 -0.563859345921472 -0.530441791452206 -0.497024237614661 -0.463606684565309 -0.430189132451292 -0.396771581288144 -0.363354031072024 -0.32993648185319 -0.296518933695426 -0.263101386636612 -0.229683840611005 -0.19626629551581 -0.162848751203638 -0.12943120750283 -0.096013664189246 -0.0625961210545053 -0.0291785780057362 0.00423896502105475
-1.0052678476505 -0.976155465799403 -0.946854426465112 -0.91717214911864 -0.887009624198014 -0.856295296353312 -0.824973856115808 -0.792988814975955 -0.760262722379732 -0.726728545957173 -0.692381888119 -0.657234009971108 -0.621301262694791 -0.584620357772945 -0.547238299363573 -0.509222902023506 -0.470633605941352 -0.431475543434002 -0.391750518570517 -0.35150133030038 -0.310781026293174 -0.269604757652559 -0.227836089218492 -0.185343771845949 -0.142168886713693 -0.0984144533295408 -0.0542589141937507 -0.00987959971572294 0.0346260310510197 0.0791804868919236
-0.994341357433898 -0.96015895250552 -0.925976547582466 -0.891794142667258 -0.857611737748822 -0.823429332801191 -0.789246927752432 -0.755064522515213 -0.720882116986571 -0.686699711079503 -0.652517304786467 -0.618334898119785 -0.584152491111087 -0.54997008386923 -0.51578767652938 -0.481605269254726 -0.447422862197116 -0.413240455435022 -0.379058049023229 -0.344875642995152 -0.310693237378863 -0.276510832167213 -0.242328427212164 -0.208146022342236 -0.17396361743305 -0.139781212386575 -0.105598807163048 -0.0714164017508503 -0.0372339961926723 -0.00305159054478241
-1.0620167360203 -1.01959378423989 -0.977209791311763 -0.934914878017155 -0.892781406375628 -0.850901360005 -0.809422967677816 -0.768509686065669 -0.728329638281613 -0.689041436169083 -0.650760980051605 -0.613593492372722 -0.577597612937821 -0.542645650999663 -0.508580944568847 -0.475317277239959 -0.442800848341613 -0.411037074554553 -0.380037464215274 -0.349778674931171 -0.320228651627359 -0.29133359562854 -0.262952733857756 -0.234935208082081 -0.207176793846389 -0.179568425373651 -0.151935037821414 -0.124124589473254 -0.0961431301822571 -0.0680362326938908
-0.981790251799457 -0.946904817100744 -0.912019382493172 -0.877133948058229 -0.842248513828347 -0.807363079818838 -0.772477646025607 -0.737592212458874 -0.702706779205543 -0.667821346350852 -0.632935913896691 -0.598050481824113 -0.56316505010481 -0.528279618673043 -0.493394187461615 -0.458508756434947 -0.423623325552135 -0.388737894719346 -0.353852463845252 -0.318967032901467 -0.284081601875343 -0.249196170760925 -0.214310739579046 -0.179425308361083 -0.14453987715379 -0.109654446004923 -0.0747690149508417 -0.0398835840122532 -0.00499815315862936 0.0298872776533654
-0.981424125853476 -0.94853515951643 -0.915636984577665 -0.882721724062791 -0.849779296593112 -0.816797294679337 -0.783756210794094 -0.750633960516653 -0.717405251890925 -0.684046225974541 -0.650541963415364 -0.616879779758815 -0.58304741406762 -0.549034299473728 -0.514829590474841 -0.480419632962455 -0.445794744144181 -0.410963935098279 -0.375945722524026 -0.340777951734109 -0.305503300194563 -0.270159697333319 -0.234766080425867 -0.199335285132569 -0.163874732805719 -0.12838995480699 -0.0928843368436504 -0.0573603280981483 -0.0218187773080561 0.0137398669002722
-1.01798449966122 -0.983324025887903 -0.948663552069571 -0.914003078161582 -0.879342604183935 -0.84468213015011 -0.810021655982862 -0.775361181568024 -0.740700706734452 -0.706040231311575 -0.67137975518809 -0.636719278267513 -0.602058800470305 -0.56739832178472 -0.532737842214895 -0.498077361760718 -0.463416880449431 -0.428756398421935 -0.394095915825605 -0.359435432720069 -0.324774949143013 -0.290114465120155 -0.255453980629319 -0.220793495657919 -0.186133010279636 -0.151472524577519 -0.11681203858585 -0.0821515523414549 -0.0474910659401211 -0.0128305794923741
-0.987969129885451 -0.953146966997098 -0.918324804166361 -0.883502641409781 -0.848680478693344 -0.813858315970875 -0.779036153198121 -0.744213990335077 -0.709391827356827 -0.674569664257039 -0.639747501088638 -0.604925337919362 -0.570103174800204 -0.535281011715177 -0.500458848620251 -0.465636685426208 -0.43081452202156 -0.395992358250916 -0.361170193971399 -0.326348029134076 -0.2915258637135 -0.2567036976996 -0.22188153114381 -0.187059364108025 -0.152237196634487 -0.117415028774401 -0.0825928606344814 -0.0477706923281304 -0.0129485239400036 0.0218736444524306
-0.965367082479954 -0.935242098420136 -0.905091139740218 -0.874887808843081 -0.844598540808985 -0.814191127747125 -0.783645957205045 -0.752950047695748 -0.722104346155698 -0.691109162567936 -0.659948330678332 -0.628601565173466 -0.5970487460148 -0.565270414263329 -0.533252010994614 -0.500997916242948 -0.468521934503105 -0.435856629153064 -0.403035705096315 -0.370078674455192 -0.337001501156744 -0.303818665417302 -0.270538712610337 -0.237173650882604 -0.203755274316855 -0.170319811752456 -0.136901445119227 -0.103526331257906 -0.0701905735624571 -0.0368827620651516
-1.01668095185664 -0.981207446201001 -0.945735561987807 -0.91026705681795 -0.874804227236832 -0.839349285492486 -0.80390356769896 -0.768468073063274 -0.733043329298304 -0.697629570052363 -0.662226324209638 -0.626832944463283 -0.591448761144916 -0.556073015140006 -0.520704854465804 -0.485343145112822 -0.449986693657477 -0.414634351046523 -0.379285095499144 -0.3439383699539 -0.308593733529195 -0.273250895208765 -0.23791016343768 -0.202571849340251 -0.167235675296432 -0.131901273570715 -0.0965685047101097 -0.0612371945681487 -0.0259068019419383 0.00942330613552201
-0.968844973815307 -0.937135806629456 -0.905426639439788 -0.873717472236434 -0.842008304990711 -0.810299137665353 -0.778589970207587 -0.746880802595434 -0.71517163494559 -0.683462467405242 -0.651753300104875 -0.620044133170791 -0.588334966697732 -0.556625800654167 -0.524916634983563 -0.493207469655611 -0.461498304611592 -0.429789139652893 -0.398079974574206 -0.36637080928333 -0.334661643716342 -0.302952477819854 -0.271243311582629 -0.239534145007461 -0.207824978111108 -0.176115810926441 -0.144406643536816 -0.112697476028732 -0.0809883084507761 -0.0492791408420597
-1.00204365058107 -0.969267152783782 -0.936490655215753 -0.903714158161326 -0.87093766189149 -0.838161166682709 -0.805384672846691 -0.772608180712854 -0.739831690646217 -0.707055202978732 -0.67427871787448 -0.641502235455576 -0.608725755781078 -0.575949278657819 -0.543172803863178 -0.510396331308943 -0.477619860923111 -0.444843392564114 -0.412066926050274 -0.379290461109061 -0.346513997445227 -0.313737534750287 -0.280961072662797 -0.248184610872238 -0.215408149324742 -0.182631688011491 -0.149855226847204 -0.117078765750031 -0.0843023047282798 -0.0515258438128045
-0.953832379298713 -0.940140501572931 -0.927473241447874 -0.917495405245706 -0.901166127978312 -0.869336065727314 -0.823127630163556 -0.769730076988365 -0.730328282435801 -0.720055237201434 -0.715840769294156 -0.685063916051192 -0.608616542159425 -0.521441821704372 -0.463470562710663 -0.44053279956073 -0.44587782117718 -0.456532708285515 -0.449449775192107 -0.417504478723919 -0.357553061338058 -0.272380979800794 -0.188490548115044 -0.131724697785524 -0.101571973087493 -0.088815412622955 -0.0757704195303581 -0.0472221741415974 -0.00630260102591639 0.0392696891881042
-0.949869615521854 -0.934891291565135 -0.918962551044779 -0.901166618669516 -0.880691607341286 -0.857008740482016 -0.830616795400389 -0.802136552304632 -0.771649249114398 -0.73899294735238 -0.703572545242004 -0.664684650181874 -0.621982130980188 -0.576542902083502 -0.529833726918713 -0.48345171919573 -0.438793203998198 -0.396321001621687 -0.3561412730029 -0.317867046431141 -0.280988067033867 -0.245078175510713 -0.210047594850044 -0.176003006277132 -0.143500541676153 -0.113050390180286 -0.0845295192598293 -0.057603172924304 -0.0317229230030097 -0.00628692328019084
-1.10607722134303 -1.0066425813155 -0.914058977281653 -0.837201854482335 -0.779043807863155 -0.739732914898013 -0.714022033469214 -0.69574861123537 -0.680483674551892 -0.664846073078557 -0.647912370995808 -0.629373561114255 -0.608468665163544 -0.582628820549468 -0.549972028852827 -0.513171632678312 -0.475829814065394 -0.440708771768791 -0.409840385797799 -0.383175244464793 -0.360143613157914 -0.338984107304654 -0.313168742489904 -0.277056330425916 -0.23331946717698 -0.186526839304429 -0.140517711005725 -0.0979939276514815 -0.0578370816687993 -0.0179737022489006
-0.998730535343443 -0.9651044350552 -0.931478334732423 -0.897852234291738 -0.864226133632257 -0.830600032669153 -0.796973931399343 -0.763347829836685 -0.729721727981043 -0.69609562583734 -0.662469523444718 -0.628843420850872 -0.595217318084228 -0.56159121509613 -0.527965111830447 -0.494339008278218 -0.460712904463255 -0.427086800493275 -0.393460696479354 -0.359834592462108 -0.326208488464534 -0.292582384484761 -0.258956280421433 -0.225330176152929 -0.191704071576046 -0.158077966629899 -0.124451861404438 -0.0908257560195596 -0.0571996505641033 -0.0235735451191453
1.02764426808047 0.983339115100756 0.939097461293511 0.89505745935594 0.851306390668678 0.807918870477345 0.764969720804072 0.722537920511689 0.680718869049317 0.639619456908728 0.599376118165995 0.560132672793268 0.522010926361932 0.485044626840311 0.449235757797995 0.414547302812696 0.380922887989942 0.348267709538384 0.316483418426064 0.285495914555434 0.25523716006255 0.225604172333127 0.196354189751517 0.167250238051457 0.138218271365589 0.109249654223192 0.0804344643411713 0.0518548072002813 0.0234621861490476 -0.00482454599706184
-1.0006726305633 -0.965951232768286 -0.931229834904625 -0.896508436928278 -0.861787038832559 -0.827065640600386 -0.792344242135733 -0.757622843341714 -0.722901444196937 -0.688180044714635 -0.65345864497105 -0.618737245058172 -0.584015845059826 -0.549294445027151 -0.514573045012004 -0.479851645101794 -0.445130245401704 -0.410408846052487 -0.375687447186848 -0.340966048869761 -0.306244651149267 -0.271523254060467 -0.236801857586723 -0.202080461677967 -0.167359066202163 -0.132637671009711 -0.0979162759627314 -0.0631948809469795 -0.0284734859310467 0.00624790909576766
-1.02582677502886 -0.991693998717206 -0.957561222449954 -0.923428446329883 -0.8892956703811 -0.855162894600148 -0.821030118951985 -0.786897343403287 -0.752764567959199 -0.71863179261728 -0.684499017306284 -0.650366241937768 -0.616233466413273 -0.582100690594287 -0.547967914356228 -0.513835137670276 -0.479702360501631 -0.445569582695792 -0.41143680408985 -0.377304024606973 -0.343171244191848 -0.309038462838409 -0.274905680737571 -0.240772898122983 -0.206640115202232 -0.172507332163047 -0.138374549139804 -0.104241766223758 -0.0701089833870438 -0.0359762005720183
-0.972817703482547 -0.940007402134383 -0.907197100884713 -0.874386799839576 -0.841576499006227 -0.808766198338326 -0.775955897673924 -0.743145596861293 -0.710335295905194 -0.677524994859109 -0.644714693814908 -0.611904392874061 -0.579094092147974 -0.5462837917878 -0.513473491958641 -0.480663192841667 -0.447852894604978 -0.415042597348345 -0.382232301136648 -0.349422005963545 -0.316611711804889 -0.28380141862174 -0.250991126315984 -0.218180834777066 -0.185370543903839 -0.152560253583191 -0.119749963644736 -0.0869396739201218 -0.0541293843063841 -0.0213190947169074
-1.0532158780837 -1.01587415406138 -0.978544733148126 -0.941245117810039 -0.903991485640416 -0.866797451304099 -0.8296677026249 -0.792604198704925 -0.755606910600475 -0.71867827126558 -0.681832549290973 -0.645086972176566 -0.608460057353613 -0.571975481978731 -0.535652905258285 -0.499490754872244 -0.463480573940465 -0.427607598868755 -0.391853647139821 -0.356193167258034 -0.320598765483178 -0.285044662597485 -0.249511537472969 -0.21398466880711 -0.178461276509437 -0.14294157634168 -0.107425826262293 -0.0719137393993207 -0.0364028073624326 -0.000889966381704429
-1.03608302017236 -0.97772731742244 -0.909792382451028 -0.838341593445101 -0.826554965806514 -0.909186413139887 -0.950168804646024 -0.830861113357714 -0.673147772039502 -0.615022085886471 -0.618387390084109 -0.601124527315502 -0.514133037553455 -0.440387249929649 -0.459240105961097 -0.50348420754727 -0.492124934025555 -0.435579114102548 -0.365302149523775 -0.305492284821286 -0.278533475223756 -0.287926093789948 -0.261636184898968 -0.147375773551908 -0.0473751359174866 -0.0612138891319874 -0.123350763034344 -0.143260888496263 -0.0956058878179046 0.0286559938434626
-1.06981805720536 -1.0315736078435 -0.993329158413022 -0.955084708813109 -0.916840258878219 -0.878595808424396 -0.840351357258788 -0.802106905213449 -0.763862452228969 -0.725617998274103 -0.687373543321756 -0.649129087345866 -0.610884630342645 -0.572640172397398 -0.534395713617527 -0.496151254109729 -0.457906793980364 -0.419662333335135 -0.381417872278387 -0.343173410909679 -0.304928949327377 -0.266684487634276 -0.2284400259509 -0.190195564388317 -0.151951103002043 -0.113706641827678 -0.0754621808766972 -0.0372177201393357 0.00102674045502224 0.0392712009922046
-0.987665826323242 -0.919843513649051 -0.869970395482816 -0.848932609799849 -0.847388464622167 -0.850441706515527 -0.841205666173915 -0.807475660436211 -0.757765366592608 -0.703593087555883 -0.647777268277836 -0.59096138922002 -0.535342751333355 -0.489333937526222 -0.458266421573286 -0.428931958756868 -0.388104054009139 -0.341022929353986 -0.29660562971767 -0.260009774544203 -0.235453126907038 -0.224275116659867 -0.216301840777329 -0.200946745953767 -0.177486010641369 -0.148407034767944 -0.119179372405927 -0.0948515160777919 -0.0758055579615377 -0.0612569901490451
-0.977972745054438 -0.942229217535583 -0.906485689908714 -0.870742162043562 -0.834998633756572 -0.799255104797025 -0.763511574698838 -0.727768042993456 -0.692024509417816 -0.656280973818965 -0.620537436278902 -0.584793896938365 -0.549050355944683 -0.513306813471552 -0.477563269683536 -0.441819724682298 -0.406076178543736 -0.370332631303589 -0.334589082940656 -0.298845533246134 -0.263101981964324 -0.227358428873863 -0.191614873890745 -0.155871316982409 -0.120127758184715 -0.0843841976062136 -0.0486406355777887 -0.01289707248708 0.0228464912735868 0.0585900553107149
0.922079890161339 0.8968523314248 0.87158598607897 0.846435391460649 0.821774160559364 0.79789372284033 0.774537698018779 0.751186175388011 0.726812932303576 0.70040960214294 0.671545554308988 0.639934592210955 0.60544489941853 0.568562180143209 0.529947507281955 0.490345907831789 0.450544512062158 0.411414909232152 0.373748473574524 0.337931260227019 0.304247994553631 0.272838977464432 0.24326681205379 0.21500034247892 0.187711074964108 0.161190523840968 0.135507573803341 0.11071123967793 0.086493686460648 0.0624578666897104
0.983259421537731 0.949011831088602 0.914764240833128 0.880516650950362 0.846269061471485 0.812021472356131 0.777773883425616 0.743526294459346 0.709278705207406 0.675031115433842 0.640783524987862 0.606535933739964 0.572288341564315 0.538040748349764 0.503793153991679 0.469545558396824 0.435297961504512 0.401050363372851 0.366802764083129 0.332555163690543 0.298307562243768 0.264059959796442 0.229812356422054 0.195564752207808 0.16131714727594 0.12706954174721 0.0928219357014542 0.0585743292212556 0.0243267224411064 -0.00992088449152385
0.966149809577272 0.935091506664292 0.904044119416335 0.873001018875403 0.841909959631058 0.810694356732486 0.779225883519808 0.747369288060713 0.715013359042219 0.682073344803158 0.648546291670274 0.614449695467287 0.57980740581656 0.544668687535024 0.509080421588842 0.473054538346526 0.436615487631331 0.399872747683121 0.362944263893263 0.325896821842513 0.28878441715898 0.251657681523578 0.214553790828462 0.177497541538317 0.140477668196726 0.103472674283029 0.0664562009407182 0.0294088239959444 -0.00765627965865389 -0.0447177828638161
1.05102647904033 1.01461755216509 0.978208828634341 0.941800532850604 0.905392887097879 0.868986097957193 0.832580311316204 0.796175674898645 0.759772404465907 0.723370716377817 0.686970761350284 0.650572673688235 0.614176558825468 0.577782406711254 0.541390143915006 0.504999558971233 0.468610433939039 0.432222663010819 0.395836140874386 0.359450652065935 0.323065953583759 0.28668183752509 0.250298236382917 0.213915114357304 0.177532422080846 0.141150107088227 0.10476811808993 0.0683863955094176 0.0320048454462655 -0.00437663458092222
-1.03364676325098 -0.997169347204266 -0.960691931094788 -0.924214514825311 -0.887737098256116 -0.851259681247382 -0.81478226370134 -0.778304845528832 -0.74182742663307 -0.705350006932535 -0.668872586414419 -0.632395165083091 -0.595917742951031 -0.559440320063159 -0.522962896491778 -0.486485472386262 -0.450008047917107 -0.413530623262212 -0.377053198585103 -0.34057577398443 -0.304098349542618 -0.267620925316545 -0.231143501260882 -0.194666077284126 -0.158188653212275 -0.121711228883172 -0.0852338042645311 -0.0487563793768857 -0.0122789543221548 0.024198470777395
-0.979218798489915 -0.945249449761862 -0.911280100986694 -0.877310752130759 -0.843341403128655 -0.80937205389385 -0.77540270428704 -0.741433354157805 -0.707464003364046 -0.673494651787281 -0.639525299395195 -0.605555946177012 -0.571586592148585 -0.537617237432285 -0.5036478821885 -0.469678526623149 -0.435709170933982 -0.401739815240526 -0.367770459638584 -0.333801104207295 -0.299831749021627 -0.265862394121065 -0.231893039403156 -0.197923684739388 -0.163954330038971 -0.129984975240629 -0.0960156203634177 -0.0620462654410871 -0.028076910485837 0.00589244449552142
-0.98520353267154 -0.950503581845629 -0.915803630941352 -0.881103679802154 -0.846403728203136 -0.81170377593694 -0.77700382293471 -0.74230386917356 -0.707603914675992 -0.672903959480597 -0.638204003644938 -0.603504047231319 -0.56880409027685 -0.534104132717859 -0.499404174481403 -0.464704215558232 -0.430004255971933 -0.395304295813732 -0.360604335172305 -0.325904374058467 -0.291204412463571 -0.256504450378493 -0.221804487792205 -0.187104524713268 -0.152404561230519 -0.117704597452806 -0.0830046334887572 -0.0483046694316043 -0.0136047053132083 0.0210952588499131
1.0207995393263 0.962060073903018 0.904350207010151 0.852807486023045 0.81289981029137 0.787712480272572 0.770470048880865 0.753641828814474 0.736536919450887 0.719283616831172 0.698447216971444 0.669702265881576 0.629951071980556 0.581006993323825 0.52634870982571 0.471205139199623 0.420905192857874 0.379427519209242 0.349263890684002 0.328308838801933 0.313307584855184 0.300489665964092 0.284021882561738 0.257888593172993 0.217407125377151 0.15985485789695 0.089016404974459 0.0099789386245234 -0.0734673735662414 -0.157856615118278
