-0.964238989067906 -0.948194109281638 -0.925847979085342 -0.889439336672856 -0.850836554738435 -0.824354641142651 -0.81446550991092 -0.819265706280185 -0.821193394168629 -0.802538200326588 -0.760653984151741 -0.696660663203604 -0.615127869897566 -0.53442409607251 -0.473027205251764 -0.436053688272953 -0.42205920961965 -0.416717501044916 -0.40501546927558 -0.382074653664042 -0.345550251719095 -0.296074282818526 -0.246186053816086 -0.20714458279793 -0.173180445303865 -0.137495015634479 -0.106201305679845 -0.0868191601478528 -0.0795841174281777 -0.0829106393309407
-1.01988003816171 -0.988907214489535 -0.957857648735696 -0.926660870696137 -0.895188708685069 -0.863292592412244 -0.830800058651287 -0.797552403623221 -0.763469854274797 -0.728505532460596 -0.6926652089408 -0.655967816701991 -0.618440310542524 -0.580141732507844 -0.541121831928249 -0.501361100026359 -0.460852546997303 -0.419708517033935 -0.37806856001245 -0.33606171454469 -0.293814391426411 -0.251433779103026 -0.208950176618589 -0.166386263930769 -0.123811134053081 -0.0812919498042292 -0.0388417401678197 0.00354315079768003 0.0458789848992746 0.0881851754103364
-1.01875718579335 -0.985292714682011 -0.951828243545293 -0.918363772376061 -0.884899301179088 -0.85143482995444 -0.817970358671444 -0.784505887366573 -0.751041416375644 -0.717576946085804 -0.684112476790182 -0.650648008758403 -0.617183542241236 -0.583719077414025 -0.550254614402688 -0.516790153210861 -0.483325693798395 -0.449861236072285 -0.416396779908763 -0.382932325113875 -0.349467871476121 -0.316003418764094 -0.282538966666774 -0.24907451488134 -0.215610063217392 -0.182145611549736 -0.148681159901601 -0.115216708320286 -0.0817522568009472 -0.0482878053257041
-1.03951270135782 -1.00180147559937 -0.964090249867256 -0.926379024186334 -0.888667798596077 -0.85095657311141 -0.813245347634461 -0.775534122044766 -0.737822896244286 -0.700111670175784 -0.662400443922777 -0.624689217603976 -0.586977991322128 -0.549266765116125 -0.511555539008885 -0.47384431302328 -0.436133087209342 -0.398421861725783 -0.360710636745135 -0.322999412386545 -0.285288188755815 -0.247576965956531 -0.209865744083421 -0.172154523192378 -0.134443303192804 -0.0967320839458471 -0.0590208652661328 -0.0213096469690352 0.0164015710805482 0.0541127890053397
-0.979844196409965 -0.945172784046895 -0.910169888923575 -0.87921136453546 -0.852023699632899 -0.82690538619718 -0.80109229387845 -0.771503719864498 -0.734855293824823 -0.689879545614405 -0.643580273348417 -0.605029092207086 -0.580168363448148 -0.56242343263939 -0.542204837852716 -0.510380902866468 -0.461706388713148 -0.406024019735474 -0.355334234596606 -0.315180365931246 -0.28949146986698 -0.279563714106659 -0.27616171265418 -0.268632581440899 -0.251184997806948 -0.219695737535854 -0.17185240877594 -0.106520370684711 -0.0254651540916012 0.0688226672559724
-1.03476586872605 -0.999613669992422 -0.964461471247648 -0.929309272461828 -0.894157073562499 -0.859004874452357 -0.823852674977305 -0.788700474972885 -0.753548274290001 -0.718396072817993 -0.683243870584594 -0.648091667652136 -0.612939464087895 -0.577787259978926 -0.54263505540485 -0.507482850395767 -0.472330645010258 -0.437178439470349 -0.402026234003512 -0.366874028695546 -0.331721823596831 -0.296569618755705 -0.261417414212328 -0.226265210000289 -0.191113006135059 -0.155960802609252 -0.120808599342146 -0.0856563962410728 -0.0505041932389151 -0.0153519902749403
-0.950186698008189 -1.06907045401171 -0.858855246129414 -0.867161170447466 -0.937434731256083 -0.836742311029739 -0.730803396775924 -0.799069885885589 -0.877270212750532 -0.782997597631873 -0.605027867267197 -0.499932500013198 -0.564620288823701 -0.657349285041048 -0.625951761244157 -0.515207616569729 -0.407176398330902 -0.336088619988771 -0.315352274631334 -0.322914307706242 -0.327856402751062 -0.307699590205511 -0.273722288117923 -0.239693139829606 -0.195584302245153 -0.137136609001207 -0.106962087099335 -0.128765898049823 -0.103754548032913 0.0974901206036672
-0.999871394249173 -0.962009889736833 -0.924163745610674 -0.886345712231714 -0.848579971559995 -0.810907026742685 -0.773421234076449 -0.736220711078996 -0.699364767002698 -0.662900183113848 -0.626862436999719 -0.591284180327836 -0.556194859432393 -0.521611099314286 -0.487528940699519 -0.453874908547862 -0.420567025583194 -0.387558821352066 -0.354814512516936 -0.322305557381212 -0.290005224658533 -0.257876551920607 -0.225841652171382 -0.193814631644591 -0.161718494060856 -0.129496928088825 -0.0971674647023675 -0.0647658264143571 -0.0323266595884494 0.000115658449003561
-0.975169284634045 -0.942037294223947 -0.908905303855984 -0.875773313528943 -0.842641323286631 -0.80950933316559 -0.77637734312829 -0.74324535313917 -0.710113363244618 -0.676981373493296 -0.643849383861013 -0.610717394305364 -0.577585404774371 -0.544453415177751 -0.511321425440648 -0.478189435588205 -0.445057445628585 -0.41192545540202 -0.378793464731983 -0.345661473542844 -0.312529481784196 -0.279397489421977 -0.246265496487516 -0.213133503031898 -0.180001509119873 -0.146869514818376 -0.113737520189453 -0.0806055253013611 -0.0474735302521132 -0.0143415351471592
1.04365843546366 1.00688614370602 0.970113851925271 0.933341560051644 0.896569268036393 0.859796975825871 0.823024683325805 0.786252390433216 0.749480097050938 0.712707803097112 0.675935508545289 0.639163213382873 0.602390917620986 0.565618621365631 0.528846324733372 0.49207402778816 0.45530173058094 0.418529433163269 0.381757135569536 0.34498483776485 0.308212539697003 0.271440241341985 0.234667942788588 0.197895644164782 0.161123345642453 0.124351047385958 0.0875787494856386 0.0508064519786489 0.0140341547634158 -0.022738142296316
-1.03439566038979 -0.99366822493273 -0.953001780981647 -0.912470389860591 -0.872155817279818 -0.832123746028217 -0.792367822823021 -0.752865917158432 -0.713604825708196 -0.674578823718055 -0.635803173542206 -0.597298384311956 -0.559090002045781 -0.52122372031083 -0.483746561047074 -0.446690712137115 -0.410094624917867 -0.374036638600853 -0.338587342937249 -0.303746441962212 -0.269495918281897 -0.235816707446413 -0.202685556781688 -0.170072494648341 -0.137924861769942 -0.106170813826202 -0.0746844539584531 -0.0433379595764871 -0.0120498577023209 0.0192497372389723
-0.993833963729311 -0.958670317435189 -0.923506671149574 -0.888343024887699 -0.853179378675593 -0.818015732544212 -0.782852086533412 -0.747688440670907 -0.712524794926935 -0.677361149281436 -0.642197503810621 -0.607033858614773 -0.57187021379121 -0.53670656942542 -0.501542925603688 -0.466379282427336 -0.431215640013645 -0.396051998528695 -0.360888358119506 -0.325724718808052 -0.290561080585049 -0.255397443418142 -0.220233807182706 -0.185070171752673 -0.149906537088474 -0.114742903142885 -0.0795792697515557 -0.0444156367284738 -0.00925200391810621 0.025911628827461
-1.0003713451649 -0.881166151652281 -0.748006080805246 -0.770209446742912 -0.836927893079709 -0.814538480749924 -0.758486610471966 -0.746407800858285 -0.755629702313391 -0.747894395652351 -0.722909551540412 -0.68987423810537 -0.654633711162149 -0.609617977274198 -0.549817738284863 -0.493881726408544 -0.460184658382147 -0.442347158661525 -0.428165778894629 -0.406894871778851 -0.368153240273942 -0.307567128475886 -0.244792545025594 -0.19539735703107 -0.134567100923757 -0.0487596326202881 -0.00990441665461143 -0.0672966481814395 -0.0942228362212272 0.0800326817391356
-1.0406886100441 -1.00479306471445 -0.968897519438197 -0.93300197424276 -0.897106429049802 -0.861210883748053 -0.825315338200246 -0.789419792298314 -0.753524246076979 -0.717628699641684 -0.681733153237953 -0.64583760714633 -0.609942061594863 -0.574046516601612 -0.538150972123149 -0.502255428080075 -0.466359884367448 -0.43046434081413 -0.39456879724699 -0.358673253551147 -0.322777709626278 -0.286882165389331 -0.250986620826329 -0.215091075948332 -0.179195530797458 -0.143299985423217 -0.107404439873614 -0.0715088941971451 -0.0356133484457558 0.000282197327743826
0.994378366329584 0.958549863199992 0.922933707858085 0.887789578196942 0.853528785753708 0.820493976661792 0.788601501795606 0.757617777502083 0.727135777277244 0.696757373787258 0.6662934792298 0.635607265685422 0.604536196300833 0.572814898487376 0.540212535701692 0.506739251316997 0.472445606032103 0.437302849931648 0.401264499632116 0.364292448491575 0.326350684053483 0.287374290687972 0.247182740071846 0.205603223695191 0.162609424994557 0.118267022631754 0.0728631842231964 0.0267299003635912 -0.0198430353937733 -0.0665763787559641
-0.99133609550835 -0.957446325281152 -0.923556554907139 -0.889666784235599 -0.855777013183818 -0.821887241686448 -0.787997469679626 -0.754107697086896 -0.72021792377997 -0.686328149604521 -0.65243837435393 -0.618548597808499 -0.584658819801853 -0.550769040380892 -0.51687925965441 -0.482989477765491 -0.449099694879466 -0.415209911216344 -0.381320126996665 -0.347430342388412 -0.313540557546428 -0.279650772628331 -0.245760987802836 -0.21187120323279 -0.177981419046479 -0.144091635321479 -0.110201851967096 -0.0763120688602623 -0.0424222859166885 -0.00853250306178109
-0.949586747104741 -0.91723550527963 -0.884884263424668 -0.852533021532292 -0.820181779653965 -0.787830537848514 -0.755479296145183 -0.723128054573417 -0.690776813193059 -0.658425572058196 -0.626074331169524 -0.593723090514389 -0.561371850058606 -0.52902060968187 -0.496669369252077 -0.464318128676058 -0.431966887877828 -0.399615646811199 -0.367264405455103 -0.334913163859153 -0.302561922090627 -0.270210680210998 -0.237859438258499 -0.20550819624368 -0.17315695408961 -0.140805711715283 -0.108454469110894 -0.0761032262953705 -0.043751983331367 -0.0114007402924717
-0.986888634185473 -0.953706252591043 -0.920523871105653 -0.887341489768138 -0.854159108643119 -0.82097672779848 -0.787794347289377 -0.754611967163729 -0.721429587453252 -0.688247208196926 -0.655064829479002 -0.621882451395048 -0.588700074006154 -0.555517697235499 -0.522335320953943 -0.489152944960978 -0.455970569060275 -0.422788193143575 -0.389605817130385 -0.356423440963196 -0.323241064590248 -0.290058687991415 -0.256876311273097 -0.223693934558459 -0.190511557911175 -0.157329181367694 -0.124146804915048 -0.090964428529102 -0.0577820521904814 -0.0245996758809996
-1.00611495426721 -0.969470093901859 -0.932825233570519 -0.896180373317017 -0.859535513152951 -0.822890653100339 -0.7862457932551 -0.749600933712768 -0.712956074493442 -0.676311215583564 -0.639666356910395 -0.603021498386396 -0.566376639936028 -0.529731781531752 -0.493086923164172 -0.456442064848483 -0.419797206603144 -0.383152348435078 -0.346507490350891 -0.309862632367451 -0.273217774504193 -0.23657291676999 -0.199928059131479 -0.163283201564306 -0.126638344122388 -0.0899934868596935 -0.053348629752124 -0.0167037727580905 0.0199410841558956 0.0565859410212975
-0.989983057119526 -0.956044970244365 -0.92210688343614 -0.888168796770893 -0.854230710276679 -0.820292623982713 -0.786354537970841 -0.752416452325566 -0.718478367089383 -0.684540282282365 -0.650602197876874 -0.61666411383335 -0.582726030120819 -0.548787946742661 -0.514849863703686 -0.480911780980067 -0.446973698517561 -0.413035616168899 -0.379097533784636 -0.345159451299644 -0.311221368669875 -0.277283285852791 -0.243345202811886 -0.209407119516688 -0.175469035954825 -0.141530952130552 -0.107592868096523 -0.0736547839169409 -0.0397166996537898 -0.00577861536850088
-0.976162029372438 -0.942681402190863 -0.909200775055726 -0.875720148028643 -0.842239521172086 -0.80875889455 -0.775278268231371 -0.741797642264558 -0.708317016610376 -0.674836391213621 -0.641355766042579 -0.607875141071406 -0.574394516285834 -0.54091389171791 -0.50743326738468 -0.473952643196872 -0.44047201905162 -0.406991394897982 -0.373510770675734 -0.34003014623559 -0.306549521405994 -0.273068896041083 -0.239588270097745 -0.206107643573402 -0.172627016524853 -0.13914638903322 -0.105665761217535 -0.0721851331937361 -0.0387045050274763 -0.00522387677183588
-1.02670498751018 -0.978798434095605 -0.931285668506454 -0.884397547483562 -0.838830403808615 -0.795290445998553 -0.754057909470469 -0.715270990590475 -0.678925702620584 -0.645017943243702 -0.613685330930405 -0.585100914348188 -0.559154585981514 -0.534603613582721 -0.510080291145063 -0.48484964235758 -0.458416387643 -0.430611304663026 -0.401312318968136 -0.370259890424941 -0.337160112479086 -0.301731453381579 -0.263741880604886 -0.223093062715981 -0.180171973438424 -0.135619205298061 -0.0906045208733199 -0.0461639851208576 -0.00226970245768799 0.0413722128340863
-1.00007020625545 -0.966562213154737 -0.9330542200055 -0.899546226759788 -0.866038233465953 -0.83253024020812 -0.799022247117207 -0.76551425431546 -0.732006261843652 -0.69849826972078 -0.664990277960227 -0.631482286573967 -0.597974295573043 -0.564466304964769 -0.530958314782724 -0.497450325169282 -0.463942336273009 -0.430434348158447 -0.396926360867538 -0.363418374435847 -0.329910388897347 -0.296402404252314 -0.262894420366244 -0.229386437073615 -0.195878454219602 -0.16237047167607 -0.128862489410927 -0.0953545074023828 -0.0618465255738013 -0.0283385438348352
-1.01958257314578 -0.984150368942746 -0.948718164759658 -0.913285960655484 -0.87785375671512 -0.842421553033145 -0.806989349716943 -0.77155714685018 -0.736124944408853 -0.700692742337253 -0.665260540560527 -0.629828338999034 -0.594396137604282 -0.558963936452366 -0.523531735672158 -0.488099535479042 -0.452667336095551 -0.417235137686306 -0.38180294035549 -0.346370744023432 -0.3109385485645 -0.275506353855624 -0.240074159783975 -0.204641966241321 -0.169209773127567 -0.133777580340946 -0.0983453877648883 -0.0629131952941879 -0.0274810028839215 0.00795118949576464
-1.03087102879779 -0.994048616262307 -0.957231194749204 -0.920412463646674 -0.883577335107969 -0.846709351912876 -0.809795366582245 -0.77282266246402 -0.73577693647343 -0.698646521773978 -0.661431882954956 -0.624136517462108 -0.586757987689055 -0.549270115820959 -0.511636792615671 -0.473805923330292 -0.435731184885338 -0.397405326355761 -0.358834222768423 -0.320037180803382 -0.281036865053998 -0.241855154371329 -0.202510784637235 -0.163023884197061 -0.12342329421929 -0.0837376061376122 -0.0439856996234158 -0.00418371615030848 0.0356534438369277 0.0755111901507166
-1.01668306187709 -0.982623094816352 -0.948563127636111 -0.914503160242832 -0.88044319261728 -0.846383224754119 -0.812323256629298 -0.778263288213096 -0.744203319471828 -0.710143350399989 -0.676083381108753 -0.642023411738466 -0.607963442419558 -0.573903473242798 -0.539843504267638 -0.50578353546792 -0.471723566773225 -0.437663598021693 -0.403603629064264 -0.36954365989451 -0.335483690541664 -0.301423721051204 -0.267363751533585 -0.23330378208796 -0.199243812703271 -0.165183843344075 -0.131123873987599 -0.0970639046213965 -0.0630039352616428 -0.0289439659316702
-1.02144860677014 -0.987572054337749 -0.953695501901417 -0.919818949399226 -0.885942396696489 -0.852065843664332 -0.818189290269907 -0.784312736504353 -0.750436182358756 -0.716559627823741 -0.682683072888173 -0.648806517540474 -0.614929961747559 -0.58105340539033 -0.547176848371077 -0.513300290763682 -0.479423732685437 -0.445547174255699 -0.411670615604621 -0.377794056903468 -0.343917498333783 -0.310040940052746 -0.276164382120083 -0.242287824563781 -0.208411267382326 -0.174534710549942 -0.140658153973304 -0.106781597552016 -0.0729050412249551 -0.0390284849408127
-0.984880047472032 -0.950614159673436 -0.916348271781322 -0.882082383748183 -0.847816495664969 -0.813550607659273 -0.779284719866819 -0.745018832417235 -0.71075294540764 -0.676487058917042 -0.642221172984527 -0.607955287639199 -0.573689402913875 -0.539423518856228 -0.50515763550396 -0.470891752840045 -0.436625870849829 -0.402359989582877 -0.368094109085786 -0.333828229329064 -0.299562350264191 -0.265296471831128 -0.231030593923744 -0.196764716427373 -0.162498839239314 -0.12823296226409 -0.093967085423168 -0.0597012086503368 -0.0254353319117406 0.00883054481838868
-0.926629475662642 -0.911176964926115 -0.895465095076687 -0.87917208507426 -0.862015883442808 -0.843531751182569 -0.822484469634763 -0.797675173693649 -0.768820892124642 -0.736074771279673 -0.700418533985568 -0.663041047187875 -0.62492249928393 -0.586208364478213 -0.546952832978506 -0.507679673198632 -0.468864875253744 -0.430323737858256 -0.391742052913703 -0.352948276470845 -0.313806530617748 -0.274284700810997 -0.234765725981234 -0.195706821079005 -0.157447251660382 -0.120229228508395 -0.084024692708375 -0.0487123521039679 -0.0140682512697818 0.0201572310368347
-1.07445348893611 -1.0306990074822 -0.986708078337583 -0.942396634668228 -0.898085017389418 -0.853930023870571 -0.809029869548316 -0.762683944469165 -0.716054919051941 -0.670637522641276 -0.627391439912721 -0.587142594374554 -0.550479571296447 -0.517041602993643 -0.486191133617122 -0.45713280761526 -0.429106554402828 -0.40165124296278 -0.374348025666473 -0.346648248870683 -0.317970807428541 -0.287765740577002 -0.255607665088318 -0.221048150544996 -0.183422000235268 -0.142110014281917 -0.0968937464402014 -0.0479434147158403 0.00341685951608674 0.0555744790381596
1.0445933183147 1.00779973927596 0.971006160344016 0.934212581661257 0.897419003346507 0.860625425504547 0.823831848207584 0.787038271496696 0.750244695321023 0.713451119634586 0.676657544502845 0.639863970019127 0.603070396270496 0.566276823318985 0.52948325118511 0.492689679748356 0.455896108843559 0.419102538268003 0.382308967828991 0.345515397411453 0.308721826919723 0.271928256270525 0.235134685430116 0.19834111438789 0.16154754317623 0.124753971825287 0.0879604003132997 0.0511668286217701 0.0143732567971771 -0.0224203150977565
-0.988169548463691 -0.95350584739975 -0.918842864152305 -0.884182283687519 -0.849528662683325 -0.814888515976087 -0.78027331932412 -0.745693159140571 -0.711147603535975 -0.676634801532625 -0.642157744102481 -0.607720632704918 -0.573328425568734 -0.538989108000401 -0.504710848937717 -0.470499524766107 -0.43635939535944 -0.402290547097739 -0.368291764372181 -0.334360797112397 -0.30049513663263 -0.266692593983287 -0.232952259159413 -0.199271829108455 -0.165642149642827 -0.132051874333436 -0.0984877389202215 -0.0649375824482849 -0.0313955750143553 0.00214253052193148
-1.01200768635038 -0.976477231653778 -0.940965586362015 -0.905491944380862 -0.87007132642449 -0.834715832172449 -0.799430050357409 -0.764217990764212 -0.729088858333285 -0.694051928429682 -0.659111562961377 -0.624270895472079 -0.589533808233641 -0.55490717843051 -0.520397238746602 -0.486004648951123 -0.451729614848901 -0.41757609930197 -0.38354632018635 -0.34963175837679 -0.315821210497717 -0.282100366656746 -0.248442490894221 -0.21482256249061 -0.181234847754134 -0.147677349590598 -0.114143730268371 -0.0806263965168592 -0.0471170735470298 -0.0136073161902429
-1.04946282083656 -1.00093203792858 -0.955673725710934 -0.913923795291024 -0.87253774313244 -0.829038599606061 -0.786999945355729 -0.751087353901464 -0.724283819995028 -0.706882672231076 -0.69010115334409 -0.662887484603506 -0.618130292296331 -0.564479822779835 -0.511450687035407 -0.456253334470633 -0.397393007282633 -0.35085828040044 -0.331487625016574 -0.332035764645591 -0.339736485882552 -0.341976169804526 -0.326751575416611 -0.285853074010956 -0.225635108099888 -0.156700447669911 -0.0920811013840507 -0.0430795992996404 -0.0116513183747048 0.00258515270755738
0.973680791159289 0.938879607760812 0.904233611824141 0.870425229718047 0.838338367444621 0.808619048012592 0.780760282823924 0.754314447210512 0.730224383830752 0.709153060483627 0.689253478203986 0.668051146335642 0.643336432514648 0.613959137546024 0.579253376702875 0.539431089961676 0.495180845454992 0.448219899236351 0.400278825241046 0.35211278101043 0.304233069987377 0.257080220663339 0.210811661724094 0.165829154338514 0.123794889413536 0.0863358831036906 0.0536780228158174 0.0254375930150259 0.00019359514719613 -0.0237342900965993
-0.96460365416707 -0.932473082184094 -0.900342510193942 -0.868211938207605 -0.836081366218271 -0.803950794210864 -0.771820222155054 -0.739689650026007 -0.707559077836142 -0.675428505638617 -0.643297933612286 -0.611167361967425 -0.579036790917148 -0.5469062206859 -0.514775651471052 -0.482645083350328 -0.450514516355598 -0.418383950454957 -0.386253385594161 -0.35412282169339 -0.321992258666431 -0.289861696436769 -0.257731134966682 -0.22560057421861 -0.19347001411684 -0.161339454562314 -0.129208895400755 -0.0970783364754401 -0.0649477776750677 -0.0328172188996935
-1.02888687738195 -0.993195661591514 -0.957504445863804 -0.921813230188967 -0.886122014465306 -0.850430798588443 -0.814739582535125 -0.779048366319449 -0.743357150023783 -0.707665933733177 -0.67197471747512 -0.636283501262714 -0.600592285113219 -0.564901069060527 -0.529209853135356 -0.493518637339101 -0.457827421641179 -0.422136205912422 -0.386444990004275 -0.350753773789234 -0.315062557145054 -0.279371339964965 -0.243680122204093 -0.207988903867037 -0.172297685094408 -0.136606466057146 -0.100915246911509 -0.0652240277854758 -0.0295328087085819 0.00615841031424546
-0.975977110723182 -0.943930252957635 -0.911917101635499 -0.87998934504617 -0.848182378536291 -0.816525105146941 -0.785036751639677 -0.753733482175324 -0.722628886791277 -0.69171117134919 -0.66086957913117 -0.629968612774438 -0.598882259507193 -0.567522444921551 -0.535791092072512 -0.50351217550269 -0.470508155008543 -0.436673379914266 -0.401942425750892 -0.366338883349052 -0.329908597364279 -0.29271643976507 -0.254903391771798 -0.21663603112072 -0.17810721235979 -0.139495983298742 -0.100899887982746 -0.0623800114435352 -0.0239331064236317 0.0144601574067422
-0.999872121831225 -0.964625591934019 -0.929379062041513 -0.894132532182486 -0.858886002364765 -0.823639472587194 -0.788392942833651 -0.753146413046221 -0.717899883014799 -0.682653352523196 -0.647406821483065 -0.612160289838023 -0.57691375755523 -0.541667224696035 -0.506420691349775 -0.471174157623546 -0.435927623633184 -0.40068108951172 -0.365434555402498 -0.330188021472918 -0.294941487896394 -0.259694954823154 -0.22444842231066 -0.18920189037912 -0.153955358992469 -0.11870882808947 -0.0834622975644824 -0.0482157673009345 -0.0129692371829435 0.0222772929052017
-0.995099480443424 -0.961241843738913 -0.92738420690937 -0.89352656986466 -0.859668932547441 -0.825811294940982 -0.791953657158199 -0.758096019322462 -0.724238381469304 -0.690380743605533 -0.656523105710875 -0.622665467758286 -0.588807829681208 -0.554950191255024 -0.521092552256064 -0.487234912622497 -0.45337727233898 -0.419519631414294 -0.385661989872147 -0.351804347771844 -0.317946705181589 -0.284089062149742 -0.250231418645285 -0.216373774628895 -0.1825161301074 -0.148658485123897 -0.114800839820387 -0.0809431943484453 -0.0470855487990252 -0.0132279032479256
-1.00501866075441 -0.970991288000828 -0.936963915096993 -0.902936541910292 -0.868909168125953 -0.834881793398752 -0.800854417443801 -0.766827040032849 -0.732799661103844 -0.698772280639843 -0.664744898638123 -0.630717515099519 -0.596690129998761 -0.562662743206163 -0.52863535459172 -0.494607964128571 -0.460580571811672 -0.426553177620102 -0.39252578159141 -0.358498384012899 -0.324470985234307 -0.290443585599893 -0.256416185431983 -0.222388785040633 -0.188361384708761 -0.154333984667161 -0.120306584965286 -0.0862791855882851 -0.0522517864454386 -0.0182243874270614
-1.03054894364532 -0.99527761735079 -0.960006291165425 -0.924734965156829 -0.889463639384691 -0.854192313875582 -0.818920988531495 -0.783649663222181 -0.748378337812967 -0.713107012179232 -0.677835686240964 -0.642564359929306 -0.607293033165794 -0.572021705833543 -0.536750377836819 -0.501479049202903 -0.466207720009067 -0.430936390409528 -0.395665060545452 -0.360393730428872 -0.325122400039533 -0.289851069362293 -0.254579738402456 -0.219308407167048 -0.184037075649562 -0.14876574385407 -0.113494411840506 -0.0782230796826526 -0.04295174745382 -0.00768041522719874
-1.00074953862006 -0.967553709553776 -0.934357880368331 -0.901162050952233 -0.867966221243587 -0.834770391196751 -0.801574560781481 -0.768378729979725 -0.735182898806795 -0.701987067289089 -0.668791235463981 -0.63559540337159 -0.602399571041592 -0.569203738461897 -0.536007905642991 -0.502812072727446 -0.469616239874976 -0.436420407181786 -0.403224574731272 -0.370028742619085 -0.336832910943939 -0.303637079784564 -0.270441249139733 -0.237245418972229 -0.204049589180811 -0.170853759660601 -0.137657930356193 -0.104462101220986 -0.0712662721941382 -0.0380704432112448
1.02852151717184 0.991607148636481 0.954692780072707 0.91777841140068 0.880864042466763 0.843949673124516 0.80703530333011 0.770120933095053 0.733206562549591 0.696292191873874 0.659377821328913 0.622463451195934 0.585549081729977 0.548634713081333 0.511720345348759 0.474805978529622 0.43789161258111 0.400977247401063 0.364062882879611 0.32714851893537 0.290234155494077 0.25331979247193 0.216405429746959 0.179491067190679 0.142576704686702 0.105662342127289 0.0687479794272089 0.0318336165311248 -0.00508074651921251 -0.0419951096577811
-1.00164265143529 -0.966946828888884 -0.932251006333591 -0.897555183737668 -0.862859361042432 -0.828163538205771 -0.793467715278789 -0.758771892328853 -0.72407606939516 -0.689380246525137 -0.654684423827329 -0.619988601425557 -0.585292779464896 -0.550596958175445 -0.515901137782987 -0.481205318411021 -0.446509500138528 -0.411813682968694 -0.377117866855218 -0.342422051629662 -0.307726237093052 -0.27303042305662 -0.238334609372422 -0.203638795933794 -0.168942982758368 -0.13424716986327 -0.0995513571393136 -0.064855544465331 -0.0301597317985382 0.00453608088425231
-1.00205902648609 -0.965283313131571 -0.928527585150445 -0.891804158358769 -0.855114116827852 -0.81845901996744 -0.781853560285777 -0.745315827384685 -0.708864366141792 -0.672522931556865 -0.636335663842432 -0.600351799514212 -0.564611823389327 -0.529121213490527 -0.49387653718879 -0.458873726042397 -0.424110566242105 -0.389592898321281 -0.355325417488534 -0.321300183310846 -0.287506096444792 -0.253928888806163 -0.220541617347613 -0.187310074959806 -0.154183673248583 -0.121115190211471 -0.0880872506975668 -0.0550892100956352 -0.0221074991015485 0.0108721827620436
-1.07060865656593 -1.03337108936397 -0.996133522115331 -0.958895954784302 -0.9216583874008 -0.884420820004896 -0.847183252611682 -0.809945685233838 -0.772708117899368 -0.735470550620308 -0.698232983329483 -0.660995415939918 -0.623757848352145 -0.586520280416729 -0.549282711983132 -0.512045142946371 -0.47480757323083 -0.437570002832811 -0.400332431779869 -0.363094860152662 -0.325857288045123 -0.288619715553453 -0.25138214278293 -0.214144569822592 -0.176906996687434 -0.13966942336693 -0.102431849822507 -0.0651942760306359 -0.0279567020560006 0.00928087201466254
-1.01521434935257 -0.979471929856626 -0.943729510336142 -0.907987090677329 -0.87224467071683 -0.836502250297612 -0.800759829337513 -0.76501740779604 -0.729274985724513 -0.693532563222813 -0.657790140493247 -0.622047717763725 -0.586305295256308 -0.550562873169644 -0.514820451683457 -0.479078030925195 -0.443335611005746 -0.407593192022055 -0.371850774058874 -0.336108357166136 -0.300365941385069 -0.264623526738235 -0.228881113173534 -0.193138700604325 -0.157396288880457 -0.121653877845824 -0.085911467384015 -0.0501690573793653 -0.0144266476795023 0.0213157618771238
-1.00323684889959 -0.969977702620735 -0.936718556303483 -0.903459409876058 -0.870200263303851 -0.836941116550805 -0.803681969537911 -0.770422822174187 -0.737163674363706 -0.70390452604627 -0.670645377309541 -0.637386228278147 -0.604127079074733 -0.570867929814015 -0.537608780634445 -0.504349631777345 -0.471090483499719 -0.43783133601844 -0.404572189508883 -0.371313044020574 -0.338053899571576 -0.304794756152935 -0.271535613647627 -0.238276471911303 -0.20501733079839 -0.171758190180657 -0.138499050000481 -0.105239910199506 -0.0719807706458296 -0.0387216311891628
-1.07421537257593 -1.02831096147254 -0.980685769661289 -0.929363894108663 -0.875019010952478 -0.819717804322449 -0.768449411144591 -0.72583556325716 -0.692105919351084 -0.665611913036047 -0.641584150744091 -0.614473032112848 -0.580510118414183 -0.543051617456891 -0.506614775789591 -0.473236348383264 -0.444114863486647 -0.419576434037146 -0.399163625555127 -0.380157229204117 -0.359272592558436 -0.333900779475778 -0.304135718947336 -0.269897497060825 -0.227707963156538 -0.174246889205849 -0.110223974451861 -0.0376332655332553 0.040423728600721 0.120568633423179
-1.02615814054324 -0.991208709172869 -0.95625927779669 -0.92130984639369 -0.886360414977229 -0.851410983592553 -0.816461552378083 -0.78151212148403 -0.74656269101459 -0.711613261025457 -0.676663831424306 -0.641714402081813 -0.606764972885829 -0.571815543792916 -0.536866114785324 -0.501916685879357 -0.466967257094242 -0.432017828426835 -0.397068399859209 -0.362118971336662 -0.327169542795298 -0.292220114161102 -0.257270685319578 -0.222321256157989 -0.187371826611113 -0.152422396661518 -0.117472966435433 -0.0825235360757896 -0.047574105648689 -0.012624675201024
-1.02920569605969 -0.992269294059928 -0.955363651987246 -0.91852777672838 -0.881783902145082 -0.845153400994949 -0.808670974643934 -0.772374291824081 -0.736299562123428 -0.700479364211825 -0.664933212230382 -0.629677354188019 -0.59473204255916 -0.560133547680222 -0.525923854165696 -0.492151785880352 -0.458864295507678 -0.426094011755752 -0.39385249033346 -0.362081318928322 -0.330704593222519 -0.299652245020331 -0.268877550614422 -0.238344063213378 -0.208033099201063 -0.177931789955673 -0.148032763657452 -0.118320197165806 -0.0887389652547536 -0.0592241171769651
-0.935722733733914 -0.91328495398566 -0.890608081938746 -0.867449414874986 -0.843566510094707 -0.818742333117231 -0.792861222319321 -0.76586548689391 -0.737827946441161 -0.708843135034661 -0.678961934234484 -0.648224312472328 -0.616693758982184 -0.584527846207239 -0.551892907173961 -0.51889623403275 -0.485574883337972 -0.451744010135922 -0.417168428139166 -0.381633487233429 -0.344929671347722 -0.306879352959318 -0.267432458738538 -0.2265945491721 -0.184466165819292 -0.141206064919859 -0.0971108803628318 -0.052499669982757 -0.00764330974695834 0.0371993698440454
-1.06597312396186 -1.0025365148584 -0.942904481301322 -0.8894731319652 -0.843971487822832 -0.807062029226809 -0.775808161750649 -0.746014537480419 -0.712049869331478 -0.669607653359656 -0.621116457353376 -0.570688617034208 -0.521987390014757 -0.476879721471764 -0.436597357755182 -0.401627562343702 -0.372142129054132 -0.34779545592703 -0.32789108024768 -0.310846492056512 -0.294857669582742 -0.277884506179031 -0.256942555691823 -0.229405187689964 -0.19502137413814 -0.15424983453702 -0.108012676135373 -0.0576185352310252 -0.00545877656992418 0.0458045529899524
-0.97436945362378 -0.946765217650564 -0.919249445059894 -0.891900223322801 -0.864688379559337 -0.83751786407776 -0.810132380290134 -0.782242824868125 -0.753589114417993 -0.723954156565388 -0.69326380307894 -0.661479641763025 -0.628547333874311 -0.594348834478654 -0.558796668156645 -0.521989343738656 -0.484083680757605 -0.445283757306821 -0.40577746969599 -0.36564072853981 -0.324921448029234 -0.283680929043629 -0.242034019216013 -0.200115644853162 -0.158087500203212 -0.116081876652914 -0.0740866862021056 -0.0320638199825298 0.00998453495955422 0.0520461175992573
0.963479297008555 0.932100068240339 0.90072083951379 0.869341610811542 0.837962381957371 0.806583152748593 0.775203923035529 0.743824692683529 0.712445461565043 0.681066229592348 0.649686996829927 0.61830776338032 0.586928529334024 0.55554929473339 0.524170059585831 0.492790823807153 0.461411587279028 0.430032349838175 0.398653111352111 0.367273871856487 0.335894631428987 0.304515390149267 0.273136148104855 0.241756905392832 0.2103776621406 0.178998418480411 0.147619174533606 0.116239930416159 0.0848606862334896 0.0534814420883786
-0.925383773357591 -0.896859761535738 -0.868295978510437 -0.839662372072415 -0.810968952812528 -0.78223654455566 -0.753489161262673 -0.724729469893447 -0.695871559267949 -0.666809999086839 -0.637449860713467 -0.607698840926851 -0.577472951196144 -0.546721461751035 -0.515399683847733 -0.483453834088002 -0.450845209286195 -0.417604521761469 -0.383787641712183 -0.349481655348696 -0.314781452884365 -0.279780604997631 -0.244567404227264 -0.209215344865284 -0.173744006356374 -0.138150075686521 -0.102392584854274 -0.0664408653346193 -0.0303431014957434 0.00583280907086937
-1.04479142129899 -1.00949668118335 -0.974199037525828 -0.938900072289091 -0.903596219948077 -0.868278799795731 -0.832923817884698 -0.797506920987324 -0.762017631995041 -0.726450280179659 -0.690804544215416 -0.655081440127153 -0.619280477647592 -0.583395141340974 -0.54741882957982 -0.511350621138256 -0.475189465401339 -0.438928113796256 -0.402560455250575 -0.366091126651268 -0.329527451875154 -0.292877294177119 -0.256150674324302 -0.219358052620358 -0.182509490002758 -0.145615143718814 -0.108685955621388 -0.071732421602678 -0.0347624691066706 0.00221661653470173
-1.10858759802207 -1.06299610716186 -1.01746079344836 -0.971959228265112 -0.926404712650988 -0.880746209401231 -0.835139598681199 -0.789803520697299 -0.745000738450043 -0.701000102191229 -0.658050688383705 -0.616396630043081 -0.576241293439889 -0.537624977864348 -0.500538033138215 -0.464934078189725 -0.430723452351619 -0.397680107468198 -0.365547886724455 -0.334086586156594 -0.303059990013623 -0.272249272015221 -0.241505163763758 -0.210680705273447 -0.179568612323195 -0.148001532176641 -0.11603216227165 -0.0837749980551373 -0.0513716768359786 -0.0189706213885421
-1.08129583344346 -1.01214020239311 -0.944140900910612 -0.879930282296471 -0.825581440492009 -0.786209999434783 -0.759660962406448 -0.74176411789448 -0.727559015865553 -0.712444593292434 -0.694047573693066 -0.670551627221686 -0.640812973098485 -0.606378026807464 -0.569208561806246 -0.530237587183124 -0.490420634188841 -0.451832087093252 -0.416075444445801 -0.381751808895155 -0.346711684114788 -0.309422063683323 -0.270815900799993 -0.232129821771279 -0.19334918571206 -0.154108579903975 -0.113890771487316 -0.0723430673297314 -0.0299227533496435 0.0127103897718293
-1.04883196931143 -1.00506551771278 -0.961460503723935 -0.918218744252777 -0.875400232006234 -0.83306402927562 -0.791407300890726 -0.750641959044118 -0.710900802840959 -0.672273080187993 -0.634752947285693 -0.598310787407962 -0.562932564868831 -0.528666568142855 -0.495510378153408 -0.463196421458622 -0.431417606951385 -0.399973927228852 -0.368705358757074 -0.337504729773427 -0.306278081458114 -0.274914826764383 -0.243237865737653 -0.211066249165401 -0.178270143711161 -0.144723847730095 -0.11026707046784 -0.074811952466741 -0.0385949485655171 -0.00193359217698248
-0.97782401043827 -0.944088168590123 -0.91035232675497 -0.876616484955121 -0.842880643306312 -0.809144801920321 -0.775408960799651 -0.741673119912099 -0.70793727919589 -0.67420143857668 -0.640465597959402 -0.606729757243808 -0.572993916323407 -0.539258075066743 -0.505522233343844 -0.471786391055649 -0.438050548132891 -0.404314704594546 -0.370578860489809 -0.336843015900487 -0.303107170916541 -0.269371325631736 -0.235635480155052 -0.201899634594558 -0.168163789039467 -0.134427943556315 -0.100692098139788 -0.0669562527664738 -0.0332204074124234 0.000515437946448496
-0.982341592257953 -0.948740533574693 -0.915139474951554 -0.881538416395519 -0.847937357813154 -0.814336299090888 -0.780735240134996 -0.747134180892581 -0.713533121454205 -0.679932061927907 -0.646331002348158 -0.612729942731039 -0.57912888308034 -0.545527823350683 -0.511926763493144 -0.478325703493779 -0.444724643345041 -0.411123583029998 -0.377522522516219 -0.343921461718691 -0.310320400539251 -0.276719338896263 -0.243118276774175 -0.209517214179904 -0.175916151144136 -0.142315087715121 -0.108714023987578 -0.0751129600630926 -0.0415118960242443 -0.00791083194885902
-1.09586498528232 -1.04512793904468 -0.994890162903024 -0.945470226207253 -0.897184170206354 -0.850350925676689 -0.805303509605059 -0.762452859005881 -0.722507504793581 -0.686068003521407 -0.653005420397877 -0.623008447795323 -0.595585836331852 -0.569526569608662 -0.543470238820121 -0.516178632550198 -0.486582291528809 -0.45416456768006 -0.418800184121369 -0.381376537549209 -0.343034193054814 -0.304671549065318 -0.266218337351442 -0.227588851215552 -0.189604296743019 -0.15305409545353 -0.117693617821023 -0.0830609598431236 -0.0488591706579318 -0.014832537688668
-0.973172100469771 -0.940691777815215 -0.908211455125841 -0.87573113234089 -0.843250809399583 -0.810770486257446 -0.778290162935227 -0.745809839473573 -0.713329515927516 -0.680849192339347 -0.648368868686031 -0.615888544928198 -0.583408221011413 -0.550927896820982 -0.518447572234842 -0.485967247161717 -0.453486921528786 -0.421006595306258 -0.388526268480808 -0.356045941061941 -0.323565613064871 -0.291085284536725 -0.258604955652295 -0.226124626605421 -0.193644297538474 -0.161163968557614 -0.128683639675626 -0.0962033108804289 -0.0637229821538716 -0.0312426534762824
-0.958319253072595 -0.925969684537836 -0.893620116092178 -0.861270547843838 -0.828920979872226 -0.796571412278406 -0.764221845278876 -0.731872279110951 -0.699522713979802 -0.667173150061779 -0.634823587450093 -0.602474026217168 -0.570124466421576 -0.53777490806647 -0.505425351148697 -0.473075795695288 -0.44072624172844 -0.408376689220812 -0.376027138106085 -0.343677588211554 -0.31132803933792 -0.278978491246491 -0.246628943541026 -0.214279395824626 -0.181929847855323 -0.14958029946284 -0.11723075060872 -0.0848812013166792 -0.0525316517272933 -0.0201821020103534
-1.01447004587086 -0.95395877640165 -0.897288834646512 -0.854260568227226 -0.829125340499825 -0.821527817821021 -0.818234862815996 -0.805512745880129 -0.780503172221117 -0.743681110437606 -0.697979147879722 -0.646944276585459 -0.596058737676649 -0.55854576861048 -0.541258499086628 -0.517828631439382 -0.465256951632297 -0.407242007511388 -0.372041454805817 -0.359451618894892 -0.362153492570454 -0.3683247376324 -0.348129691912838 -0.278045850561738 -0.177816661968305 -0.0767302162153246 0.00101278307933625 0.0378018219506504 0.037299758580044 0.00848779418555614
-0.996147425887232 -0.96214692065342 -0.928146415503152 -0.894145910531796 -0.860145405795692 -0.826144901317581 -0.792144397024853 -0.75814389283886 -0.724143388752159 -0.690142884778427 -0.656142380944614 -0.622141877280985 -0.588141373842904 -0.554140870786114 -0.520140368272071 -0.486139866384693 -0.452139365176939 -0.41813886465547 -0.384138364813826 -0.350137865639357 -0.316137367117863 -0.282136869215759 -0.248136371821899 -0.214135874826809 -0.180135378205246 -0.146134881932377 -0.112134385900776 -0.0781338899946589 -0.0441333941474248 -0.0101328983047662
-1.01021457782784 -0.962579226159959 -0.916643229231564 -0.873674551176508 -0.834013638014687 -0.797599713707695 -0.763694632097849 -0.731716587880497 -0.702386509282365 -0.676178865234161 -0.651279553951137 -0.625302330969683 -0.596444313235094 -0.565236063328286 -0.532609193176041 -0.498766066452997 -0.463327106464701 -0.424314223292485 -0.380125076039093 -0.332258833117124 -0.282990040266642 -0.234816923944067 -0.191132433471251 -0.155028697285263 -0.127499837418615 -0.108530603684162 -0.0961662634206818 -0.0879981231962481 -0.0817411289701842 -0.0751411365496264
-0.932004570525445 -1.07768664432186 -0.808108974918094 -0.746460275404949 -0.825814451548431 -0.850555235827349 -0.800420474896485 -0.708036105720947 -0.64222631233116 -0.654365812777375 -0.689833214123835 -0.667508095688278 -0.549209167177447 -0.468511659854083 -0.535987684504077 -0.598440348449906 -0.503841153611104 -0.36860418375883 -0.332708140808383 -0.361947617399978 -0.378571178855061 -0.330300064941497 -0.266746213212829 -0.239740104326161 -0.208095693567174 -0.130205384797972 -0.0557919015577721 -0.0403527401704711 -0.0711541684215575 -0.118404646961918
-1.03535611788938 -1.00070263588745 -0.965959391246235 -0.930847295663649 -0.895195823741339 -0.859010314119128 -0.822890998685807 -0.787446570079244 -0.752724670684656 -0.718550495295253 -0.684420498588845 -0.649748950214397 -0.613929017437897 -0.576269457993425 -0.536348744886146 -0.494908621737472 -0.452904977836676 -0.410987014528225 -0.369792351555218 -0.330218970200101 -0.293229942130156 -0.259675102412059 -0.229951339710055 -0.204276386611617 -0.182604297799559 -0.164594407269246 -0.1489908441709 -0.134498261353844 -0.120578611308936 -0.106883171437421
-0.892461024631973 -0.871677014303841 -0.850683882211173 -0.828967670244458 -0.806203756939174 -0.782179617113634 -0.756941774072504 -0.730532361827662 -0.702716908733459 -0.673244558823897 -0.642075524509107 -0.609222785293253 -0.574723802639101 -0.538713965843827 -0.501392694294776 -0.46311759990556 -0.42424911384092 -0.385000751743859 -0.345621339895153 -0.306647862648419 -0.268689343875482 -0.232269103692705 -0.197567647194594 -0.164597393586266 -0.13304123353714 -0.102549081128275 -0.0729684726230038 -0.0441624590539295 -0.0158585283484745 0.0122497223422344
-0.984982297563685 -0.952777357872795 -0.920571568733633 -0.888364562220786 -0.856156147636862 -0.823946021190168 -0.791733249483772 -0.759516694772996 -0.727295031527419 -0.695066393727941 -0.662826941186503 -0.630572340172808 -0.598298782594595 -0.566004562911764 -0.53368854153001 -0.50134974008605 -0.468987712978458 -0.436603984422211 -0.40420063430553 -0.371779995393218 -0.339344463669225 -0.30689646394765 -0.274438536363188 -0.241973201673225 -0.209502787805301 -0.177029410324104 -0.144554528172749 -0.11207926084968 -0.0796040266962441 -0.0471290687645113
-1.02334759621633 -0.986353395537524 -0.949359194838972 -0.912364994097914 -0.875370793346014 -0.838376592624729 -0.801382391960259 -0.764388191382949 -0.727393990954987 -0.690399790730549 -0.653405590699915 -0.616411390837392 -0.579417191097507 -0.542422991355649 -0.505428791468367 -0.468434591295965 -0.43144039069272 -0.394446189485031 -0.357451987518906 -0.32045778474665 -0.28346358114714 -0.246469376726928 -0.20947517160325 -0.17248096591254 -0.135486759757329 -0.0984925532417751 -0.0614983465104475 -0.0245041396937202 0.0124900671752299 0.0494842740875252
-1.03170665471851 -0.995893586970764 -0.960080519316944 -0.924267451862152 -0.88845438466296 -0.852641317739098 -0.816828251011429 -0.78101518439268 -0.74520211786188 -0.709389051408173 -0.67357598499485 -0.637762918578743 -0.601949852116647 -0.566136785565221 -0.530323718889755 -0.494510652090193 -0.458697585153841 -0.422884517982806 -0.387071450459623 -0.351258382473743 -0.315445313916343 -0.279632244699115 -0.243819174815808 -0.208006104284469 -0.172193033138279 -0.136379961430932 -0.100566889283035 -0.0647538168311373 -0.0289407442086514 0.00687232845179682
-0.981269948294713 -0.948694960391844 -0.916119972432217 -0.883544984323348 -0.85096999601488 -0.818395007450624 -0.785820018508967 -0.753245029057955 -0.720670038989686 -0.688095048221034 -0.655520056743898 -0.622945064568935 -0.590370071719343 -0.557795078268488 -0.525220084325856 -0.49264509009525 -0.460070095782409 -0.427495101506487 -0.394920107365848 -0.362345113462274 -0.329770119898398 -0.29719512675024 -0.264620133987361 -0.232045141546185 -0.19947014933704 -0.16689515726761 -0.134320165261084 -0.10174517325819 -0.0691701812543041 -0.0365951892584662
-1.0005058485268 -0.965526739596769 -0.930547630890031 -0.895568522634653 -0.860589414937285 -0.825610307859319 -0.790631201402554 -0.755652095554395 -0.720672990304256 -0.685693885626641 -0.650714781434382 -0.615735677624898 -0.58075657410998 -0.545777470858924 -0.510798367878217 -0.475819265265621 -0.440840163143356 -0.405861061640206 -0.370881960876727 -0.335902860934021 -0.300923761883322 -0.26594466375636 -0.230965566426836 -0.195986469719304 -0.161007373419759 -0.12602827733748 -0.0910491814134412 -0.0560700856201473 -0.0210909899245363 0.0138881057078457
-1.11402701550384 -1.05647403927807 -0.999410711476819 -0.943609417224325 -0.889762743898036 -0.838497768497577 -0.790259324258063 -0.745407016956208 -0.704141786299631 -0.666515837995088 -0.632145107814973 -0.600536464048088 -0.571214718247288 -0.543776455021638 -0.517664928431249 -0.491638297284207 -0.464479672809329 -0.435757071170371 -0.405247026296754 -0.372775238245611 -0.338179698606 -0.301396148142361 -0.26275132432066 -0.222643782239626 -0.181368350827527 -0.139263918466705 -0.0969493375262571 -0.0549870561595382 -0.0134339416701741 0.027779533850642
-0.962825366461597 -0.931019244462181 -0.899213122464369 -0.867407000424844 -0.83560087833224 -0.803794756182579 -0.771988633969493 -0.740182511691564 -0.708376389369571 -0.676570267037447 -0.644764144759535 -0.612958022607783 -0.581151900667867 -0.549345779080385 -0.517539657997755 -0.485733537564763 -0.453927417910048 -0.422121299105294 -0.390315181183008 -0.358509064075929 -0.326702947691854 -0.29489683194049 -0.263090716739167 -0.23128460198315 -0.199478487471806 -0.167672373016829 -0.135866258575096 -0.10406014414119 -0.0722540297153215 -0.0404479152991092
-1.00894581839534 -0.973873978210091 -0.93880213809998 -0.903730298092923 -0.868658458170033 -0.833586618292243 -0.798514778386576 -0.763442938368308 -0.728371098139642 -0.693299257606064 -0.658227416699293 -0.623155575357604 -0.588083733514672 -0.553011891085778 -0.517940047985531 -0.48286820414426 -0.447796359510147 -0.412724514087065 -0.377652667907532 -0.342580821062951 -0.30750897365945 -0.272437125820388 -0.237365277738053 -0.202293429607326 -0.167221581564521 -0.132149733685133 -0.0970778858599483 -0.0620060379653347 -0.0269341900046831 0.00813765798685913
-1.04071447074682 -1.0048183308175 -0.968922190921781 -0.933026051105945 -0.897129911348139 -0.861233771595692 -0.825337631740821 -0.78944149166684 -0.753545351276548 -0.717649210455491 -0.6817530690007 -0.645856926687079 -0.609960783344912 -0.574064639025988 -0.538168493818629 -0.502272347735753 -0.466376200780722 -0.430480052994074 -0.394583904423267 -0.358687755106256 -0.322791605078624 -0.286895454383045 -0.250999303090573 -0.215103151282745 -0.179206999054659 -0.143310846499612 -0.107414693690125 -0.0715185406933058 -0.0356223875753879 0.000273765597615856
-0.999678757957582 -0.965902164618729 -0.932125571491356 -0.898348978846905 -0.864572386911995 -0.830795795859845 -0.797019205694885 -0.763242616395463 -0.729466028004369 -0.695689440553903 -0.661912853969941 -0.628136268151752 -0.594359683000306 -0.560583098423378 -0.526806514315611 -0.493029930512322 -0.459253346844001 -0.42547676318117 -0.391700179410382 -0.357923595442292 -0.324147011193578 -0.290370426627151 -0.256593841890838 -0.222817257161165 -0.18904067254453 -0.155264088102983 -0.121487503791313 -0.0877109195399155 -0.0539343352888661 -0.0201577509806612
-1.02323803525725 -0.987683317850936 -0.952128600335801 -0.916573882618696 -0.881019164536864 -0.845464445935479 -0.809909726761035 -0.774355007001174 -0.738800286706806 -0.703245565937937 -0.667690844727677 -0.632136123102414 -0.596581401094612 -0.561026678761044 -0.525471956162699 -0.489917233353115 -0.454362510356173 -0.418807787084574 -0.383253063460266 -0.347698339553364 -0.312143615471022 -0.276588891312078 -0.241034167142105 -0.205479442991967 -0.169924718786967 -0.134369994433585 -0.0988152698685733 -0.0632605450640352 -0.0277058201031984 0.00784890490292808
0.972243782632965 0.937887078690672 0.903530374701381 0.869173670577346 0.834816966126183 0.800460261151764 0.766103555547633 0.731746849249304 0.697390142270506 0.663033434644274 0.628676726402646 0.594320017577417 0.559963308222509 0.525606598480369 0.491249888506699 0.456893178421698 0.422536468334432 0.38817975834496 0.353823048525994 0.319466338849885 0.285109629263892 0.250752919726608 0.216396210241971 0.18203950082063 0.147682791454742 0.113326082120143 0.0789693727458663 0.0446126632701647 0.0102559537149606 -0.0241007558769061
-0.973742675061204 -0.941122956605846 -0.908503238117092 -0.875883519569314 -0.843263800867713 -0.810644081918126 -0.778024362698109 -0.745404643172148 -0.712784923180714 -0.680165202544781 -0.64754548113133 -0.614925758818847 -0.582306035506166 -0.549686311173509 -0.517066585840118 -0.48444685959993 -0.451827132558622 -0.419207404794145 -0.38658767635045 -0.353967947163219 -0.321348217141065 -0.288728486205211 -0.256108754327317 -0.223489021524262 -0.190869287943353 -0.158249553767689 -0.125629819193112 -0.0930100844037731 -0.0603903495243231 -0.0277706146645384
-1.03649354239089 -1.00091969899475 -0.965345855500795 -0.929772011852508 -0.894198168060437 -0.858624324164644 -0.823050480256195 -0.787476636417491 -0.751902792645276 -0.716328948931227 -0.68075510533242 -0.645181261922283 -0.609607418771558 -0.574033575940263 -0.538459733457477 -0.502885891239245 -0.467312049142558 -0.431738206901209 -0.396164364265735 -0.360590521176831 -0.325016677622734 -0.289442833617564 -0.25386898927898 -0.218295144764469 -0.182721300287307 -0.147147456026761 -0.111573611970282 -0.0759997680585397 -0.0404259242368935 -0.0048520804518774
-1.04195479006996 -0.989581448899231 -0.940234607734549 -0.891587367821659 -0.84908084670533 -0.81677620685817 -0.785446774165119 -0.74546354829778 -0.698876060662056 -0.650507940283485 -0.604600674931829 -0.565250217062904 -0.53619274740162 -0.519725359749265 -0.513272308172386 -0.496205574722201 -0.453056989028929 -0.407050043054133 -0.384077812204568 -0.382020043336399 -0.391753151168144 -0.402110589718586 -0.393753970207571 -0.351033668560489 -0.281226962323857 -0.197628777877017 -0.114677735309487 -0.0442309106691951 0.0133244898724716 0.0604687276132609
-1.06231075383219 -1.01826624092635 -0.974088392807629 -0.929663226730665 -0.885131423377354 -0.840720846879072 -0.796753431737864 -0.753557669848859 -0.711394212308845 -0.670465966948956 -0.63081270933606 -0.592433431970955 -0.555313413626116 -0.519383078160732 -0.484551910782372 -0.450700497005428 -0.417659719728648 -0.385090551081368 -0.352651519323035 -0.320161288002925 -0.287478554492776 -0.254454538013273 -0.220910545180889 -0.186688619530887 -0.151743664877893 -0.116092772031643 -0.079888919502955 -0.0433100545434517 -0.00649811166688104 0.030413977797477
-0.984436349518536 -0.951369896012395 -0.918303442617428 -0.885236989458303 -0.852170536631947 -0.819104084239053 -0.786037632423127 -0.752971181339604 -0.719904731148831 -0.686838281999523 -0.653771833988948 -0.620705387201516 -0.587638941728752 -0.554572497690644 -0.521506055177138 -0.488439614129539 -0.455373174424422 -0.422306735828081 -0.389240298093591 -0.356173861031426 -0.323107424466414 -0.290040988230423 -0.256974552183504 -0.223908116226553 -0.190841680395674 -0.157775244734664 -0.12470880918286 -0.0916423736652229 -0.0585759381536538 -0.0255095026317892
-0.968522772427687 -0.940458356082424 -0.912717109818944 -0.884401152218521 -0.852306756195407 -0.814045431142331 -0.772795478032968 -0.7320256524806 -0.690799737076003 -0.648224764720654 -0.607985742581329 -0.574912171391128 -0.552565659997407 -0.539436249704538 -0.531958177100092 -0.523414027447428 -0.506553919198138 -0.475149754880958 -0.425449686854188 -0.36258508271722 -0.293908113879718 -0.227200600503271 -0.171962957757163 -0.135162712107264 -0.111917240198105 -0.0949347212691533 -0.0791366947609886 -0.061170539027815 -0.0423736278772308 -0.025255833980183
-0.989829840183645 -0.954840871778595 -0.919851903416911 -0.884862935191555 -0.849873967251142 -0.814884999751231 -0.779896032819489 -0.744907066561056 -0.709918101018838 -0.674929136222661 -0.639940172212277 -0.604951209029915 -0.569962246721068 -0.534973285344263 -0.499984324944714 -0.464995365501332 -0.43000640695567 -0.395017449166157 -0.360028491981148 -0.325039535291856 -0.290050579000203 -0.255061622999538 -0.220072667148898 -0.185083711323043 -0.150094755493949 -0.115105799636174 -0.0801168436373973 -0.0451278873990352 -0.0101389309643281 0.0248500255880274
-0.983798319659262 -0.957814815554713 -0.93174733799527 -0.905425424419391 -0.878603254324337 -0.851045799054302 -0.822636555282416 -0.793290903009726 -0.76293323022001 -0.731504331386314 -0.699001618956037 -0.665436659870161 -0.630837093343397 -0.59529484768536 -0.558905315213427 -0.521713455181113 -0.483744053510769 -0.444991635863936 -0.405459576485377 -0.365216904213539 -0.324349061535292 -0.282952231491831 -0.241165559341656 -0.199146569469587 -0.157083340548417 -0.115159183742095 -0.0735077858912235 -0.0322070387244683 0.00883872215390956 0.0497685501707497
1.04409787908524 1.00745465796352 0.970811436774377 0.934168215478125 0.89752499410164 0.860881772673095 0.824238551159271 0.787595329512149 0.750952107685923 0.714308885674734 0.677665663630321 0.641022441743821 0.604379220195377 0.56773599912116 0.531092778622995 0.494449558709319 0.457806339350307 0.421163120456488 0.384519901938888 0.347876683770173 0.311233465938418 0.274590248430797 0.237947031230878 0.201303814327154 0.16466059773142 0.128017381441321 0.0913741653745953 0.0547309494346486 0.0180877335474527 -0.0185554823553788
0.960824949447674 0.927679745348811 0.894534541321247 0.861389337402258 0.828244133613556 0.795098929928705 0.761953726144234 0.728808522020821 0.695663317352779 0.662518111926273 0.62937290546125 0.5962276976611 0.563082488274932 0.529937277234718 0.496792064516202 0.463646850087347 0.430501633944437 0.397356416204814 0.364211197024702 0.331065976594784 0.297920755114354 0.264775532777591 0.231630309758195 0.198485086212499 0.165339862247823 0.13219463794489 0.0990494133270328 0.065904188418118 0.0327589633015384 -0.000386261924432051
0.993379331125589 0.96099934346584 0.928619355635998 0.896239367782927 0.863859380614443 0.831479394956777 0.799099411548899 0.766719431162293 0.734339454785786 0.701959483389291 0.66957951764973 0.637199558170777 0.60481960537142 0.572439658931899 0.540059718392752 0.507679783474453 0.475299853988801 0.44291992993295 0.410540011194194 0.378160097035028 0.345780186561748 0.313400278942843 0.281020373595578 0.248640470017426 0.216260567777909 0.183880666432261 0.15150076540649 0.119120864219057 0.0867409628874408 0.0543610615538729
1.02044257553825 0.984395700818319 0.948348825964338 0.912301950878415 0.876255075491503 0.840208199770792 0.80416132379955 0.768114447694317 0.732067571588624 0.696020695595487 0.659973819728874 0.623926943977989 0.587880068304451 0.551833192559541 0.515786316591942 0.47973944035027 0.443692563795441 0.407645686837605 0.371598809375671 0.33555193131435 0.299505052559796 0.263458173032758 0.227411292712334 0.191364411607541 0.155317529788711 0.119270647355143 0.083223764460713 0.0471768812603564 0.0111299978586877 -0.0249168856522598
-1.15871705879547 -1.06223783006962 -0.970421609189749 -0.891431601149015 -0.826423750689921 -0.775289864341107 -0.739872456026397 -0.720020921812117 -0.705661478939406 -0.686657662640768 -0.662545458939368 -0.635278966556034 -0.607206422921502 -0.582252620306142 -0.562396788441558 -0.540259352064653 -0.507728549505489 -0.463122678461472 -0.407664432886402 -0.34776403239231 -0.291128578005786 -0.244334232229702 -0.209433403472073 -0.185739641358261 -0.166134814477904 -0.142443592974947 -0.108693534246305 -0.0610913976005976 -0.00235786274031086 0.0631579105336044
-1.0291800081168 -0.993325436645537 -0.957470865099812 -0.92161629342285 -0.885761721547898 -0.849907149398983 -0.814052576873249 -0.77819800389837 -0.74234343055105 -0.706488856927426 -0.670634283052353 -0.634779708932869 -0.598925134560184 -0.563070559862225 -0.527215984731806 -0.491361408984591 -0.455506832445859 -0.419652255056472 -0.383797676808863 -0.347943097786153 -0.312088518094139 -0.27623393784897 -0.240379357208222 -0.204524776325373 -0.168670195296107 -0.132815614219243 -0.0969610332639617 -0.0611064525718651 -0.0252518721038958 0.0106027082241691
-0.944443448428735 -0.917137649674339 -0.8897833248912 -0.86230218769618 -0.834613230735358 -0.806643215030617 -0.77835269607783 -0.749704185439867 -0.720634224473582 -0.691074976648294 -0.660967064089186 -0.630253223585405 -0.598885739623404 -0.566855087478854 -0.534181805045825 -0.500968489902747 -0.46733199006353 -0.433364095599619 -0.39912688438948 -0.364588643482125 -0.329694212219202 -0.294405296206024 -0.258751066102561 -0.222777392783954 -0.186529482931377 -0.150067052019965 -0.113508514894659 -0.0769620075620916 -0.0404358513058295 -0.00391341372867567
0.971303085278668 0.937770901857269 0.904238718454842 0.87070653509378 0.8371743518393 0.803642168792773 0.770109986157351 0.736577804143915 0.703045622892463 0.669513442491625 0.635981262895421 0.602449084024218 0.56891690577952 0.535384727987362 0.501852550452471 0.468320372969794 0.434788195342395 0.40125601741558 0.367723839056166 0.334191660174768 0.300659480692951 0.267127300582307 0.233595120014544 0.200062939176402 0.166530758114616 0.132998576844932 0.0994663953991225 0.0659342138153722 0.0324020321414712 -0.00113014957238836
