-1.04898751214869 -1.01122136114878 -0.973455210095401 -0.935689058953532 -0.897922907690175 -0.860156756290159 -0.822390604807606 -0.78462445330398 -0.746858301800804 -0.709092150307411 -0.671325998824317 -0.633559847349834 -0.595793695875111 -0.558027544362652 -0.520261392779626 -0.48249524114052 -0.444729089479213 -0.406962937859836 -0.36919678636786 -0.331430635143849 -0.293664484342146 -0.255898334094027 -0.218132184438515 -0.180366035374267 -0.14259988683074 -0.104833738715399 -0.067067590916946 -0.0293014433284165 0.00846470412104367 0.0462308514932617
-0.961084888770311 -0.928964829060577 -0.896844769228131 -0.864724709165523 -0.832604648810046 -0.800484588116247 -0.76836452706296 -0.736244465647618 -0.704124403917789 -0.672004341935791 -0.63988427977282 -0.607764217502294 -0.57564415519629 -0.543524092921542 -0.511404030738761 -0.479283968689923 -0.447163906796001 -0.415043845012685 -0.382923783286724 -0.350803721594379 -0.318683659919288 -0.28656359824735 -0.254443536573503 -0.22232347490541 -0.190203413292587 -0.158083351807459 -0.125963290572234 -0.0938432296783359 -0.0617231690442816 -0.0296031085453609
-0.98376694269508 -0.950197229901354 -0.916623940705876 -0.883043240353897 -0.849452043957837 -0.815846760537482 -0.782221024874909 -0.748568344575821 -0.714884492778133 -0.681166769458398 -0.647416316415531 -0.613635235904034 -0.579825383666251 -0.545987629395883 -0.512122776994504 -0.478232353243845 -0.444317379537576 -0.410376132836972 -0.376406452043542 -0.342407168252096 -0.308377360605775 -0.274316852701199 -0.240228445948905 -0.206115638249694 -0.171981735651498 -0.137830683344496 -0.103669174940741 -0.069503751249884 -0.0353375934500988 -0.00117304281168823
-0.970993058173217 -0.938047434746774 -0.905101811192629 -0.872156187391392 -0.839210563331826 -0.806264939034891 -0.773319314542164 -0.740373689915621 -0.707428065278213 -0.674482440770178 -0.641536816539925 -0.608591192737908 -0.575645569501237 -0.542699946913656 -0.509754325010863 -0.47680870368975 -0.44386308283686 -0.410917462436149 -0.37797184248298 -0.345026222920935 -0.312080603680649 -0.279134984693915 -0.24618936589715 -0.213243747250057 -0.180298128800848 -0.147352510609683 -0.114406892696003 -0.0814612750575658 -0.0485156576461057 -0.0155700404018531
-1.00319347984475 -0.970674750596522 -0.938156021349733 -0.905637292057079 -0.873118562612396 -0.840599832905121 -0.808081102865939 -0.775562372442648 -0.743043641610243 -0.710524910359796 -0.678006178719515 -0.645487446726889 -0.612968714394304 -0.580449981633735 -0.547931248322318 -0.515412514298246 -0.482893779435719 -0.450375043791927 -0.41785630745767 -0.385337570475222 -0.352818832874722 -0.32030009465902 -0.287781355721806 -0.255262615965421 -0.222743875435975 -0.190225134221334 -0.157706392432604 -0.125187650193266 -0.0926689076530392 -0.0601501649682056
-0.999767687406228 -0.964836056844462 -0.92990442623632 -0.894972795543949 -0.860041164767793 -0.825109533936433 -0.790177903152738 -0.755246272529462 -0.720314642144635 -0.685383012062587 -0.650451382327582 -0.615519752978864 -0.580588124045504 -0.54565649551588 -0.510724867390942 -0.475793239762618 -0.440861612734779 -0.405929986368081 -0.370998360715939 -0.336066735845995 -0.30113511182945 -0.266203488707874 -0.231271866404322 -0.196340244801874 -0.161408623742249 -0.126477003071254 -0.0915453826924347 -0.056613762524851 -0.021682142491896 0.013249477481955
-0.986698391507917 -0.946994850182852 -0.907385808816467 -0.8679853352385 -0.828997587660384 -0.790620170290032 -0.752934380939597 -0.715999535496361 -0.679903328543899 -0.644732431772853 -0.610541046605833 -0.577375256898443 -0.545228462180422 -0.513883324678046 -0.483076601616747 -0.45257216752203 -0.422176656134072 -0.391840620751652 -0.361536791665661 -0.331182687576838 -0.30068202428838 -0.269953449653132 -0.238975339722505 -0.207754999354917 -0.176355720438226 -0.144860694071352 -0.113376721167997 -0.0819947309111649 -0.0507185557462534 -0.0195302539342603
-0.888692411499635 -0.881069148346434 -0.875106002383608 -0.868377994194074 -0.85668406002335 -0.836040965536496 -0.805112878414148 -0.764239173036868 -0.717812648569352 -0.670785683200042 -0.626295546428239 -0.587025730580962 -0.554655692766642 -0.52684874921937 -0.500350230387979 -0.472249664454606 -0.440839038969142 -0.408875981219194 -0.379588295882897 -0.353618857462792 -0.330964307917517 -0.31091755291135 -0.289956552931112 -0.264149732771222 -0.230742319633936 -0.187732182386632 -0.134950954149329 -0.0729990227930368 -0.00371803094010431 0.0707400650992881
-0.924816173749822 -0.925719596563268 -0.916772437606667 -0.89373462138127 -0.861318754590339 -0.826411028638586 -0.795639291534497 -0.773693278561832 -0.757768617501657 -0.742477618714099 -0.719593430378215 -0.680179410127789 -0.619161980923811 -0.546919827036075 -0.47632123531937 -0.414740641659659 -0.368095936554383 -0.341972679915703 -0.338480997166096 -0.346161606354561 -0.350162873686728 -0.339016049307744 -0.314783919120811 -0.282598749544709 -0.246339193302459 -0.208017130963775 -0.163430968180893 -0.10791730394503 -0.0411789855208159 0.0359895777587686
1.02279707981129 0.985767510802563 0.948737941756745 0.911708372595312 0.874678803141926 0.837649233188082 0.800619662494433 0.763590090870052 0.726560518348526 0.689530945003748 0.652501370846327 0.615471795871048 0.578442220090651 0.541412643589695 0.504383066476171 0.467353488879991 0.430323910941696 0.393294332822428 0.356264754675049 0.319235176598694 0.282205598679065 0.245176020986875 0.208146443532868 0.171116866317938 0.134087289363545 0.0970577126815811 0.0600281362251243 0.0229985599351736 -0.0140310162367667 -0.0510605923365657
-0.979396420255002 -0.946112394872302 -0.912828369503512 -0.879544344237853 -0.846260319285487 -0.812976294865067 -0.779692271108265 -0.746408248107171 -0.713124225882534 -0.679840204429365 -0.646556183711074 -0.613272163683168 -0.579988144291 -0.546704125439305 -0.513420107005671 -0.480136088799723 -0.446852070608457 -0.413568052196303 -0.380284033353446 -0.347000013995645 -0.313715994070054 -0.280431973530552 -0.247147952357922 -0.213863930532005 -0.180579908001955 -0.147295884736506 -0.114011860813397 -0.0807278363518701 -0.0474438115281872 -0.0141597865328624
-1.02321702395721 -0.987954203491687 -0.952691382655777 -0.917428561047997 -0.882165738233176 -0.84690291380761 -0.811640087527154 -0.776377259217714 -0.74111442882583 -0.705851596342034 -0.670588761812182 -0.635325925295959 -0.600063086856395 -0.564800246569897 -0.529537404547234 -0.494274561023267 -0.45901171623331 -0.423748870290405 -0.388486023297132 -0.353223175436501 -0.317960326911628 -0.282697477893203 -0.247434628422222 -0.212171778498365 -0.176908928085755 -0.141646077161924 -0.106383225793609 -0.0711203740714637 -0.0358575220926059 -0.000594669955770669
-1.04727820009055 -1.01023861603421 -0.97319903206505 -0.936159448252612 -0.899119864681285 -0.862080281418531 -0.82504069844925 -0.78800111576929 -0.750961533500828 -0.713921951778812 -0.676882370662932 -0.639842790194063 -0.602803210398528 -0.565763631244437 -0.528724052671375 -0.491684474563051 -0.454644896771163 -0.417605319075231 -0.380565741277214 -0.343526163340989 -0.306486585270913 -0.269447007086119 -0.23240742886484 -0.195367850691652 -0.158328272617397 -0.121288694684792 -0.0842491169377971 -0.0472095393990927 -0.0101699620049904 0.0268696153297892
-1.07059134086918 -1.02360829531627 -0.975217826031851 -0.924743771289606 -0.872792431983973 -0.82119571376139 -0.775405478655586 -0.739080005990625 -0.705083287864613 -0.665344484164784 -0.618847713160831 -0.566340832718061 -0.510633486808446 -0.462782463830597 -0.43277095624711 -0.418040628349872 -0.412633498364868 -0.409534528425204 -0.402040177918633 -0.38574995134439 -0.356839114479581 -0.313969649132296 -0.265750401234575 -0.221223217690684 -0.181215085169869 -0.145255474469704 -0.115898653136101 -0.0953137679856095 -0.0811046861689956 -0.0697339549205792
0.999449415090041 0.963122618764825 0.926795822383754 0.890469025795687 0.854142228754898 0.81781543104034 0.781488632624287 0.745161833527809 0.708835033773848 0.672508233411354 0.636181432591441 0.599854631490764 0.563527830282728 0.52720102912773 0.490874228171968 0.454547427517849 0.41822062725608 0.381893827474373 0.345567028257943 0.309240229685033 0.27291343183214 0.23658663475402 0.200259838418463 0.163933042741344 0.127606247517835 0.0912794525302546 0.054952657630187 0.01862586271134 -0.0177009322333638 -0.0540277271861976
-0.954321133482223 -0.922563983448315 -0.89080683339892 -0.859049683325125 -0.827292533200428 -0.795535382983643 -0.763778232592434 -0.732021081957605 -0.700263931103675 -0.668506780091346 -0.636749629032326 -0.604992478051076 -0.57323532726428 -0.541478176757518 -0.509721026559139 -0.477963876499679 -0.446206726360224 -0.414449575921867 -0.382692424990738 -0.350935273473112 -0.319178121300297 -0.287420968434653 -0.255663814962746 -0.223906661020991 -0.192149506820992 -0.160392352549549 -0.128635198219059 -0.0968780438080363 -0.0651208893338763 -0.0333637348236943
-1.06820734946835 -1.01530311189879 -0.963230719903209 -0.912645092145128 -0.863903126388707 -0.817211879717467 -0.772477067391716 -0.729599907885813 -0.688764974353508 -0.650181310293102 -0.61387248590169 -0.579815703051069 -0.547968116222109 -0.518206690331995 -0.490271105744879 -0.463432094176478 -0.436831242706187 -0.409562508516533 -0.380870998118936 -0.350654045237259 -0.318972040398476 -0.285848766214008 -0.251161573633069 -0.214781751796698 -0.176702774275442 -0.137005212318299 -0.0959958434585703 -0.0540273802546169 -0.011410069080732 0.0315564602348078
-1.0392101915265 -1.00557227009896 -0.971886653986041 -0.938093899828624 -0.904136674106607 -0.869960274830062 -0.835518416290714 -0.800767917100556 -0.765669596870991 -0.730190419302903 -0.694317923455666 -0.658044792228274 -0.621369169986792 -0.584311046965548 -0.546890332649865 -0.50910476766078 -0.470940634305879 -0.432360550503221 -0.393330663520101 -0.353854902410265 -0.313946641674072 -0.273627638503082 -0.232953180853647 -0.191987576579944 -0.150797682362639 -0.109440554844228 -0.0679315016880317 -0.02628089528557 0.0154788840796711 0.0573099541512136
-1.00145066443925 -0.958356249853794 -0.915476820562343 -0.873089444650407 -0.831545234666142 -0.791182557280332 -0.752214751191638 -0.714811016173982 -0.679089024274452 -0.645102636024545 -0.61270199362024 -0.581686309673636 -0.551841709588712 -0.522901969936962 -0.494576987020708 -0.466533484898069 -0.438491148082201 -0.410424675150618 -0.382362558503194 -0.354293451764909 -0.326196048867015 -0.298059925194545 -0.269918181947639 -0.241751522327287 -0.21328753172275 -0.184240258196417 -0.154522718314913 -0.12414524301684 -0.0933084522244688 -0.0622605381059852
-1.0140256737998 -0.97822037316881 -0.942415072522876 -0.906609771846595 -0.870804471187229 -0.834999170595735 -0.799193870075207 -0.76338856961954 -0.727583269233694 -0.691777968896579 -0.655972668471841 -0.620167367794308 -0.584362066708291 -0.548556765096034 -0.512751462861123 -0.476946159954586 -0.44114085631918 -0.405335551817138 -0.369530246304691 -0.333724939694578 -0.297919631913663 -0.262114322936277 -0.2263090129266 -0.190503702089516 -0.154698390602862 -0.118893078623005 -0.0830877662474852 -0.0472824535610132 -0.0114771406558154 0.0243281723740038
-1.0259838372133 -0.988954258618578 -0.951924679988123 -0.914895101336889 -0.877865522719653 -0.840835944189052 -0.803806365749344 -0.766776787410703 -0.729747209255369 -0.692717631380731 -0.655688053872711 -0.618658476814361 -0.581628900269964 -0.544599324228706 -0.507569748657318 -0.470540173507794 -0.433510598726559 -0.396481024252504 -0.359451450037195 -0.322421876090441 -0.285392302436615 -0.248362729100023 -0.211333156104716 -0.174303583475168 -0.137274011237809 -0.100244439414798 -0.0632148680092519 -0.0261852970004262 0.0108442737088243 0.0478738442347452
-1.00968764974424 -0.975352803674203 -0.941017957524062 -0.906683111232707 -0.872348264781543 -0.83801341816648 -0.803678571398935 -0.769343724468811 -0.735008877264446 -0.700674029657146 -0.666339181551646 -0.632004332861039 -0.597669483509818 -0.563334633468078 -0.528999782718626 -0.494664931249518 -0.460330079066812 -0.425995226243335 -0.391660372868227 -0.357325519029137 -0.322990664813337 -0.288655810321744 -0.254320955709844 -0.21998610110604 -0.185651246475823 -0.151316391763127 -0.116981536988568 -0.0826466821861205 -0.0483118273665128 -0.0139769725346612
-1.02810841818544 -0.991261887956356 -0.954415357758433 -0.917568827617288 -0.880722297595196 -0.843875767762812 -0.807029238187659 -0.770182708919336 -0.733336179938876 -0.696489651173827 -0.659643122406385 -0.622796593382403 -0.58595006387313 -0.549103533751379 -0.512257002943414 -0.475410471487706 -0.438563939430699 -0.401717406738515 -0.364870873377655 -0.328024339396463 -0.291177804863741 -0.254331269834263 -0.217484734306673 -0.180638198269713 -0.143791661728637 -0.106945124715982 -0.07009858735691 -0.0332520497890371 0.00359448789283923 0.0404410256046258
-1.03718512654882 -0.999696221832195 -0.962207317152034 -0.92471841251728 -0.887229507872058 -0.849740603162612 -0.812251698408466 -0.774762793663721 -0.737273889047518 -0.699784984680924 -0.662296080627702 -0.624807176937284 -0.587318273647687 -0.549829370751255 -0.512340468220875 -0.474851565997268 -0.437362664033657 -0.399873762365439 -0.362384861028583 -0.324895959979173 -0.28740705915332 -0.249918158484835 -0.212429257898321 -0.174940357322805 -0.13745145671421 -0.0999625560387824 -0.0624736552771679 -0.0249847544227383 0.0125041464946211 0.049993047435897
-0.971635455995025 -0.938710468301333 -0.905785479808556 -0.872860490011876 -0.839935498493218 -0.8070105046179 -0.774085506798066 -0.741160502893531 -0.708235489507986 -0.675310463361405 -0.642385422895017 -0.609460366980371 -0.576535294939474 -0.543610207896179 -0.510685107442663 -0.47775999524257 -0.444834873281006 -0.411909744757468 -0.378984612803887 -0.346059479067535 -0.313134344824525 -0.280209211228065 -0.24728407893976 -0.21435894842962 -0.181433819892901 -0.14850869342197 -0.115583568972419 -0.082658446367612 -0.0497333250387696 -0.0168082043190793
-0.995617545304581 -0.963147329165112 -0.930677112993188 -0.898206896763783 -0.865736680436448 -0.833266463966216 -0.800796247305465 -0.768326030417914 -0.735855813315292 -0.703385596008779 -0.670915378459333 -0.638445160615358 -0.605974942433103 -0.5735047239002 -0.541034505026372 -0.508564285878341 -0.476094066530589 -0.443623847031662 -0.411153627419556 -0.378683407716018 -0.346213187938734 -0.31374296810127 -0.281272748200721 -0.248802528232905 -0.216332308205009 -0.183862088118931 -0.151391867944041 -0.118921647652939 -0.0864514272636644 -0.0539812068056189
-0.955046493531686 -0.922893105271536 -0.890739717044981 -0.858586328864459 -0.826432940663389 -0.794279552340257 -0.76212616373284 -0.729972774679364 -0.697819385080561 -0.665665994884385 -0.633512604165169 -0.601359213028841 -0.569205821560825 -0.537052429764526 -0.504899037610682 -0.472745645021369 -0.440592251911605 -0.408438858216834 -0.376285463915444 -0.344132069137191 -0.311978674049667 -0.27982527882304 -0.247671883637767 -0.21551848863983 -0.18336509382701 -0.151211699154187 -0.119058304552852 -0.0869049099588588 -0.0547515153489277 -0.0225981207099941
-0.98140001335103 -0.94758890934126 -0.913777805448936 -0.879966701809648 -0.846155598522102 -0.812344495661581 -0.77853339324657 -0.744722291286499 -0.71091118981138 -0.677100088841357 -0.643288988336511 -0.609477888241911 -0.575666788525265 -0.541855689244854 -0.508044590481295 -0.474233492313999 -0.440422394815385 -0.406611298031108 -0.372800202022676 -0.338989106941748 -0.305178012962525 -0.271366920223353 -0.237555828719163 -0.203744738388176 -0.169933649085187 -0.13612256063776 -0.102311472847955 -0.0685003855197783 -0.0346892984905084 -0.000878211605743732
-1.03926079005212 -0.92657331017853 -0.910480285011191 -0.883776151458309 -0.845959830651705 -0.815012383496928 -0.776138945770807 -0.718344238589001 -0.678607249551206 -0.687844153174954 -0.704745605165093 -0.669945881523298 -0.554407154856986 -0.450403184196526 -0.443767799561363 -0.473263528504301 -0.463503572978703 -0.429575135006832 -0.401208596199491 -0.376233056452759 -0.344502295234035 -0.302116802437851 -0.270163909667281 -0.266054738653163 -0.267508729928844 -0.244175576749643 -0.173117664456236 -0.0576375974276451 0.00141383588910036 -0.121201198970034
-1.13999185111919 -1.02961104218333 -0.937004573512176 -0.874419625948394 -0.837768938083529 -0.817554967855119 -0.798973492835814 -0.768681635641742 -0.724488579427848 -0.66908016493004 -0.613496802669281 -0.570867545612799 -0.549799550567068 -0.540812389695561 -0.531171732056044 -0.51321521892648 -0.48424201801281 -0.456325430512712 -0.440679835113042 -0.430309786965638 -0.413667385338584 -0.382975130396336 -0.345537125888831 -0.308402407701908 -0.262518136679523 -0.199897092267578 -0.132916403361647 -0.0752905259141837 -0.0257188746554751 0.0208528959897312
0.990444361551775 0.956770718004112 0.923097074498835 0.889423431080042 0.855749787700211 0.822076144289206 0.788402500778052 0.754728857121178 0.721055213365451 0.687381569573706 0.653707925780206 0.62003428201207 0.586360638275658 0.552686994494283 0.519013350575884 0.485339706449944 0.451666062028649 0.417992417133434 0.384318771609201 0.350645125485451 0.316971478837832 0.283297831756191 0.249624184387145 0.215950536870763 0.182276889264145 0.148603241602872 0.11492959391943 0.0812559462426434 0.0475822985897724 0.0139086509751868
-1.03602817815016 -0.999148211060829 -0.962268244012514 -0.925388277074165 -0.888508310310738 -0.851628343786136 -0.814748377564052 -0.777868411684159 -0.740988446090282 -0.704108480710116 -0.667228515502701 -0.630348550434911 -0.593468585480127 -0.556588620637748 -0.519708655918323 -0.48282869135096 -0.445948726961196 -0.409068762741709 -0.372188798699375 -0.335308834930714 -0.298428871554657 -0.261548908665565 -0.224668946259523 -0.187788984282368 -0.15090902257724 -0.114029060974832 -0.077149099358745 -0.0402691376503572 -0.00338917586923177 0.0334907859405211
-0.946563721936865 -0.917348553956762 -0.888150789886819 -0.858987252231701 -0.829817760771009 -0.800574380037909 -0.771135156304909 -0.741369358539306 -0.711165164748223 -0.680429901857735 -0.649128583429899 -0.617240644685771 -0.584763262138729 -0.551764577471448 -0.518314335950218 -0.484417732006466 -0.450073086036546 -0.41531577313135 -0.380188506302898 -0.344726295553156 -0.308962225131578 -0.272911028698484 -0.236514037557654 -0.1997126064335 -0.162521586089513 -0.124988998882724 -0.0872220575052474 -0.0493281444185081 -0.0113561308260846 0.0266597398829059
-1.04343640471494 -0.99738054641508 -0.951206931294173 -0.905009904642583 -0.859537289142388 -0.815585521552499 -0.77349201754744 -0.733485606460875 -0.695819793347409 -0.660634408878147 -0.627589910469245 -0.596226912223125 -0.566127377337689 -0.537038665392759 -0.508707009163871 -0.480708737827485 -0.452624356461149 -0.42422097734585 -0.395297907286474 -0.365596623980069 -0.334844147846722 -0.302835797035874 -0.269640080614375 -0.235406920319525 -0.200338697653027 -0.164607382442332 -0.128210838053488 -0.0911392499535728 -0.0535261984751883 -0.0155411126673179
1.1036140212373 1.00619584241578 0.912175881994482 0.831222122035891 0.779784952492766 0.768357644827287 0.776822588649022 0.780664974297516 0.768392076884846 0.734618625341545 0.68536707909942 0.629511830215602 0.574139600951897 0.519186434388811 0.465487557015933 0.424625608140473 0.404668163635903 0.388875132823108 0.360061380069273 0.324069256479352 0.292497984842745 0.271999736451537 0.24943847660857 0.212205550568742 0.169590029384415 0.134272305639052 0.110600332243044 0.100471765133249 0.104315512025465 0.122193293580225
-1.01174561313146 -0.977117782309422 -0.94248995157281 -0.907862121051054 -0.873234290829886 -0.838606460989904 -0.803978631634865 -0.769350802843868 -0.73472297457423 -0.700095146748301 -0.665467319270372 -0.630839492040214 -0.596211664949168 -0.561583837854841 -0.526956010605768 -0.492328183047906 -0.457700355024112 -0.423072526367409 -0.388444696925419 -0.353816866613994 -0.319189035366039 -0.28456120314605 -0.249933370044872 -0.21530553619748 -0.180677701789016 -0.146049866997628 -0.111422031923325 -0.0767941966439246 -0.0421663612266092 -0.00753852573590441
-1.03117477227943 -0.995063252450295 -0.958951732590604 -0.922840212699574 -0.886728692808795 -0.850617172926486 -0.814505652934995 -0.778394132690471 -0.742282612070118 -0.706171090977134 -0.670059569397622 -0.633948047338412 -0.597836524849818 -0.56172500215608 -0.525613479511933 -0.489501957120162 -0.453390435161644 -0.417278913781577 -0.381167393089087 -0.345055873084715 -0.308944353741849 -0.272832835046023 -0.236721317031343 -0.200609799725802 -0.164498283084392 -0.128386767027472 -0.0922752514098919 -0.0561637360788027 -0.0200522209160628 0.0160592941877921
-0.987762198083783 -0.952669877199171 -0.917582907752442 -0.882504120822075 -0.847427895785408 -0.812347374853992 -0.777259203277349 -0.742163811561608 -0.707073268201339 -0.672002026717501 -0.636962442748168 -0.601966347460692 -0.567025080552009 -0.532148015837396 -0.497343211451668 -0.462615428689442 -0.427968703031472 -0.393407463543252 -0.358933878758433 -0.324540681498551 -0.290218245657118 -0.255956465006964 -0.221743312838209 -0.187566609861163 -0.153415486949602 -0.119280237000632 -0.0851544908411891 -0.0510334312442979 -0.0169151108374817 0.0172017002881102
-0.98269606367932 -0.949583206276849 -0.916470348852186 -0.883357491393175 -0.850244633877785 -0.817131776284375 -0.784018918602747 -0.75090606082918 -0.717793202974422 -0.684680345075992 -0.651567487264046 -0.618454629691896 -0.585341772470911 -0.552228915544681 -0.519116058832871 -0.486003202327232 -0.45289034603878 -0.419777489983511 -0.386664634208872 -0.353551778883126 -0.320438924204739 -0.287326070339061 -0.254213217318964 -0.221100365123401 -0.187987513648128 -0.154874662755109 -0.121761812254333 -0.0886489619595229 -0.055536111751284 -0.0224232615269455
-1.00310710279438 -0.969163420126754 -0.935219737550419 -0.901276055191245 -0.867332373182199 -0.833388691645528 -0.799445010653503 -0.7655013302395 -0.731557650331283 -0.697613970848891 -0.663670291787063 -0.629726613159215 -0.595782934971121 -0.561839257197988 -0.527895579814497 -0.493951902823787 -0.46000822623653 -0.426064550065058 -0.392120874299773 -0.35817719884169 -0.324233523569474 -0.290289848341233 -0.256346172932839 -0.22240249714328 -0.188458820946244 -0.154515144370417 -0.120571467489771 -0.0866277903879747 -0.0526841131421891 -0.0187404358279498
-0.964317134308827 -0.932552967978387 -0.900781816891893 -0.868998313074658 -0.837203472151733 -0.805399165465162 -0.773584303625208 -0.741758138301795 -0.709924246135278 -0.678088027815322 -0.6462578552584 -0.614442843187691 -0.582651915752901 -0.550893234809854 -0.519173631895912 -0.487495379568473 -0.455859645922202 -0.424267740180805 -0.392720850417992 -0.361219538978464 -0.329764211774669 -0.298355300119603 -0.266993336928466 -0.23567806443946 -0.20440596058059 -0.173171811184375 -0.141966898011599 -0.11078204228141 -0.0796097271181714 -0.048442851122547
-1.01506236396243 -0.978292076758425 -0.941521789678413 -0.904751502828936 -0.867981216198537 -0.831210929757528 -0.794440643521292 -0.757670357512271 -0.720900071736092 -0.684129786172817 -0.64735950071709 -0.610589215242197 -0.573818929604197 -0.537048643590235 -0.500278356983734 -0.463508069622154 -0.426737781392364 -0.389967492324815 -0.353197202486234 -0.316426911944874 -0.279656620769366 -0.242886329030349 -0.206116036806484 -0.169345744175562 -0.132575451203862 -0.0958051579633149 -0.0590348645599833 -0.0222645710955504 0.0145057223799441 0.0512760158293709
-0.963248891103439 -0.930173102237106 -0.897097313393746 -0.864021524623903 -0.830945735923419 -0.797869947273012 -0.764794158647606 -0.731718370007359 -0.698642581259162 -0.665566792288401 -0.632491002947703 -0.599415213081503 -0.566339422545125 -0.533263631237445 -0.500187839063226 -0.467112045907251 -0.434036251674408 -0.400960456370002 -0.367884660040611 -0.334808862797498 -0.301733064768093 -0.268657266083187 -0.235581466887 -0.202505667322091 -0.169429867510964 -0.136354067547269 -0.103278267429307 -0.070202467145438 -0.0371266667396115 -0.00405086626967326
0.964136806367133 0.930052447068028 0.895968087656358 0.861883728003685 0.82779936795367 0.793715007351029 0.759630646072611 0.72554628401748 0.691461921141431 0.657377557402099 0.623293192707737 0.589208826954251 0.55512446005924 0.521040092027067 0.486955722892936 0.452871352728632 0.418786981639979 0.384702609832345 0.350618237496411 0.31653386466454 0.28244949132952 0.24836511746534 0.214280742970801 0.180196367757226 0.146111991861225 0.112027615365393 0.0779432384109732 0.043858861143969 0.00977448367076044 -0.0243098939121777
-0.949227660760826 -0.971152265493425 -0.987361975104145 -0.918442111996495 -0.844663835401101 -0.848320465066777 -0.860108125987948 -0.80608941055527 -0.745389975498715 -0.743265605763353 -0.756429534815349 -0.714459358251141 -0.585038551362122 -0.488274108219527 -0.52665256470513 -0.579755105163043 -0.520173203146066 -0.41544484057941 -0.357420824685761 -0.340256755505298 -0.333684431282572 -0.313013234877203 -0.275862887609091 -0.228039650394888 -0.185785604077984 -0.158119972580574 -0.11473473221333 -0.0332669361263268 0.0375388075612399 0.031161001987895
-0.967665008726969 -0.935856439528595 -0.904047870310852 -0.872239301017376 -0.84043073160128 -0.808622162018714 -0.776813592228498 -0.745005022210195 -0.713196452023685 -0.681387881718801 -0.649579311224872 -0.617770740441101 -0.585962169246798 -0.554153597441706 -0.522345024842484 -0.490536451413021 -0.458727877157452 -0.426919302093644 -0.395110726256542 -0.363302149735661 -0.331493572634159 -0.299684995067634 -0.267876417201456 -0.236067839201392 -0.204259261185024 -0.172450683244974 -0.140642105422185 -0.108833527733459 -0.0770249501507074 -0.0452163726346196
-0.985226365912122 -0.9513969627801 -0.917567559728606 -0.883738156817244 -0.84990875398415 -0.816079351131533 -0.782249948139362 -0.748420544845984 -0.714591140945495 -0.680761736135252 -0.646932330269914 -0.613102923243462 -0.57927351496494 -0.545444105403635 -0.511614694539133 -0.477785282331973 -0.44395586876543 -0.410126453932763 -0.376297037979062 -0.342467621146731 -0.308638203702509 -0.27480878588617 -0.240979367829637 -0.207149949620747 -0.173320531278829 -0.139491112822962 -0.105661694339735 -0.0718322759153125 -0.0380028575666684 -0.00417343929347762
-1.0023030714113 -0.961598534862308 -0.920908477374141 -0.880281195117134 -0.839843151337495 -0.799744689453894 -0.760153506498975 -0.72122450906771 -0.683044088390423 -0.645665514226751 -0.60907808581823 -0.573255109776869 -0.538156961525853 -0.503692291733051 -0.469767876335092 -0.436334717098943 -0.403349487153202 -0.370747319242644 -0.338469217101894 -0.306501208808812 -0.274840578527063 -0.243468713641044 -0.212303414418061 -0.181242892232372 -0.150170590003132 -0.118986635904243 -0.0876726675836991 -0.0562379478720457 -0.0247207308559421 0.00683348156392375
-0.998985981312313 -0.964155813991675 -0.929325646728637 -0.894495479585258 -0.85966531265008 -0.824835146016766 -0.790004979772994 -0.755174814022556 -0.720344648939668 -0.685514484668655 -0.650684321163828 -0.615854158332 -0.58102399606804 -0.546193834219067 -0.511363672626055 -0.476533511153167 -0.441703349669935 -0.406873188044169 -0.372043026161961 -0.337212863984229 -0.302382701490601 -0.267552538676779 -0.232722375602761 -0.197892212356469 -0.163062049073225 -0.128231885882656 -0.0934017228441969 -0.0585715599830557 -0.023741397257718 0.011088765390011
-0.975652019789414 -0.943356408115647 -0.911060796388222 -0.878765184568631 -0.846469572644298 -0.814173960591849 -0.781878348318793 -0.749582735750898 -0.717287122956077 -0.684991510038594 -0.652695897105959 -0.620400284266493 -0.588104671629022 -0.555809059304377 -0.523513447390492 -0.491217835931695 -0.458922224922708 -0.426626614213446 -0.39433100363484 -0.362035393086693 -0.32973978248603 -0.297444171748584 -0.265148560784941 -0.232852949498989 -0.200557337772999 -0.168261725505907 -0.135966112684936 -0.103670499349403 -0.0713748856587152 -0.0390792718023024
-1.02655132275233 -0.990578813595926 -0.954606304572939 -0.918633795850458 -0.882661287666655 -0.846688780252579 -0.810716273739695 -0.774743768191876 -0.738771263502207 -0.702798759536558 -0.666826256222734 -0.630853753504019 -0.594881251339114 -0.55890874974837 -0.522936248763455 -0.486963748399659 -0.450991248682139 -0.41501874969192 -0.379046251512353 -0.343073754180246 -0.307101257720771 -0.271128762166897 -0.235156267582773 -0.199183774025015 -0.163211281488926 -0.12723878991586 -0.0912662990926967 -0.0552938087772901 -0.0193213187658688 0.0166511711357454
-1.00604518488771 -0.970998590835019 -0.935951996805019 -0.900905402790338 -0.865858808634685 -0.830812214160067 -0.795765619250605 -0.760719023822198 -0.725672427855748 -0.690625831359391 -0.655579234385206 -0.620532636996257 -0.585486039250288 -0.550439441183765 -0.515392842853297 -0.48034624441735 -0.44529964601753 -0.410253047626125 -0.375206449166883 -0.34015985053869 -0.30511325163422 -0.270066652367342 -0.235020052736711 -0.199973452759805 -0.1649268524446 -0.12988025181349 -0.0948336509560467 -0.0597870499671022 -0.0247404488953551 0.0103061522220296
-1.01608548291486 -0.980497590229866 -0.944909697553482 -0.909321804934852 -0.873733912534197 -0.83814602051492 -0.802558128942082 -0.766970237828711 -0.731382347078058 -0.695794456594458 -0.660206566396375 -0.624618676530808 -0.589030787027952 -0.553442897850809 -0.517855008942108 -0.482267120230705 -0.446679231628444 -0.411091342993005 -0.375503454177416 -0.33991556507027 -0.304327675569043 -0.26873978560531 -0.233151895247015 -0.197564004600919 -0.161976113792663 -0.12638822294465 -0.0908003321474408 -0.0552124414610937 -0.0196245508554881 0.0159633397220409
-1.005604752316 -0.968822784468985 -0.932040816602914 -0.895258848699951 -0.858476880697519 -0.82169491253091 -0.784912944171622 -0.748130975584262 -0.711349006669661 -0.674567037338804 -0.637785067607081 -0.601003097515978 -0.5642211271023 -0.527439156384129 -0.490657185374389 -0.453875214084109 -0.417093242515146 -0.380311270634565 -0.343529298399461 -0.306747325761847 -0.269965352672468 -0.233183379103923 -0.196401405116242 -0.159619430785905 -0.122837456167757 -0.0860554813196323 -0.0492735063329468 -0.012491531293734 0.0242904437670862 0.061072418832372
-1.09149863676757 -1.03390627692219 -0.975858355473842 -0.917660559415237 -0.860594324647346 -0.805732934564985 -0.752341313630131 -0.700541434032864 -0.655691817808519 -0.622944286387805 -0.601387308937664 -0.588593516559097 -0.580798645804566 -0.568890855032385 -0.544733848137446 -0.509441089355129 -0.465982831482681 -0.415506721224348 -0.359620740765864 -0.303596820311939 -0.25362287707202 -0.214435134923699 -0.184963044417119 -0.162698947406666 -0.145193524291111 -0.129088772914063 -0.107333622354085 -0.0740972467169779 -0.0321228689825421 0.0137027756509226
0.984217281823849 0.951700371480988 0.919183461115299 0.886666550789614 0.854149641006338 0.821632732338402 0.789115825201285 0.756598919918128 0.724082016600202 0.691565115303672 0.659048216076156 0.626531318963133 0.59401442404174 0.561497531515744 0.52898064157149 0.496463754199018 0.463946869336896 0.431429986914102 0.39891310687615 0.366396229244299 0.333879354058742 0.301362481410355 0.268845611592744 0.236328744874036 0.203811881217695 0.171295020387663 0.138778161654448 0.106261304229313 0.0737444475799688 0.0412275912382413
-0.975011898272517 -0.940635950607971 -0.906303143743444 -0.872047327993564 -0.837869270082096 -0.803754385377543 -0.769659767418219 -0.735544541618809 -0.701404282729691 -0.667261560538697 -0.633210475647792 -0.599363011362474 -0.565830073298667 -0.532718256313994 -0.500126955481746 -0.468131077496166 -0.436788604630121 -0.406114309850008 -0.376110695249913 -0.346774388741131 -0.31810054968926 -0.290067505101368 -0.262586252550406 -0.235561470092909 -0.208939887153873 -0.182673409974308 -0.156692600690819 -0.130922502074585 -0.105287423539485 -0.0797114911600708
-0.997693294887413 -0.962474259200705 -0.927241945900277 -0.891976867332553 -0.856652532438949 -0.821251555923131 -0.785799978942788 -0.750341661717689 -0.714948314261892 -0.679692403179291 -0.644621571638806 -0.609777256950618 -0.575200093399849 -0.540927503171382 -0.506992477411554 -0.473413495212723 -0.440202758077304 -0.407361869201894 -0.374882316647698 -0.342725726240183 -0.31084625824588 -0.279196134049501 -0.247719819508493 -0.216360786993165 -0.185066290452546 -0.153793077345054 -0.122532087587943 -0.0912821314732108 -0.060039308332985 -0.0287990397594263
-0.969728442771264 -0.936002619623368 -0.902276796352935 -0.868550972810572 -0.834825148816862 -0.801099324205014 -0.76737349888876 -0.733647672786766 -0.699921845756928 -0.666196017653158 -0.632470188374227 -0.598744357830116 -0.565018525977963 -0.531292692963518 -0.497566858991674 -0.463841024315276 -0.430115189185919 -0.396389353802242 -0.362663518350625 -0.328937683021345 -0.295211848005659 -0.261486013474662 -0.227760179518807 -0.194034346185531 -0.160308513430839 -0.126582681172951 -0.0928568492703838 -0.0591310175830501 -0.0254051860361453 0.00832064542881426
-0.936185702217111 -0.904260973690814 -0.872336245268107 -0.840411517078817 -0.808486789306555 -0.776562062120561 -0.744637335578797 -0.712712609704632 -0.680787884494325 -0.648863159945493 -0.616938436088282 -0.585013712960972 -0.553088990577919 -0.521164268857794 -0.489239547697341 -0.457314827001289 -0.425390106681937 -0.393465386673895 -0.361540666919961 -0.32961594737339 -0.297691227990053 -0.265766508753713 -0.233841789759703 -0.2019170711157 -0.169992352867167 -0.138067635045911 -0.106142917691318 -0.0742182008082618 -0.0422934842559765 -0.0103687678572851
-0.990801912047203 -0.957612150945244 -0.924422389889235 -0.891232628926005 -0.85804286807534 -0.824853107388911 -0.791663347072962 -0.758473587366806 -0.725283828487453 -0.692094070617138 -0.658904313821307 -0.625714558136203 -0.592524803592841 -0.559335050201299 -0.526145297951012 -0.492955546769751 -0.459765796547157 -0.42657604708199 -0.393386298193152 -0.360196549870991 -0.327006802148719 -0.293817055065074 -0.260627308680897 -0.22743756302848 -0.194247818003814 -0.161058073474237 -0.127868329328783 -0.0946785854613962 -0.0614888417639684 -0.0282990981278792
-1.03549898029486 -0.99957220628792 -0.963645432291314 -0.927718658297191 -0.891791884362124 -0.855865110577947 -0.81993833711311 -0.784011564138448 -0.748084791757718 -0.712158020032695 -0.676231248924298 -0.640304478368233 -0.60437770830093 -0.568450938661714 -0.53252416938526 -0.496597400384742 -0.460670631572356 -0.424743862877879 -0.388817094246675 -0.352890325668881 -0.316963557145827 -0.281036788668528 -0.245110020186754 -0.209183251660334 -0.173256483130614 -0.137329714656509 -0.101402946285718 -0.0654761780454686 -0.0295494098923131 0.00637735823486282
-1.00555061692129 -0.970270556980048 -0.934990497006109 -0.899710436912769 -0.864430376593563 -0.82915031595026 -0.793870254937325 -0.758590193524361 -0.723310131688826 -0.688030069396172 -0.652750006555985 -0.617469943063882 -0.582189878844914 -0.546909813941863 -0.511629748451049 -0.476349682565205 -0.44106961650642 -0.405789550517787 -0.370509484807654 -0.335229419424382 -0.299949354376335 -0.264669289679378 -0.229389225379363 -0.194109161512201 -0.158829098044048 -0.123549034913475 -0.0882689720184892 -0.0529889092559106 -0.0177088465583747 0.0175712161325293
-0.993889958764324 -0.959886300389952 -0.925882642008325 -0.891878983617453 -0.857875325259586 -0.82387166698845 -0.789868008859437 -0.755864350908305 -0.721860693090606 -0.687857035343512 -0.653853377610855 -0.619849719838141 -0.585846061978565 -0.551842404016114 -0.517838745931953 -0.483835087665196 -0.449831429185845 -0.415827770629525 -0.381824112150853 -0.347820453814789 -0.313816795663882 -0.279813137746869 -0.245809480137244 -0.211805822906287 -0.177802166091652 -0.143798509704477 -0.109794853683485 -0.0757911979413115 -0.0417875423586886 -0.0077838868083706
-0.988143169080426 -0.954865618700001 -0.92158806822214 -0.888310517499723 -0.85503296640207 -0.82175541485334 -0.788477862980587 -0.755200310958456 -0.721922758949049 -0.68864520709513 -0.655367655474655 -0.62209010414938 -0.58881255320704 -0.555535002839303 -0.522257453262737 -0.488979904689574 -0.455702357282351 -0.42242481100915 -0.389147265779525 -0.355869721463376 -0.322592177920686 -0.289314635028893 -0.256037092735245 -0.222759550991696 -0.18948200969921 -0.156204468769407 -0.122926928207521 -0.0896493880134149 -0.0563718480718395 -0.0230943082387691
-1.01495667059805 -0.979393068451009 -0.943836660018309 -0.908293430682081 -0.872759964830882 -0.837235064792882 -0.801735805648285 -0.766284066734782 -0.730902671667988 -0.695613681582386 -0.660435163410033 -0.625384185532373 -0.590477329832334 -0.555729232198771 -0.521156108796913 -0.486782442891565 -0.452632555611828 -0.418721852444434 -0.385058703756457 -0.351632255078713 -0.318426845732954 -0.28542327263934 -0.252588163111654 -0.219882021896138 -0.187255033075214 -0.154662949120484 -0.122094116724052 -0.0895441215084913 -0.0570049105977221 -0.0244675214910039
-0.999693753619047 -0.951405061618399 -0.90311972595949 -0.855260184569563 -0.809328058000176 -0.766923678341095 -0.728963041210607 -0.695764586008387 -0.665940863731136 -0.637945637211894 -0.611303405032031 -0.58580634971 -0.561253385551638 -0.537470354012328 -0.514043576413699 -0.489574366392827 -0.462798600916751 -0.433975417956917 -0.403577705224338 -0.371410088383889 -0.337110127588916 -0.300374008435135 -0.261132418287764 -0.219364268486756 -0.175006864501498 -0.128072625678993 -0.0789160327472698 -0.0280107891776209 0.0240345719666365 0.0765778102241791
-0.990832099347662 -0.954212665028393 -0.917623222646119 -0.881076699171431 -0.844557197902334 -0.80804994492923 -0.771573481184665 -0.73515048875806 -0.698786899524192 -0.662499495272566 -0.626365207666235 -0.590476005836641 -0.554918026135631 -0.519754073796682 -0.485032729504108 -0.450769006863955 -0.416963968603127 -0.383596441010213 -0.35063774543213 -0.318051419887395 -0.285799056562427 -0.253843633569552 -0.222153672724723 -0.190688347963418 -0.159363897995589 -0.128093401242423 -0.0968202301955689 -0.0655061781688937 -0.0341564276946608 -0.00278700860973355
-0.97720310903272 -0.942910154973844 -0.908617200727067 -0.874324246073105 -0.840031290838244 -0.805738334862283 -0.771445377993498 -0.737152420083022 -0.702859460984941 -0.668566500593888 -0.634273538963737 -0.599980576188174 -0.565687612345679 -0.531394647453921 -0.497101681538887 -0.462808714720678 -0.428515747175817 -0.394222779212417 -0.359929811156758 -0.325636843276195 -0.29134387582335 -0.257050909019721 -0.222757942962294 -0.188464977670678 -0.154172012979488 -0.119879048702979 -0.0855860847589636 -0.0512931210842462 -0.0170001575880217 0.0172928058274171
-0.985830696704324 -0.953861711926308 -0.921849198259595 -0.889740133233573 -0.857482041202552 -0.825032261657786 -0.792386847813377 -0.759540122636343 -0.726440774382504 -0.693030038690362 -0.659264975440324 -0.625106600573275 -0.590532983694729 -0.555590409068715 -0.520339496742903 -0.48482999524103 -0.449103762435874 -0.413181965120313 -0.377079416848021 -0.340806209295736 -0.304371253670962 -0.267787656662885 -0.231085306887416 -0.194300270546896 -0.157476542262646 -0.120649500610857 -0.0838121315681978 -0.0469510918534031 -0.0100701137529932 0.0268228015545656
-0.996191422168966 -0.958817648816673 -0.922034064939037 -0.886011942509829 -0.850363506883368 -0.814746007869007 -0.779555839715709 -0.745286758250281 -0.712082821171323 -0.679973081408635 -0.648876270945044 -0.618683541526635 -0.589302739754932 -0.560708491653221 -0.532878884313931 -0.505739069684302 -0.47900287391228 -0.451591755093834 -0.422331482569223 -0.390457438707856 -0.35530740913643 -0.31633811499462 -0.273482019474014 -0.226911384703741 -0.177281926511168 -0.125436659115525 -0.0724843366052463 -0.0194092309070234 0.0335680545686164 0.0864178335401878
-0.999820475329876 -0.970298927081112 -0.940702328427541 -0.91092231045238 -0.88082496915556 -0.850271101820828 -0.819125845950457 -0.787278987652067 -0.754714567236149 -0.72144211025297 -0.687478829009043 -0.652843857499944 -0.617553840122627 -0.581615462879563 -0.545032709681023 -0.507808714462962 -0.469956699718516 -0.431531092143862 -0.392605849114297 -0.353291846518571 -0.313709189873799 -0.273951122549288 -0.23400343932314 -0.193841728166752 -0.153508198415933 -0.113068550925466 -0.0726158312616234 -0.0322302774759438 0.00808644715045331 0.048352323029054
-0.995083841512039 -1.01938646932289 -0.982281402431948 -0.882622717518549 -0.799966839213941 -0.800108006986031 -0.813089371697474 -0.763836021539108 -0.692551882619789 -0.653673817856502 -0.643291599480743 -0.642908227052635 -0.631688037845775 -0.579440719987649 -0.476742895525564 -0.4065935713322 -0.43820642177934 -0.493231406409779 -0.480799530616623 -0.40752969802319 -0.30441278681035 -0.205691050125765 -0.15861224098426 -0.190602063463268 -0.236792526023468 -0.227927546600524 -0.169492376646771 -0.0857827586109954 -0.00159506541111918 0.0581491724176521
-1.11549503882602 -1.02062015649723 -0.927510437166527 -0.846540109005327 -0.784430710654893 -0.743924886517162 -0.715502393566969 -0.68950615026776 -0.667994608464524 -0.654303955716795 -0.645165789060759 -0.635660557901761 -0.619981809259944 -0.588775480614624 -0.535807821159798 -0.470873936488984 -0.407601073865902 -0.358916190835543 -0.333518277781006 -0.323894746156546 -0.318480112684209 -0.306744638298715 -0.282301560785486 -0.243571906085164 -0.204064875908582 -0.175644800053996 -0.14850834489916 -0.110703851734221 -0.0633540249193922 -0.0108501595823993
-1.02469907678818 -0.989366470547547 -0.954033864340584 -0.918701258188757 -0.883368652036029 -0.848036045798055 -0.81270343935477 -0.777370832591883 -0.742038225453928 -0.706705617913849 -0.671373009999403 -0.636040401752049 -0.600707793234596 -0.565375184595242 -0.530042576005915 -0.494709967648056 -0.459377359701101 -0.424044752326942 -0.388712145690578 -0.353379539987001 -0.318046935418697 -0.282714332138295 -0.247381730098993 -0.212049129182089 -0.176716529180728 -0.141383929878669 -0.106051331110302 -0.070718732724959 -0.0353861345811054 -5.35365394908495e-05
-1.02843847960852 -0.993029310325988 -0.957620141078026 -0.922210971857593 -0.886801802540579 -0.851392632987181 -0.815983463111895 -0.780574292826972 -0.745165121981388 -0.709755950441569 -0.674346778207025 -0.638937605310536 -0.603528431822148 -0.568119257960978 -0.532710083966287 -0.49730091000885 -0.461891736227271 -0.42648256269995 -0.391073389485231 -0.355664216621431 -0.320255044141865 -0.28484587207489 -0.249436700429044 -0.214027529204593 -0.178618358388523 -0.143209187954403 -0.107800017835419 -0.072390847953867 -0.0369816782288691 -0.00157250857875247
-1.02712832811729 -0.989700366448679 -0.952272404783587 -0.914844443093087 -0.877416481234022 -0.839988519031421 -0.802560556297257 -0.765132592873448 -0.727704628734759 -0.690276663901871 -0.652848698446293 -0.615420732452238 -0.577992766027245 -0.540564799372163 -0.503136832720033 -0.465708866339379 -0.428280900480048 -0.390852935281717 -0.35342497085017 -0.315997007265809 -0.278569044602689 -0.241141082920358 -0.203713122220339 -0.166285162478434 -0.128857203625567 -0.0914292455532555 -0.0540012880402389 -0.0165733308616649 0.0208546261089209 0.0582825829733737
-0.959417550093704 -0.928426585516444 -0.897435620956584 -0.866444656446955 -0.835453692047794 -0.804462727779461 -0.77347176347542 -0.742480798947942 -0.711489834111416 -0.680498868918265 -0.649507903370929 -0.618516937484349 -0.587525971286668 -0.556535004858838 -0.525544038300273 -0.494553071731434 -0.463562105283641 -0.432571139110612 -0.40158017336099 -0.370589208140723 -0.339598243545087 -0.308607279644092 -0.277616316406676 -0.246625353785607 -0.215634391770038 -0.18464343032515 -0.153652469283866 -0.122661508463628 -0.0916705477521952 -0.0606795870549131
-1.0152801117739 -0.978557376221055 -0.941832190072531 -0.905102086400996 -0.86836509723568 -0.831620779990623 -0.794874294662546 -0.758132607935675 -0.721404310661589 -0.684698819021502 -0.648027226347818 -0.61140104526074 -0.574831100272108 -0.538325463460327 -0.501890112712546 -0.465525401584352 -0.429229599287036 -0.39299826198626 -0.356826415512005 -0.320709677397143 -0.284643813100271 -0.248625437021038 -0.212654559323317 -0.176731866704058 -0.140857356228306 -0.105028108592105 -0.0692302286474144 -0.0334487590841952 0.00232453021149361 0.0380961875545688
-0.965383824158115 -0.933014740292128 -0.90064565627922 -0.868276571996801 -0.835907487442888 -0.80353840262385 -0.771169317458851 -0.738800231850601 -0.706431145723205 -0.674062059006781 -0.641692971634119 -0.609323883538673 -0.576954794668315 -0.544585705028582 -0.51221661462978 -0.47984752344362 -0.447478431429027 -0.415109338532368 -0.382740244723659 -0.350371150080081 -0.31800205470561 -0.285632958702004 -0.253263862162168 -0.220894765184192 -0.188525667895758 -0.156156570403723 -0.123787472702044 -0.0914183747689365 -0.0590492766325652 -0.0266801783335794
-1.0116403323945 -0.976579320112163 -0.941518307732148 -0.906457295170121 -0.871396282390459 -0.836335269378107 -0.801274256151551 -0.766213242724465 -0.731152229057721 -0.696091215112911 -0.661030200907303 -0.625969186472084 -0.590908171823013 -0.555847156914119 -0.520786141695629 -0.485725126164274 -0.450664110296813 -0.415603093943608 -0.380542076956978 -0.345481059323466 -0.31042004106317 -0.275359022226195 -0.240298002982673 -0.205236983512264 -0.170175963912726 -0.135114944265393 -0.100053924667809 -0.064992905196863 -0.0299318858306236 0.0051291334775475
-0.970660759354647 -0.937136774060265 -0.903612788820263 -0.87008880370631 -0.83656481878523 -0.803040834120691 -0.769516849768566 -0.735992865776909 -0.702468882170269 -0.668944898977868 -0.635420916271114 -0.601896934131963 -0.568372952636817 -0.534848971839863 -0.501324991758477 -0.467801012284997 -0.434277033267787 -0.400753054504341 -0.367229075811848 -0.333705097137144 -0.300181118459473 -0.26665713976472 -0.233133161065317 -0.199609182391093 -0.166085203814905 -0.132561225388967 -0.0990372470399026 -0.0655132686802543 -0.0319892902918321 0.00153468812623653
-1.07786063821741 -0.994960146480048 -0.918939894185255 -0.857379906316091 -0.815461586326011 -0.792497485974801 -0.766723371777182 -0.718573920000292 -0.658356231166005 -0.601971708079272 -0.557826538422614 -0.532453106097943 -0.528309589725632 -0.531557346799896 -0.525619130240096 -0.499260095792333 -0.447688789223939 -0.386544913560415 -0.333669586840982 -0.295278429901557 -0.27468068927723 -0.272020120350431 -0.274778513892942 -0.268176521276599 -0.241052200884098 -0.188501064427803 -0.127031029927901 -0.0733494359664366 -0.0235488970650602 0.0314316532696772
1.02262365808153 0.986454072846462 0.950284487669125 0.914114902573789 0.877945317553676 0.841775732602811 0.805606147749491 0.769436563042767 0.733266978580432 0.697097394446482 0.660927810620988 0.624758227058042 0.588588643706977 0.552419060498105 0.516249477340449 0.480079894076923 0.443910310546689 0.407740726640041 0.37157114228252 0.335401557489552 0.299231972299029 0.263062386758079 0.226892800950771 0.190723214961062 0.154553628835529 0.118384042610481 0.0822144563185494 0.0460448699845219 0.00987528360548832 -0.0262943028283854
-0.968869810215529 -0.941733112456837 -0.91740360379884 -0.885431176112355 -0.858568916687874 -0.850042152226519 -0.851761971652229 -0.848549575332324 -0.818180847184791 -0.746380382142606 -0.657712935648003 -0.586453303270532 -0.559347776442493 -0.573028630047197 -0.605331551119994 -0.5890198918534 -0.477428852886841 -0.351253363490218 -0.296804253063497 -0.295496222896422 -0.30251994225118 -0.284756827646194 -0.255851284624823 -0.234818760162702 -0.215395877939635 -0.187255391484478 -0.149093397018132 -0.103842910765474 -0.0623612862752409 -0.0374869614271379
-0.87059518345888 -0.928193421885858 -0.95316416854067 -0.934755822794398 -0.888384534333147 -0.835181746588478 -0.792972327658762 -0.772601613576553 -0.760303387444347 -0.738729961884804 -0.700819320531323 -0.642080864769983 -0.563238260476479 -0.485872231484949 -0.430400429193733 -0.391731157299524 -0.361070442968256 -0.340324554944479 -0.331631292404408 -0.327354334672293 -0.317413831109395 -0.294856273274062 -0.265233521512992 -0.236088947790428 -0.210426601752445 -0.18719660963922 -0.153672726385517 -0.100058197402225 -0.0399506013101632 0.00720389996737089
-1.01827219396973 -0.984230584880566 -0.950188975686989 -0.916147366297933 -0.882105756650291 -0.848064146685046 -0.81402253633158 -0.779980925466127 -0.745939313763916 -0.7118977009196 -0.67785608690653 -0.643814471767731 -0.609772855553715 -0.575731238344942 -0.541689620215633 -0.507648001185117 -0.473606381230611 -0.439564760215773 -0.405523137995014 -0.371481514499315 -0.337439889678798 -0.303398263526834 -0.26935663620978 -0.235315007955084 -0.201273379061552 -0.167231749805771 -0.133190120304066 -0.0991484906322681 -0.0651068608644642 -0.0310652310743081
-0.953144992002865 -0.922659454353345 -0.892126837232163 -0.861509824657002 -0.830781737440296 -0.799917754753163 -0.768889852406695 -0.737668465422687 -0.706221069025747 -0.674511065349064 -0.642488523957312 -0.610100181273037 -0.577307051938988 -0.544127263478726 -0.510602654832045 -0.476812797722862 -0.442833046760119 -0.40868415530872 -0.374373842125216 -0.339912288776759 -0.305310292533155 -0.27057794188428 -0.2357224902003 -0.200751404021328 -0.165675837686981 -0.130513540626903 -0.0953049548313689 -0.0600888114258211 -0.0248743055157634 0.010336751798286
-0.895089051491935 -0.900140639706941 -0.900891013311722 -0.892669783902686 -0.868698979874997 -0.824871744128365 -0.769873260781933 -0.714433424390907 -0.664668930035322 -0.623950232616037 -0.589276025792378 -0.556052062913291 -0.521477743946768 -0.489927055336991 -0.4664294162528 -0.45146139028547 -0.443220892133647 -0.435344096503022 -0.421247728828138 -0.398032457451904 -0.363719936444322 -0.317605710708914 -0.264080888483281 -0.208321645289333 -0.153548862452137 -0.103344130093876 -0.064687167722051 -0.0430734631451999 -0.0346634479906905 -0.0332837898405982
-1.10787054708328 -1.05972329820744 -1.01051254106107 -0.9587144933189 -0.90470408740365 -0.849314643504205 -0.793314318126193 -0.738019827231433 -0.687007288289789 -0.643798139363278 -0.609435699374509 -0.584343757461233 -0.567860397050941 -0.554980878730074 -0.540623853996993 -0.523744360838804 -0.503618927161847 -0.476773654060649 -0.44023578729968 -0.395787578134984 -0.346400029195499 -0.294752162615771 -0.242355078552773 -0.19037368683555 -0.139756057959012 -0.0911401593535811 -0.0441403855258772 0.00179001852020958 0.0468188328679042 0.0910190938722102
-1.08317955951642 -0.987259521197034 -0.899150029058275 -0.826921576541972 -0.770977084683672 -0.73043637274879 -0.706954425328524 -0.699369419956525 -0.692717140610488 -0.672762432724401 -0.641988781113388 -0.607059330437853 -0.573462477207147 -0.541987625326385 -0.511910177171447 -0.481148521605497 -0.44716759812132 -0.406975562242903 -0.358911910992801 -0.307098291356627 -0.257101887810762 -0.214159001313075 -0.182182398747388 -0.16251483559825 -0.147542555827153 -0.127831219692134 -0.0956206641604481 -0.0459237269727205 0.0168289277461733 0.085852179275295
-1.03748501943388 -0.997282307027363 -0.957030246701589 -0.916760088649067 -0.876666363323123 -0.836968653025242 -0.797823467188715 -0.759336105048083 -0.721470097911078 -0.684164204417687 -0.647399860463747 -0.611169171259052 -0.57547555065296 -0.540367647053079 -0.505901832338662 -0.47212013771731 -0.439058451773925 -0.406742433274263 -0.375185681639907 -0.34436378873488 -0.314242844533819 -0.284807672585824 -0.256118030737855 -0.228225039544654 -0.201070336094235 -0.174572175568572 -0.14866476899221 -0.123265738097161 -0.0982103916027533 -0.0733134599751414
1.01270162907132 0.977681624467479 0.94266161986316 0.907641615233611 0.872621610580788 0.837601605897533 0.802581601113523 0.767561596140074 0.732541590878218 0.697521585225836 0.662501579078489 0.62748157233116 0.592461564888647 0.557441556695023 0.522421547717847 0.487401537979358 0.452381527521016 0.417361516406489 0.382341504723184 0.347321492631271 0.312301480309106 0.277281467908193 0.242261455472616 0.207241443004734 0.172221430447431 0.13720141773162 0.102181404799818 0.0671613916171882 0.0321413782278585 -0.00287863530429914
0.93766719835143 0.906167552677681 0.874667907170377 0.843168261991 0.811668617253568 0.780168973048941 0.748669329422821 0.717169686385225 0.685670043848584 0.654170401688257 0.622670759728924 0.59117111778259 0.55967147567794 0.528171833310365 0.49667219061077 0.465172547585419 0.433672904263535 0.402173260690826 0.370673616914969 0.339173972975033 0.30767432890793 0.276174684739062 0.244675040447762 0.213175396012042 0.181675751450663 0.150176106790294 0.118676462048471 0.0871768172394597 0.0556771723735531 0.0241775274600541
0.962319731078942 0.929719132103401 0.897118533184374 0.864517934367259 0.831917335730368 0.799316737368095 0.766716139406243 0.734115541947625 0.701514944971699 0.668914348434274 0.636313752319937 0.603713156620469 0.571112561329171 0.538511966445419 0.505911371957678 0.473310777804679 0.440710183908133 0.408109590171413 0.375508996513216 0.342908402931894 0.310307809445711 0.277707216083168 0.245106622913725 0.212506030008476 0.179905437404107 0.147304845128532 0.114704253208995 0.0821036616473387 0.049503070344483 0.0169024791761171
0.974371333789598 0.940653601624061 0.906935869408024 0.873218137108706 0.839500404686461 0.805782672086609 0.772064939201203 0.738347205906122 0.704629472065828 0.670911737585395 0.637194002543741 0.60347626706325 0.56975853125434 0.536040795179577 0.502323058873171 0.468605322303747 0.434887585425411 0.401169848199748 0.367452110587256 0.333734372536583 0.300016633993415 0.266298894923283 0.232581155371081 0.198863415411663 0.16514567516034 0.131427934743572 0.0977101942919539 0.0639924539131961 0.0302747136193384 -0.00344302660149724
-0.991662525218406 -0.956996957367648 -0.922331894632151 -0.887668063623781 -0.853007364670173 -0.818352046120844 -0.783704574697066 -0.749067283368981 -0.714441751730465 -0.679829193813046 -0.645230114775132 -0.610644842556854 -0.576073444124243 -0.541514942546938 -0.506968030321236 -0.472431121546442 -0.43790246615428 -0.403379935803109 -0.368861764656188 -0.334348015169731 -0.299839206873187 -0.26533593031597 -0.230839060127348 -0.196349193897888 -0.161865536983523 -0.127386817089834 -0.0929112435556425 -0.0584371321812197 -0.0239637429793755 0.0105094279839444
-0.993924101660537 -0.959892409237767 -0.927786254383934 -0.898532590622263 -0.872068368930536 -0.847515699195366 -0.821727329484122 -0.791206706604065 -0.753329434141278 -0.70683086689711 -0.655013207755167 -0.602320371619621 -0.55232131273209 -0.505085142683981 -0.460038210935904 -0.417535661075472 -0.378030525882206 -0.341438600776249 -0.307644211329056 -0.276943041076698 -0.249733613046401 -0.226394364110409 -0.207223386521033 -0.191338086499358 -0.173213470761497 -0.147262418043007 -0.112291694662193 -0.0688351230591777 -0.0199408625785934 0.030714343208799
-0.992036146255665 -0.961651235443401 -0.931231341594609 -0.90076414283193 -0.87022448857812 -0.839572969184239 -0.808725967414471 -0.777599874231926 -0.746155320982302 -0.714353039656679 -0.682109924445076 -0.649331910087243 -0.615933727673739 -0.581865293698354 -0.547085258119761 -0.511552019352928 -0.47523948944674 -0.438183886529465 -0.400457231429869 -0.362212449699349 -0.323622693069958 -0.284844584554086 -0.24596863228547 -0.207064115311793 -0.168181511215174 -0.129352793234005 -0.0905547186973464 -0.0517518802139052 -0.0129154274203174 0.0259818507897993
0.973333426271242 0.941323470377469 0.909313514589625 0.877303558969559 0.845293603629679 0.813283648677393 0.781273694149538 0.749263740052041 0.717253786337745 0.685243832939665 0.653233879764554 0.621223926712605 0.589213973689186 0.557204020620364 0.525194067453105 0.493184114197276 0.461174160882237 0.429164207552408 0.397154254265102 0.365144301114118 0.333134348202373 0.301124395615539 0.26911444337028 0.237104491462945 0.205094539877623 0.173084588585656 0.141074637519655 0.109064686610248 0.0770547358188409 0.0450447851145369
