-0.987911179245144 -0.95306475687824 -0.918218334581066 -0.883371912413098 -0.84852549041137 -0.813679068604442 -0.778832647009427 -0.74398622562118 -0.709139804356967 -0.674293383123388 -0.639446961861981 -0.604600540523017 -0.569754119050679 -0.534907697364802 -0.500061275363448 -0.465214852881941 -0.430368429757868 -0.395522005900594 -0.360675581239905 -0.325829155715466 -0.290982729269415 -0.256136301868641 -0.221289873579039 -0.186443444483742 -0.151597014635829 -0.116750584085432 -0.0819041529009508 -0.0470577211739456 -0.0122112890703512 0.0226351432253044
-0.993531770701762 -0.959713780368295 -0.925895790151278 -0.892077800173926 -0.858259810575725 -0.824441821486308 -0.790623832979617 -0.756805845117758 -0.722987857971201 -0.689169871599321 -0.655351886008771 -0.621533901193023 -0.587715917128497 -0.553897933723405 -0.52007995087482 -0.486261968503462 -0.452443986542309 -0.418626004949727 -0.384808023696278 -0.350990042775908 -0.317172062188414 -0.283354081914305 -0.249536101856942 -0.215718121901681 -0.18190014193901 -0.148082161866751 -0.114264181606948 -0.0804462011137996 -0.0466282204459013 -0.0128102396879456
-0.997451152875739 -0.962844318225788 -0.92823748356019 -0.893630648908527 -0.859023814463538 -0.824416980437815 -0.789810146960225 -0.755203314139873 -0.72059648209054 -0.685989650931009 -0.651382820795381 -0.616775991821588 -0.582169164110002 -0.547562337610747 -0.512955512242458 -0.478348687948045 -0.443741864647449 -0.40913504214446 -0.374528220256422 -0.339921398971042 -0.305314578318616 -0.2707077583235 -0.236100938986293 -0.201494120286345 -0.166887302141787 -0.132280484453024 -0.0976736671107625 -0.0630668500060236 -0.02846003304076 0.00614678388034139
-0.973089359616756 -0.941031661553117 -0.909078024567544 -0.877334985821132 -0.845861412513773 -0.814689492334132 -0.783792364887163 -0.753102751069302 -0.722450745026635 -0.691654516816018 -0.660587166887751 -0.629135528290496 -0.597195154989865 -0.564696484619269 -0.531579793360052 -0.4977898279175 -0.463294807794283 -0.428152373158681 -0.392428317573375 -0.356131627513019 -0.319257087680264 -0.281805877921805 -0.24380475866051 -0.205288778758133 -0.166300560255779 -0.126895092145974 -0.0871692580475639 -0.0472230333666761 -0.00712686603221996 0.0330561778961986
-0.989947503890457 -0.956297705747847 -0.922647907778616 -0.888998110181384 -0.855348313120732 -0.821698516753331 -0.788048721238248 -0.754398926714119 -0.720749133235477 -0.687099340843046 -0.653449549606424 -0.619799759602433 -0.586149970902271 -0.552500183554662 -0.518850397568456 -0.485200612815472 -0.45155082914164 -0.417901046426356 -0.384251264540894 -0.350601483290581 -0.316951702464258 -0.283301921845873 -0.249652141199796 -0.216002360332278 -0.182352579236664 -0.148702797987281 -0.11505301679531 -0.081403235853187 -0.0477534551415251 -0.0141036745879802
-1.01879423872178 -0.98438082224755 -0.949967405686155 -0.915553988988525 -0.881140572255921 -0.846727155639152 -0.812313739336883 -0.777900323516762 -0.743486908174514 -0.709073493272449 -0.674660078811133 -0.640246664800695 -0.605833251231884 -0.571419838017929 -0.537006425061119 -0.50259301229752 -0.468179599681102 -0.433766187203663 -0.399352774838617 -0.364939362447998 -0.330525949865993 -0.296112536921836 -0.261699123424929 -0.22728570922787 -0.192872294375862 -0.158458878965037 -0.12404546310262 -0.0896320469002852 -0.0552186304763741 -0.0208052139508985
-0.988467127393859 -0.953570682225276 -0.918674237169072 -0.88377779230579 -0.848881347674835 -0.813984903308737 -0.77908845925365 -0.744192015570689 -0.709295572367164 -0.67439912973451 -0.639502687654467 -0.604606246081349 -0.569709804982491 -0.534813364377319 -0.499916924258412 -0.465020484458877 -0.430124044784523 -0.395227605091445 -0.360331165260327 -0.325434725219927 -0.290538284911019 -0.255641844288166 -0.22074540336108 -0.18584896216426 -0.150952520776204 -0.116056079269246 -0.0811596376470803 -0.0462631959045043 -0.0113667540693761 0.0235296878221815
-1.02776287646286 -0.990825071934159 -0.953887267701258 -0.91694946411063 -0.880011661475367 -0.843073860027514 -0.806136059708308 -0.769198260420197 -0.732260462201281 -0.69532266516344 -0.658384869578048 -0.621447075756345 -0.584509283988621 -0.547571494481351 -0.510633707454884 -0.473695923268885 -0.43675814223287 -0.399820364316458 -0.362882589391233 -0.325944817276544 -0.289007047778678 -0.252069280630342 -0.215131515269897 -0.178193751096035 -0.141255987643111 -0.104318224533412 -0.0673804616052927 -0.0304426987583824 0.0064950640786556 0.0434328269698998
-1.03566338703629 -0.996060085045054 -0.956416088184525 -0.916683905113789 -0.876806426892311 -0.83673562521169 -0.796469411891674 -0.756034997946895 -0.715530851043392 -0.675077782141183 -0.634814718724807 -0.594885117409937 -0.555407886689356 -0.516403742564314 -0.477881960201891 -0.439904243924035 -0.402540386176171 -0.365840102742748 -0.32985216546721 -0.294641647089933 -0.260277695575526 -0.226793909680675 -0.194081691330375 -0.161991013851027 -0.130348333006347 -0.0989671460499709 -0.0676326337578888 -0.0361664154521383 -0.00456418111659015 0.0271348615994265
1.02375438979812 0.983755417725607 0.943723235582558 0.903664822754926 0.863626234689385 0.823665623814221 0.783850454423418 0.744255511339136 0.704975549630554 0.666104741441055 0.627714956963825 0.589872490904502 0.552609188869267 0.515819100066484 0.479385872609648 0.443289346630605 0.407540875439313 0.372181673039828 0.337256603514151 0.302795270561982 0.268823462787443 0.235361133719053 0.202404896582931 0.169935646362425 0.137894745372195 0.106205282751665 0.074756787607978 0.0434426504876614 0.0122052677270612 -0.0190007128900226
-0.979171474442651 -0.945678265728087 -0.912185057168133 -0.878691848918159 -0.845198640986926 -0.81170543334986 -0.778212225995657 -0.744719018930918 -0.711225812220609 -0.677732605928972 -0.64423940005901 -0.610746194598415 -0.577252989560734 -0.543759785062934 -0.51026658125207 -0.476773378292115 -0.443280176360369 -0.4097869756705 -0.37629377643246 -0.342800578804953 -0.309307382933874 -0.27581418890959 -0.242320996600353 -0.208827805822773 -0.175334616409009 -0.141841428189473 -0.108348240972045 -0.0748550545400946 -0.0413618686014757 -0.00786868284516327
-0.987227548792075 -0.952830665648051 -0.918433782469593 -0.884036899259603 -0.849640015940536 -0.815243132411926 -0.780846248562093 -0.746449364284779 -0.712052479506633 -0.677655594177909 -0.643258708310397 -0.608861821931269 -0.574464935038826 -0.540068047515889 -0.505671159236228 -0.471274270152893 -0.436877380254496 -0.402480489592623 -0.368083598243357 -0.3336867063178 -0.299289813935807 -0.264892921208865 -0.230496028214989 -0.19609913500965 -0.161702241591624 -0.127305347951381 -0.0929084541028505 -0.0585115600731833 -0.0241146659189382 0.010282228295973
-1.02806435678999 -0.992747916768906 -0.957431476733735 -0.922115036682281 -0.886798596627842 -0.851482156604838 -0.816165716716686 -0.780849277054162 -0.745532837588453 -0.710216398265097 -0.674899959046605 -0.639583519899731 -0.604267080806662 -0.568950641811311 -0.533634202960179 -0.498317764248399 -0.463001325641424 -0.42768488703736 -0.392368448312785 -0.357052009325515 -0.321735569928679 -0.286419129980567 -0.25110268936014 -0.215786247988318 -0.180469805933219 -0.145153363303128 -0.109836920219802 -0.0745204768065615 -0.0392040331795035 -0.00388758945291858
-0.919511315413028 -0.895067272758793 -0.870644355384621 -0.846255482149226 -0.821835037027731 -0.797263520522579 -0.772284434129068 -0.746633490606786 -0.720152246779623 -0.692741940183829 -0.664436687140773 -0.635303823668101 -0.605414669064358 -0.574856475751662 -0.543717089074218 -0.512070792941011 -0.479961228392863 -0.447323026433181 -0.41407227614205 -0.380159908943686 -0.345545566848339 -0.310193989168512 -0.274090304425723 -0.237236854875823 -0.199684448502965 -0.161512910726797 -0.122869670980646 -0.0839135899607516 -0.0447816494013312 -0.00560536129609691
1.03283279619459 0.997636523688777 0.962440251166452 0.927243978618227 0.892047706046808 0.856851433456934 0.821655160849369 0.786458888222284 0.751262615567477 0.71606634286013 0.680870070015356 0.645673796933249 0.610477523525481 0.575281249750033 0.540084975584622 0.504888701039606 0.469692426140783 0.434496150943068 0.399299875504018 0.364103599862643 0.328907324053314 0.293711048088715 0.258514771894783 0.223318495401227 0.188122218639601 0.152925941665497 0.117729664528803 0.0825333872762532 0.0473371099476688 0.0121408325811411
-0.98490694275332 -0.950615770930909 -0.916324599071731 -0.882033427129457 -0.847742255039177 -0.813451082746489 -0.779159910257617 -0.744868737591956 -0.710577564760967 -0.676286391797328 -0.641995218826512 -0.607704045997191 -0.573412873458977 -0.53912170136524 -0.504830529872872 -0.470539359149092 -0.436248189353861 -0.401957020607781 -0.36766585298675 -0.333374686427227 -0.29908352083081 -0.264792356096629 -0.230501192113948 -0.196210028768584 -0.161918865942451 -0.127627703512285 -0.0933365413380299 -0.0590453792957038 -0.0247542173424141 0.00953694454445953
-1.01385820602796 -0.976590168738301 -0.939322131296114 -0.902054093542072 -0.864786055333647 -0.827518016558535 -0.790249977208519 -0.752981937312339 -0.715713896942494 -0.678445856161903 -0.641177814951397 -0.603909773271284 -0.566641731118529 -0.529373688636716 -0.492105646001523 -0.454837603370395 -0.417569560874648 -0.380301518559322 -0.343033476465917 -0.305765434708071 -0.268497393417455 -0.231229352703143 -0.193961312583829 -0.156693273055156 -0.119425234110944 -0.0821571957330712 -0.0448891578574741 -0.0076211203995963 0.0296469167611491 0.0669149537543566
-0.992464073896756 -0.957080687955197 -0.921707360815003 -0.886358266174651 -0.851038408111523 -0.815749661933239 -0.78049055748946 -0.745261355708208 -0.710072587288883 -0.67493628988216 -0.639860259172403 -0.604851230352402 -0.569917423540676 -0.535072998558671 -0.500332296305136 -0.465704442285108 -0.431196574522285 -0.396813096508722 -0.362555886645244 -0.328419457499386 -0.294396480180365 -0.26047685491553 -0.226639398404769 -0.192861672303592 -0.159127301617442 -0.125422526298482 -0.0917379827358213 -0.0580661428664898 -0.0244024243822598 0.00925701858641094
-1.03634676112901 -0.99855425009204 -0.960761739159017 -0.922969228401075 -0.885176717828045 -0.847384207438942 -0.80959169725084 -0.771799187280538 -0.734006677525674 -0.696214167962098 -0.658421658497657 -0.620629149023198 -0.582836639420025 -0.545044129531276 -0.507251619202977 -0.469459108330883 -0.431666596830262 -0.393874084644708 -0.356081571758472 -0.318289058290105 -0.280496544391733 -0.242704030198897 -0.204911515780802 -0.167119001187025 -0.129326486454987 -0.0915339716159689 -0.0537414566888606 -0.0159489416869084 0.0218435733868243 0.0596360885318198
-1.08562748359688 -1.04191662187896 -0.994911141096152 -0.943221426198677 -0.890532669918184 -0.84051392307507 -0.791694861063296 -0.742289605001789 -0.694389434335794 -0.650737134898608 -0.612804359749419 -0.581744978753887 -0.558111533302945 -0.540051250888616 -0.524326416405855 -0.504564858260234 -0.474808518958665 -0.433890253902775 -0.382840114704533 -0.326686024922565 -0.27145537610216 -0.223050233574545 -0.186871357814686 -0.166231794351177 -0.156595033783362 -0.151285610488457 -0.142921788884426 -0.125757794327707 -0.101297965887902 -0.0728591710629023
-1.02931440828036 -0.99383087067763 -0.958347334502632 -0.922863801457988 -0.887380273733559 -0.851896753623483 -0.816413243351759 -0.780929745004001 -0.745446260182418 -0.709962790021892 -0.674479334271417 -0.638995892333512 -0.603512463522475 -0.568029046799708 -0.532545640803904 -0.49706224323581 -0.46157885154446 -0.426095463109981 -0.390612075739245 -0.355128689015003 -0.319645302963978 -0.284161917478964 -0.248678531917051 -0.213195145631129 -0.177711758493006 -0.142228370552461 -0.106744982052221 -0.071261593273008 -0.0357782044545417 -0.000294815826293679
-0.990309152631541 -0.954854005353391 -0.919398857964875 -0.883943710314876 -0.84848856176429 -0.813033411446452 -0.777578258072441 -0.74212310036711 -0.706667937532658 -0.671212768975692 -0.63575759444312 -0.600302413766925 -0.564847226915164 -0.529392034400204 -0.493936836809629 -0.458481634487592 -0.423026427751065 -0.387571217051721 -0.352116002960291 -0.316660786389049 -0.281205568335649 -0.245750349776393 -0.210295131602154 -0.174839914492614 -0.139384698368119 -0.103929482933019 -0.0684742677870184 -0.0330190525816746 0.0024361627194094 0.0378913780746184
-0.924502838402393 -0.929829257378696 -0.933137094010203 -0.934709525590107 -0.928440945539157 -0.907818851569113 -0.87109194242825 -0.819576462563295 -0.762097638178279 -0.707575848802116 -0.657803105505949 -0.612789327246479 -0.572582918622014 -0.537386226797299 -0.506591879454622 -0.476199683780008 -0.441619466664243 -0.399293954313407 -0.347438469561184 -0.290325822436355 -0.233743194766478 -0.182846149120225 -0.140263771030717 -0.107116273272378 -0.081014854620384 -0.0599396473793217 -0.0468555319706777 -0.0445640684432651 -0.0502287872383031 -0.0596037113951125
-1.00151755079488 -0.967276577786412 -0.933035604809575 -0.898794631905755 -0.864553659161128 -0.830312686662702 -0.79607171445602 -0.761830742573761 -0.727589771038593 -0.693348799875837 -0.659107829131427 -0.624866858856451 -0.590625889086231 -0.556384919793032 -0.5221439509432 -0.487902982542468 -0.453662014601552 -0.419421047111715 -0.385180080056459 -0.350939113407696 -0.316698147134441 -0.282457181225234 -0.248216215746723 -0.213975250749978 -0.179734286145642 -0.145493321827619 -0.111252357763275 -0.0770113939267668 -0.0427704302459379 -0.00852946663705444
-0.983167638029679 -0.949110904933189 -0.915054171768321 -0.880997438441645 -0.846940704812556 -0.812883970744549 -0.778827236164694 -0.744770501009448 -0.71071376518925 -0.676657028641113 -0.64260029143438 -0.608543553671471 -0.574486815471199 -0.540430077017943 -0.506373338481161 -0.472316599905058 -0.438259861301043 -0.404203122674571 -0.370146384042434 -0.336089645472729 -0.302032907046373 -0.267976168855045 -0.23391943103344 -0.199862693715976 -0.165805956992918 -0.131749220915752 -0.097692485425013 -0.06363575041878 -0.0295790157362633 0.00447771879804388
-1.05904887587625 -1.02225631508936 -0.985463754292254 -0.948671193431441 -0.911878632421445 -0.875086071176743 -0.838293509643608 -0.801500947764557 -0.764708385435299 -0.727915822565992 -0.69112325917141 -0.65433069529248 -0.617538130976502 -0.58074556629627 -0.543953001316773 -0.507160436046307 -0.470367870514513 -0.433575304893131 -0.396782739376781 -0.359990174109525 -0.323197609222781 -0.286405044816109 -0.249612480861628 -0.212819917296825 -0.176027354048091 -0.139234791038062 -0.102442228185443 -0.065649665417464 -0.028857102699375 0.00793545999406938
-1.11609317473335 -1.05769225504662 -1.00116811526796 -0.947307665070789 -0.895259809006413 -0.844419656224664 -0.796805139391491 -0.754729989850002 -0.719068310135841 -0.690070348498634 -0.666930564851412 -0.648579472023058 -0.633326351765583 -0.616995561523507 -0.594849440537217 -0.562387179538058 -0.517158223910912 -0.464676186163843 -0.411289469780367 -0.358721475022616 -0.307539351347378 -0.258635169217432 -0.21420068311952 -0.176075959322356 -0.143394627198567 -0.114854860310253 -0.0901194458734854 -0.068820187028126 -0.049500336955204 -0.0304310113460415
-0.965203750499048 -0.932278572248445 -0.899353394000012 -0.86642821577421 -0.833503037580334 -0.800577859416283 -0.767652681245542 -0.734727503057045 -0.701802324975943 -0.668877147144731 -0.63595196963907 -0.603026792517913 -0.570101615826748 -0.537176439557207 -0.504251263686505 -0.471326088188056 -0.438400913022828 -0.405475738105814 -0.372550563367911 -0.339625388849622 -0.30670021461885 -0.273775040731413 -0.240849867194785 -0.207924693993932 -0.174999521072129 -0.14207434835545 -0.109149175742849 -0.0762240031428152 -0.0432988305290759 -0.0103736578916708
-0.914359042533038 -0.885400869311402 -0.870485981246144 -0.859470611776822 -0.849380320995665 -0.8360852293032 -0.803664371680492 -0.743936164042138 -0.691467631456333 -0.678153543512703 -0.682451038732988 -0.669457847871959 -0.613417872355373 -0.525159696292941 -0.428995837162031 -0.366589863226708 -0.367102926804917 -0.39233546564346 -0.396525699915653 -0.371023694072038 -0.316457473632464 -0.24187323068656 -0.189989823603085 -0.192616343990759 -0.204250150139027 -0.174104319618676 -0.107566540445137 -0.0227362061912263 0.0676150777853304 0.152047653180581
-0.951492841827693 -0.926002097055549 -0.900030190723553 -0.873316835391344 -0.845898139109126 -0.8176954066264 -0.787874333999297 -0.755640000383133 -0.721110626023337 -0.68458817999034 -0.646196485564469 -0.606014829578523 -0.56426681134483 -0.521753280093828 -0.4794077460684 -0.438117113643098 -0.39872378125265 -0.361938729440815 -0.328273315353953 -0.29757182043978 -0.269511757221356 -0.24378873226793 -0.220170728333512 -0.198361937603859 -0.177739013806936 -0.157683861244515 -0.137926924971393 -0.118308446535115 -0.0987593127011957 -0.079233071539645
1.01174575354677 0.97608041867124 0.940415083864952 0.904749749224742 0.869084414802838 0.833419080624432 0.797753746651168 0.762088412815886 0.726423078999748 0.690757745066546 0.65509241086227 0.61942707622846 0.58376174102248 0.548096405164996 0.512431068607978 0.476765731365325 0.441100393449748 0.405435054807275 0.369769715378941 0.334104375152478 0.298439034127295 0.262773692316785 0.227108349790272 0.191443006636646 0.155777662967107 0.120112318886975 0.0844469744557421 0.0487816297320498 0.01311628481698 -0.0225490601777763
-0.982728353682061 -0.949932169093346 -0.91713598451296 -0.884339799975409 -0.85154361544645 -0.818747430870537 -0.785951246175697 -0.753155061248964 -0.720358875829858 -0.687562689672272 -0.654766502735131 -0.621970315028617 -0.589174126566682 -0.556377937378364 -0.523581747500038 -0.490785556982336 -0.457989365877568 -0.425193174230487 -0.392396982080613 -0.359600789454086 -0.3268045963737 -0.294008402861773 -0.261212208938728 -0.228416014630912 -0.195619819990275 -0.162823625072894 -0.130027429925764 -0.0972312345970757 -0.0644350391488937 -0.0316388436467498
-0.969076332920785 -0.936599101143414 -0.90412963791036 -0.871667039002282 -0.839202836397166 -0.806724892209563 -0.774213952902973 -0.741652269622666 -0.709035227892064 -0.676363586156499 -0.643646460170785 -0.610895055017108 -0.578109201569527 -0.545243233869601 -0.512241256676374 -0.479051954451334 -0.445625904256302 -0.411916673851982 -0.377890626908781 -0.343562320037038 -0.308958358082071 -0.274107141872221 -0.239044256167909 -0.203803954491444 -0.168407981480607 -0.132883084569419 -0.097288531261384 -0.061681316819591 -0.0260768274759866 0.00951995279526844
-1.06226287090453 -0.990181790930032 -0.933804196024581 -0.904172846640633 -0.882681872559092 -0.849705004831777 -0.811183010265719 -0.777239227541874 -0.749160247081708 -0.725231094961313 -0.700567288134802 -0.669491966275787 -0.627693969789282 -0.576324942005896 -0.517593164318744 -0.452470667445373 -0.38347753101499 -0.320562280979016 -0.273093305986718 -0.240689999156542 -0.220534504724226 -0.210862838365136 -0.214126501513136 -0.229304035721019 -0.237266657258797 -0.218734554590987 -0.17193113024291 -0.100639166626704 -0.0133757516409908 0.0801584504439906
1.01184393316777 0.977097790109477 0.942351646973775 0.907605503759932 0.872859360543497 0.838113217421108 0.803367074497493 0.768620931885375 0.733874789721365 0.699128648138821 0.66438250723418 0.629636367094646 0.594890227801419 0.560144089411656 0.525397951992673 0.490651815676449 0.455905680590488 0.42115954677971 0.386413414233082 0.351667282798338 0.316921152287902 0.282175022509241 0.247428893249992 0.212682764326042 0.177936635686109 0.143190507298924 0.108444379080451 0.0736982509396469 0.0389521228102085 0.00420599463201646
-1.01998011879347 -0.968497977578188 -0.91699855158469 -0.868136894001105 -0.823408449968313 -0.783956700635412 -0.750676879231597 -0.722740313007587 -0.692670953220078 -0.653428373667674 -0.606362014310621 -0.554918781649572 -0.504609570338853 -0.469201227647471 -0.458922719386689 -0.461595532922116 -0.461337618500514 -0.449860256338906 -0.422453442501571 -0.381128706471543 -0.329577961086544 -0.272175613889284 -0.216026051242411 -0.167089218551979 -0.124017318577697 -0.0850763143239426 -0.0542949524200754 -0.0361690122800634 -0.0312996208313111 -0.0393142418795821
-0.962818682004489 -0.929764350313393 -0.896710018607752 -0.863655686875726 -0.83060135502573 -0.797547022955772 -0.76449269060201 -0.731438357938987 -0.698384025056676 -0.665329692042406 -0.632275358857521 -0.599221025431867 -0.566166691692567 -0.53311235755584 -0.500058022925305 -0.467003687665081 -0.433949351617317 -0.400895014575793 -0.36784067636033 -0.33478633694331 -0.301731996335249 -0.268677654557391 -0.235623311673868 -0.202568967776594 -0.169514623025726 -0.136460277599563 -0.10340593168075 -0.0703515854405217 -0.0372972390001194 -0.00424289246828869
-0.949662904815769 -0.917036957372299 -0.884411009934148 -0.85178506249727 -0.819159114904406 -0.78653316698476 -0.753907218666611 -0.721281269924256 -0.688655320816974 -0.656029371433414 -0.623403421894694 -0.590777472330054 -0.558151522872162 -0.52552557366741 -0.492899624887578 -0.460273676792289 -0.427647729667801 -0.395021783819084 -0.362395839493583 -0.329769896689949 -0.297143955344632 -0.264518015362555 -0.231892076522521 -0.199266138597132 -0.166640201460287 -0.134014265012898 -0.101388329162632 -0.0687623938005416 -0.036136458744478 -0.00351052379399022
-1.00478881335776 -0.955787572176553 -0.898416358539963 -0.845039013943912 -0.810034236492979 -0.799905541601705 -0.787640857315825 -0.747706332743128 -0.693996588608428 -0.646295370159681 -0.608514449120387 -0.580597603832929 -0.560779074573147 -0.540454949350685 -0.509624212436949 -0.459535585416574 -0.391004811380177 -0.341865982129089 -0.344267628562954 -0.370597689263977 -0.378303954735 -0.336483608473211 -0.260831405953173 -0.1758716374266 -0.0948491602764326 -0.0293417157060397 0.00446198693072059 -0.00740025678922034 -0.065373663415282 -0.166524202528472
-0.981793475839016 -0.947248725692884 -0.912703975546734 -0.878159225397411 -0.843614475215726 -0.809069724961295 -0.774524974574989 -0.739980224005355 -0.705435473250411 -0.670890722327459 -0.63634597128149 -0.601801220164413 -0.567256469038094 -0.532711718004224 -0.498166967183473 -0.463622216732618 -0.42907746679633 -0.394532717434772 -0.359987968686929 -0.325443220591578 -0.290898473187447 -0.256353726500158 -0.221808980502909 -0.187264235140936 -0.15271949030004 -0.118174745853658 -0.083630001685203 -0.0490852576873082 -0.0145405137795228 0.0200042301118762
-0.997845254315936 -0.962322610130736 -0.926799965967416 -0.891277321878322 -0.855754677892119 -0.820232034022026 -0.78470939024315 -0.749186746507107 -0.713664102709659 -0.678141458724136 -0.642618814390016 -0.60709616953831 -0.571573523998247 -0.536050877591921 -0.50052823015113 -0.465005581553632 -0.429482931746991 -0.393960280912051 -0.3584376292802 -0.322914977051737 -0.287392324419184 -0.251869671558224 -0.216347018577174 -0.180824365570062 -0.145301712641151 -0.10977905986626 -0.0742564071972115 -0.0387337545655717 -0.00321110194587122 0.0323115506766186
-1.02964635468333 -0.986446070858847 -0.943725504627924 -0.901850080387322 -0.861488981393331 -0.823378678757755 -0.788221036154936 -0.756407109027302 -0.727119327327106 -0.699268066488245 -0.671884109361395 -0.644028340651422 -0.614795093033782 -0.583412491066265 -0.549205772564392 -0.511754836492246 -0.470929431503225 -0.427504043859408 -0.382665593132417 -0.338345994523359 -0.296663412140709 -0.25932210251213 -0.226370691842028 -0.197475171119738 -0.172426620797588 -0.150923191926908 -0.132166228492081 -0.115324955075494 -0.0999369257185088 -0.0856317768272336
-1.04590168359685 -1.00453477528495 -0.963162422659345 -0.921767150629447 -0.880325154088857 -0.838839664584206 -0.797428390290053 -0.756235576566842 -0.715397140890651 -0.675035127004892 -0.635224411606688 -0.59602807963159 -0.557497675240973 -0.51963857949951 -0.482449672502373 -0.445949993563445 -0.410151769510522 -0.375019818008328 -0.340493585571802 -0.306458443279801 -0.272786243352161 -0.239369708671466 -0.206185044771293 -0.173220082384661 -0.140425670391366 -0.107758224915933 -0.0752334129150162 -0.0428680973426976 -0.0106246743106387 0.0215480767801049
1.02279038452941 0.984664802306621 0.946539220128103 0.90841363801734 0.870288056015122 0.832162474161763 0.794036892478388 0.755911310988505 0.717785729744359 0.679660148806907 0.641534568243214 0.603408988121875 0.565283408498959 0.527157829380437 0.489032250742875 0.450906672495302 0.412781094529727 0.374655516737623 0.336529939008371 0.298404361223528 0.260278783262692 0.222153205015797 0.184027626414104 0.145902047418626 0.107776468068049 0.0696508884164551 0.0315253085018522 -0.00660027163541114 -0.0447258519295518 -0.0828514323084282
-0.972656919052412 -0.94014149889364 -0.907626078721697 -0.875110658603584 -0.842595238638692 -0.810079818922768 -0.777564399504594 -0.745048980404181 -0.712533561573443 -0.680018142951541 -0.647502724494726 -0.614987306163518 -0.582471887924625 -0.549956469769488 -0.517441051691793 -0.484925633669461 -0.452410215700715 -0.419894797880749 -0.387379380317341 -0.354863963071641 -0.322348546193136 -0.28983312971255 -0.257317713585538 -0.224802297742998 -0.192286882091868 -0.159771466541251 -0.127256051032884 -0.0947406355283186 -0.06222522003576 -0.0297098045750731
-1.02246235139293 -0.985279193441611 -0.948099012824548 -0.910928265031838 -0.87378816012196 -0.836700941596264 -0.799678232159216 -0.762738125618129 -0.725935220988596 -0.689333093859706 -0.652994720906252 -0.616982929074455 -0.581345760716087 -0.546072119805123 -0.511140899293355 -0.476550086421631 -0.442295157292134 -0.408342449163313 -0.374648369259882 -0.341158743515334 -0.30781675254036 -0.274571405005133 -0.24139502181775 -0.20826139601133 -0.17512689688113 -0.141952119982131 -0.108731989646055 -0.0754727931826801 -0.0421919410372783 -0.00890962443899309
-1.01395717745248 -0.97948368051874 -0.945010468632603 -0.910538455412226 -0.876068836461386 -0.841602986679337 -0.80714271616162 -0.772690790596164 -0.738253362844158 -0.70383802075493 -0.669454704957099 -0.635113944274103 -0.60082491045385 -0.566591346942126 -0.532414673735576 -0.498292445336417 -0.464220767657858 -0.43019381775149 -0.396204907169645 -0.362245814329233 -0.328307934363311 -0.294384658837028 -0.260477365043918 -0.226588475925746 -0.192716611288828 -0.158858908165613 -0.125010375628533 -0.0911661575822058 -0.0573240652200191 -0.0234825765575514
-1.01816627381559 -0.981605358252078 -0.94504444275714 -0.908483527451797 -0.871922612479803 -0.83536169797181 -0.798800783983307 -0.762239870550441 -0.725678957707158 -0.689118045461404 -0.652557133719339 -0.615996222361678 -0.579435311274083 -0.542874400362017 -0.506313489551506 -0.469752578831045 -0.433191668206923 -0.39663075769414 -0.360069847317214 -0.323508937130024 -0.286948027193792 -0.250387117568152 -0.213826208306408 -0.17726529942812 -0.140704390824227 -0.104143482362669 -0.0675825739480038 -0.031021665511394 0.00553924294621275 0.0421001514064221
-0.981336020294468 -0.94905472390773 -0.916773427461278 -0.884492130894897 -0.852210834131202 -0.819929537114673 -0.787648239894436 -0.755366942572121 -0.723085645354738 -0.690804348469267 -0.658523052117196 -0.62624175649364 -0.593960461776942 -0.561679168078367 -0.529397875460886 -0.497116583861361 -0.464835293189973 -0.432554003376286 -0.400272714353264 -0.367991426048098 -0.335710138386533 -0.303428851295193 -0.271147564704204 -0.238866278512443 -0.20658499249028 -0.174303706417154 -0.142022420237299 -0.109741133950448 -0.0774598476135468 -0.0451785612978414
-0.988182559275725 -0.953276396691485 -0.918370234072673 -0.883464071374493 -0.84855790856818 -0.813651745636295 -0.778745582590665 -0.743839419458724 -0.708933256301046 -0.674027093168098 -0.639120930036767 -0.604214766865544 -0.569308603607765 -0.534402440196139 -0.499496276559587 -0.4645901126325 -0.429683948371877 -0.394777783819667 -0.359871619029343 -0.324965454015517 -0.290059288783086 -0.255153123359562 -0.220246957862923 -0.18534079242212 -0.150434627119532 -0.11552846199926 -0.0806222969988625 -0.0457161320431938 -0.0108099671128334 0.0240961977977087
-1.02310310518466 -0.987591027304625 -0.952078949468444 -0.916566871634735 -0.881054793654448 -0.845542715385908 -0.810030636824597 -0.774518558018197 -0.739006479086034 -0.703494400165342 -0.667982321393353 -0.632470242907296 -0.596958164812633 -0.561446087087768 -0.525934009686494 -0.490421932591239 -0.454909855780691 -0.419397779189948 -0.383885702742325 -0.348373626357573 -0.312861549954556 -0.277349473450702 -0.241837396757709 -0.206325319811869 -0.170813242653602 -0.135301165339171 -0.0997890878840876 -0.0642770102998722 -0.0287649326228166 0.00674714510459332
-0.935209266210144 -0.910978882626844 -0.886593862623058 -0.861874838391901 -0.836676965198195 -0.810863449003954 -0.784295175488273 -0.756847988854101 -0.728459887682737 -0.699082532839724 -0.66866007994923 -0.637134808325081 -0.60447641593503 -0.57076427536255 -0.536107130181087 -0.500621533308259 -0.464432048817299 -0.427687476059726 -0.390546000619413 -0.353179117731369 -0.315761650043381 -0.278439354218106 -0.241241722977654 -0.204189836007353 -0.167387384785918 -0.130945649272044 -0.0949236515509348 -0.0593330443067996 -0.0240482604933376 0.0110905718683784
-1.05126199629126 -1.01439655385524 -0.977531111508287 -0.940665669295023 -0.903800227231067 -0.866934785328834 -0.830069343616899 -0.793203902115838 -0.756338460798057 -0.719473019615935 -0.68260757848989 -0.645742137332349 -0.60887669606792 -0.572011254669928 -0.535145813120055 -0.498280371384687 -0.461414929438399 -0.424549487303812 -0.387684045001339 -0.350818602494528 -0.313953159732711 -0.277087716692409 -0.240222273458905 -0.203356830123581 -0.166491386693459 -0.129625943158692 -0.0927604995263059 -0.0558950558082026 -0.0190296120189007 0.0178358318264262
-1.02212548014389 -0.98610710568163 -0.950088731131337 -0.914070356483228 -0.878051981804599 -0.842033607185692 -0.806015232731441 -0.769996858539945 -0.733978484667245 -0.697960111133408 -0.661941737856656 -0.625923364729754 -0.589904991647144 -0.553886618510003 -0.517868245211009 -0.48184987160214 -0.445831497551993 -0.409813123036353 -0.373794748059736 -0.337776372634399 -0.301757996774534 -0.265739620488245 -0.229721243759293 -0.193702866564078 -0.157684488873918 -0.121666110678662 -0.0856477320473725 -0.0496293530748281 -0.0136109738794525 0.0224074054144187
-1.03579916318725 -0.997448375725665 -0.959108023065107 -0.920786196221445 -0.882486895347867 -0.844213818209833 -0.805973543884575 -0.767781125054533 -0.729682627511203 -0.691729390669199 -0.653962835326543 -0.61642190262711 -0.57914021596619 -0.542130127744736 -0.505396169985059 -0.468932864189248 -0.432721244014372 -0.396698402257657 -0.360797851099808 -0.324982721115307 -0.289223547477082 -0.25349534193724 -0.217791022564607 -0.182106578952347 -0.146432380474231 -0.11075589228563 -0.0750585828877113 -0.0393255060353316 -0.00356205315231893 0.0322212999202558
1.02487483622147 0.9924571597391 0.959728855899123 0.92638158897936 0.89212900325563 0.856746434995495 0.820234008435503 0.782693676933684 0.744409922365013 0.705694744171942 0.666787683549872 0.627910167132445 0.589291439775415 0.551192019222986 0.513823634887557 0.477171589965849 0.441236145223567 0.406303817918017 0.37265961884431 0.34029627645718 0.309133448626264 0.279096994624952 0.250137579341638 0.222181744062345 0.195034730048611 0.168460481464695 0.14217905411026 0.1159474175855 0.0897140850573578 0.0634754555844632
-0.983023247373629 -0.950646169637005 -0.918241861809167 -0.885782351378912 -0.853255012112517 -0.820647281480351 -0.787931505491659 -0.755078380097911 -0.722067092480612 -0.688884278491643 -0.655537877434383 -0.622041154475079 -0.58840222023283 -0.554608567138132 -0.52064184577392 -0.486480957521485 -0.452104774148519 -0.417494798169951 -0.382633033335854 -0.347500857589647 -0.312079492423083 -0.276356018741533 -0.240340955104823 -0.204058857023706 -0.167566990158157 -0.130930189336536 -0.0942108559115042 -0.0574614769692491 -0.0206973160057508 0.0160756693805617
-0.997410686855707 -0.961235017039175 -0.925059347178962 -0.888883677266056 -0.852708007443031 -0.81653233789037 -0.780356668788615 -0.744181000277799 -0.708005332335862 -0.671829664902025 -0.635653997922735 -0.599478331346241 -0.563302665122396 -0.527126999207454 -0.49095133354602 -0.454775668029697 -0.41860000255464 -0.382424337088206 -0.346248671621953 -0.310073006173039 -0.273897340765023 -0.237721675440863 -0.201546010321107 -0.165370345529165 -0.129194681122305 -0.0930190171247109 -0.056843353494369 -0.0206676901601864 0.0155079729990548 0.0516836361171034
-1.01504079333314 -0.979840588661877 -0.944640384069575 -0.909440179643869 -0.874239975470627 -0.839039771622099 -0.80383956811783 -0.768639364963109 -0.733439162158885 -0.698238959708692 -0.663038757630736 -0.627838555946897 -0.592638354675941 -0.557438153824208 -0.522237953365057 -0.48703775315237 -0.451837553033752 -0.416637352951176 -0.381437152876328 -0.346236952805376 -0.311036752740606 -0.275836552705785 -0.240636352810603 -0.205436153150508 -0.170235953678073 -0.13503575432418 -0.0998355550758228 -0.0646353559270786 -0.0294351568442343 0.00576504221337044
-0.964193019751415 -0.931873558040936 -0.899554096439163 -0.867234635027161 -0.834915173810358 -0.80259571276468 -0.770276251823682 -0.73795679092695 -0.705637330080557 -0.673317869311844 -0.64099840866673 -0.608678948195781 -0.576359487938282 -0.544040027888404 -0.511720568016863 -0.47940110824567 -0.447081648491395 -0.414762188697548 -0.382442728806896 -0.350123268732314 -0.3178038083792 -0.285484347667067 -0.253164886571876 -0.220845425102744 -0.188525963344959 -0.156206501400064 -0.123887039358459 -0.0915675772969834 -0.0592481152493763 -0.026928653238603
-1.18190105773441 -1.09188383774047 -1.00450449901755 -0.923016835255431 -0.851604898016003 -0.793702728018354 -0.748814064738142 -0.714990958832294 -0.688409006926226 -0.665213355262739 -0.643303802585689 -0.621018810764193 -0.597015896781156 -0.571228798074632 -0.543256397038708 -0.510081935436443 -0.46911117308967 -0.422055582686327 -0.371756947576933 -0.321272580896233 -0.273713678225027 -0.231499109685372 -0.194278443564338 -0.160990342288396 -0.130499146676581 -0.101871103374511 -0.0750544039415618 -0.050140616101843 -0.0269128673246459 -0.00507717501555743
-1.04543710298364 -0.992582128460189 -0.939841606507495 -0.887047490120145 -0.834704628885322 -0.78375662515411 -0.736229195740614 -0.693969783410453 -0.657030620272284 -0.624989556832734 -0.597322127847287 -0.573478289133638 -0.552691580894551 -0.533329880873056 -0.513500603357616 -0.491134971278155 -0.46449360317627 -0.433330891398805 -0.39793038320048 -0.359198471662291 -0.318197261321799 -0.275889141218969 -0.232837638403361 -0.189619109947636 -0.147260095007254 -0.106773963412045 -0.0686712256065184 -0.0331041754071608 0.0007049004963162 0.0337662171958949
-1.01379930749876 -0.979047051051599 -0.944294794543563 -0.909542537906213 -0.874790280993769 -0.84003802364349 -0.805285765702132 -0.770533507026336 -0.735781247502775 -0.701028987064204 -0.666276725797649 -0.631524463828707 -0.596772201278458 -0.562019938249928 -0.52726767485214 -0.492515411236185 -0.457763147558787 -0.423010883957143 -0.388258620532768 -0.353506357263987 -0.318754094098322 -0.284001830968088 -0.249249567744764 -0.214497304291561 -0.179745040499455 -0.144992776296703 -0.110240511732924 -0.0754882468890749 -0.0407359818501117 -0.00598371670198936
-0.858579393890061 -0.868108068637252 -0.851495105588444 -0.847914246659285 -0.826684788462726 -0.758897621977664 -0.692584460949475 -0.679421770794487 -0.708724200846333 -0.752147833384811 -0.773076298557082 -0.732825113477144 -0.620362286913772 -0.535265794254852 -0.560076998614097 -0.598580847389417 -0.547553838980436 -0.45449509150943 -0.389629157194664 -0.363359704915727 -0.371135182717534 -0.396342844108692 -0.374125164452562 -0.26287436549829 -0.162226432683404 -0.166914401135728 -0.210815741055908 -0.206421552902198 -0.141533023090473 -0.0227788595260126
-1.02838962661487 -0.993267632619917 -0.958144911359768 -0.923020996099073 -0.887900044334484 -0.852786591541831 -0.817682060881657 -0.782587439106586 -0.747505079652867 -0.712438379016977 -0.677393539252672 -0.642377463803025 -0.607397394161195 -0.572461924020658 -0.537578684090598 -0.502750100942693 -0.467976920390101 -0.433258369349414 -0.398592479512979 -0.363974020572741 -0.32939694672054 -0.29485498310726 -0.26034093871995 -0.225848198413853 -0.191373366680834 -0.156914636104855 -0.12247333200165 -0.0880500537322325 -0.0536393641069615 -0.0192343167985304
-0.879312235436359 -0.883498553684856 -0.886774278599781 -0.887209488620699 -0.882987110041134 -0.872340704448994 -0.853593526755763 -0.825520058743277 -0.788609996351215 -0.744168359395164 -0.695046249036513 -0.644481286773096 -0.595204525632524 -0.547920744761495 -0.502986272417168 -0.461389907179443 -0.423863407153493 -0.389477898222834 -0.356945841127886 -0.325205668258348 -0.293252304916237 -0.260437375713972 -0.227539302505582 -0.195663673204906 -0.16579794272342 -0.138642229594071 -0.113865439838061 -0.090871804868132 -0.0690380701749395 -0.0477341097686164
-1.00984899171882 -0.974599539198688 -0.939350086872429 -0.904100634919611 -0.868851183454589 -0.83360173255812 -0.798352282241801 -0.763102832517296 -0.727853383465718 -0.692603935193805 -0.657354487841347 -0.622105041556394 -0.586855596458181 -0.55160615255067 -0.516356709816878 -0.48110726827132 -0.445857827970209 -0.410608389105066 -0.375358951851769 -0.340109516188339 -0.304860082043325 -0.269610649303809 -0.234361217690982 -0.199111786899511 -0.163862356683875 -0.128612926846154 -0.0933634973190327 -0.0581140680617055 -0.0228646390087863 0.0123847899112549
-1.00240126495652 -0.967229014891392 -0.932056764915397 -0.896884515155874 -0.861712265818025 -0.826540017089693 -0.79136776901143 -0.75619552158334 -0.721023274791019 -0.685851028592801 -0.650678782852459 -0.615506537410128 -0.580334292098831 -0.545162046723163 -0.509989801097765 -0.474817555105906 -0.439645308633014 -0.404473061504536 -0.369300813578242 -0.33412856490118 -0.298956315567717 -0.263784065675868 -0.228611815338236 -0.193439564678734 -0.158267313851922 -0.123095063008828 -0.0879228122557205 -0.0527505616648676 -0.0175783112172935 0.0175939391287879
-1.01603703951596 -0.981230408419219 -0.946423777384103 -0.911617146473425 -0.876810515679707 -0.842003885010673 -0.807197254605148 -0.772390624626035 -0.737583995201434 -0.702777366420585 -0.667970738252084 -0.633164110634369 -0.598357483531541 -0.563550857010374 -0.528744231149897 -0.493937605975512 -0.459130981508699 -0.424324357808894 -0.38951773493471 -0.354711112903504 -0.31990449172232 -0.285097871375386 -0.250291251755663 -0.215484632740093 -0.180678014232804 -0.145871396135039 -0.111064778309311 -0.0762581606251802 -0.041451543019109 -0.00664492544428822
-1.03020146730484 -0.996283395365844 -0.962365323732253 -0.928447252648115 -0.894529182217767 -0.860611112421486 -0.826693042883034 -0.792774973068473 -0.758856902169588 -0.724938829361243 -0.691020754024899 -0.657102675593671 -0.623184593513581 -0.589266507282292 -0.555348416529942 -0.521430321364901 -0.487512222015777 -0.453594118713877 -0.419676011600126 -0.385757900451233 -0.351839784952853 -0.317921664947238 -0.284003540903036 -0.250085413477205 -0.216167283453543 -0.18224915161409 -0.148331018607004 -0.114412884981983 -0.0804947510287556 -0.04657661697206
-1.01772798216548 -0.981702344440452 -0.945676706671324 -0.909651068830417 -0.873625430928208 -0.837599792992369 -0.801574155081203 -0.76554851724138 -0.729522879442416 -0.693497241642859 -0.657471603834552 -0.621445966017657 -0.58542032817118 -0.549394690189499 -0.51336905197124 -0.477343413516668 -0.441317774814606 -0.405292135706482 -0.369266496026671 -0.333240855728718 -0.297215214795962 -0.261189573221341 -0.225163931036179 -0.189138288277113 -0.153112644963641 -0.117087001132612 -0.0810613569074444 -0.0450357124226448 -0.00901006777051797 0.0270155769671824
-0.998646305131912 -0.964631399107196 -0.930616493150875 -0.896601587321678 -0.862586681687607 -0.828571776315971 -0.794556871262057 -0.760541966560126 -0.72652706217239 -0.692512158046081 -0.65849725414058 -0.624482350418304 -0.590467446843184 -0.556452543385211 -0.522437640025746 -0.488422736785565 -0.454407833733415 -0.420392931090515 -0.386378029085469 -0.352363127823967 -0.318348227380969 -0.284333327807999 -0.250318429062839 -0.216303531061743 -0.182288633648603 -0.14827373665008 -0.114258839896278 -0.0802439432428171 -0.0462290466439427 -0.0122141500785566
-0.950554180429466 -0.920528217356508 -0.890491843441551 -0.860426142422394 -0.830298776927986 -0.800067559179077 -0.769664320872456 -0.739020678790273 -0.708093370580081 -0.676851394120497 -0.645287667348987 -0.61340108821773 -0.581190062101075 -0.548651024062047 -0.515781594551096 -0.482586105879667 -0.449074187053667 -0.415269941995823 -0.381202326557576 -0.346905229388387 -0.312413772337218 -0.277771342361425 -0.243054386851911 -0.208340906343909 -0.173682053516386 -0.139113513367254 -0.104635948026448 -0.0702389220935057 -0.0359026329143447 -0.00160493602147877
-1.00230658304223 -0.967680199077832 -0.933053815051817 -0.898427430879673 -0.863801046519689 -0.829174661955074 -0.794548277225915 -0.759921892351967 -0.725295507214786 -0.690669121681309 -0.656042735698208 -0.621416349232088 -0.586789962248937 -0.552163574712269 -0.517537186601754 -0.482910797964153 -0.448284408871846 -0.413658019432592 -0.379031629739497 -0.344405239791681 -0.309778849564768 -0.27515245903225 -0.24052606815909 -0.205899676916141 -0.171273285306326 -0.136646893349946 -0.102020501104713 -0.0673941086400435 -0.0327677160347328 0.00185867663007682
-1.04700687423519 -1.01062041731183 -0.97423396050022 -0.937847503942552 -0.901461047775363 -0.865074592115365 -0.828688137005646 -0.792301682458438 -0.755915228436196 -0.719528774870959 -0.683142321622884 -0.646755868534158 -0.610369415441918 -0.573982962163103 -0.537596508525417 -0.501210054419819 -0.46482359976903 -0.428437144559564 -0.392050688780891 -0.355664232370501 -0.319277775252894 -0.282891317355891 -0.24650485862061 -0.210118399025932 -0.173731938688504 -0.137345477743512 -0.100959016262546 -0.0645725543207125 -0.0281860920707935 0.0082003703150105
-0.977609942263965 -0.946238479497262 -0.914834454223223 -0.883395928656424 -0.851899167046071 -0.820301246035596 -0.788504289810687 -0.756407023813074 -0.72394953096639 -0.691098810945982 -0.657888172952173 -0.624367503566526 -0.590574951236947 -0.556501711876702 -0.522122000440634 -0.487389060584516 -0.452255585238384 -0.416693035728373 -0.380667306908851 -0.34410325935103 -0.306915495055326 -0.269029556553073 -0.230414748499248 -0.191072470086412 -0.151088736533816 -0.110573397291486 -0.0696470227058696 -0.0284324977432098 0.0129487550475091 0.0543756787216171
-1.03862220992591 -1.00227584151813 -0.965929473123774 -0.929583104771321 -0.893236736486681 -0.856890368281051 -0.82054400010931 -0.784197631919261 -0.747851263686721 -0.711504895403494 -0.675158527097342 -0.638812158805013 -0.602465790549769 -0.566119422300925 -0.529773053991762 -0.493426685465369 -0.457080316577964 -0.420733947328476 -0.384387577747312 -0.348041207848075 -0.311694837640167 -0.275348467130474 -0.239002096315805 -0.2026557251794 -0.166309353660292 -0.12996298173393 -0.093616609565629 -0.057270237337937 -0.0209238651124672 0.0154225070794005
-0.974700184246919 -0.940831277328806 -0.906962370573077 -0.873093464121541 -0.839224558001572 -0.805355652191422 -0.7714867465873 -0.737617841081519 -0.703748935632857 -0.669880030212268 -0.636011124772935 -0.602142219263596 -0.568273313628975 -0.534404407797714 -0.500535501729318 -0.466666595522802 -0.43279768931477 -0.398928783252658 -0.365059877475552 -0.331190972078286 -0.297322067144633 -0.263453162748188 -0.229584258921835 -0.195715355671745 -0.161846452937937 -0.127977550650409 -0.0941086487652469 -0.0602397472285466 -0.0263708459203495 0.00749805529581615
-1.01011423868567 -0.975235872826596 -0.940357506922135 -0.905479140915473 -0.870600774666359 -0.835722408036672 -0.800844040980245 -0.765965673478302 -0.731087305529669 -0.696208937163615 -0.661330568513579 -0.626452199739044 -0.591573831026196 -0.556695462668045 -0.521817094945779 -0.486938727986479 -0.452060361883358 -0.417181996748241 -0.382303632691455 -0.347425269798725 -0.312546908149624 -0.277668547797226 -0.242790188688612 -0.207911830729026 -0.173033473762344 -0.138155117617583 -0.10327676212568 -0.0683984071193257 -0.0335200524363155 0.00135830208427839
-1.01214880831753 -0.977271550067754 -0.942394291811874 -0.90751703356395 -0.872639775374242 -0.83776251729906 -0.802885259382705 -0.768008001638825 -0.733130743970454 -0.698253486266996 -0.663376228473939 -0.628498970550793 -0.593621712462012 -0.558744454191821 -0.523867195729271 -0.488989937062937 -0.454112678185582 -0.419235419107178 -0.384358159849015 -0.349480900460447 -0.314603640997842 -0.279726381504208 -0.244849121969105 -0.209971862365227 -0.17509460265123 -0.140217342793397 -0.105340082802543 -0.0704628227017465 -0.0355855625185918 -0.000708302281791623
-1.03829003440067 -1.00238146384963 -0.96647289324828 -0.930564322537203 -0.894655751659285 -0.858747180574974 -0.822838609312658 -0.786930037912653 -0.751021466395033 -0.715112894768135 -0.679204323013577 -0.643295751106302 -0.607387179009717 -0.571478606641102 -0.535570033914805 -0.499661460779594 -0.463752887211513 -0.427844313261311 -0.391935739013767 -0.356027164615086 -0.320118590226827 -0.28421001600432 -0.248301442077989 -0.21239286855525 -0.176484295476395 -0.140575722841186 -0.104667150554369 -0.0687585785015795 -0.0328500065870238 0.00305856528045059
-0.99648443727276 -0.963274072001219 -0.930063706524464 -0.896853340557743 -0.863642973809622 -0.83043260602249 -0.797222237080736 -0.764011866906902 -0.730801495434143 -0.697591122599074 -0.664380748341526 -0.631170372602136 -0.597959995367614 -0.564749616808973 -0.53153923712106 -0.498328856409755 -0.465118474769429 -0.431908092337363 -0.398697709279906 -0.365487325836766 -0.332276942265991 -0.299066558820442 -0.265856175732233 -0.232645793188201 -0.199435411214819 -0.166225029760137 -0.133014648618877 -0.0998042675809476 -0.0665938865703417 -0.0333835055445736
-1.01129911203076 -0.975518276733796 -0.939737441376674 -0.903956605920332 -0.868175770352415 -0.832394934658112 -0.796614098786096 -0.760833262662398 -0.72505242615901 -0.689271589150968 -0.653490751579534 -0.617709913402527 -0.581929074598639 -0.54614823523006 -0.510367395382942 -0.474586555155792 -0.438805714659541 -0.403024874042459 -0.367244033446869 -0.331463192953967 -0.295682352629667 -0.259901512510144 -0.224120672512631 -0.188339832529562 -0.152558992473128 -0.11677815226283 -0.0809973118276301 -0.0452164711244263 -0.00943563021239611 0.0263452108237135
1.05366012071902 0.984827832283544 0.919047893137969 0.859541144203269 0.806632124209103 0.759637796768983 0.716741127223147 0.676439770303042 0.639624136578232 0.607458846008173 0.57981260027378 0.55623012148633 0.536163975869467 0.51869810609629 0.502590789237314 0.485666263503243 0.465176392424794 0.437017579672528 0.397896529566431 0.349116608884316 0.293130350018457 0.232896606750977 0.173399518423412 0.120290648062934 0.0798659678798452 0.0570710368803521 0.0508053520711463 0.0581536793025435 0.0749879217988703 0.0968767671279564
-1.07627109847623 -1.04677841755151 -1.01110256782475 -0.969016121840253 -0.914877325240352 -0.844608391082638 -0.765801728987667 -0.690024414573575 -0.633071990885842 -0.606449193681781 -0.600269062138671 -0.599296711288787 -0.591022081853752 -0.573834417312584 -0.548774130801417 -0.51658701132743 -0.47759387206532 -0.430710246988789 -0.376132509411654 -0.320585669209189 -0.272426895397031 -0.237324561184428 -0.210191856555067 -0.183087883281075 -0.147410573513886 -0.0997901868000102 -0.0584474618869425 -0.0418584825841949 -0.0479302337483518 -0.0694274254977661
-0.951914499143971 -0.927970571609728 -0.904033560028093 -0.880121091654127 -0.856082362369845 -0.831702703251342 -0.806680417524092 -0.780716453678562 -0.753609369115834 -0.725231663281527 -0.695653994888801 -0.664996562467701 -0.633362291870863 -0.600785018241277 -0.56728917494857 -0.532930678978531 -0.497756704096984 -0.461747967573713 -0.424873966920063 -0.387125777109669 -0.348499867481737 -0.30899354157607 -0.268607439734862 -0.227358331961872 -0.185324170104725 -0.14259649334655 -0.0992600083686102 -0.0554177046343013 -0.011252535237398 0.0330325558207299
-1.01152098203371 -0.977191526651958 -0.94286110606966 -0.908529542690729 -0.874199020684362 -0.839873630963242 -0.805562729648707 -0.771276261244219 -0.737021258573067 -0.702803472904342 -0.668626440970521 -0.634493145869924 -0.600405999750059 -0.566365130955181 -0.532369494756349 -0.498415637935098 -0.464499833417534 -0.430619667197592 -0.396772917370098 -0.362956817365625 -0.329168464448679 -0.295404873435512 -0.261662729349351 -0.227938853854435 -0.194230944972072 -0.160536780847696 -0.126853583766169 -0.0931785180973074 -0.0595090724112982 -0.0258428163284213
-0.898137020959441 -0.926395717768539 -0.94511957397284 -0.947671899610044 -0.929807574292142 -0.889206552705288 -0.828857520257992 -0.757185813697671 -0.699054644405041 -0.673933309615598 -0.663277575350676 -0.639039824828074 -0.58325677710886 -0.518302494627211 -0.46878940728965 -0.427946071519006 -0.387109707205843 -0.361436061595349 -0.363950103927555 -0.375335164067226 -0.368189162035314 -0.322274804362917 -0.246013943621723 -0.157975518067594 -0.0886576626525144 -0.0618140096727767 -0.0622909841057858 -0.0689934118897302 -0.0759669301248187 -0.0810423787017653
-1.00037683209073 -0.966890314738889 -0.9334037973273 -0.899917279827577 -0.866430762293016 -0.832944244801498 -0.799457727447551 -0.765971210372631 -0.732484693889259 -0.698998178314048 -0.665511663808925 -0.632025150497143 -0.598538638465012 -0.565052127651069 -0.531565617964134 -0.498079109341946 -0.464592601747957 -0.431106095219548 -0.397619589796436 -0.36413308545377 -0.330646582150555 -0.297160079815486 -0.263673578256018 -0.230187077283479 -0.196700576845927 -0.163214076905067 -0.129727577340483 -0.0962410780146468 -0.0627545788036883 -0.0292680795871543
-0.947409419242973 -0.927763797213588 -0.906436797869093 -0.882316569536171 -0.853924765871191 -0.820381882758621 -0.78357027966566 -0.745512335580113 -0.706028643989497 -0.664838254893846 -0.623455829843556 -0.583844933276614 -0.548055459583126 -0.518482622961671 -0.496706552775632 -0.480701719239137 -0.467236204320802 -0.451858196156448 -0.430603816665746 -0.402680816736551 -0.368089854498769 -0.327011463326745 -0.280345677572594 -0.228898799743922 -0.172382703992522 -0.110446588063072 -0.0435833724276078 0.0273829986067983 0.101148208120279 0.17628784603977
-1.03446026366351 -0.997109685633159 -0.959759107591494 -0.922408529549357 -0.885057951539889 -0.847707373605507 -0.810356795803455 -0.773006218178179 -0.735655640708118 -0.698305063357433 -0.660954486099186 -0.623603908908659 -0.586253331755283 -0.548902754585063 -0.511552177358134 -0.47420160011457 -0.436851022918099 -0.399500445847123 -0.36214986894547 -0.324799292103995 -0.287448715175312 -0.250098138012099 -0.212747560467303 -0.175396982435786 -0.138046403979817 -0.100695825191749 -0.0633452461168819 -0.0259946668012223 0.0113559126593446 0.0487064921564637
-0.98257467257689 -0.948562282144715 -0.914549891668697 -0.880537501082575 -0.84652511026111 -0.812512719055394 -0.778500327280831 -0.744487934744882 -0.710475541258913 -0.67646314668376 -0.642450751074241 -0.608438354533666 -0.574425957161623 -0.540413559042813 -0.50640116028213 -0.472388761080152 -0.438376361657534 -0.404363962219567 -0.37035156295145 -0.336339163973354 -0.302326765389193 -0.268314367292683 -0.234301969736742 -0.200289572759749 -0.166277176382723 -0.132264780608274 -0.0982523853827232 -0.0642399906235874 -0.0302275961894302 0.00378479807592204
0.954070959822032 0.921316958890177 0.888562957912551 0.855808956849386 0.823054955634152 0.790300954189865 0.75754695242447 0.724792950266671 0.692038947743281 0.659284944908585 0.62653094182865 0.593776938572489 0.561022935163759 0.528268931444709 0.49551492721245 0.462760922264969 0.430006916418521 0.397252909561544 0.364498901625371 0.331744892640707 0.298990882663106 0.266236871766887 0.233482860101448 0.200728847807155 0.167974834913171 0.13522082144336 0.102466807511606 0.0697127932500747 0.0369587787740424 0.00420476419456386
0.955842269912013 0.923554164592597 0.891266059207815 0.858977953623596 0.826689847670144 0.794401741161415 0.762113633882102 0.729825525607713 0.697537416106293 0.665249305178234 0.632961192760806 0.600673078825492 0.568384963374362 0.536096846531822 0.503808728456375 0.471520609320568 0.439232489279192 0.406944368401972 0.374656246740581 0.342368124359556 0.310080001326653 0.277791877736722 0.245503753793013 0.21321562968894 0.18092750547018 0.148639381138613 0.116351256668682 0.0840631320411734 0.0517750072896892 0.0194868824610357
1.04154273735966 1.00487392466208 0.968205112073287 0.931536299756043 0.894867487917292 0.858198676776136 0.821529866556104 0.784861057448782 0.74819224951354 0.711523442759278 0.67485463712524 0.638185832533254 0.601517028908508 0.564848226189626 0.52817942428382 0.491510622959217 0.454841821976824 0.418173021208233 0.381504220575159 0.34483542008921 0.308166619784463 0.271497819698235 0.234829019880795 0.198160220352205 0.161491420998743 0.124822621696942 0.0881538224181268 0.0514850231534189 0.0148162238783105 -0.021852575435612
0.969799460597957 0.9368140417378 0.9038286228613 0.870843203933903 0.837857784876329 0.804872365616456 0.771886946155508 0.738901526563337 0.705916107110946 0.672930688099002 0.63994526974566 0.60695985224845 0.573974435756231 0.540989020223185 0.508003605560377 0.47501819170108 0.442032778602551 0.409047366295769 0.376061954819553 0.343076544170372 0.310091134334108 0.277105725272705 0.24412031685237 0.21113490892244 0.178149501360518 0.145164094061217 0.112178686958932 0.0791932800003752 0.0462078731417572 0.0132224663416618
-0.996293943733028 -0.962790273521111 -0.929292480602787 -0.895798544858488 -0.862292999833841 -0.828755730205875 -0.79516147151202 -0.761483554564557 -0.727694840414783 -0.693771938432836 -0.659706921025201 -0.625495726357447 -0.591128399370671 -0.556571412108077 -0.521789654513064 -0.486765261027714 -0.451485463202461 -0.415940636522473 -0.38013011058606 -0.344085887509356 -0.307848137537953 -0.271459602950064 -0.234973314154395 -0.198436018412275 -0.161859042265049 -0.125244690738489 -0.0885946035160578 -0.0519119355401934 -0.0152065681315325 0.0215099357947376
-1.00273141843455 -0.967631715331159 -0.932532012193385 -0.897432308908858 -0.862332605274399 -0.827232901099992 -0.792133196339058 -0.757033490974062 -0.721933784960187 -0.686834078263338 -0.651734370919583 -0.61663466298253 -0.58153495453023 -0.546435245738506 -0.511335536801819 -0.476235827891414 -0.441136119158456 -0.406036410696995 -0.370936702560136 -0.33583699469431 -0.300737287019279 -0.265637579468383 -0.230537872029284 -0.195438164711572 -0.160338457558242 -0.125238750611157 -0.0901390438742357 -0.0550393373342248 -0.019939630947104 0.0151600753388377
-1.04326454770444 -1.00616074949174 -0.969056951170052 -0.931953152704153 -0.894849354232588 -0.857745555921554 -0.820641757874126 -0.783537960166779 -0.746434162832705 -0.709330365882647 -0.672226569280829 -0.635122772979843 -0.5980189769429 -0.560915181175662 -0.523811385695666 -0.48670759052546 -0.449603795687862 -0.412500001201736 -0.375396207055127 -0.338292413116772 -0.301188619225581 -0.26408482523606 -0.22698103106511 -0.189877236661678 -0.152773442040499 -0.115669647237988 -0.0785658523114868 -0.0414620573162715 -0.00435826227841301 0.0327455327833178
0.992505715935085 0.956314363742308 0.920123011516773 0.883931659198481 0.847740306718337 0.811548954009683 0.775357601024709 0.739166247714607 0.702974894007737 0.666783539838904 0.630592185191552 0.594400830061285 0.558209474457217 0.522018118442524 0.485826762084386 0.44963540541196 0.413444048417939 0.377252690987175 0.341061333001422 0.304869974437872 0.268678615297576 0.232487255600996 0.196295895446224 0.160104534932641 0.123913174087146 0.0877218129291122 0.0515304515202945 0.0153390899313643 -0.0208522717737296 -0.0570436335327191
