-0.921007641355629 -0.889883026453967 -0.858758411556461 -0.827633796658611 -0.796509181698765 -0.765384566599594 -0.734259951278233 -0.703135335644108 -0.672010719581355 -0.640886102978993 -0.609761485770855 -0.578636867901985 -0.5475122493143 -0.516387629937222 -0.48526300969868 -0.454138388533114 -0.423013766376009 -0.391889143160522 -0.360764518865507 -0.329639893654934 -0.298515267739052 -0.267390641322323 -0.23626601458606 -0.205141387706843 -0.174016760865463 -0.142892134204295 -0.111767507707822 -0.0806428813171805 -0.0495182549580009 -0.0183936285520393
-1.04888323753423 -1.0114077840856 -0.973932330620499 -0.936456877139348 -0.898981423626582 -0.861505970069956 -0.824030516486505 -0.786555062866631 -0.74907960906493 -0.711604154928624 -0.674128700411255 -0.636653245492941 -0.599177790156688 -0.561702334397052 -0.524226878205268 -0.486751421547752 -0.44927596438541 -0.411800506681927 -0.374325048397244 -0.336849589473559 -0.299374129848632 -0.261898669474606 -0.224423208361149 -0.186947746537505 -0.149472284053684 -0.111996820978744 -0.0745213574371687 -0.0370458935686153 0.000429570481992722 0.0379050345684149
-0.982597157352631 -0.949023213086522 -0.915449268773941 -0.881875324391401 -0.848301379876091 -0.814727435158781 -0.781153490183906 -0.747579544904736 -0.714005599296208 -0.680431653320565 -0.646857706867573 -0.613283759808882 -0.579709812047352 -0.546135863610677 -0.512561914578802 -0.478987965115832 -0.445414015406376 -0.411840065632888 -0.378266115979511 -0.344692166639304 -0.311118217807556 -0.277544269652145 -0.243970322231326 -0.210396375573465 -0.176822429697003 -0.143248484576934 -0.109674540024385 -0.0761005958250918 -0.0425266518270915 -0.00895270789399665
-1.10944606676872 -1.05723639248089 -1.00398031359461 -0.95054650014279 -0.897860570795319 -0.846841756229446 -0.798326786514783 -0.753232617424699 -0.712879608155227 -0.678204115473568 -0.648203083008947 -0.621388601106093 -0.595767169230738 -0.567322923332628 -0.532423285030303 -0.490991182133467 -0.444344693533965 -0.395826996261018 -0.348721621478069 -0.304048418748051 -0.262261317233773 -0.22413235380204 -0.191705996135649 -0.166722279130788 -0.148431075721206 -0.135487578198767 -0.126658418250227 -0.120844319455337 -0.117370933570942 -0.115670144398157
-0.981298005034218 -0.94681691851342 -0.912334870227041 -0.877856997875855 -0.843405498641539 -0.809007134926234 -0.774689870533018 -0.740481727241105 -0.706409757333336 -0.67249798559053 -0.638759296281789 -0.605203788548288 -0.571836852689134 -0.538645043635159 -0.505606175784372 -0.472681936771759 -0.43983405864899 -0.407040577897496 -0.374288518192637 -0.34158454755575 -0.30894024509466 -0.276363471953208 -0.243847217419278 -0.211380448706255 -0.178950916585463 -0.146546331267102 -0.114155457158923 -0.081768527377072 -0.0493805956737169 -0.0169879209600321
-0.992710265870879 -0.957305690482644 -0.921901115060205 -0.886496539598163 -0.851091964180974 -0.815687388954617 -0.780282814221301 -0.744878240292467 -0.709473667360258 -0.674069095552327 -0.638664524857684 -0.603259955230677 -0.567855386623394 -0.532450818978892 -0.497046252243901 -0.461641686388888 -0.426237121402805 -0.390832557324829 -0.355427994197276 -0.320023432024807 -0.28461887080267 -0.249214310508894 -0.213809751052622 -0.178405192309403 -0.143000634089284 -0.107596076209328 -0.0721915185801587 -0.0367869611380163 -0.00138240382803567 0.0340221534024245
-1.01610239250881 -0.981589675422709 -0.947079784822881 -0.912569639817229 -0.878051107906546 -0.843517247545021 -0.808970932607528 -0.774419554609825 -0.739878760210502 -0.705366478404662 -0.670901512390628 -0.636502883917529 -0.602187042217488 -0.567960146454608 -0.533823999021192 -0.499773265290362 -0.465803190216533 -0.431918474098478 -0.39812650266987 -0.364435948059619 -0.330855803995445 -0.297391800212734 -0.264036610477538 -0.23078021997525 -0.197614915537954 -0.164531265494669 -0.13151066251546 -0.0985330559930769 -0.0655817978699616 -0.032641090725977
-1.00989538832202 -0.974684685311902 -0.939473982213808 -0.904263278968069 -0.869052575542014 -0.83384187191988 -0.798631168126535 -0.763420464205167 -0.728209760231611 -0.692999056278391 -0.657788352372136 -0.622577648528001 -0.587366944737719 -0.552156240899338 -0.516945536894675 -0.481734832634298 -0.446524128063918 -0.411313423241067 -0.376102718272547 -0.340892013350418 -0.305681308688059 -0.270470604461969 -0.235259900701137 -0.200049197375336 -0.164838494364972 -0.129627791556552 -0.0944170889503338 -0.0592063865615558 -0.0239956843516142 0.0112150177315548
-1.00641972139738 -0.972526978755396 -0.938634236146754 -0.904741493625246 -0.870848751274717 -0.836956009191756 -0.803063267493876 -0.769170526281064 -0.735277785562297 -0.70138504531942 -0.667492305516747 -0.633599566114216 -0.599706827041298 -0.565814088105626 -0.531921349107938 -0.498028609943258 -0.464135870531221 -0.430243130795632 -0.39635039066957 -0.362457650119033 -0.328564909118247 -0.294672167666208 -0.260779425860987 -0.226886683797504 -0.192993941458982 -0.159101198805813 -0.125208455818739 -0.0913157125037634 -0.0574229689475696 -0.0235302252570131
1.01646988655348 0.979590065175779 0.942710243742008 0.905830422207338 0.868950600526208 0.832070778663839 0.795190956629306 0.758311134454715 0.721431312220434 0.684551490001975 0.647671667807162 0.610791845626902 0.573912023429024 0.537032201089053 0.500152378466393 0.463272555448263 0.426392731950001 0.389512907971613 0.352633083526849 0.315753258599778 0.278873433167047 0.241993607215832 0.205113780775423 0.168233953898921 0.131354126692582 0.0944742992596073 0.057594471637827 0.0207146438525379 -0.0161651840557361 -0.0530450120426645
-0.990522395884436 -0.95835262625768 -0.926182856540119 -0.894013086635827 -0.861843316497405 -0.829673546073438 -0.797503775247957 -0.765334003886574 -0.733164231845809 -0.700994459007969 -0.668824685367606 -0.636654910947332 -0.604485135760449 -0.572315359783031 -0.540145582998445 -0.507975805456471 -0.475806027226236 -0.443636248387845 -0.411466469011699 -0.379296689118418 -0.347126908716178 -0.314957127813303 -0.282787346418722 -0.250617564554674 -0.21844778229602 -0.186277999731883 -0.154108216955801 -0.121938434055948 -0.0897686510946142 -0.0575988681276228
-0.97866648908771 -0.945367261780242 -0.912066863650584 -0.878762564754426 -0.845448265515544 -0.812116275353239 -0.778755909300794 -0.745357608999195 -0.71191931690623 -0.678440955341136 -0.644922865252139 -0.611365492244713 -0.577770090439444 -0.544141148017368 -0.510483291786016 -0.47679846899843 -0.443087764282951 -0.409351491323593 -0.375590138161021 -0.34180566120682 -0.308000383965307 -0.274176355326253 -0.240334525721243 -0.206476127833448 -0.172604621810564 -0.138724028746603 -0.104838386056319 -0.0709512377510887 -0.0370641379080393 -0.00317814312073403
-0.975947359667491 -0.941909632580017 -0.907871905498837 -0.873834178442236 -0.83979645144276 -0.805758724530939 -0.771720997714956 -0.737683270982824 -0.703645544264195 -0.669607817458629 -0.635570090403655 -0.601532362921299 -0.567494634862191 -0.533456906191387 -0.499419176921078 -0.465381447137579 -0.43134371692922 -0.397305986318254 -0.363268255344788 -0.329230524186412 -0.29519279305509 -0.261155062141226 -0.227117331548983 -0.193079601331033 -0.159041871420319 -0.125004141721268 -0.0909664121439948 -0.056928682612419 -0.022890953099991 0.0111467764074552
-1.00595343151989 -0.97340795068152 -0.940730047639377 -0.907527658292073 -0.873216438551668 -0.837405763525089 -0.800672165085282 -0.763789087979544 -0.727350471686552 -0.691843962237306 -0.657511537140728 -0.624533756775217 -0.592968018793547 -0.562379069945979 -0.532217537542713 -0.501970222036187 -0.471062731811212 -0.43863973383982 -0.403949122895545 -0.366932646370696 -0.32770551481228 -0.286441446457764 -0.243548190306474 -0.199406585009374 -0.154055797062134 -0.107404931791724 -0.0591845220056 -0.00922404992073266 0.0420726320883477 0.0941580791077208
1.01627708899662 0.980737357882954 0.945197626831942 0.909657895928029 0.874118165264426 0.838578434923858 0.803038704938321 0.767498975297948 0.731959245876142 0.696419516547941 0.660879787311661 0.625340058196437 0.589800329248171 0.554260600579837 0.518720872287469 0.48318114433229 0.447641416640985 0.412101689136896 0.376561961758143 0.341022234505298 0.305482507394549 0.269942780445532 0.234403053691694 0.198863327170411 0.163323600920978 0.127783874964321 0.0922441492459694 0.0567044236916096 0.0211646982229492 -0.0143750272392983
-0.984147726270102 -0.951447431840971 -0.918748174784364 -0.886051417022307 -0.853358364550294 -0.820670163561609 -0.787987976967254 -0.75531296088097 -0.722646227509739 -0.689988705447011 -0.657340632738858 -0.624702074794509 -0.592072887026309 -0.559452084859071 -0.526838428071573 -0.494230493845963 -0.461626858308844 -0.429026275961243 -0.396427750703191 -0.363831105656296 -0.33123636874756 -0.298643445128111 -0.266051748845567 -0.233460618535194 -0.200869582286335 -0.168278232511539 -0.135686229462087 -0.103093346970146 -0.0704997453526929 -0.0379056815479063
-1.03140888040511 -0.994609093221932 -0.957809306184837 -0.921009519423769 -0.88420973297215 -0.847409946850588 -0.810610161124974 -0.77381037590636 -0.737010591441183 -0.700210807984406 -0.663411025689743 -0.626611244685589 -0.589811465055934 -0.553011686707134 -0.516211909499629 -0.479412133287826 -0.442612357940778 -0.40581258339216 -0.369012809568734 -0.332213036304982 -0.295413263412319 -0.258613490707405 -0.221813718027876 -0.185013945256691 -0.148214172437109 -0.111414399634826 -0.0746146268449746 -0.0378148540476803 -0.00101508123360125 0.035784691603972
-1.02442734477671 -0.988101748026624 -0.951776151270023 -0.91545055451944 -0.879124957781539 -0.842799361053052 -0.806473764296871 -0.770148167459209 -0.733822570453423 -0.697496973192733 -0.661171375622669 -0.624845777696839 -0.58852017939067 -0.552194580766866 -0.515868981877628 -0.479543382645875 -0.443217782992801 -0.406892182961992 -0.370566582639315 -0.334240982157369 -0.297915381660436 -0.261589781277277 -0.225264181074577 -0.188938581092123 -0.152612981324197 -0.116287381747777 -0.0799617823161257 -0.0436361829778278 -0.00731058368647334 0.0290150156030964
-1.05079565138433 -1.00866204983876 -0.966585059258192 -0.924631366799689 -0.882905902641956 -0.841526801970999 -0.800626776980356 -0.760339440972271 -0.720787434676266 -0.682077295520404 -0.644262120299618 -0.607381645650563 -0.571471834326865 -0.53655355355005 -0.502633040593224 -0.469673108467919 -0.437598638394116 -0.406226208687136 -0.375357872383039 -0.344845884305483 -0.314555049725023 -0.284352607109931 -0.254115527719347 -0.223760605358613 -0.193354191227019 -0.16299279525381 -0.132744004894111 -0.102648530589667 -0.0726684972028242 -0.0427463832010774
-0.982882736616242 -0.950751955922289 -0.918591762375026 -0.886358199696287 -0.854000485858318 -0.821473775732208 -0.788763797533989 -0.755866384187245 -0.722787214100824 -0.689527532736319 -0.656061008281053 -0.62235441460378 -0.588375363135735 -0.554094815558082 -0.519492889946887 -0.484582979707926 -0.449395200498217 -0.413993281650046 -0.378443587395078 -0.34278940788723 -0.307068264760978 -0.271311479457861 -0.235525572647652 -0.199709204488385 -0.163854393862895 -0.127955095620662 -0.0920196497529341 -0.0560593996502902 -0.020083317158866 0.0159002187613145
-1.01786203882192 -0.98369291279159 -0.949523786769255 -0.915354660753109 -0.881185534764562 -0.847016408832553 -0.812847282992911 -0.7786781572823 -0.744509031733829 -0.710339906363183 -0.676170781119916 -0.642001655937047 -0.607832530734678 -0.573663405381256 -0.539494279756104 -0.505325153833718 -0.471156027597999 -0.436986900975295 -0.402817773888617 -0.368648646305192 -0.3344795182033 -0.300310389555685 -0.266141260312949 -0.231972130434429 -0.197802999936546 -0.163633868874505 -0.129464737401548 -0.0952956056815989 -0.0611264738232677 -0.0269573419213368
-0.993486476801778 -0.9586564464658 -0.923826416196862 -0.88899638601297 -0.854166355810142 -0.819336325460869 -0.784506294865509 -0.749676263914648 -0.714846232431926 -0.680016200245257 -0.645186167266596 -0.610356133428908 -0.575526098712515 -0.540696063287159 -0.50586602737165 -0.471035991191642 -0.436205954946557 -0.401375918724052 -0.366545882553909 -0.331715846346157 -0.296885809980891 -0.262055773350215 -0.227225736394284 -0.192395699074282 -0.157565661387484 -0.122735623361947 -0.0879055851127914 -0.0530755467614497 -0.0182455083675538 0.0165845300247156
-0.989821176309542 -0.956147088373021 -0.922473000316012 -0.888798912045933 -0.855124823509237 -0.821450734665275 -0.787776645485953 -0.754102555960305 -0.720428466133304 -0.686754376047755 -0.653080285681853 -0.619406194997641 -0.585732103954344 -0.55205801249992 -0.518383920579736 -0.484709828140089 -0.451035735133179 -0.417361641533913 -0.383687547349897 -0.350013452696835 -0.316339357717454 -0.282665262527102 -0.248991167131613 -0.215317071506214 -0.181642975613223 -0.147968879440234 -0.114294783088868 -0.0806206866705431 -0.0469465902218314 -0.0132724937605952
-0.96988271234889 -0.937624875210655 -0.905367038078261 -0.87310920090289 -0.840851363621543 -0.80859352618095 -0.77633568858093 -0.744077850855513 -0.711820013122465 -0.67956217547797 -0.647304337848136 -0.615046500116552 -0.582788662152796 -0.550530823770401 -0.518272984782759 -0.486015145058741 -0.45375730449869 -0.421499463073368 -0.389241620777859 -0.356983777634111 -0.324725933670792 -0.29246808891941 -0.260210243422834 -0.227952397228998 -0.195694550394705 -0.163436702998017 -0.131178855193154 -0.0989210071413745 -0.066663158955943 -0.0344053107381247
-1.01932880348052 -0.980841620332634 -0.94240975427256 -0.904122150411222 -0.86609940376588 -0.828447784084348 -0.791184610130303 -0.754307109600556 -0.71782109690858 -0.681736921213033 -0.646074483936651 -0.61085607456819 -0.576088317352268 -0.541715175556954 -0.50766733168256 -0.473885006134931 -0.440327938367013 -0.407024406114611 -0.374017004786875 -0.341337062203475 -0.309013089286706 -0.27705325515477 -0.245384361709492 -0.213923141053138 -0.182627413306128 -0.151461400637564 -0.120373845393132 -0.0893179454369037 -0.0582802005299037 -0.0272554359073952
-1.06653014246261 -1.02829422338645 -0.990058304407739 -0.951822385593573 -0.913586466980906 -0.875350548598877 -0.837114630475489 -0.798878712635225 -0.760642795089607 -0.722406877853533 -0.684170960968348 -0.645935044482013 -0.607699128437265 -0.569463212855971 -0.531227297765694 -0.492991383237672 -0.45475546936749 -0.416519556304445 -0.378283644190304 -0.340047733082996 -0.301811823019488 -0.263575914019778 -0.225340006035973 -0.187104098966505 -0.148868192562972 -0.11063228657033 -0.0723963808537843 -0.0341604753161145 0.00407543010985673 0.0423113354837957
-0.971904358368576 -0.942818140890373 -0.91370334351712 -0.884491336123637 -0.855088135936712 -0.825411817074587 -0.795454033869354 -0.765217228404941 -0.734673413558768 -0.703774373440436 -0.672421406294758 -0.640503188900354 -0.607930589443611 -0.574703241742009 -0.540849137263504 -0.506420932446859 -0.471484243545948 -0.436131861104248 -0.400461086201438 -0.364560087772395 -0.32851475171579 -0.292405466544043 -0.256290631224558 -0.22021300417862 -0.184174771188063 -0.148172202047759 -0.112218475244183 -0.0763229149095982 -0.0404625190678131 -0.00460620421552327
-1.08623558977917 -1.03729761639114 -0.98883492267567 -0.94156843384848 -0.895800847954234 -0.851751688367586 -0.809726006954241 -0.770022073831319 -0.732825503630558 -0.698182938010644 -0.665697782223457 -0.634862632419178 -0.605162704281058 -0.576053691624634 -0.547066825851214 -0.518065010572915 -0.488924340967621 -0.459242006265492 -0.428517726700131 -0.396140252466641 -0.361470591250499 -0.324046987006942 -0.284116628770233 -0.242056284430447 -0.198052092221853 -0.152260331521123 -0.10490847593033 -0.0562732924095842 -0.00675752712572912 0.0432045789527084
-1.0556920254112 -1.00952702068976 -0.963485693634206 -0.917810591158836 -0.87292130287299 -0.829215570343363 -0.78682670027106 -0.74579830200604 -0.706079630359274 -0.667627882672459 -0.630526380949191 -0.594889978358539 -0.560762394685662 -0.527902816180067 -0.496047472865154 -0.465125303395556 -0.435078871282831 -0.405712530835013 -0.37677742549872 -0.347950064478438 -0.318888298418118 -0.289323119550619 -0.259278086464427 -0.228846904948294 -0.198111303236405 -0.167161916931516 -0.136136988665247 -0.105160068712181 -0.0742483308899048 -0.043392354901754
-0.995023558554765 -0.960743545251776 -0.926463531702786 -0.892183517674784 -0.857903503013791 -0.823623487571522 -0.789343471143428 -0.755063453544602 -0.720783434724961 -0.686503414695306 -0.652223393575135 -0.617943371511121 -0.583663348633708 -0.54938332500842 -0.515103300698522 -0.480823275823146 -0.446543250533065 -0.412263225049739 -0.377983199566626 -0.343703174094478 -0.309423148598376 -0.275143123047896 -0.240863097430619 -0.206583071733543 -0.172303045923335 -0.138023019972129 -0.103742993894256 -0.0694629677148451 -0.0351829414600268 -0.000902915156183388
0.973615306934469 0.942341986727814 0.911076437941632 0.879809536809799 0.848487850803914 0.817048741700124 0.785437057255061 0.753601030027916 0.721494945807635 0.689081210924241 0.656348660642327 0.623292737460122 0.589916709369526 0.556255146337115 0.522343359397153 0.488188321880002 0.453794220267285 0.419182431349595 0.384380723168206 0.349425238458153 0.314354213627907 0.279203894678922 0.244002565984562 0.208775125681074 0.173540888584323 0.138307945800652 0.103045076918702 0.0677224114349038 0.0323547899945315 -0.00303176896992754
-1.05655607480814 -1.01801172426954 -0.9794641192508 -0.940926005583972 -0.902454314730947 -0.864126745419148 -0.826059879808235 -0.788358543890983 -0.751041655560373 -0.714109273161343 -0.677571924946445 -0.641442756645136 -0.605722075286435 -0.570358833097604 -0.535291309112761 -0.500466444395194 -0.465840172051543 -0.431395731332674 -0.397122404009136 -0.363006335785979 -0.329032888351883 -0.295197804592284 -0.261538352179647 -0.228098977471293 -0.194911316776929 -0.161992292663315 -0.129312782773059 -0.0968266076529416 -0.0644654043906207 -0.0321552642089701
-0.991932119412057 -0.956049721896084 -0.920167324354313 -0.884284926745375 -0.848402529009767 -0.812520131074028 -0.776637732827016 -0.740755334158763 -0.704872935001695 -0.668990535315506 -0.633108135126579 -0.597225734477968 -0.561343333425243 -0.525460932074029 -0.489578530539649 -0.453696128926155 -0.417813727343054 -0.381931325932915 -0.34604892482541 -0.310166524065558 -0.274284123677209 -0.238401723664812 -0.202519323955199 -0.166636924451462 -0.130754525039341 -0.0948721256121682 -0.058989726110994 -0.0231073265028306 0.0127750731891758 0.0486574729278456
-0.997253471187433 -0.95917171197609 -0.92109542473056 -0.883068530783018 -0.845174344849178 -0.80752277773158 -0.770290731196524 -0.733635280751209 -0.697567205902661 -0.662088905326695 -0.62731555037445 -0.593390505565896 -0.560446261638237 -0.52857181419761 -0.497801174964052 -0.467991915244253 -0.438955253922956 -0.410493440610445 -0.382422223404071 -0.354620313623917 -0.326982163395746 -0.299419010692622 -0.27190923687681 -0.244433908554158 -0.216917689915653 -0.189278069942561 -0.161460239192136 -0.133434469604088 -0.105243657071962 -0.076948853477767
1.01236687886632 0.977116501609331 0.941876153359992 0.906642241465817 0.871416087907117 0.836197878514175 0.800978339884387 0.765745382273799 0.730485109805947 0.695175699333743 0.659765424760121 0.62419508425052 0.58841096214984 0.552381287520838 0.51608086545894 0.479488860472398 0.442579096650787 0.405299676996151 0.367600016550944 0.329460499606787 0.290869252767594 0.251835918458732 0.212456202391379 0.172840159452678 0.133069177947823 0.0932109235709761 0.053306838154132 0.0133865626126294 -0.026541241942647 -0.0664731593519261
-1.05867879361923 -1.02135030412414 -0.984021949542686 -0.946693883181462 -0.909366314552349 -0.872039447804441 -0.834713409430418 -0.797388309427911 -0.760064269470763 -0.722741385577321 -0.685419639467723 -0.648098984287554 -0.610779402174232 -0.57346099123249 -0.536143862454959 -0.498828062418549 -0.461513597258545 -0.42420037575944 -0.386888313885543 -0.349577453671222 -0.312267868668357 -0.274959598442046 -0.237652546610265 -0.200346570324591 -0.163041476818142 -0.125737069963953 -0.0884331901131928 -0.0511296854436519 -0.013826398961462 0.0234768276201594
-0.985661890028372 -0.952779004861825 -0.91989611963168 -0.887013234259555 -0.854130348691063 -0.821247462880457 -0.788364576792562 -0.755481690420987 -0.722598803863913 -0.689715917218135 -0.656833030470336 -0.623950143579669 -0.591067256474697 -0.558184368961605 -0.525301480811918 -0.492418591780915 -0.459535701643331 -0.426652810267989 -0.393769917600384 -0.360887023798585 -0.328004129073812 -0.295121233633739 -0.262238337671885 -0.229355441342187 -0.19647254465444 -0.163589647606984 -0.130706750296508 -0.0978238528338052 -0.0649409552877405 -0.0320580577166982
-1.04571676531616 -1.00902694113416 -0.972337117028682 -0.93564729309013 -0.89895746949516 -0.862267646404822 -0.825577823831548 -0.788888001722755 -0.752198179914427 -0.715508358224035 -0.678818536506435 -0.642128714625833 -0.60543889245316 -0.56874906988626 -0.532059246832481 -0.495369423210257 -0.458679598920293 -0.421989773781268 -0.385299947630048 -0.348610120458281 -0.311920292296311 -0.275230463159208 -0.238540633000959 -0.201850801782859 -0.165160969556527 -0.128471136418497 -0.0917813025546459 -0.0550914681721074 -0.0184016334736987 0.0182882013388415
-0.988460674198557 -0.954781358850479 -0.921102043524469 -0.887422728226297 -0.853743412961554 -0.820064097749861 -0.786384782667152 -0.752705467809148 -0.719026153294412 -0.685346839235622 -0.651667525699094 -0.617988212739548 -0.58430890042558 -0.55062958888128 -0.51695027823911 -0.483270968609535 -0.449591660085939 -0.415912352715388 -0.382233046486189 -0.348553741197928 -0.314874436603009 -0.281195132471165 -0.247515828641433 -0.213836524980604 -0.180157221397171 -0.14647791781536 -0.112798614180636 -0.0791193104577652 -0.0454400066674772 -0.0117607028444935
-1.01358888157129 -0.97270510523782 -0.93246671077114 -0.89334321496998 -0.855552103576585 -0.819171108024804 -0.783970973571396 -0.749738516865859 -0.716631826305746 -0.684844645759103 -0.654342069227883 -0.625032028247515 -0.596682985314152 -0.568505526766839 -0.539697976077971 -0.509967481410459 -0.479189618390023 -0.447404847803096 -0.414663592286218 -0.380891236715669 -0.345981906527656 -0.309759032850283 -0.271763269579215 -0.231559588676706 -0.189093011603778 -0.144534674664235 -0.0985801240342331 -0.0519545510486359 -0.0049773178047908 0.0421336709093348
-1.10157794252732 -1.02584230006331 -0.952617896124713 -0.885328500774244 -0.82511236616671 -0.772742148581753 -0.729813638706267 -0.697219919255128 -0.672220106647885 -0.651084823421906 -0.629764682881188 -0.604130296021379 -0.571317231070623 -0.533520885187025 -0.493751957212843 -0.453222523796972 -0.412817377470416 -0.373910796485991 -0.337645220286531 -0.303746247353125 -0.271585265926427 -0.240928961158996 -0.213125205851005 -0.189347043127399 -0.168487009764592 -0.149384666565203 -0.132948176785213 -0.120290364905158 -0.111274097850443 -0.105449753157687
-0.922943135506335 -0.892203673658954 -0.861464211763807 -0.830724749814636 -0.799985287832614 -0.769245825862452 -0.738506364015565 -0.707766902400526 -0.67702744104783 -0.646287979984742 -0.615548519303693 -0.584809059113403 -0.554069599554485 -0.523330140895111 -0.492590683386271 -0.461851227082662 -0.431111771981873 -0.400372318049357 -0.369632865243819 -0.338893413529111 -0.308153962870371 -0.277414513212368 -0.246675064418387 -0.215935616313382 -0.18519616865045 -0.154456721191325 -0.123717273804144 -0.0929778263986955 -0.062238378944982 -0.0314989314280575
-0.954283160973606 -0.921061166596773 -0.887839172104274 -0.854617177344457 -0.821395182175479 -0.788173186468431 -0.754951190136333 -0.721729193090031 -0.688507195189746 -0.655285196309746 -0.622063196431126 -0.588841195561682 -0.555619193697341 -0.522397190786534 -0.489175186748847 -0.455953181436 -0.422731174703621 -0.389509166490849 -0.356287156816926 -0.323065145937989 -0.289843134169401 -0.256621121795254 -0.223399108974563 -0.190177095844329 -0.156955082578573 -0.123733069326841 -0.0905110561037838 -0.0572890428923894 -0.0240670296838947 0.00915498352840109
0.929768087705948 0.901390775292766 0.873009242734808 0.844619089753085 0.816187799264061 0.787660774284028 0.758923215033145 0.729853141501962 0.700360055558725 0.670378752961523 0.639913723150114 0.608986878984674 0.577600331085791 0.545676981115708 0.513129683081652 0.479910309329147 0.445997822574172 0.411440528676231 0.376292946299137 0.340565102180406 0.30425590007598 0.267367519524347 0.229915243194164 0.191927867916357 0.153475144040764 0.114646176940019 0.0755665385590447 0.0363597622721243 -0.00289523940129071 -0.0421307091554574
-0.985722860691499 -0.952688470377131 -0.919654079960164 -0.886619689320389 -0.853585298387099 -0.820550907119338 -0.787516515545677 -0.754482123720748 -0.721447731733899 -0.688413339654395 -0.655378947436427 -0.622344555005421 -0.589310162287252 -0.556275769209611 -0.523241375685787 -0.490206981569672 -0.457172586704897 -0.424138190953451 -0.391103794197782 -0.358069396383819 -0.325034997473357 -0.292000597459982 -0.25896619646443 -0.225931794626413 -0.192897392034395 -0.159862988773341 -0.126828584965466 -0.0937941807427008 -0.0607597762385913 -0.0277253715870871
-1.00596563549455 -0.972972982396318 -0.93998032920229 -0.906987675859406 -0.873995022325774 -0.841002368563351 -0.808009714538318 -0.775017060202049 -0.742024405442472 -0.709031750134593 -0.67603909416519 -0.643046437423981 -0.610053779805588 -0.577061121224243 -0.544068461623681 -0.51107580104603 -0.478083139565717 -0.445090477287963 -0.412097814317739 -0.379105150728199 -0.346112486584547 -0.313119821946135 -0.280127156848902 -0.247134491329956 -0.214141825454475 -0.181149159291161 -0.148156492894729 -0.115163826318063 -0.0821711596206998 -0.0491784928638413
-1.00148290859236 -0.960560784768089 -0.919670720332734 -0.878907263130134 -0.838455167060183 -0.798508166216609 -0.75920570941244 -0.720676740160066 -0.68306246605003 -0.646469208244868 -0.610851478116917 -0.576125834590971 -0.542210497154434 -0.50903032754517 -0.47649991986723 -0.444486155438962 -0.412860430632829 -0.381559914823441 -0.350524742415606 -0.319641134932759 -0.288781835677991 -0.25783352485002 -0.226738630230077 -0.195494575727183 -0.164263022179015 -0.133221086298159 -0.102443471368201 -0.0719511382257098 -0.0416524913481858 -0.0114277961233629
-1.10200402386444 -0.956501342537724 -0.844599389140344 -0.790614120798181 -0.78222359093393 -0.797592598247527 -0.813470826251067 -0.81004537750949 -0.782668145986964 -0.733066272440277 -0.673303093397444 -0.618025994329288 -0.578951280044155 -0.556070932700487 -0.542996891216115 -0.519545244196337 -0.469804443405405 -0.408748243555909 -0.355763349781482 -0.317002965951596 -0.29531192061968 -0.289598919199411 -0.283028174545457 -0.259427482506273 -0.221023463464491 -0.173136315285817 -0.115061721234096 -0.0460931667398327 0.0284601394979703 0.101785057963184
-0.991891412388166 -0.958982521695777 -0.92608488061312 -0.893196149090559 -0.860283310921742 -0.827309689541207 -0.794254643103782 -0.761096257530366 -0.727791495085847 -0.694295702297879 -0.660578886401195 -0.6266147198073 -0.592384964836323 -0.557903743442907 -0.523183328365714 -0.48819623584498 -0.452910627268191 -0.417317001110258 -0.381415780803011 -0.345224752518534 -0.308766043113976 -0.272065412961296 -0.235163156491691 -0.198098802814582 -0.16089428569304 -0.123568182283928 -0.0861432386656203 -0.0486444989516175 -0.0111020304744073 0.026452843628776
-0.979674312305211 -0.945873654620532 -0.912072996942056 -0.878272339256003 -0.844471681608314 -0.810671024059912 -0.776870366671932 -0.743069709511042 -0.709269052665821 -0.675468396205934 -0.641667740103484 -0.607867084306178 -0.574066428757666 -0.540265773385356 -0.506465118133116 -0.472664463026892 -0.438863808083015 -0.405063153197277 -0.371262498267862 -0.337461843323059 -0.303661188423684 -0.269860533650047 -0.236059879160448 -0.202259225103229 -0.168458571508924 -0.134657918371688 -0.100857265657969 -0.0670566133098288 -0.0332559611994903 0.000544690818281486
-1.09696036025873 -1.0443431835645 -0.993077695985706 -0.943725311918089 -0.895308620836244 -0.846767003139024 -0.79824582784347 -0.750488443186718 -0.705424125668109 -0.66487275017054 -0.629030656848929 -0.597688302176198 -0.570411171276083 -0.545864863875571 -0.522373008680153 -0.497791235706066 -0.470376002087506 -0.440455072119734 -0.4084542449596 -0.373120152049238 -0.332779632902104 -0.286952895688786 -0.239933623208404 -0.196517953936969 -0.158738374429522 -0.127930329067393 -0.105404745458037 -0.0917409741031996 -0.0846165738556525 -0.080983655655923
-0.96236087678864 -0.930955518087144 -0.899550159411463 -0.868144800784312 -0.836739442255362 -0.805334083853102 -0.773928725494347 -0.742523367070034 -0.711118008479265 -0.679712649644232 -0.648307290571293 -0.616901931287851 -0.585496571849183 -0.554091212422052 -0.522685853181586 -0.491280494224872 -0.459875135634151 -0.42846977751034 -0.397064419933601 -0.365659062882431 -0.334253706309908 -0.302848350142042 -0.271442994196586 -0.240037638286174 -0.208632282311231 -0.177226926211139 -0.145821569993327 -0.11441621368223 -0.0830108573022717 -0.0516055008778734
-0.98512095925295 -0.949790475478831 -0.914459601661397 -0.879140030226281 -0.843859570586098 -0.808648082361235 -0.773527509016184 -0.738516556106068 -0.703628893704432 -0.668876447239618 -0.634269199040748 -0.599816645662138 -0.565524444130933 -0.531382893365599 -0.497382021239097 -0.463526129551049 -0.429818949916221 -0.396247659283276 -0.362797089876276 -0.329459249686978 -0.296227940649063 -0.263093873237532 -0.23003539209267 -0.197031673842719 -0.164077588902476 -0.131173055427003 -0.0983224887458598 -0.0655273002401453 -0.0327723883226121 -3.85231639262557e-05
-0.96228667029807 -0.930611293454121 -0.898935916582907 -0.867260539667306 -0.835585162741423 -0.803909785859995 -0.772234409109059 -0.74055903259799 -0.70888365649821 -0.677208280997507 -0.645532906287098 -0.613857532559051 -0.582182159984006 -0.55050678864688 -0.518831418570139 -0.487156049612177 -0.455480681584865 -0.423805314278055 -0.392129947480873 -0.360454581001534 -0.328779214653028 -0.297103848267675 -0.265428481755109 -0.233753115055484 -0.202077748153706 -0.170402381049003 -0.13872701375316 -0.107051646292359 -0.0753762787378332 -0.0437009111720767
-0.984560555600517 -0.952149209013255 -0.919737862443334 -0.887326515919159 -0.854915169499134 -0.822503823243112 -0.790092477186736 -0.757681131366956 -0.725269785850138 -0.692858440689489 -0.660447095856151 -0.628035751300752 -0.595624406961469 -0.563213062726682 -0.530801718479234 -0.498390374129633 -0.465979029600382 -0.43356768483431 -0.401156339777671 -0.368744994370114 -0.336333648549634 -0.303922302295151 -0.271510955749268 -0.239099609091294 -0.20668826248369 -0.174276916063428 -0.141865569882379 -0.109454223951438 -0.0770428782026664 -0.0446315325484205
0.972975833144754 0.941684212479554 0.910360466675914 0.878976378673153 0.84749898031948 0.81589509770457 0.784135484975081 0.752196445641371 0.720072552611623 0.687766327337217 0.65529381604451 0.622674446153598 0.589920330962434 0.557014327280375 0.523937400149866 0.49069220403428 0.457280915683318 0.423682111571066 0.38986607162278 0.355793489844037 0.321422663760487 0.286725179319512 0.251725776155397 0.216465824100689 0.181000060094076 0.145383178664841 0.109656337598524 0.0738558291074766 0.0380120198550391 0.00215379511730146
-1.02165643829862 -0.986404415555912 -0.951152392673131 -0.915900369517548 -0.880648345995876 -0.845396322010656 -0.810144297408269 -0.774892272084216 -0.739640246186634 -0.704388219933088 -0.669136193566211 -0.633884167334903 -0.598632141470589 -0.563380116134792 -0.528128091463196 -0.492876067558022 -0.457624044516833 -0.422372022452017 -0.387120001460115 -0.351867981559439 -0.316615962748746 -0.281363945007195 -0.246111928235557 -0.210859912320171 -0.175607897168033 -0.140355882674072 -0.10510386866429 -0.0698518549614876 -0.0345998414445812 0.000652171993481742
-1.023353091374 -0.985058847917473 -0.946732666051529 -0.908327093227207 -0.869786299626928 -0.831073947704419 -0.792240046267212 -0.753368242319448 -0.714590389297878 -0.676047807675235 -0.63787147963556 -0.600189802790725 -0.563115810784745 -0.526701081390231 -0.490982347011517 -0.455998414451257 -0.421787444026367 -0.388382935712506 -0.355817186798372 -0.324122344166076 -0.293330517096084 -0.263425933377155 -0.234201294831215 -0.205429179445845 -0.176993195838074 -0.148814728446922 -0.120855234369932 -0.0930765884146464 -0.0654022635700657 -0.0377461323705556
-1.01886438308304 -0.982533489755831 -0.946202596394094 -0.909871702987337 -0.873540809633895 -0.837209916462861 -0.800879023617518 -0.764548131234537 -0.728217239409933 -0.691886348238428 -0.655555457850234 -0.619224568384431 -0.582893679951355 -0.546562792546348 -0.510231906113735 -0.473901020508779 -0.437570135559843 -0.401239251076766 -0.364908366874967 -0.328577482810703 -0.292246598750442 -0.255915714580741 -0.219584830268517 -0.183253945789963 -0.14692306107802 -0.110592176079393 -0.0742612908391166 -0.0379304054284091 -0.00159951992489068 0.0347313655922173
-0.9818119720672 -0.947723159158576 -0.91363434631754 -0.87954553365 -0.84545672125164 -0.811367909200621 -0.777279097515214 -0.743190286203969 -0.709101475296425 -0.675012664813084 -0.640923854717308 -0.606835044958175 -0.572746235468423 -0.538657426115434 -0.504568616778279 -0.47047980744814 -0.436390998122808 -0.402302188714397 -0.368213379124542 -0.334124569298648 -0.300035759193061 -0.265946948784706 -0.231858138132832 -0.197769327302478 -0.163680516299518 -0.129591705122594 -0.0955028938005836 -0.0614140823709372 -0.0273252708751743 0.00676354064416845
-1.03295406939641 -0.996722573529352 -0.960491077669182 -0.924259581740923 -0.888028085668163 -0.851796589401628 -0.815565093002045 -0.779333596538755 -0.74310210000556 -0.706870603374962 -0.670639106609787 -0.634407609670445 -0.598176112536664 -0.561944615265458 -0.525713117957603 -0.48948162081165 -0.45325012403223 -0.417018627750516 -0.380787132042668 -0.344555636838247 -0.308324142030166 -0.272092647519449 -0.235861153239573 -0.199629659141559 -0.163398165214167 -0.12716667145296 -0.0909351778429914 -0.0547036843624475 -0.0184721909725663 0.0177593023696519
-1.0429130858178 -1.00758087738623 -0.972248669122514 -0.936916461175304 -0.901584253677215 -0.866252046731746 -0.830919840341967 -0.79558763448116 -0.760255429103878 -0.724923224169407 -0.689591019674671 -0.654258815626003 -0.618926612023301 -0.583594408840708 -0.54826220605499 -0.51293000367916 -0.477597801738216 -0.442265600268834 -0.40693339931346 -0.371601198925923 -0.336268999162902 -0.300936800065666 -0.26560460161386 -0.230272403748857 -0.19494020632058 -0.159608009165263 -0.124275812155838 -0.0889436151893472 -0.05361141822257 -0.0182792212272209
-0.985824834964725 -0.951671990001077 -0.917519144963976 -0.883366299841107 -0.849213454756324 -0.815060609881033 -0.780907765440689 -0.746754921643133 -0.712602078571711 -0.678449236279412 -0.644296394822303 -0.61014355425722 -0.575990714630571 -0.541837875947071 -0.507685038178406 -0.473532201205882 -0.439379364872246 -0.405226528956415 -0.371073693238614 -0.336920857568126 -0.302768021811498 -0.268615185876975 -0.234462349839576 -0.200309513814073 -0.16615667790745 -0.132003842198396 -0.0978510066601952 -0.0636981712411353 -0.0295453358949091 0.00460749942343834
-1.0299012715834 -0.994756074461765 -0.959610877276162 -0.924465679965899 -0.889320482525194 -0.854175284966954 -0.819030087323914 -0.783884889622149 -0.748739691841258 -0.713594493956586 -0.678449295972936 -0.643304097902476 -0.608158899757714 -0.573013701552514 -0.537868503313387 -0.502723305116061 -0.467578107056846 -0.432432909265143 -0.397287711862151 -0.362142514903151 -0.326997318426948 -0.291852122461645 -0.256706926992559 -0.221561731985009 -0.186416537367131 -0.151271343058394 -0.116126148980804 -0.080980955059971 -0.0458357612333839 -0.0106905674415044
-1.01621905566579 -0.982694084861418 -0.949169113885626 -0.91564414253832 -0.88211917070594 -0.848594198332569 -0.815069225506315 -0.781544252327963 -0.748019278804976 -0.714494304937583 -0.680969330790398 -0.647444356444131 -0.613919381966916 -0.580394407376579 -0.546869432658329 -0.513344457717219 -0.479819482456305 -0.446294506850815 -0.412769530882788 -0.379244554489349 -0.345719577596393 -0.312194600149374 -0.278669622171987 -0.245144643720885 -0.211619664906304 -0.178094685854363 -0.144569706701125 -0.111044727560114 -0.0775197484447342 -0.0439947693433624
-1.01978240169303 -0.984909245639888 -0.95003608953213 -0.915162933298884 -0.880289776834987 -0.845416620024614 -0.810543462743605 -0.775670304861603 -0.740797146231825 -0.705923986742073 -0.671050826434907 -0.636177665391579 -0.601304503712211 -0.566431341572404 -0.531558179167812 -0.496685016698834 -0.461811854322901 -0.426938692020838 -0.392065529734477 -0.357192367426294 -0.322319205063922 -0.287446042638388 -0.252572880234291 -0.217699717944224 -0.182826555799169 -0.147953393803148 -0.113080231913961 -0.0782070700852156 -0.0433339082999879 -0.0084607465487199
-0.980425937616685 -0.947614189120946 -0.914802440668606 -0.88199069228713 -0.849178943966235 -0.81636719569368 -0.783555447487129 -0.75074369934978 -0.717931951197061 -0.685120202922536 -0.652308454420088 -0.619496705583675 -0.586684956307038 -0.553873206483029 -0.52106145601347 -0.488249704836942 -0.455437952875065 -0.422626199944843 -0.389814445883019 -0.357002690709891 -0.324190934491648 -0.291379177324062 -0.25856741942123 -0.225755661014708 -0.192943902287542 -0.160132143390287 -0.127320384392039 -0.0945086253336722 -0.0616968662246331 -0.0288851070665105
-0.963673274389039 -0.932782907229625 -0.901892539921217 -0.871002172362313 -0.840111804536487 -0.809221436444486 -0.778331068070671 -0.747440699393074 -0.716550330380784 -0.685659961011084 -0.654769591302963 -0.623879221285836 -0.592988851017936 -0.562098480672767 -0.531208110426703 -0.500317740352319 -0.469427370492926 -0.438537000878552 -0.407646631535793 -0.376756262490808 -0.345865893769644 -0.314975525358331 -0.284085157082826 -0.253194788754424 -0.222304420285823 -0.191414051626512 -0.16052368277171 -0.129633313740676 -0.098742944603074 -0.0678525754411712
-0.948454827646105 -0.915946201271276 -0.883455846840346 -0.851001499100546 -0.818599171094405 -0.786265086138235 -0.75401803034819 -0.721875348080403 -0.689846053851085 -0.657936876643083 -0.626153733145718 -0.594502336974928 -0.562986905539516 -0.531605671419728 -0.50035567297688 -0.469235156525124 -0.438243002809758 -0.407379422347841 -0.376643161066719 -0.346025776763134 -0.315517030201175 -0.28510713012723 -0.254788077216873 -0.224554252035417 -0.194407762777936 -0.164347867107781 -0.134354692931656 -0.104405013445126 -0.0744813127558567 -0.0445675026995414
-1.03738946769361 -1.0003785090184 -0.963367550375457 -0.926356591772567 -0.889345633226826 -0.852334674731018 -0.815323716171413 -0.778312757428939 -0.741301798469665 -0.70429083928952 -0.667279879918732 -0.630268920396108 -0.593257960726261 -0.556247000777035 -0.51923604039498 -0.482225079478246 -0.445214117919231 -0.408203155535736 -0.371192192169062 -0.334181227829121 -0.297170262567972 -0.26015929645289 -0.22314832961199 -0.186137362187139 -0.149126394314378 -0.112115426139377 -0.075104457852165 -0.03809348961706 -0.00108252145118903 0.0359284466651191
-0.970852463615273 -0.943262509435176 -0.923578587684883 -0.910930543548496 -0.8952228488993 -0.867473278982821 -0.832378195844374 -0.796446990492194 -0.759762582986415 -0.720889177185201 -0.678742583086956 -0.632326512225146 -0.581774660545208 -0.531740661640488 -0.486682690210886 -0.44575714773461 -0.408476360558048 -0.381078127722008 -0.368365487096453 -0.362676959173558 -0.353234935101054 -0.330319714134664 -0.288443227962083 -0.227042398439857 -0.161022475667957 -0.105486635378397 -0.0608614275879531 -0.0241317729499164 0.00680729962113158 0.0338332341452864
-1.0615531490608 -1.02340899653703 -0.985264151974407 -0.947120499433379 -0.908984371814763 -0.870863124672077 -0.832763755329282 -0.794691986806609 -0.756648803138913 -0.718634846083391 -0.680654127271962 -0.64271150080523 -0.604811736327682 -0.566959265659338 -0.529158278753511 -0.491412335921145 -0.4537252748155 -0.416102672101446 -0.378549194140038 -0.341064127065434 -0.303645411955067 -0.266289539078439 -0.22898719547333 -0.19172766126312 -0.154500392145334 -0.11729518432472 -0.0801030204607872 -0.0429162174911208 -0.00573124301084395 0.0314543977205352
-1.00500592517416 -0.970636719304383 -0.936267513397622 -0.90189830745795 -0.867529101505095 -0.833159895548586 -0.798790689541506 -0.764421483436555 -0.730052277241357 -0.695683070983155 -0.661313864712753 -0.626944658486846 -0.592575452331159 -0.558206246147545 -0.523837039831326 -0.48946783337557 -0.455098626809231 -0.420729420207071 -0.386360213628652 -0.351991007026949 -0.317621800328286 -0.283252593486388 -0.248883386564572 -0.214514179640826 -0.180144972742231 -0.145775765881674 -0.111406559066165 -0.0770373523014218 -0.0426681455938534 -0.00829893895004295
-1.03786450320568 -1.00197082089846 -0.966077138600687 -0.930183456335371 -0.894289774174008 -0.858396092189576 -0.822502410412436 -0.786608728863414 -0.750715047567797 -0.714821366532535 -0.678927685686756 -0.64303400494013 -0.607140324239755 -0.571246643682419 -0.535352963397736 -0.499459283496929 -0.463565604072403 -0.427671925159694 -0.391778246777276 -0.355884568932257 -0.319990891628904 -0.284097214863587 -0.248203538601092 -0.212309862778145 -0.176416187250802 -0.140522511865226 -0.104628836508663 -0.0687351611010725 -0.0328414856521922 0.00305218980579841
-1.0705057204187 -1.03263410859626 -0.994762496874234 -0.956890885330732 -0.919019273993716 -0.881147662888965 -0.84327605208366 -0.805404441630296 -0.767532831481226 -0.729661221584414 -0.691789611970407 -0.653918002690399 -0.616046393796419 -0.578174785343847 -0.540303177374327 -0.502431569871219 -0.464559962777813 -0.426688355935398 -0.388816749183502 -0.350945142456613 -0.313073535712953 -0.275201928941563 -0.237330322254731 -0.199458715773299 -0.161587109529052 -0.123715503507194 -0.0858438975956592 -0.0479722916834962 -0.0101006857614876 0.0277709201541507
-1.01030002828768 -0.977553844931025 -0.944806370554449 -0.912053969969857 -0.879285824682847 -0.846491186203861 -0.813666769369027 -0.780809177840656 -0.747907107260106 -0.714946413729277 -0.681909503213169 -0.648777919142562 -0.615535865190852 -0.582178186001915 -0.548702441411593 -0.515106411053121 -0.481387907071937 -0.447544651864876 -0.413575292862029 -0.379482267375099 -0.345268960186193 -0.310938113790405 -0.276489901534779 -0.241927477719285 -0.20726848960366 -0.172534587348725 -0.137748939759875 -0.102932690260097 -0.0680973620981568 -0.0332520734792659
-0.975836396142718 -0.943366355794858 -0.910896315982139 -0.878426277138692 -0.845956239387795 -0.813486202416498 -0.781016164477782 -0.74854612343876 -0.71607607705713 -0.683606022920544 -0.651135958045885 -0.618665879307341 -0.586195784003632 -0.553725671131606 -0.521255540257701 -0.488785391528615 -0.456315225567251 -0.423845044321103 -0.391374850162181 -0.35890464583598 -0.326434434181363 -0.293964217972766 -0.261493999726906 -0.229023781491142 -0.196553563693131 -0.16408334629229 -0.131613128994779 -0.0991429115005637 -0.0666726937380709 -0.0342024756928453
-0.932924542194429 -0.901868129311647 -0.870811716486678 -0.839755303722535 -0.808698890891492 -0.777642477823087 -0.74658606430664 -0.715529650144818 -0.684473235233914 -0.653416819500287 -0.622360402896951 -0.591303985383583 -0.560247566944476 -0.529191147662384 -0.498134727662513 -0.467078307141404 -0.436021886283491 -0.404965465153435 -0.373909043782792 -0.342852622190494 -0.311796200392313 -0.280739778401918 -0.249683356224566 -0.218626933862081 -0.187570511310999 -0.156514088570624 -0.125457665656638 -0.0944012425923439 -0.0633448194151508 -0.0322883961659938
-1.00117858431937 -0.966573005088981 -0.931967425846279 -0.897361846653174 -0.862756267601284 -0.828150688771465 -0.793545110171821 -0.758939531778873 -0.724333953515544 -0.68972837528946 -0.655122797000655 -0.620517218547265 -0.585911639841367 -0.55130606085079 -0.516700481563326 -0.482094901990871 -0.447489322163358 -0.412883742158784 -0.378278162064543 -0.34367258195755 -0.3090670019121 -0.274461421976959 -0.239855842098782 -0.20525026222126 -0.170644682378351 -0.13603910260857 -0.101433522878403 -0.0668279431440009 -0.0322223633921984 0.002383216382497
-1.00926075804022 -0.975594957509993 -0.941933082221546 -0.908264752533952 -0.874561856533059 -0.840793292488614 -0.80693373167919 -0.772961936228053 -0.738867258628409 -0.704642870910024 -0.670286632878959 -0.635797576285352 -0.601172337968922 -0.566397975127732 -0.531460521310146 -0.496351495107397 -0.461064730195524 -0.425597835546912 -0.38995211459261 -0.354139873301977 -0.318176168278951 -0.28207653398916 -0.245858416344998 -0.209538740533736 -0.17313043739539 -0.136648328680853 -0.100118794131782 -0.06356716225287 -0.0270029986101892 0.00956807196484143
-1.00576200008399 -0.974745570442254 -0.944738256999085 -0.897729989722035 -0.830781498926111 -0.750670096731714 -0.687968622133354 -0.67012264148166 -0.688273103677632 -0.72285775738603 -0.74780616777629 -0.735420854144017 -0.670659884800378 -0.589103524118786 -0.53043663901775 -0.500140310533921 -0.49028390193134 -0.473493691265486 -0.426007582057322 -0.357953064898311 -0.287930027147542 -0.232653145475115 -0.201296253795174 -0.19645707166323 -0.201969703956222 -0.198388333619576 -0.171911070551248 -0.114043558801544 -0.0318776520776497 0.0635982434990275
-0.969712765491766 -0.936627944488957 -0.903543123473535 -0.870458302406034 -0.837373481275509 -0.804288660096777 -0.771203838959179 -0.738119017975717 -0.705034197279494 -0.671949376975053 -0.638864557032597 -0.605779737388742 -0.572694917981847 -0.539610098757252 -0.506525279634233 -0.473440460420835 -0.440355640910177 -0.40727082094691 -0.374186000399955 -0.341101179183798 -0.308016357224312 -0.274931534455101 -0.241846710840667 -0.208761886363898 -0.175677061050312 -0.142592234956437 -0.109507408220222 -0.076422581001611 -0.0433377534671078 -0.0102529257848573
-0.993931817731278 -0.959108591995788 -0.924285366211934 -0.889462140307831 -0.854638914260209 -0.81981568806877 -0.784992461776481 -0.750169235454922 -0.715346009246876 -0.680522783281945 -0.645699557565797 -0.610876332073119 -0.576053106772853 -0.541229881610983 -0.506406656527667 -0.471583431462753 -0.43676020634522 -0.401936981060882 -0.36711375551024 -0.33229052969568 -0.297467303645063 -0.262644077375732 -0.227820850862966 -0.192997624080805 -0.158174397040409 -0.123351169774063 -0.0885279423614403 -0.0537047148852394 -0.0188814873928607 0.0159417400771195
0.999601441917401 0.966439856490014 0.933278271033118 0.900116685547771 0.866955100057095 0.833793514588364 0.800631929163403 0.767470343779587 0.734308758341934 0.701147172751259 0.667985586983897 0.634824001035065 0.601662414916873 0.568500828709008 0.535339242507032 0.502177656402423 0.469016070468157 0.435854484707264 0.402692899112282 0.369531313703723 0.336369728509093 0.303208143535614 0.270046558709384 0.236884973944689 0.203723389189686 0.170561804404446 0.137400219562825 0.104238634652331 0.0710770497012987 0.0379154647482704
-1.03694197532025 -0.979078229735197 -0.923057179254385 -0.871287458372295 -0.823886884400404 -0.780612909441194 -0.742072341944178 -0.708902018901109 -0.681009535125666 -0.657762277783221 -0.637096045623997 -0.616588740294431 -0.593953933929428 -0.56744788061776 -0.535844886999111 -0.499448787962946 -0.459069274859903 -0.416009936635555 -0.371801200156053 -0.328386946374942 -0.287814419767616 -0.251780806285371 -0.220583057783106 -0.19409505777176 -0.171898650482819 -0.153466890433229 -0.138129712561223 -0.125156798785024 -0.113719938521517 -0.102966448062255
-0.933802689099876 -0.921904625935904 -0.908888734870244 -0.893264210710153 -0.872482689969488 -0.844724813544489 -0.812144798154335 -0.77806781435681 -0.746529272241167 -0.720398318826599 -0.697168809320561 -0.672990775977574 -0.644779454534973 -0.612510894661353 -0.576304671124763 -0.533793645159824 -0.483226643505551 -0.427803068451963 -0.371615198827229 -0.31737624406111 -0.267454646233768 -0.223362178735726 -0.183183940198962 -0.145382050468092 -0.113353388996837 -0.0908661397253333 -0.0782389449302863 -0.0744413677365116 -0.0764961963247057 -0.0809395251395352
-1.05288248566452 -1.018260024724 -0.983637563861667 -0.949015103128539 -0.914392642553047 -0.879770182165858 -0.845147722029132 -0.810525262246261 -0.775902803054055 -0.741280344691163 -0.706657887270141 -0.672035430872024 -0.637412975581205 -0.602790521495504 -0.568168068699906 -0.533545617214626 -0.498923167033524 -0.464300718109809 -0.429678270353294 -0.395055823540858 -0.360433377416147 -0.32581093173915 -0.291188486335222 -0.2565660410579 -0.221943595808064 -0.187321150494723 -0.152698705012058 -0.118076259279725 -0.0834538133341101 -0.0488313672407795
-0.965709203472622 -0.933194333211706 -0.900679462937798 -0.868164592600868 -0.835649722083125 -0.803134851248342 -0.770619979954295 -0.738105108080165 -0.705590235596751 -0.673075362481109 -0.640560488643691 -0.608045613978299 -0.575530738402947 -0.543015861932481 -0.510500984604596 -0.477986106451534 -0.445471227514081 -0.412956347872663 -0.380441467631376 -0.347926586949371 -0.315411705999565 -0.282896824957794 -0.250381944011579 -0.217867063301699 -0.185352182770283 -0.15283730232934 -0.12032242196906 -0.0878075416932772 -0.0552926614822068 -0.0227777813101614
-0.876851209235594 -0.961046540781298 -0.857265961046258 -0.817409951956739 -0.843331790085174 -0.877349152504234 -0.873684523641384 -0.805519686903022 -0.7099688142565 -0.63361711898821 -0.597001591099744 -0.614147164771497 -0.674998008467334 -0.673175227785023 -0.531369132435424 -0.384869911447888 -0.368993257347856 -0.406556997326648 -0.39699441493711 -0.358698484512328 -0.339802103080444 -0.363506895683685 -0.353289399420607 -0.246310368717933 -0.134192515258721 -0.110566002830268 -0.122628846380491 -0.101487526934076 -0.0603145386621734 -0.0327988790225466
-0.897076135034926 -0.879208430048862 -0.862040677038762 -0.845620306591236 -0.828649323561996 -0.809803904134285 -0.789002335532359 -0.76626697920554 -0.7407943824624 -0.711722621406462 -0.6787817014618 -0.641849610382624 -0.601120570288998 -0.55805374076438 -0.51419941839635 -0.470207510325555 -0.426494614789172 -0.383444483857423 -0.341573462869069 -0.301961116404005 -0.265827813852408 -0.234085535280948 -0.206412703462274 -0.182032984049658 -0.159584571512893 -0.13765060026876 -0.115179435705484 -0.0914261777657296 -0.0665076336384704 -0.0407560373242588
-0.993396960295668 -0.958890301273552 -0.924383642228102 -0.889876983123792 -0.85537032387933 -0.820863664427301 -0.786357004801575 -0.751850345072273 -0.717343685353257 -0.682837025784039 -0.648330366562984 -0.613823707903172 -0.579317049991532 -0.544810392910393 -0.510303736696792 -0.475797081311189 -0.441290426711031 -0.406783772918294 -0.372277119957491 -0.337770467798771 -0.303263816398685 -0.268757165697731 -0.234250515572168 -0.199743865870743 -0.165237216396383 -0.130730566959624 -0.096223917447279 -0.0617172677895146 -0.0272106180136375 0.00729603182875989
-1.07040804704284 -1.00472573998469 -0.938882783484101 -0.876416065332223 -0.82381742164812 -0.786056132974112 -0.759056309217635 -0.737341066413857 -0.718874715743778 -0.702238017550007 -0.685036333675763 -0.664631176339417 -0.638372396021288 -0.603563196249473 -0.559307512548842 -0.511958855383574 -0.468088992329487 -0.427893144469638 -0.390447106653857 -0.356725515291822 -0.328177717183178 -0.304982909472486 -0.282239690683983 -0.254471061558763 -0.218978230325671 -0.174782131997803 -0.12500440123752 -0.0730643823879348 -0.0194715588659092 0.0359920511432589
0.971737844042818 0.938804374299648 0.905870904488408 0.872937434518222 0.84000396424926 0.80707049355476 0.774137022409172 0.741203550785913 0.708270078553045 0.675336605576436 0.642403131818545 0.609469657265979 0.576536181914356 0.543602705795334 0.510669228945231 0.477735751382948 0.444802273123449 0.411868794183362 0.378935314567686 0.346001834233241 0.313068353124802 0.280134871202643 0.247201388489027 0.214267905054528 0.181334421100984 0.148400936839607 0.115467452387859 0.0825339678303936 0.0496004832143757 0.0166669985775994
0.986403917581916 0.954138536498243 0.921880008414031 0.8896256896297 0.857368877695519 0.825098807431574 0.792792521487368 0.760427029287993 0.727991399531483 0.695473032948601 0.662840599128102 0.630058084873235 0.597089851833184 0.563901761040864 0.53046953565842 0.49680684798119 0.462936887966066 0.428882967082984 0.39466511919033 0.360290146187256 0.325761541983106 0.291085209560586 0.256276688195842 0.221352515123676 0.186323583120057 0.151201287724079 0.11600467998615 0.0807549580679861 0.0454742530652059 0.0101849293069057
1.02335339310057 0.986411936644113 0.949470480134157 0.912529023527878 0.875587566910525 0.838646110409297 0.801704654191116 0.764763198409163 0.727821743121944 0.690880288358893 0.653938834127837 0.616997380431198 0.580055927264286 0.543114474593941 0.506173022404515 0.469231570778853 0.432290119822762 0.395348669635405 0.358407220309873 0.321465771921628 0.284524324541723 0.247582878217234 0.210641432899313 0.173699988504378 0.136758544905821 0.0998171019656741 0.0628756595435366 0.0259342175033187 -0.0110072242714089 -0.0479486658921599
1.03913228521809 0.999312315670947 0.959528522380126 0.919840469610688 0.880292868330632 0.840921966909093 0.801745016616821 0.762769900637162 0.723986026902229 0.685400332331029 0.647108345041357 0.609227740950709 0.571871120944849 0.535130785782633 0.499090585378134 0.463820866393204 0.429365554982789 0.395676398526418 0.362668446786228 0.33020213783019 0.298124256802735 0.266286578714423 0.234560838040334 0.202844191604514 0.171115526162354 0.139369070834442 0.107578694270809 0.0757241233984651 0.0438288787228991 0.01192742914422
-1.00806367109988 -0.973547779539883 -0.9390318879039 -0.904515996171041 -0.870000104443697 -0.835484212848903 -0.80096832148899 -0.766452430431252 -0.73193653962753 -0.697420649024712 -0.662904758665338 -0.628388868615861 -0.593872978939956 -0.559357089690191 -0.524841200926251 -0.490325312747379 -0.455809425243141 -0.421293538424844 -0.386777652296625 -0.352261766912212 -0.31774588233773 -0.283229998627274 -0.248714115786806 -0.214198233816267 -0.179682352739631 -0.145166472545414 -0.110650593056246 -0.0761347140574995 -0.0416188353513705 -0.00710295674426254
-1.00546971238988 -0.970812154973916 -0.936129101203588 -0.901388681240289 -0.866549908385771 -0.831574173392927 -0.796441493678856 -0.761137886489013 -0.725654741718059 -0.689988473106925 -0.65415021713241 -0.618154790955275 -0.582015954063119 -0.54574323525087 -0.509345108765469 -0.472830061354573 -0.436207532782455 -0.399490762379139 -0.362693021531558 -0.325823910288531 -0.28889211086435 -0.251905481351579 -0.214868583355879 -0.177786575408674 -0.140670300231337 -0.103530681956676 -0.0663732861732823 -0.0292023388325369 0.00797793411880559 0.0451633067351475
-1.04427455009028 -1.00758447981251 -0.97089440951619 -0.934204339162798 -0.897514268689577 -0.860824198013229 -0.82413412699252 -0.787444055514223 -0.750753983635054 -0.714063911445586 -0.67737383900187 -0.640683766351326 -0.603993693547223 -0.567303620666221 -0.530613547778058 -0.493923474901384 -0.457233402038048 -0.420543329173787 -0.383853256309737 -0.347163183524747 -0.310473110917096 -0.273783038586732 -0.237092966640297 -0.200402895148879 -0.163712824034682 -0.127022753181303 -0.0903326824668217 -0.0536426117850883 -0.0169525410985579 0.0197375296131637
1.0198264423922 0.983740545140202 0.947654647931692 0.911568750837732 0.875482853880087 0.839396957064929 0.803311060385344 0.767225163824968 0.731139267342711 0.695053370894673 0.658967474450435 0.622881577982952 0.586795681426249 0.550709784558643 0.514623887114718 0.478537988809856 0.442452089392176 0.40636618875997 0.370280286891961 0.334194383938421 0.29810848009251 0.262022575560586 0.225936670601794 0.18985076545995 0.153764860264753 0.117678955115417 0.0815930501033187 0.0455071452921091 0.00942124064237084 -0.0266646639110807
