-1.04821557937722 -0.982529961404883 -0.887553362938795 -0.785090769336347 -0.745068143838487 -0.81166516536484 -0.877955397666174 -0.836296021329335 -0.727284799454339 -0.618181805087369 -0.53465576854611 -0.49197758446612 -0.496493001177188 -0.518847181786032 -0.526978599779373 -0.513699555387012 -0.481166664404763 -0.444039978149401 -0.416648395883834 -0.399492773134558 -0.389616954493964 -0.37672815253701 -0.321187051768921 -0.197528487676711 -0.0663304277442817 0.00551851618315948 0.0119302868120619 -0.0262736650900026 -0.0414344110626319 0.0458163467777842
-1.02773097898142 -0.990893814782063 -0.954056650595461 -0.917219486473961 -0.88038232249616 -0.843545158704676 -0.806707994971944 -0.769870831128855 -0.733033667010294 -0.696196502490406 -0.659359337596383 -0.622522172393681 -0.585685006931137 -0.548847841191122 -0.512010675125494 -0.475173508630529 -0.438336341589677 -0.401499173890672 -0.364662005439329 -0.32782483620951 -0.290987666192087 -0.254150495388076 -0.217313323839076 -0.18047615159478 -0.143638978696704 -0.106801805216619 -0.0699646313555321 -0.0331274573154349 0.00370971682695619 0.0405468910262438
-1.06222306859861 -1.01929887503557 -0.976809657433704 -0.93497709599506 -0.893255669291766 -0.851101902730841 -0.808747710688752 -0.76669904521907 -0.72578262011433 -0.6867711173787 -0.649900330123908 -0.615271829238572 -0.582861616192516 -0.5521434147804 -0.522492163794497 -0.493389939692694 -0.464276468676023 -0.434314938252476 -0.402695987262326 -0.368996598568013 -0.332890341037516 -0.294116660757381 -0.252678512688415 -0.208687697111903 -0.162427886716791 -0.114190356940808 -0.0641249218091762 -0.0124452679586331 0.0402379661155015 0.0932149039532624
-0.968172362500933 -0.938575186454682 -0.907010496405817 -0.87263762549217 -0.835811045462364 -0.797488490202805 -0.759845603540241 -0.724693367228129 -0.691166204786436 -0.658233774656537 -0.626883233198949 -0.598606111253973 -0.574438572041143 -0.55359530829692 -0.534780016306037 -0.516473877029387 -0.496990982048463 -0.474199580750997 -0.446171255509448 -0.41223676282893 -0.372041652747724 -0.32561181964967 -0.27449453530085 -0.220782987399231 -0.167232649988069 -0.116392538762435 -0.0693235496793588 -0.0263966156509122 0.0132890628526473 0.0509522184715146
-1.05222329957687 -1.00998504054158 -0.967795409780853 -0.925743161758812 -0.883863352269801 -0.8421925920687 -0.800827410422343 -0.759887652686846 -0.719526510063471 -0.679883388928864 -0.641009210516056 -0.602932774772168 -0.56566214649488 -0.529122449884088 -0.493217977120107 -0.457852632902703 -0.422954083794382 -0.388545431289162 -0.354665059403885 -0.32131704731519 -0.288496897989661 -0.256189253162948 -0.224335309646949 -0.192862643070066 -0.161687789250457 -0.130728115867487 -0.0999153578555945 -0.0691919977156368 -0.0385291409590796 -0.00790504885004021
-1.03962190022249 -1.00365305833147 -0.967684216316954 -0.931715374065856 -0.895746531549724 -0.859777688807709 -0.823808846064718 -0.78784000357439 -0.751871161519544 -0.715902320055887 -0.679933479301508 -0.64396463936509 -0.607995800360984 -0.572026962426205 -0.536058125684003 -0.50008929017992 -0.464120455916354 -0.428151622800851 -0.392182790708117 -0.35621395947634 -0.320245128934583 -0.284276298921982 -0.248307469317984 -0.212338640026847 -0.176369811011775 -0.140400982231684 -0.104432153569414 -0.0684633249125432 -0.0324944962436716 0.00347433243084354
-1.03871276598961 -0.997855017691263 -0.957163541108352 -0.916917557329241 -0.877714908668147 -0.840107386603371 -0.804143958043686 -0.769707589105103 -0.736520067302093 -0.704293132297763 -0.672859510951284 -0.642082176920843 -0.611802673686349 -0.581776824014598 -0.551713303998833 -0.521217923751219 -0.489895818676992 -0.457452291334762 -0.423682088512303 -0.388637566760661 -0.352435485071704 -0.315054316569626 -0.275919390907933 -0.234403266987813 -0.190220564171856 -0.143254576485882 -0.0937212361472192 -0.0420101032236071 0.0111273890070643 0.0648493389643677
-0.996052508302244 -0.961683886415979 -0.927306191464935 -0.892914883438259 -0.858517290315938 -0.824125519705763 -0.789758929735889 -0.755439627302865 -0.721193463856464 -0.687043849136112 -0.653000681486652 -0.619070481404279 -0.585257742526876 -0.551558851059076 -0.517969013530765 -0.484486825206099 -0.451111335831434 -0.417840024347655 -0.384668404324633 -0.351585698653633 -0.318579557556275 -0.285638114975802 -0.25275143974197 -0.219912165007739 -0.187121246332382 -0.154379817079023 -0.121681399419864 -0.0890172742567404 -0.0563773686009295 -0.0237512709910682
-1.01345991689518 -0.964197760797976 -0.917206481661541 -0.875269966834049 -0.838107867693474 -0.804763066329113 -0.77463560364575 -0.747416822481421 -0.723606114591689 -0.703403207798412 -0.68500112527109 -0.666091214016136 -0.644405024207559 -0.617834918689761 -0.584733036307492 -0.545129807236497 -0.499507812099478 -0.448479941975958 -0.393083413902892 -0.33592243829014 -0.27999297389079 -0.228428377459157 -0.184911597754477 -0.152323206273015 -0.129784673454215 -0.115650665264972 -0.108967730838783 -0.108751686311942 -0.113203532665325 -0.120320567090954
1.0250586593709 0.989261562235241 0.953464465122944 0.917667368049747 0.881870270977111 0.846073173872088 0.810276076778403 0.774478979759153 0.738681882878279 0.702884786195842 0.667087689755554 0.631290593597039 0.595493497730275 0.559696402046667 0.523899306391045 0.488102210540519 0.452305114282753 0.416508017515349 0.380710920173029 0.344913822229089 0.309116723666462 0.273319624487143 0.237522524769366 0.201725424601716 0.165928324037946 0.130131223121598 0.0943341218901951 0.0585370203899624 0.0227399187079358 -0.0130571830586454
-0.980184914091066 -0.947648794494569 -0.914112935296727 -0.879781247694099 -0.846740936587888 -0.816378216349139 -0.785392045523616 -0.750434196127155 -0.712654949881168 -0.674372903451897 -0.638081403579345 -0.606317484521953 -0.581705769077962 -0.56722123420481 -0.562061620145691 -0.549965366127604 -0.515949586264819 -0.465605395236871 -0.408285276830438 -0.347813190695509 -0.286630965447898 -0.228760069918394 -0.184540533797675 -0.161055732629892 -0.146043864513188 -0.125119099003635 -0.0947446689350239 -0.0549546047761149 -0.00921706425783392 0.0381412630733526
-1.02956864074199 -0.986274438298746 -0.942974856953421 -0.899742611857364 -0.856785028998233 -0.814318796991474 -0.772463444127372 -0.731269634910529 -0.690609739027974 -0.650375842016615 -0.610717187630465 -0.571847309177813 -0.534004663267671 -0.49752739971195 -0.462702746067754 -0.429514547670064 -0.397892391992248 -0.367852217283349 -0.339395468449254 -0.312379266247533 -0.286624650398679 -0.261935470583289 -0.238046816322381 -0.214712237048314 -0.191827881998398 -0.169334500710112 -0.14720864411666 -0.12541466264867 -0.103832303330732 -0.0823201623359218
-1.00328202835257 -0.968406177181395 -0.933530326056686 -0.898654474994032 -0.863778623962838 -0.82890277293751 -0.794026921958652 -0.759151071084931 -0.724275220381078 -0.689399369892863 -0.654523519584146 -0.619647669398306 -0.584771819273314 -0.549895969125497 -0.515020118891702 -0.48014426861249 -0.445268418348387 -0.410392568136054 -0.375516718010617 -0.340640868024932 -0.305765018236287 -0.270889168691166 -0.236013319392839 -0.201137470309861 -0.166261621315165 -0.131385772289162 -0.0965099232378308 -0.0616340741936107 -0.0267582251692326 0.00811762382750016
-0.982811193905449 -0.950171341521935 -0.917531489135792 -0.88489163676323 -0.852251784471654 -0.819611932330813 -0.786972080368619 -0.754332228625474 -0.721692377233549 -0.689052526328293 -0.656412675966485 -0.62377282618524 -0.591132977009275 -0.558493128413727 -0.52585328036788 -0.493213432867196 -0.460573585922782 -0.427933739582136 -0.395293893863816 -0.362654048634228 -0.33001420372174 -0.297374358966735 -0.264734514257654 -0.232094669506283 -0.199454824669722 -0.166814979747775 -0.134175134865732 -0.10153529014629 -0.0688954455762848 -0.0362556011085868
1.02004059734254 0.984353192297778 0.948665787328297 0.912978382514766 0.877290977992694 0.841603573909948 0.805916170408986 0.770228767607302 0.734541365527945 0.698853964163361 0.663166563478024 0.627479163429415 0.591791763976188 0.556104365081679 0.520416966701995 0.484729568759648 0.449042171179047 0.413354773925786 0.377667376970879 0.341979980265828 0.306292583757253 0.270605187390775 0.234917791108014 0.19923039486464 0.16354299867654 0.12785560257968 0.0921682066301402 0.0564808108686647 0.0207934152545339 -0.0148939802733368
-1.05423376913472 -1.01450901518433 -0.974818188774385 -0.935201134714215 -0.895697219814259 -0.856358057336764 -0.817284724350056 -0.778566082019808 -0.740192664094978 -0.702129342148027 -0.664336666462118 -0.626774106998092 -0.589406732585744 -0.552222007530683 -0.515218596874473 -0.478417573126675 -0.441848765056216 -0.405554619001481 -0.369574441788038 -0.333922364620738 -0.298606224799246 -0.263629774908393 -0.228980428673638 -0.194638138828732 -0.160569352999942 -0.126738343375122 -0.0931141854959553 -0.0596630723104202 -0.0263348630378357 0.0069246665346434
-1.03940226531696 -1.0033590830175 -0.967315900726153 -0.931272718454562 -0.895229536207852 -0.859186353987262 -0.823143171785042 -0.787099989572408 -0.751056807245439 -0.715013624684444 -0.678970441781788 -0.642927258432855 -0.606884074565667 -0.570840890238814 -0.534797705546389 -0.498754520593923 -0.46271133547318 -0.426668150209416 -0.390624964820784 -0.354581779363528 -0.318538593903416 -0.282495408514861 -0.246452223306849 -0.210409038359213 -0.174365853600596 -0.138322668917962 -0.102279484182762 -0.0662362992959894 -0.0301931142923372 0.00585007076007805
-1.00043929838019 -0.964176090698253 -0.927913999743156 -0.891662248886586 -0.855445148926284 -0.819286776509816 -0.783195184258 -0.747176986549587 -0.711249068821799 -0.675431533431796 -0.639747079357995 -0.604219054734132 -0.568864229115218 -0.533673057741377 -0.498629280109811 -0.463716087060927 -0.428918570856106 -0.39422997809742 -0.359643285028398 -0.325142232117684 -0.290708250890205 -0.25632620781365 -0.221994709126752 -0.187714055238204 -0.153477583465488 -0.119278294008152 -0.0851148016852369 -0.0509848658075968 -0.0168772090338509 0.01722170514044
-0.98298395572822 -0.947503975991061 -0.912023996289538 -0.876544016653616 -0.841064037143356 -0.805584057819387 -0.770104078714516 -0.734624099842269 -0.69914412116688 -0.663664142647319 -0.628184164270786 -0.592704186031536 -0.557224207946915 -0.521744230126616 -0.486264252692515 -0.450784275722877 -0.415304299266861 -0.379824323300808 -0.344344347779422 -0.308864372643663 -0.273384397831056 -0.237904423279127 -0.202424448925415 -0.166944474736505 -0.131464500795163 -0.0959845271899015 -0.0605045539160689 -0.0250245809319563 0.0104553918591984 0.0459353645679208
-1.00865363747253 -0.970136296653473 -0.9313418756367 -0.892211030209578 -0.85345193032739 -0.816076771226509 -0.781546335099722 -0.750800761228872 -0.722249030295615 -0.693856505524015 -0.664345238907979 -0.632626454633871 -0.5978515165225 -0.560132346932453 -0.519749791203344 -0.476699828061113 -0.431209726212407 -0.38471678090037 -0.338920539258665 -0.29535952944653 -0.255532024879598 -0.220595178032396 -0.190341657615025 -0.164084447270571 -0.140582274138485 -0.118830418940003 -0.0993246332271333 -0.0826298648391933 -0.0680873759339546 -0.0547325072488022
-1.05012540942364 -1.01467839529126 -0.979231381003029 -0.943784366395302 -0.908337351414488 -0.872890336045544 -0.837443320317516 -0.80199630426137 -0.766549287871624 -0.731102271127599 -0.695655253984249 -0.660208236390439 -0.624761218306948 -0.589314199742225 -0.553867180723183 -0.518420161302928 -0.482973141517379 -0.447526121307501 -0.412079100622593 -0.37663207954024 -0.341185058170094 -0.305738036629866 -0.270291015069477 -0.234843993626081 -0.199396972353532 -0.163949951246228 -0.128502930144042 -0.0930559088883361 -0.0576088874809714 -0.0221618659639312
-0.92589812766444 -0.907255750480938 -0.885325058907451 -0.860281581745319 -0.833342291027447 -0.806067400523208 -0.780348647716292 -0.758279722307637 -0.742430599152865 -0.734003239142052 -0.728251262148396 -0.718941202790873 -0.699949880039523 -0.665595250268636 -0.611711138931613 -0.539753710394056 -0.457571523132537 -0.392960373155284 -0.369425624923264 -0.373363679176722 -0.381893695725722 -0.37453119859233 -0.340377168646614 -0.276295244831557 -0.200614241533789 -0.131761224834804 -0.0670910921519039 -0.00158318081184336 0.0582132435566265 0.102856433249255
-0.978789467957815 -0.944674997412489 -0.910560526808247 -0.876446056125522 -0.842331585357965 -0.808217114496187 -0.774102643505411 -0.739988172359879 -0.705873701095286 -0.67175922972676 -0.637644758125681 -0.603530286127492 -0.569415813567185 -0.535301340277942 -0.501186866106364 -0.467072390954557 -0.432957914760938 -0.398843437553696 -0.364728959399784 -0.330614480431449 -0.296500000797262 -0.262385520644244 -0.228271040113217 -0.194156559308058 -0.160042078191054 -0.125927596709359 -0.0918131148911902 -0.0576986327972036 -0.0235841505367373 0.0105303317686995
-1.00086504896088 -0.968313700364187 -0.935762351764328 -0.903211003146741 -0.87065965451338 -0.838108305853228 -0.805556957086864 -0.773005608119743 -0.740454258865206 -0.707902909257601 -0.675351559307427 -0.642800209044219 -0.610248858484777 -0.577697507594975 -0.545146156319836 -0.512594804571928 -0.480043452289728 -0.447492099547821 -0.414940746464024 -0.382389393192972 -0.349838039898506 -0.317286686717774 -0.284735333681163 -0.252183980799865 -0.219632628115063 -0.187081275663998 -0.154529923438129 -0.121978571410562 -0.0894272195267589 -0.056875867725272
-0.967210119952866 -0.934346621055801 -0.901496808681223 -0.868674447474693 -0.835886105148051 -0.803137117439264 -0.770435089124535 -0.737788813096179 -0.705209565672721 -0.672707065595894 -0.640282317874064 -0.607934149082249 -0.575661165277496 -0.543461090444952 -0.511332519886691 -0.479278416244374 -0.447301964490784 -0.41540287158358 -0.383579113797576 -0.351825222691308 -0.320134868644244 -0.288500341406527 -0.256908408210994 -0.225345219043632 -0.193799977420333 -0.162264590008361 -0.130738722550557 -0.0992231697448512 -0.0677154830339537 -0.0362124030467691
-0.977990365153446 -0.944846301998379 -0.911702238846983 -0.878558175691753 -0.845414112551765 -0.812270049486267 -0.779125986688616 -0.745981924354243 -0.712837862552774 -0.679693801336266 -0.64654974081232 -0.613405681102422 -0.58026162230221 -0.547117564403938 -0.513973507364256 -0.480829451100785 -0.447685395520142 -0.414541340523935 -0.381397286041418 -0.348253232117424 -0.315109178825678 -0.281965126225829 -0.24882107432122 -0.215677023083139 -0.182532972410944 -0.149388922180455 -0.116244872245269 -0.083100822467494 -0.0499567727655193 -0.0168127230718027
-0.969404890320578 -0.937543591301714 -0.905706095085465 -0.873906185772801 -0.842127033877386 -0.810341131805992 -0.778508873125139 -0.746591584876577 -0.714566426843224 -0.682413671053401 -0.650110205775854 -0.617632073339436 -0.584958495095679 -0.552081408486834 -0.518993354119917 -0.485676569170298 -0.452114939077407 -0.418309245768564 -0.384267263332246 -0.350007838013689 -0.315552584097317 -0.28092752442618 -0.24617631607784 -0.211340086704236 -0.176432212020307 -0.141460541911415 -0.106438574881612 -0.0713818268438473 -0.03630823472797 -0.00123634071805457
-1.01479744337085 -0.979236952800009 -0.943676462108824 -0.90811597117616 -0.872555479880289 -0.836994988119277 -0.80143449587096 -0.765874003163588 -0.730313510147296 -0.694753017019421 -0.659192524044243 -0.623632031502772 -0.588071539660467 -0.552511048720562 -0.51695055885173 -0.481390070146596 -0.445829582694605 -0.410269096648512 -0.374708612142455 -0.339148129172812 -0.303587647701519 -0.268027167671015 -0.232466688945755 -0.196906211399479 -0.161345735021057 -0.125785259771402 -0.090224785384479 -0.0546643115509793 -0.0191038380154503 0.0164566354640966
-1.00879323077056 -0.973542330350002 -0.938291429878075 -0.903040529355304 -0.867789628805576 -0.832538728232595 -0.797287827535981 -0.762036926507548 -0.726786024611968 -0.691535121261722 -0.656284215987659 -0.621033308350219 -0.585782398024567 -0.55053148514478 -0.515280569947322 -0.480029652619298 -0.444778733347017 -0.409527812362938 -0.374276889929062 -0.339025966379388 -0.303775042065917 -0.268524117327476 -0.233273192450191 -0.198022267647657 -0.16277134289605 -0.127520418130103 -0.0922694933562104 -0.0570185685906754 -0.0217676438177774 0.0134832809862105
-1.00394165379448 -0.970033003265754 -0.936124352670982 -0.902215701927873 -0.868307050961055 -0.834398399702617 -0.800489748107563 -0.766581096116201 -0.732672443587115 -0.698763790386314 -0.664855136491205 -0.630946481907045 -0.597037826649448 -0.563129170775438 -0.529220514328918 -0.495311857259866 -0.461403199508755 -0.427494541071955 -0.393585881954515 -0.359677222140324 -0.325768561607979 -0.291859900359472 -0.257951238490369 -0.224042576128334 -0.190133913435831 -0.156225250555703 -0.122316587517508 -0.0884079243296824 -0.0544992610294673 -0.0205905976613053
0.879934973620072 0.83203742618546 0.909841551837248 0.855779707328854 0.76255216885089 0.760891518080917 0.783391639207086 0.74437691519632 0.683232421620033 0.655651872911106 0.65750284634377 0.669696384902598 0.671785541197261 0.63789140633782 0.556160384702533 0.476272095242035 0.441946534336488 0.411531993511779 0.341462734443801 0.265888604262772 0.238388346462489 0.287232313704034 0.339457295317628 0.321446909097737 0.258205650026655 0.188698178303091 0.109108937803567 0.0210656837472392 -0.00925036695402937 0.100480368034801
-1.02165829244766 -0.985818848590359 -0.949979404743335 -0.914139960884717 -0.878300516954735 -0.842461072904458 -0.806621628766192 -0.77078218458638 -0.734942740386762 -0.699103296168294 -0.663263851873486 -0.62742440743024 -0.591584962748205 -0.555745517664031 -0.519906072025062 -0.484066625794407 -0.448227178969035 -0.412387731565581 -0.37654828356988 -0.3407088348249 -0.304869385137892 -0.269029934376926 -0.233190482653342 -0.197351030147095 -0.161511577069328 -0.125672123625888 -0.0898326699702703 -0.0539932162253935 -0.018153762444238 0.0176856913377011
-0.946739445179131 -0.91597900097987 -0.885218556687536 -0.854458112161681 -0.82369766729694 -0.792937221978729 -0.762176776020512 -0.731416329214272 -0.700655881338014 -0.669895432207987 -0.639134981807413 -0.608374530161254 -0.577614077306173 -0.546853623325628 -0.516093168326913 -0.485332712465864 -0.454572255934194 -0.423811799018569 -0.393051342011879 -0.362290885136954 -0.33153042859911 -0.300769972570991 -0.270009517094547 -0.239249062158611 -0.208488607670231 -0.177728153508334 -0.146967699521149 -0.116207245571389 -0.0854467916104024 -0.0546863376116948
-1.00040227685559 -0.967155038670214 -0.933907800467712 -0.900660562221097 -0.867413323912602 -0.834166085526707 -0.800918847047665 -0.767671608496215 -0.734424370039265 -0.701177131852429 -0.66792989399996 -0.634682656518267 -0.601435419432826 -0.568188182725366 -0.534940946349376 -0.501693710189109 -0.46844647413569 -0.435199238176945 -0.401952002312488 -0.3687047664924 -0.335457530654378 -0.30221029471595 -0.268963058513967 -0.235715821893406 -0.202468584812425 -0.169221347274556 -0.135974109351653 -0.102726871133686 -0.0694796327147838 -0.0362323941901128
0.983759784288949 0.949191280791382 0.91462277729024 0.880054273800924 0.845485770353987 0.81091726697165 0.77634876362766 0.741780260274145 0.70721175682523 0.672643253178993 0.638074749207301 0.603506244775474 0.568937739771977 0.534369234177869 0.499800727988069 0.465232221160346 0.430663713658499 0.396095205507588 0.36152669675559 0.326958187480868 0.292389677769383 0.257821167697561 0.223252657303689 0.188684146629281 0.154115635766905 0.119547124804086 0.0849786137571398 0.0504101026248623 0.0158415914071763 -0.018726919895713
-1.05645613322052 -1.01936054611485 -0.98226495906652 -0.945169372127995 -0.908073785377123 -0.87097819889525 -0.833882612752316 -0.796787027028685 -0.759691441857831 -0.72259585734512 -0.685500273430358 -0.648404690011964 -0.611309106982788 -0.574213524213408 -0.537117941569254 -0.500022358917427 -0.462926776149609 -0.425831193254111 -0.388735610243546 -0.351640027131091 -0.314544443930065 -0.277448860636888 -0.240353277180384 -0.203257693479525 -0.166162109481464 -0.129066525169883 -0.091970940646403 -0.0548753560287701 -0.0177797713812971 0.019315813245062
-1.10702124168913 -1.04238271073012 -0.979160012615601 -0.917356975133834 -0.859383680992732 -0.806630296233435 -0.754001065310293 -0.69884666469233 -0.654789420494025 -0.634570991425465 -0.631138716933681 -0.632491356649946 -0.62568073009473 -0.593970896345294 -0.528112394936107 -0.452589447673657 -0.394969216336931 -0.361416940322874 -0.350039708106463 -0.34811392685684 -0.34020833341669 -0.315518994363092 -0.281751295210724 -0.24743672161615 -0.205901840865905 -0.14995194957295 -0.0855121800260022 -0.0209595339787984 0.0386413446305938 0.0890539013180237
-0.856315747935934 -0.84005745425722 -0.825202099958015 -0.812178416432208 -0.799433429857257 -0.785090192389104 -0.767957565314067 -0.747050140102441 -0.72151961983004 -0.690913292223149 -0.656223672004422 -0.618804580645606 -0.58009110244356 -0.541843372995603 -0.505662893396678 -0.472191575431785 -0.441846399209689 -0.415104207444154 -0.391880504145598 -0.369785575906058 -0.345853404962969 -0.317421147975224 -0.283038659287531 -0.241947351884562 -0.194942175625034 -0.143280521893692 -0.0885160113053622 -0.0321665385792223 0.0246891343782109 0.0810820288635866
-0.96364843439871 -0.931803035244013 -0.899957636003016 -0.868112236611162 -0.836266836985194 -0.804421437042218 -0.772576036719458 -0.740730635948762 -0.708885234620338 -0.677039832647875 -0.645194430080622 -0.613349027001717 -0.58150362351149 -0.549658219779038 -0.517812815986147 -0.485967412296605 -0.454122008859391 -0.422276605782245 -0.3904312031418 -0.358585800931492 -0.326740399123958 -0.294894997687329 -0.263049596571701 -0.231204195740221 -0.199358795226273 -0.167513395072704 -0.135667995289971 -0.103822595857548 -0.0719771966633394 -0.0401317975723609
-1.01836799298305 -0.983548058629548 -0.948728124226919 -0.913908189760727 -0.879088255329034 -0.844268321057112 -0.809448387066561 -0.774628453463937 -0.739808520299309 -0.704988587627431 -0.670168655578308 -0.63534872430076 -0.60052879393539 -0.565708864589949 -0.530888936363429 -0.496069009352659 -0.461249083602221 -0.42642915894986 -0.391609235204942 -0.356789312270126 -0.321969390071397 -0.287149468542003 -0.252329547644244 -0.217509627329766 -0.18268970747854 -0.1478697879722 -0.113049868770703 -0.0782299498392716 -0.0434100310858705 -0.0085901124041495
-0.935966962837875 -0.907928308220648 -0.879830277811596 -0.85161703167452 -0.823169862540771 -0.794351494080366 -0.765013241050436 -0.735000134378737 -0.704143478588415 -0.672300597719354 -0.639446620283006 -0.605586125908715 -0.570763026875759 -0.53517856606315 -0.499046220514868 -0.462471073335033 -0.425527212433521 -0.388273138883072 -0.350748013034052 -0.312929219184439 -0.274778697619119 -0.236266876641536 -0.197398136629371 -0.15818594671667 -0.118646178988696 -0.0788095848697981 -0.0387640301894308 0.00140375102487054 0.0416686663583688 0.082021033799526
-1.01848260888654 -0.983474779852137 -0.948466950854418 -0.913459121929411 -0.878451293140555 -0.843443464542485 -0.808435636127238 -0.77342780786603 -0.738419979709384 -0.703412151609531 -0.668404323546214 -0.633396495506057 -0.598388667482749 -0.563380839498244 -0.528373011586594 -0.493365183801962 -0.458357356216035 -0.423349528950477 -0.388341702135993 -0.353333875889499 -0.318326050324459 -0.283318225505751 -0.248310401303909 -0.213302577540622 -0.178294754036541 -0.143286930645156 -0.108279107352346 -0.0732712841662497 -0.0382634610516502 -0.00325563796249402
-0.956550603519198 -0.923864917715492 -0.89117923216018 -0.858493547029736 -0.825807862285699 -0.793122177813594 -0.760436493409857 -0.727750808847945 -0.695065123898508 -0.662379438351814 -0.629693752079419 -0.597008064973195 -0.564322376946607 -0.531636687999475 -0.498950998139638 -0.466265307320662 -0.433579615468855 -0.400893922455756 -0.368208228178968 -0.335522532695125 -0.30283683610062 -0.270151138514627 -0.237465440147458 -0.204779741220511 -0.172094041908401 -0.139408342358424 -0.106722642655386 -0.0740369428624932 -0.0413512430190278 -0.00866554315829381
0.979644105512066 0.946846791886012 0.914049478227751 0.881252164501806 0.848454850636584 0.81565753659242 0.782860222493465 0.750062908504727 0.717265594790824 0.684468281521484 0.651670968887267 0.618873657083939 0.586076346278443 0.553279036522418 0.520481727837698 0.487684420242171 0.454887113732216 0.422089808222109 0.389292503606077 0.356495199780267 0.323697896641305 0.290900594081834 0.258103291978574 0.225305990199857 0.192508688596388 0.159711387053931 0.126914085616103 0.0941167843482878 0.0613194832450949 0.0285221822834401
-0.983246905055115 -0.951279455546589 -0.919312006123912 -0.88734455694971 -0.855377108271918 -0.823409660336172 -0.791442213293575 -0.75947476724812 -0.727507322209898 -0.695539878156324 -0.66357243502803 -0.63160499275645 -0.59963755127737 -0.567670110543975 -0.535702670525326 -0.503735231236581 -0.471767792668265 -0.439800354666245 -0.407832917053701 -0.375865479707726 -0.343898042518889 -0.311930605386136 -0.279963168241913 -0.247995731039548 -0.216028293782377 -0.184060856489325 -0.152093419191669 -0.120125981917467 -0.0881585446695425 -0.0561911074444096
-0.940305558722314 -0.948408964627757 -0.950734424192002 -0.942248808029533 -0.923019139566299 -0.894301935111897 -0.857011529699033 -0.812368439652635 -0.763160087743398 -0.713078552348963 -0.667867627828982 -0.633784037538606 -0.613677836430564 -0.596772405847878 -0.571140749813794 -0.533881036682141 -0.485435204101871 -0.430595102571833 -0.374987472290103 -0.323228699401778 -0.279682581538706 -0.246599231750347 -0.217774024756594 -0.186331705534912 -0.151169238422603 -0.113655593428118 -0.0792755438846745 -0.0530254680711697 -0.0338323607244596 -0.0191058706958896
-0.944643499021704 -0.913048053572564 -0.881452608110442 -0.849857162627684 -0.81826171709468 -0.786666271465999 -0.755070825654891 -0.723475379553871 -0.691879933013834 -0.660284485886068 -0.628689038065054 -0.597093589456067 -0.565498139983161 -0.533902689645484 -0.502307238481794 -0.47071178661418 -0.439116334195181 -0.407520881415803 -0.375925428444625 -0.344329975322063 -0.312734522056488 -0.281139068649488 -0.249543615075511 -0.217948161307206 -0.186352707337151 -0.154757253151565 -0.123161798691296 -0.0915663439157185 -0.0599708889036696 -0.0283754337638534
-0.960157340994854 -0.929654487851194 -0.89915163461245 -0.868648781226322 -0.838145927677416 -0.807643073962832 -0.77714022009274 -0.74663736606461 -0.716134511812038 -0.685631657277078 -0.655128802499504 -0.624625947543518 -0.594123092488524 -0.563620237474725 -0.533117382629634 -0.502614527969185 -0.472111673473209 -0.441608819088687 -0.411105964755744 -0.380603110419939 -0.350100256028187 -0.319597401537623 -0.289094546946254 -0.258591692256032 -0.228088837443828 -0.197585982494457 -0.167083127449594 -0.136580272359735 -0.1060774172538 -0.0755745621553108
-0.973971592790252 -0.959298428768583 -0.915745435948724 -0.951117504403574 -0.96285763821429 -0.849156315543129 -0.721555796868514 -0.701388948786438 -0.735799280047027 -0.745059283929726 -0.716146749677121 -0.652715790522588 -0.569183384139611 -0.523017965962114 -0.550941374675614 -0.563637604211535 -0.47984159202329 -0.376529894406335 -0.341296047081331 -0.345959884627708 -0.333397816339591 -0.267668240519495 -0.197557511503506 -0.175930771947388 -0.187240361752059 -0.194349998794083 -0.142181715607453 -0.00917091398053684 0.0742518419382238 -0.0603428025896303
-0.95001806291992 -0.918585665674869 -0.887153268374146 -0.855720870970755 -0.824288473511241 -0.792856076055441 -0.761423678622819 -0.729991281220747 -0.698558883848605 -0.66712648651058 -0.635694089238081 -0.604261692069323 -0.572829295008287 -0.54139689792201 -0.509964500651765 -0.478532103072699 -0.4470997050881 -0.415667306679939 -0.384234907841266 -0.352802508530763 -0.321370108698517 -0.289937708299465 -0.25850530730792 -0.227072905708106 -0.195640503504488 -0.164208100739593 -0.132775697587957 -0.101343294233015 -0.0699108907618011 -0.0384784872372497
-1.01867453759432 -0.98401960969147 -0.949364681717489 -0.914709753594176 -0.880054825200986 -0.845399896399896 -0.810744967025316 -0.776090036929786 -0.741435106065938 -0.706780174412337 -0.672125241951174 -0.637470308665546 -0.602815374554909 -0.568160439684159 -0.533505504119668 -0.498850567868284 -0.464195630939293 -0.429540693411265 -0.394885755368466 -0.360230816848676 -0.325575877878052 -0.290920938511655 -0.256265998920165 -0.221611059281712 -0.186956119688622 -0.152301180191449 -0.117646240759481 -0.0829913013472428 -0.0483363619314985 -0.0136814224945685
-0.968267133421112 -0.936367868633926 -0.904468603869175 -0.87256933910932 -0.840670074226883 -0.808770809050838 -0.776871543345885 -0.744972276891158 -0.7130730095878 -0.681173741376048 -0.649274472230533 -0.617375202134477 -0.585475931082632 -0.553576659115845 -0.521677386295325 -0.489778112717623 -0.457878838505035 -0.425979563847475 -0.394080288941493 -0.362181013942558 -0.330281738995865 -0.298382464240667 -0.266483189792448 -0.234583915731094 -0.202684642017889 -0.170785368586539 -0.138886095379068 -0.106986822339212 -0.0750875494092511 -0.0431882765311048
-0.976235873530853 -0.943316934125151 -0.910397994642623 -0.877479054985892 -0.844560115065236 -0.811641174796539 -0.778722234110472 -0.745803292939718 -0.71288435121021 -0.679965408868367 -0.647046465949295 -0.614127522510272 -0.58120857861192 -0.548289634328237 -0.515370689718131 -0.48245174476678 -0.449532799441538 -0.416613853712185 -0.383694907553298 -0.350775960956207 -0.317857013916428 -0.284938066443149 -0.252019118600234 -0.21910017044326 -0.18618122193998 -0.153262273050895 -0.120343323795326 -0.0874243742191876 -0.0545054244159617 -0.0215864744910202
-0.989208909583901 -0.953636806347966 -0.918064703210975 -0.882492600313929 -0.846920497848026 -0.8113483959931 -0.775776294833336 -0.740204194420302 -0.704632094770764 -0.669059995887679 -0.63348789775357 -0.597915800345854 -0.562343703633467 -0.526771607551422 -0.491199512033401 -0.455627417041668 -0.420055322563535 -0.384483228657909 -0.348911135388698 -0.313339042768212 -0.277766950795864 -0.242194859466193 -0.206622768754248 -0.17105067861832 -0.135478588969176 -0.0999064997142747 -0.0643344107953827 -0.0287623221570021 0.0068097662797329 0.0423818545995303
-0.906194593539913 -0.92719589958349 -0.876240938199323 -0.839610717228832 -0.837644404982371 -0.865992774345405 -0.887494856034919 -0.865612843938195 -0.799113326792191 -0.699372185434547 -0.592898074255943 -0.509982841035326 -0.472488265500188 -0.468555855172226 -0.48007526124873 -0.497648981835175 -0.509398109719237 -0.484805269509203 -0.403736338369852 -0.306228671871303 -0.247362495185011 -0.257509012250819 -0.268203342082124 -0.211625381579291 -0.121370224117002 -0.0507343375497116 -0.030404491176646 -0.0641429963730688 -0.070624031373623 0.0527502588722038
0.985181240621138 0.951194250611266 0.917207260524247 0.883220270310877 0.849233279930949 0.815246289351625 0.781259298560565 0.747272307572772 0.713285316492148 0.679298325447286 0.645311334576638 0.611324344021126 0.577337353930863 0.543350364492746 0.509363375892079 0.47537638827101 0.441389401751146 0.407402416415078 0.373415432286191 0.339428449190044 0.305441466902745 0.27145448519516 0.237467503817194 0.20348052253094 0.169493541168192 0.135506559611694 0.1015195778783 0.0675325960169607 0.0335456140709074 -0.000441367918057291
-1.0070194244607 -0.974169206193234 -0.941318987903833 -0.908468769578474 -0.875618551239498 -0.842768332912146 -0.809918114596912 -0.777067896262752 -0.744217677777222 -0.711367459005451 -0.678517239904257 -0.645667020453378 -0.612816800631643 -0.579966580414247 -0.547116359797592 -0.514266138866537 -0.481415917738707 -0.448565696574313 -0.4157154755276 -0.382865254686352 -0.350015034121742 -0.317164813899613 -0.284314594064515 -0.251464374640812 -0.218614155593438 -0.185763936855056 -0.152913718288666 -0.120063499763122 -0.0872132812403368 -0.0543630627054882
-0.963060695352481 -0.936150085792843 -0.909135066047677 -0.881885587915989 -0.854280794638781 -0.826223975914497 -0.797705815829359 -0.768730444482993 -0.739268381640853 -0.709277887997751 -0.678701798300083 -0.647479090807143 -0.615541009950502 -0.582787864850826 -0.549130607372281 -0.514553695663932 -0.479083083452972 -0.442837200494218 -0.405947498395993 -0.368505040153023 -0.330590791606635 -0.292275480217294 -0.253588879922009 -0.214563936363476 -0.175287235530596 -0.135858549070124 -0.096376750914042 -0.0569223059134041 -0.0175029403103435 0.0218918043052382
-1.01111175170929 -0.975049377326538 -0.938987002820657 -0.90292462814946 -0.866862253399691 -0.830799878689088 -0.794737504130401 -0.758675129858234 -0.722612756099589 -0.686550383072193 -0.65048801086428 -0.614425639531706 -0.578363269110214 -0.542300899555078 -0.506238530817347 -0.470176162911631 -0.434113795881628 -0.398051429823851 -0.361989064810324 -0.325926700762325 -0.289864337563441 -0.253801975076364 -0.217739613080196 -0.18167725133109 -0.145614889576989 -0.109552527604627 -0.0734901653640959 -0.0374278028594376 -0.00136544014711792 0.0346969227032905
-1.0122692851619 -0.977883984714179 -0.943498684362976 -0.909113384236705 -0.874728084481897 -0.840342785218692 -0.805957486443528 -0.771572188113429 -0.737186890151455 -0.702801592477587 -0.668416295033464 -0.634030997766138 -0.59964570067501 -0.565260403968877 -0.530875107900517 -0.496489812689231 -0.462104518540107 -0.427719225634858 -0.39333393409418 -0.358948643818064 -0.324563354651327 -0.290178066442644 -0.255792779056125 -0.2214074923503 -0.187022206145952 -0.152636920280317 -0.118251634694187 -0.083866349344759 -0.049481064151279 -0.0150957790235075
-0.993731309548783 -0.960440282256767 -0.927149255011555 -0.893858227797314 -0.860567200433716 -0.827276172721152 -0.793985144547393 -0.760694115820463 -0.72740308644203 -0.694112056321389 -0.660821025404683 -0.627529993647268 -0.594238961032904 -0.560947927658951 -0.527656893659207 -0.494365859199606 -0.461074824458519 -0.427783789631931 -0.394492754918491 -0.361201720509891 -0.327910686596084 -0.294619653322359 -0.261328620655328 -0.228037588516995 -0.194746556829595 -0.161455525533509 -0.128164494641481 -0.0948734641589465 -0.0615824339897394 -0.0282914040122921
-0.968096346884616 -0.936178512948811 -0.904260679033829 -0.872342845174164 -0.840425011444168 -0.808507177927273 -0.776589344703373 -0.744671511871275 -0.712753679608988 -0.680835848087798 -0.648918017372874 -0.617000187502859 -0.585082358491362 -0.553164530251856 -0.521246702689827 -0.489328875778962 -0.457411049509841 -0.42549322387242 -0.393575398843949 -0.361657574351465 -0.329739750309456 -0.29782192664571 -0.265904103341224 -0.233986280377273 -0.20206845768302 -0.170150635189775 -0.138232812889531 -0.106314990777178 -0.0743971687984831 -0.0424793468869384
-1.04729507401081 -1.01137922657039 -0.975463378954895 -0.939547530904223 -0.903631682173507 -0.867715832548357 -0.831799981921052 -0.795884130202917 -0.759968277274804 -0.724052423046694 -0.688136567575548 -0.652220710955073 -0.616304853275778 -0.580388994615375 -0.544473135071776 -0.508557274836472 -0.472641414081342 -0.436725552806228 -0.40080969095598 -0.364893828427533 -0.32897796510584 -0.293062100904889 -0.257146235854784 -0.221230370039252 -0.185314503640369 -0.149398636855651 -0.113482769846023 -0.0775669027431765 -0.0416510355984714 -0.00573516844318263
-0.975903271917443 -0.942712239621243 -0.909521207370647 -0.876330175228683 -0.843139143305739 -0.809948111712214 -0.776757080511178 -0.743566049767374 -0.710375019599578 -0.677183990132031 -0.64399296145681 -0.610801933657954 -0.577610906816889 -0.544419881004604 -0.511228856279486 -0.478037832659965 -0.444846810138314 -0.411655788642142 -0.378464768086331 -0.345273748399515 -0.312082729513763 -0.278891711348863 -0.245700693775465 -0.212509676681869 -0.179318660076106 -0.146127643963878 -0.112936628221852 -0.0797456127018967 -0.0465545972857114 -0.0133635818624527
-1.01602464173363 -0.980149286284196 -0.944265786123703 -0.908368880417238 -0.872464216818733 -0.836558651037726 -0.800652962517349 -0.764747580938417 -0.728847613198898 -0.69296125587242 -0.65710438701811 -0.621294805066469 -0.585552308914977 -0.549904699329041 -0.514381936124916 -0.479014613454317 -0.443830720462964 -0.408847191937121 -0.374072250017538 -0.339490320622359 -0.305079880614077 -0.270820761699941 -0.236698214966216 -0.202695952983868 -0.168786114883651 -0.13494101994302 -0.101145281466459 -0.0673863361832953 -0.0336506204952091 7.56792780302133e-05
-0.976105700227448 -0.943202715736034 -0.91028768084234 -0.877343314027054 -0.844344949930995 -0.811258651794579 -0.778020781096461 -0.744565999850338 -0.710851873971842 -0.676847984567807 -0.642549069607936 -0.607956156277649 -0.573073450291552 -0.53791787148098 -0.502510518268826 -0.466876489327475 -0.431044525660928 -0.395053937350163 -0.358944038109984 -0.322743587113509 -0.286478704898433 -0.250173187673484 -0.21384153433151 -0.177493228513585 -0.141126990169577 -0.104742620344643 -0.0683550081563003 -0.0319794289994043 0.00438238469420132 0.0407320862334257
-0.993315078499784 -0.959803533922297 -0.926238428020781 -0.892572655495516 -0.858765383562002 -0.824775772216592 -0.790556680063809 -0.756057995036313 -0.72122402377114 -0.686008676424949 -0.650409858528534 -0.61443647445622 -0.578099637276368 -0.541419294833472 -0.504415725234421 -0.467101692859539 -0.429492156193366 -0.391618363863885 -0.353514920241743 -0.315213562524804 -0.276745311117738 -0.238129005840844 -0.199334764176944 -0.160335344088272 -0.121162787792199 -0.0818619727240908 -0.0424698329361545 -0.00301934598500625 0.0364643931719493 0.0759582602271105
-1.07122083897689 -1.02227401528923 -0.974185857549565 -0.927677476243861 -0.883249574334756 -0.841274944796825 -0.801835148175693 -0.764898555460075 -0.730272011839965 -0.69765502630496 -0.66647928884177 -0.636109534686386 -0.60604390209663 -0.576314141417653 -0.546936504048386 -0.51733163351553 -0.48677746088831 -0.45457667527827 -0.420225702528266 -0.383971157364108 -0.34624720173234 -0.30751350597004 -0.268331773976408 -0.229245330811743 -0.19062195261862 -0.152611270162796 -0.114665881620475 -0.0761928604972869 -0.0371142142061188 0.00251931636333026
-0.997217538123858 -0.967327989040268 -0.937385765413594 -0.907313367477504 -0.876985327518854 -0.84627664518624 -0.815112157521999 -0.783434646374142 -0.751208835419608 -0.71841545496071 -0.685077319972321 -0.651227766597454 -0.616866448751338 -0.581858291438062 -0.546065783243309 -0.50947639599028 -0.472108320265926 -0.43397763847467 -0.395102807003427 -0.355513886351588 -0.315243838046666 -0.274334402643157 -0.232862436803494 -0.190933291274932 -0.14873117703607 -0.106431877418901 -0.0640986049376669 -0.0217600766982262 0.0205804010093421 0.0629258745989037
-0.992984170516258 -0.958821922604998 -0.924669541244978 -0.890549065349135 -0.856480212089625 -0.822479220942477 -0.788550742340012 -0.754699751951896 -0.720944115440922 -0.68730239538145 -0.653783052000977 -0.62039201994029 -0.587141701702417 -0.554070371239357 -0.52122179304245 -0.488635822311405 -0.456351022895616 -0.424404702534831 -0.392819012225092 -0.361556732097248 -0.330565799565855 -0.299803310743813 -0.269262996537415 -0.238946013514056 -0.208846586092144 -0.178952836989266 -0.149235414268714 -0.119657323185411 -0.0901684724150967 -0.0607154964887131
-0.991768665062111 -0.960106418487521 -0.928452975364603 -0.896816037087877 -0.865188315709294 -0.83355688421841 -0.801901248697778 -0.77020001775541 -0.738435777008155 -0.706592463115136 -0.674655439895723 -0.642610427959349 -0.61044566013366 -0.578159418119153 -0.545753281368649 -0.513231971471394 -0.480602407370807 -0.447877155290563 -0.415068325298995 -0.382180555562818 -0.349216616273344 -0.316179335075555 -0.283071769429116 -0.249897426748486 -0.21666138445261 -0.183370384968138 -0.150036260748033 -0.116671489165845 -0.0832860372511476 -0.0498892444475196
-0.960195829201614 -0.925956185268785 -0.891716541288315 -0.857476897196379 -0.823237253009435 -0.788997608765673 -0.754757964509935 -0.720518320292453 -0.686278676178369 -0.65203903225369 -0.61779938867296 -0.583559745607858 -0.549320103192244 -0.515080461408691 -0.480840820178368 -0.446601179328117 -0.412361538694092 -0.37812189824403 -0.34388225797996 -0.309642617909509 -0.275402978041704 -0.241163338366296 -0.206923698795943 -0.172684059234163 -0.138444419625006 -0.104204779929929 -0.0699651401394817 -0.0357255002571075 -0.00148586030873555 0.0327537796740835
-0.971358718461023 -0.938790623428448 -0.906222528515573 -0.873654433878484 -0.841086339606652 -0.80851824575413 -0.775950152299915 -0.743382059241102 -0.710813966722216 -0.678245874890272 -0.645677783754802 -0.613109693290964 -0.580541603440113 -0.547973514008369 -0.515405424775345 -0.482837335549834 -0.45026924616162 -0.417701156495268 -0.385133066459484 -0.352564976004766 -0.319996885092058 -0.287428793698877 -0.254860701869032 -0.222292609677555 -0.189724517258093 -0.157156424740413 -0.124588332180156 -0.0920202396086411 -0.0594521470340444 -0.026884054458754
-1.03276648622264 -0.991731745896395 -0.952837899452657 -0.919568947951621 -0.891950237365224 -0.868443656173346 -0.844715917975909 -0.816497166991649 -0.782566444794539 -0.743027766278418 -0.700236142261365 -0.657109332542523 -0.615460744510714 -0.572686375913503 -0.526238785373382 -0.47821418465383 -0.431945185276718 -0.391066344656491 -0.358136345080695 -0.331108422436688 -0.306784451011783 -0.281843345109608 -0.252472179099064 -0.215410517042232 -0.170099721708661 -0.116864013861465 -0.0568572475305471 0.00849803773138025 0.0775341935471756 0.14852229433359
-0.87732405902739 -0.937660799073521 -0.974949031821798 -0.973376338476394 -0.942165906062707 -0.897247965283582 -0.856345315730455 -0.830053728874972 -0.798668294821042 -0.743140393878784 -0.67734724855088 -0.623397541888159 -0.59719979501126 -0.58986188132008 -0.585013399612816 -0.561171498001615 -0.503420828483443 -0.428228509280603 -0.356088594302695 -0.292220413983173 -0.238024617886448 -0.192468797477705 -0.144788311825205 -0.0893183285991301 -0.050525482274268 -0.0469154069120679 -0.043018268116016 -0.00220840111237931 0.0627877119234915 0.126905552078975
-0.941055845159632 -0.91080071402118 -0.88054558279728 -0.850290451414899 -0.820035319789711 -0.789780187851245 -0.759525055595764 -0.72926992305508 -0.699014790336463 -0.668759657564549 -0.63850452485797 -0.608249392333855 -0.577994260113236 -0.547739128332751 -0.517483997143055 -0.487228866735263 -0.456973737274077 -0.426718608778107 -0.396463481233198 -0.366208354640262 -0.335953229003971 -0.305698104311676 -0.275442980481425 -0.245187857399973 -0.214932734898187 -0.184677612813285 -0.154422491063758 -0.124167369581187 -0.0939122482682389 -0.0636571270203515
-1.00056864298101 -0.965669732736864 -0.930791064419402 -0.89593858801643 -0.861101559793716 -0.826268827634008 -0.791444299610028 -0.756637106554547 -0.721862210150584 -0.68713950419478 -0.652502780088033 -0.617989303632309 -0.583634811909278 -0.549468927119442 -0.515518182987235 -0.481802874214002 -0.448340536058466 -0.415143905031967 -0.382217004203463 -0.349533801619794 -0.317060751572265 -0.284765387388015 -0.25261955853752 -0.220595300438166 -0.188661076151658 -0.156787262012483 -0.124955459801941 -0.0931519619691252 -0.0613705981874649 -0.0296070824364771
-0.91722930328882 -0.887586818259209 -0.857944333317703 -0.828301848510244 -0.798659363828839 -0.769016879257048 -0.739374394798569 -0.709731910465589 -0.680089426284105 -0.650446942262161 -0.620804458322177 -0.591161974365162 -0.561519490302188 -0.531877006084567 -0.502234521688609 -0.472592037150368 -0.442949552525549 -0.41330706788869 -0.383664583315403 -0.354022098866757 -0.324379614600184 -0.294737130537948 -0.265094646561638 -0.235452162537504 -0.205809678411113 -0.176167194160511 -0.146524709814332 -0.116882225411076 -0.087239740978113 -0.0575972565400296
-0.982455613262907 -0.94635487521341 -0.910271053758719 -0.874243500360776 -0.838350944885383 -0.802669197692336 -0.767223012713557 -0.732036689103951 -0.69718376333822 -0.662737036478966 -0.628717130620575 -0.595131623115378 -0.561992559985935 -0.529329861935724 -0.4971694027803 -0.465502994102628 -0.434322087165799 -0.40365075418601 -0.373515581569708 -0.343920591531244 -0.314864165236943 -0.286321739982466 -0.258176977580821 -0.230294814792102 -0.202557063647414 -0.174863044816286 -0.147165238250963 -0.119436715695779 -0.0916797567807366 -0.0639039431072523
-0.966461091024259 -0.936915691330992 -0.907333376754565 -0.87769370399583 -0.847934096644522 -0.817981659253135 -0.787764353336305 -0.757219570459571 -0.726321565429941 -0.695060177131133 -0.66345071751223 -0.631514866788656 -0.599274370731488 -0.566751237334421 -0.533959784578007 -0.500883308167622 -0.467501193161907 -0.433808204307739 -0.399807147913166 -0.365517616842692 -0.330963400599932 -0.296167371612208 -0.261148734001668 -0.225931276535739 -0.190560794868151 -0.155086770753516 -0.119551423463663 -0.0839887531149201 -0.048407145684383 -0.0128085836143385
-1.05228512416907 -1.01459720149766 -0.976909278815511 -0.939221356098248 -0.901533433394012 -0.863845510770664 -0.826157588302487 -0.788469666054804 -0.750781744050666 -0.713093822299688 -0.675405900800001 -0.637717979546867 -0.600030058520829 -0.562342137643558 -0.524654216847781 -0.486966296169304 -0.449278375663118 -0.411590455357855 -0.373902535264642 -0.336214615350945 -0.298526695573315 -0.260838775899716 -0.223150856343764 -0.185462936918915 -0.147775017592339 -0.110087098318811 -0.0723991790498193 -0.0347112597445529 0.00297665960372809 0.0406645789932447
-1.01172537769906 -0.974915779031431 -0.938106180372071 -0.901296581772585 -0.864486983346058 -0.827677385217265 -0.790867787496247 -0.754058190302302 -0.717248593806497 -0.68043899816799 -0.643629403446543 -0.606819809677073 -0.570010216879315 -0.533200625012302 -0.496391034006698 -0.459581443740405 -0.422771854078477 -0.38596226488732 -0.349152676054079 -0.312343087547484 -0.275533499356663 -0.23872391146913 -0.201914323865946 -0.165104736534651 -0.128295149495139 -0.0914855627647062 -0.0546759763179162 -0.0178663901107101 0.0189431959327205 0.0557527818961215
-0.96613845979587 -0.934182824663571 -0.902227189599574 -0.870271554624231 -0.838315919606928 -0.806360284376471 -0.77440464875032 -0.742449012549107 -0.710493375617507 -0.678537737835407 -0.646582099199497 -0.614626459735671 -0.582670819481633 -0.550715178522334 -0.518759536920453 -0.486803894602337 -0.454848251465372 -0.422892607427424 -0.390936962438794 -0.358981316559047 -0.327025669875063 -0.295070022496336 -0.263114374622826 -0.231158726479866 -0.199203078303819 -0.167247430288316 -0.135291782445027 -0.103336134735563 -0.0713804871032671 -0.039424839486916
0.988906013458724 0.950986014290255 0.913357663376585 0.876168064333778 0.839532627975027 0.803599067038109 0.768675994762014 0.735095404571694 0.703121910134746 0.672891777057517 0.644095258458697 0.616311104335067 0.589005663409715 0.561195679310967 0.531944740048133 0.500953416249228 0.468118412795063 0.433483988958921 0.397155673807422 0.359336521188036 0.320253966143451 0.280138045276321 0.239229201429183 0.19780720545437 0.156298734003518 0.115032047348482 0.0737948344426919 0.0323218647572127 -0.00932319884791909 -0.0509944701654241
-1.00552967928052 -0.972109165809164 -0.938688652273158 -0.905268138600837 -0.87184762466222 -0.83842711033052 -0.80500659555004 -0.771586080310375 -0.738165564711183 -0.704745048897066 -0.671324533082323 -0.63790401749868 -0.604483502352528 -0.571062987748932 -0.537642473752035 -0.504221960363631 -0.470801447551329 -0.437380935208351 -0.403960423250511 -0.370539911758378 -0.337119400853708 -0.303698890638956 -0.270278381139367 -0.236857872339864 -0.203437364141317 -0.170016856412306 -0.136596348976319 -0.103175841666807 -0.0697553344021677 -0.0363348271220363
-1.03898704531419 -1.00311446471633 -0.96724188416603 -0.931369303675786 -0.895496723181941 -0.859624142602698 -0.82375156185984 -0.787878980892929 -0.752006399709087 -0.716133818322804 -0.680261236710495 -0.644388654839054 -0.608516072683817 -0.57264349025389 -0.536770907586776 -0.500898324799791 -0.465025742015234 -0.429153159295499 -0.393280576703365 -0.35740799436303 -0.321535412414047 -0.285662830972889 -0.249790250063702 -0.213917669673804 -0.178045089735527 -0.142172510160378 -0.106299930831545 -0.0704273516388338 -0.0345547725268225 0.00131780654621474
-0.983385936451346 -0.950529298122357 -0.91767265982013 -0.884816021475254 -0.851959382906802 -0.819102743924119 -0.786246104409156 -0.753389464249867 -0.720532823285614 -0.687676181374419 -0.654819538497542 -0.621962894667053 -0.589106249920085 -0.556249604394034 -0.523392958256925 -0.490536311699056 -0.457679664916262 -0.424823018104244 -0.391966371455512 -0.359109725149934 -0.326253079364219 -0.29339643424528 -0.260539789820844 -0.227683146077783 -0.194826502958709 -0.161969860384953 -0.129113218236964 -0.0962565763902546 -0.0633999347414862 -0.0305432931926053
-1.00824141195443 -0.970228704091389 -0.932237651938963 -0.894296765577095 -0.856454711041719 -0.818766482592443 -0.781292231427592 -0.744085470581892 -0.707168003496965 -0.670556851792904 -0.63428161939679 -0.598375055812451 -0.562864448882526 -0.527755239804903 -0.493040791470188 -0.458688000184622 -0.424654658912677 -0.390888613836119 -0.357338343721351 -0.323964804456052 -0.290732071208218 -0.257610130330182 -0.224592612911628 -0.191676038044176 -0.158844832089832 -0.126071992464857 -0.0932968935321389 -0.060464855944538 -0.0275786085681689 0.00534476767754013
-1.0563762270149 -1.01894813073978 -0.981520034410226 -0.944091937839014 -0.90666384105874 -0.869235744144213 -0.831807647119263 -0.794379549785777 -0.75695145110885 -0.719523349919289 -0.682095245347548 -0.644667136598993 -0.607239022971786 -0.569810904135277 -0.532382779931858 -0.4949546505249 -0.457526516047712 -0.420098376192367 -0.38267023065797 -0.345242079612987 -0.307813923343223 -0.27038576222118 -0.232957596966135 -0.195529428331168 -0.158101256857792 -0.120673083025944 -0.083244907280845 -0.0458167300702455 -0.00838855188675025 0.0290396267658231
-1.02184514704679 -0.985192483224498 -0.948548839863594 -0.911934733339825 -0.875391671936995 -0.838962481872876 -0.802674269193082 -0.766547587759731 -0.730592502873125 -0.694814769364001 -0.659213388746654 -0.623785674206271 -0.588526730470952 -0.553422828440453 -0.518457763177038 -0.483614260221354 -0.448876515006864 -0.414235672059922 -0.379682418622015 -0.345198663702263 -0.310764121751693 -0.276362598869137 -0.24199426774464 -0.207662458158351 -0.173366761659625 -0.13910364553145 -0.104860818222148 -0.0706254339505875 -0.0363911888524898 -0.00215341454278923
-1.04271477164508 -1.00602820602909 -0.969341640400328 -0.932655074763157 -0.895968509178955 -0.859281943735135 -0.822595378566253 -0.785908813799323 -0.749222249484055 -0.712535685628288 -0.675849122149666 -0.639162558943286 -0.602475995914446 -0.565789433009233 -0.529102870159728 -0.492416307201201 -0.455729743952506 -0.41904318026365 -0.382356616006543 -0.345670051109551 -0.308983485515151 -0.272296919188548 -0.235610352185849 -0.198923784597322 -0.16223721655898 -0.12555064820455 -0.0888640796128752 -0.0521775108500994 -0.0154909419864672 0.0211956269067522
-0.988077137496164 -0.952481592938722 -0.916886407107508 -0.88130047719676 -0.845737184621769 -0.81020609317624 -0.774697011946504 -0.739204053919773 -0.70375830239419 -0.668399683516368 -0.633166524515865 -0.598096752892976 -0.563218427794275 -0.528520134951438 -0.493985346592671 -0.459616554347188 -0.425423920618176 -0.391429271503712 -0.35765237856013 -0.324093131481886 -0.290746449497971 -0.257606865558127 -0.224667367495109 -0.19191722874031 -0.159332410236647 -0.126886501196551 -0.0945569163989525 -0.0623203883519135 -0.0301470949134941 0.00199442472074504
0.993198256242373 0.95870085566389 0.924203455135055 0.889706054630423 0.85520865405651 0.820711253313494 0.786213852344257 0.751716451083955 0.717219049394153 0.682721647115489 0.64822424407849 0.613726840111158 0.57922943508454 0.544732029041868 0.510234622082107 0.475737214354953 0.441239806010052 0.406742397146115 0.372244987866796 0.337747578346453 0.303250168777117 0.268752759325662 0.23425535005832 0.199757940987446 0.165260532010519 0.130763123024603 0.0962657140399811 0.061768305089475 0.0272708961828612 -0.00722651267584599
1.03400414772087 0.996924356301614 0.959845386650295 0.922769767591509 0.885697515438953 0.848627591510596 0.811557249652387 0.774484849262384 0.737414879419093 0.700353354655149 0.663306261639249 0.626279580074104 0.589278543745262 0.552305402769607 0.51536205852769 0.478452001123396 0.441579432460598 0.404749812919806 0.367968110191784 0.331236062731682 0.294554601685744 0.257924285173114 0.22134417920452 0.184812383626444 0.148324625736783 0.111875217161428 0.0754551793868336 0.0390551064102092 0.00266717241121437 -0.0337160533848778
1.04044267828649 1.0027792789419 0.965115879481219 0.927452479780385 0.889789079774606 0.852125679407451 0.814462278596622 0.776798877237579 0.739135475162678 0.701472072225631 0.663808668428704 0.626145263811297 0.588481858399014 0.550818452162287 0.513155045055046 0.475491637020381 0.437828228033875 0.400164818211892 0.362501407699017 0.324837996611918 0.287174585060283 0.249511173144632 0.211847760928811 0.174184348470029 0.136520935835623 0.0988575230979002 0.0611941103389121 0.0235306976247901 -0.0141327150517723 -0.0517961277164407
1.04479823143776 1.01007063526837 0.975307675819368 0.940517580802695 0.905744870661673 0.871030704971733 0.836366507105341 0.801720505354419 0.767017883891675 0.732173931085075 0.69710739620283 0.661737893738215 0.625982243318045 0.589746085103312 0.552944392599455 0.515540652155531 0.47752635765532 0.438956520277868 0.399897955646221 0.36040117986417 0.320512634155686 0.280280148287048 0.239757106193755 0.198994016402543 0.158024331635889 0.116881953697316 0.0756196365188298 0.0342916122631408 -0.00706082611267985 -0.0483996204529716
-1.01672080078443 -0.981106347867273 -0.945491894877952 -0.909877441764566 -0.874262988410688 -0.838648534672182 -0.803034080358622 -0.76741962529955 -0.731805169450699 -0.696190712801721 -0.660576255351764 -0.624961797102355 -0.589347338061975 -0.553732878266939 -0.518118417770517 -0.482503956665965 -0.446889495048388 -0.411275032980297 -0.375660570526948 -0.340046107797151 -0.304431644910604 -0.268817182002466 -0.233202719269728 -0.197588256918067 -0.161973795126075 -0.12635933402478 -0.0907448735820445 -0.0551304137037117 -0.0195159542107028 0.0160985050972913
-0.99813554624939 -0.967516213200187 -0.936903678149894 -0.906297932393415 -0.875675902314052 -0.845005538497928 -0.814241953254056 -0.783337941694147 -0.752249868417829 -0.720939909030974 -0.689389913676527 -0.6575866511317 -0.625527998928855 -0.593256269620956 -0.560821783705841 -0.528262458440238 -0.495607320666159 -0.462862238807878 -0.430028257577325 -0.39711028525479 -0.364114196012655 -0.331049040171665 -0.297936572646028 -0.264796493571316 -0.231627579375104 -0.198427003541739 -0.16520645149066 -0.1319792056686 -0.0987504246963655 -0.0655232362382806
-0.999329766189629 -0.960845237800342 -0.922371456076673 -0.88391379042417 -0.845525385038001 -0.807293416509289 -0.769393416223372 -0.732000771273517 -0.695201936790492 -0.659048491219745 -0.623541438227952 -0.588669137787094 -0.554423340470766 -0.520809359259023 -0.487831689114975 -0.455477990527487 -0.423720142865031 -0.392483735488732 -0.361687140842422 -0.331266153708113 -0.301160924452361 -0.271313154090524 -0.241670746233166 -0.212187101016747 -0.182831402086111 -0.153574326864637 -0.124376744381469 -0.0952024326427269 -0.0660366139566724 -0.0368698717071015
1.02760696031971 1.00263020619491 0.973644607753199 0.93864283503028 0.897887018554174 0.85213852085716 0.801886171996186 0.749096921781477 0.701922731511679 0.667186700207088 0.64021146628618 0.613444553016979 0.580154104706044 0.536890749814082 0.483309101178311 0.428197224987831 0.381251821557672 0.346670674354684 0.325910453981632 0.314962296433128 0.308450954051743 0.300671718796364 0.284602041091136 0.254646215292803 0.212233753023236 0.160562485239007 0.102878302970352 0.0421478829389238 -0.0198270154416149 -0.0815358620846008
