-0.982361437987594 -0.949094249244818 -0.915827060585978 -0.882559872078951 -0.849292683843576 -0.816025495964033 -0.782758308329885 -0.749491120801211 -0.716223933314756 -0.682956745826898 -0.64968955829587 -0.61642237068037 -0.583155182890582 -0.549887994642638 -0.516620805610265 -0.48335361549163 -0.450086424038168 -0.416819231189941 -0.383552036940752 -0.350284841310722 -0.317017644326553 -0.283750446018251 -0.250483246429033 -0.217216045638391 -0.183948843857702 -0.150681641330484 -0.117414438296924 -0.0841472349746209 -0.0508800314941513 -0.0176128279643347
-0.996001213195493 -0.962900300107686 -0.929804641934706 -0.89672320273477 -0.863664384448736 -0.830638251931346 -0.797662083810269 -0.764753341082 -0.731923000445432 -0.699179726616766 -0.666529420679037 -0.633977292806992 -0.601529021746573 -0.569192160528504 -0.536973375247821 -0.504873909972036 -0.472890170346486 -0.441004630355331 -0.409198312875603 -0.377460368016971 -0.345781977697264 -0.314151480242464 -0.282545839611163 -0.250941430333383 -0.219323643592277 -0.187683101408366 -0.156022332498523 -0.124346677673875 -0.0926608194262129 -0.0609692756674942
-1.01720250720784 -0.979520261415865 -0.941838015628182 -0.90415576984904 -0.866473524166089 -0.828791278713253 -0.791109033726158 -0.753426789435558 -0.715744545950998 -0.678062303321402 -0.640380061474411 -0.602697820307345 -0.565015579685921 -0.52733333934945 -0.489651099012734 -0.451968858418962 -0.414286617335153 -0.376604375595274 -0.338922133058922 -0.301239889621269 -0.263557645186375 -0.225875399678916 -0.188193153106019 -0.150510905507916 -0.112828656974811 -0.0751464076341211 -0.0374641577121505 0.000218092557695014 0.0379003430124857 0.0755825935069112
-1.05910705513885 -1.02218919777441 -0.985271340243928 -0.948353482346096 -0.911435623975614 -0.874517765050238 -0.837599905483943 -0.800682045174142 -0.76376418395576 -0.726846321670662 -0.689928458250953 -0.653010593651301 -0.616092727842285 -0.57917486085814 -0.542256992746572 -0.505339123545531 -0.468421253295639 -0.431503382057952 -0.394585509922458 -0.357667637074429 -0.320749763722958 -0.283831890074683 -0.246914016326417 -0.209996142638303 -0.17307826903362 -0.136160395504719 -0.0992425220571158 -0.0623246486997179 -0.0254067754418515 0.0115110977070529
-0.997699625822549 -0.963818409976597 -0.929937194073502 -0.896055978073615 -0.862174762062338 -0.828293546157991 -0.7944123304855 -0.760531115175072 -0.726649900371447 -0.692768686215997 -0.658887472822082 -0.625006260296063 -0.591125048747557 -0.557243838299214 -0.523362629045542 -0.489481420955444 -0.455600213970827 -0.421719008051233 -0.387837803127178 -0.353956598995458 -0.320075395419435 -0.286194192187854 -0.252312989190973 -0.218431786344682 -0.184550583565865 -0.150669380776307 -0.116788177916398 -0.0829069749485998 -0.0490257719050697 -0.0151445688353869
-1.05692006553335 -1.01953920094191 -0.982158336361959 -0.944777471799747 -0.907396607218455 -0.870015742582777 -0.832634877906529 -0.79525401317364 -0.757873148199362 -0.720492282774568 -0.683111416761283 -0.645730550039321 -0.608349682519413 -0.57096881423595 -0.533587945259049 -0.496207075678086 -0.458826205566479 -0.421445334914562 -0.384064463694814 -0.34668359189137 -0.309302719491279 -0.271921846516658 -0.234540973129895 -0.197160099527499 -0.15977922590218 -0.122398352407875 -0.0850174790472125 -0.0476366057826516 -0.010255732567281 0.0271251406481536
-0.986438122782145 -0.952263368314694 -0.918088613840582 -0.883913859337444 -0.849739104840532 -0.815564350428782 -0.781389596298245 -0.747214842639948 -0.713040089507706 -0.678865336933035 -0.644690584995484 -0.610515833786606 -0.57634108337884 -0.54216633376817 -0.507991584941535 -0.473816836926175 -0.439642089775947 -0.405467343610886 -0.371292598544353 -0.337117854596848 -0.302943111765654 -0.268768369991738 -0.234593628990809 -0.200418888435531 -0.166244148051668 -0.132069407627033 -0.0978946671445522 -0.0637199266339077 -0.0295451861167118 0.00462955438744115
-1.00824626304195 -0.973455133971535 -0.938664004904944 -0.903872875885646 -0.869081747023582 -0.834290618458182 -0.799499490380342 -0.764708362982531 -0.729917236412051 -0.695126110796473 -0.660334986229633 -0.625543862796928 -0.590752740553151 -0.555961619430668 -0.521170499316271 -0.486379380036894 -0.451588261414219 -0.416797143308782 -0.382006025598661 -0.347214908193239 -0.312423791009722 -0.277632673989107 -0.242841557167547 -0.208050440610654 -0.173259324406741 -0.138468208616885 -0.103677093170534 -0.0688859779653542 -0.0340948629035102 0.000696252111707786
-1.00358895348553 -0.970122054710353 -0.936655155968313 -0.903188257252749 -0.869721358452626 -0.836254459434463 -0.802787560079346 -0.769320660261725 -0.735853759814932 -0.702386858592732 -0.668919956571767 -0.635453053759394 -0.601986150172427 -0.568519245865491 -0.535052340908886 -0.501585435397778 -0.468118529419201 -0.434651623002762 -0.40118471617061 -0.367717808972475 -0.334250901464983 -0.300783993689251 -0.267317085624364 -0.233850177256927 -0.200383268665658 -0.16691635994716 -0.133449451177461 -0.0999825424125559 -0.0665156336488777 -0.0330487248679703
0.983601391741177 0.951723241651005 0.919834662433039 0.887918593900781 0.85596124539884 0.823953996120863 0.791905635125537 0.759817048908217 0.727640103845898 0.695315882277351 0.662791350506817 0.630014945829904 0.596943253191799 0.563565448136005 0.529884152020323 0.495923178861419 0.461706867565829 0.427240463940697 0.392529817371216 0.357602284654182 0.322490599439287 0.287223866592487 0.251816675844784 0.216278963401177 0.180616566497598 0.144836704717516 0.108956226003616 0.0729964681389374 0.0369870999087398 0.000959872848837272
-1.0189656572103 -0.983101720575899 -0.947237784031982 -0.911373847672967 -0.875509911492808 -0.839645975445517 -0.80378203942581 -0.767918103327047 -0.732054167096462 -0.696190230695459 -0.660326294088237 -0.624462357239692 -0.588598420115091 -0.552734482681175 -0.51687054492077 -0.48100660687956 -0.445142668625564 -0.409278730253286 -0.373414791855823 -0.337550853494172 -0.301686915221302 -0.265822977057847 -0.229959038895099 -0.194095100604933 -0.158231162110904 -0.122367223377815 -0.0865032844837883 -0.0506393455207693 -0.0147754065226673 0.0210885324911166
-1.02456563124158 -0.986415418338583 -0.948244289966715 -0.910071157243526 -0.871997622190092 -0.834146923855391 -0.796646158496506 -0.759608759130883 -0.723089648609323 -0.687116979228905 -0.651670331238444 -0.616717141874693 -0.582221095477162 -0.5481308647964 -0.514396879136326 -0.480991605603299 -0.447893741233683 -0.415084864981433 -0.38255186498157 -0.350299984175802 -0.318339054207506 -0.286672292060278 -0.255276456078588 -0.224116643099531 -0.193137762569847 -0.162276692315683 -0.131458371071181 -0.100617110656227 -0.0697366543257147 -0.038813103193283
-1.00994853062997 -0.975857630859895 -0.941766731039465 -0.907675831101501 -0.87358493095154 -0.839494030491328 -0.805403129634755 -0.771312228307858 -0.737221326473118 -0.703130424116401 -0.669039521280667 -0.634948618023152 -0.600857714417974 -0.566766810606789 -0.532675906737601 -0.498585002916262 -0.464494099247947 -0.430403195877257 -0.396312292932559 -0.362221390437867 -0.328130488391108 -0.294039586803815 -0.259948685741961 -0.225857785272973 -0.191766885415669 -0.157675986168497 -0.123585087497026 -0.0894941893340007 -0.0554032915137343 -0.0213123938459307
-0.915486144466199 -0.956463757131282 -0.985618682371526 -0.991819844259925 -0.9625108254578 -0.890911025307443 -0.794768451286712 -0.697347976916045 -0.619453331750671 -0.576091189635246 -0.561541145537356 -0.56490102470532 -0.573801541170906 -0.570004964099687 -0.53966758958958 -0.492390266334079 -0.441744117418487 -0.39373681089976 -0.351931813408944 -0.317679240901802 -0.291775871665275 -0.274082090574084 -0.260712708854071 -0.245833675090777 -0.219561060957421 -0.174396974150066 -0.116437543368476 -0.053987933169826 0.0094045694627739 0.0713821469397292
0.9880632317066 0.953304690295014 0.918546148854976 0.88378760734774 0.849029065758869 0.814270524080191 0.779511982304293 0.744753440408828 0.709994898310965 0.675236355945116 0.64047781337514 0.605719270697263 0.570960728010942 0.536202185428569 0.501443643036933 0.466685100807483 0.431926558696766 0.397168016717076 0.362409474882208 0.327650933156221 0.29289239149074 0.258133849832811 0.223375308111163 0.188616766254479 0.153858224209548 0.119099681941243 0.084341139468644 0.0495825968278546 0.014824054068849 -0.0199344887549299
-1.02267976529988 -0.987538466891424 -0.95239716856413 -0.917255870431395 -0.882114572658201 -0.8469732754393 -0.811831979036926 -0.776690683702496 -0.741549389576664 -0.706408096753293 -0.671266805249861 -0.636125515064748 -0.600984226163178 -0.565842938377754 -0.530701651540864 -0.495560365616667 -0.460419080595782 -0.42527779644289 -0.390136513094512 -0.354995230400446 -0.319853948188813 -0.284712666282954 -0.249571384487082 -0.214430102619748 -0.179288820575954 -0.144147538261969 -0.109006255552651 -0.0738649723647488 -0.0387236888139786 -0.00358240506579761
-1.04424122779849 -1.00712946239646 -0.97001769703057 -0.932905931774198 -0.895794166708797 -0.858682401905883 -0.821570637389177 -0.78445887316555 -0.747347109222281 -0.710235345543383 -0.673123582119418 -0.636011818942584 -0.598900055984242 -0.561788293132422 -0.524676530241014 -0.487564767110715 -0.450453003529718 -0.4133412392894 -0.376229474217835 -0.339117708286698 -0.302005941503562 -0.264894173890522 -0.227782405527749 -0.190670636533106 -0.153558867117151 -0.11644709749131 -0.0793353277777866 -0.0422235580597904 -0.00511178835377377 0.0319999813404999
-1.01391136616747 -0.978703292549432 -0.943495218996472 -0.908287145511239 -0.873079072008612 -0.83787099838376 -0.802662924540787 -0.767454850406643 -0.732246775990726 -0.697038701332063 -0.66183062650575 -0.626622551595901 -0.591414476670335 -0.556206401731686 -0.520998326776163 -0.485790251839447 -0.450582176952848 -0.415374102090709 -0.380166027201383 -0.344957952186224 -0.309749876934835 -0.274541801366628 -0.239333725520242 -0.204125649460605 -0.168917573238562 -0.133709496901928 -0.0985014205005084 -0.0632933440799084 -0.028085267666968 0.0071228087161652
-1.0060656052663 -0.97034196268154 -0.934618320041951 -0.898894677348827 -0.863171034718552 -0.827447392270971 -0.791723750024691 -0.756000107962891 -0.720276466028268 -0.68455282412669 -0.648829182057204 -0.613105539592148 -0.577381896506295 -0.541658252584168 -0.505934607622504 -0.470210961457162 -0.434487313959066 -0.398763665100257 -0.363040014903718 -0.327316363495047 -0.291592711025499 -0.255869057651281 -0.220145403548407 -0.184421748926439 -0.148698094109327 -0.112974439396977 -0.0772507848787412 -0.0415271305709223 -0.00580347640819035 0.029920177695193
-1.00761877991731 -0.97382773141488 -0.94003668305447 -0.906245634959187 -0.872454587187143 -0.838663539740333 -0.80487249246129 -0.771081445177 -0.737290397811727 -0.70349935030166 -0.669708302533394 -0.635917254381128 -0.602126205717716 -0.568335156410639 -0.534544106357634 -0.500753055582845 -0.46696200414259 -0.433170952095501 -0.399379899516052 -0.365588846539804 -0.331797793317589 -0.298006739987967 -0.264215686640416 -0.230424633336323 -0.196633580073806 -0.162842526837584 -0.129051473622072 -0.0952604204207 -0.0614693672132707 -0.0276783139761793
-0.949448070137978 -0.922004177544858 -0.894534372512635 -0.866959858795374 -0.839144952834459 -0.810953632594198 -0.782305409443299 -0.753146779012821 -0.723476640578842 -0.69330083021223 -0.662600527517989 -0.631350747984665 -0.599519347565701 -0.567045544074156 -0.533869160865884 -0.499961081608316 -0.465327966496889 -0.4300885215275 -0.394388618765283 -0.358370748751874 -0.322176556648032 -0.285933051390028 -0.24970869701617 -0.213551509769836 -0.17748625961264 -0.14152592743145 -0.105659584095916 -0.0698653525440874 -0.0341014740048172 0.00167878072033843
-1.01289653980037 -0.978851975118033 -0.944807410371447 -0.910762845459656 -0.876718280233838 -0.842673714558404 -0.808629148398542 -0.774584581776408 -0.740540014841245 -0.70649544777119 -0.672450880732864 -0.63840631389001 -0.604361747421184 -0.5703171815642 -0.536272616543228 -0.502228052468607 -0.468183489399439 -0.434138927303729 -0.400094366130504 -0.366049805843981 -0.332005246412176 -0.297960687809542 -0.263916130036283 -0.229871573082794 -0.195827016874487 -0.161782461322272 -0.127737906344053 -0.0936933518468163 -0.0596487976868883 -0.0256042437079309
-1.02324027249375 -0.987804386288848 -0.952368500070359 -0.916932613817731 -0.881496727413466 -0.846060840739322 -0.810624953771039 -0.775189066507799 -0.739753178948556 -0.704317291092432 -0.668881402939425 -0.633445514489753 -0.598009625757418 -0.56257373681156 -0.527137847738416 -0.491701958637492 -0.456266069615484 -0.420830180794605 -0.38539429228209 -0.349958404109771 -0.314522516290629 -0.279086628804278 -0.243650741496859 -0.208214854195155 -0.17277896678199 -0.137343079179133 -0.101907191408101 -0.0664713035168997 -0.0310354155597177 0.00440047240770733
-0.999101442189559 -0.963287253176851 -0.927473064217135 -0.891658875347945 -0.855844686574349 -0.820030497888513 -0.784216309263493 -0.748402120625638 -0.71258793173359 -0.676773742331105 -0.640959552270118 -0.605145361429605 -0.5693311697363 -0.533516977307955 -0.49770278430516 -0.461888590868826 -0.426074397133126 -0.390260203224956 -0.354446009264538 -0.318631815352667 -0.282817621585281 -0.247003428048359 -0.211189234788046 -0.175375041821144 -0.139560849086912 -0.103746656519479 -0.0679324641099972 -0.032118271852288 0.0036959203061753 0.0395101124295066
-1.05743940190772 -1.00053330276864 -0.943749385986072 -0.888921514598293 -0.842362905638373 -0.808719464889384 -0.781488499139621 -0.752829475754504 -0.720699103402721 -0.684968828763451 -0.647371809254575 -0.610106629978649 -0.574350434979974 -0.537194604069842 -0.495551803062304 -0.449705606015453 -0.40214256416168 -0.360790229186508 -0.332671345803131 -0.315748430382306 -0.30571894220918 -0.298436583888637 -0.290380031304523 -0.27769129082085 -0.25454071744334 -0.214868537637004 -0.153666115062299 -0.0685997746869966 0.0330154504873378 0.141452350450687
-1.02160400030568 -0.985528761067146 -0.949453521637346 -0.913378281823358 -0.877303041488181 -0.841227800519026 -0.805152558844041 -0.769077316393874 -0.733002073068243 -0.696926828782258 -0.660851583543527 -0.624776337382784 -0.588701090343393 -0.552625842519232 -0.516550594009997 -0.480475344888124 -0.44440009523737 -0.408324845214021 -0.372249594988902 -0.33617434471847 -0.300099094555589 -0.264023844618307 -0.227948594885411 -0.191873345292802 -0.155798095744098 -0.119722846164858 -0.0836475966006796 -0.0475723471151304 -0.0114970977236247 0.0245781515704619
-0.997491571996947 -0.962965726332171 -0.928439880724088 -0.893914035226702 -0.859388189869157 -0.82486234466982 -0.790336499628815 -0.755810654741786 -0.72128481000468 -0.686758965425449 -0.652233121059747 -0.617707276975153 -0.583181433244701 -0.548655589963228 -0.514129747223139 -0.479603905085292 -0.445078063603404 -0.410552222834183 -0.376026382803518 -0.341500543411031 -0.306974704524777 -0.272448866012322 -0.237923027739274 -0.203397189570072 -0.168871351366436 -0.134345513035289 -0.0998196746670798 -0.0652938363730616 -0.0307679981641863 0.00375783997366953
-1.02572422151511 -0.98993668237891 -0.954149143157293 -0.918361603789588 -0.882574064212571 -0.846786524361493 -0.810998984168059 -0.775211443588328 -0.739423902679331 -0.703636361526796 -0.667848820230261 -0.632061278892723 -0.596273737592995 -0.560486196313185 -0.524698655003589 -0.488911113583976 -0.453123571980274 -0.41733603017359 -0.381548488163279 -0.345760945966512 -0.309973403604914 -0.274185861108981 -0.238398318544689 -0.202610775962322 -0.166823233313915 -0.131035690539061 -0.0952481476258511 -0.05946060458364 -0.0236730614583438 0.0121144816949817
-1.09229743027858 -1.00641485266925 -0.932656678610222 -0.888538336777158 -0.867531537087249 -0.857446203701934 -0.847488836518104 -0.827727057559791 -0.790276401624147 -0.731088833635091 -0.659414126250522 -0.587826504061832 -0.527526781868442 -0.484222135301885 -0.459995355095108 -0.447925331554587 -0.439636437424068 -0.429938875622859 -0.415389688126929 -0.396347442963322 -0.374121089671855 -0.349735250178278 -0.323077235952076 -0.29100446944197 -0.239392127469877 -0.160420152346188 -0.0824697939619947 -0.0353127138934631 -0.0180809128763476 -0.0222464764363008
-1.00697804427554 -0.972736078974975 -0.938485233653014 -0.90421649686994 -0.869915796789472 -0.835567455560951 -0.801154431672773 -0.766657925294187 -0.732053466978792 -0.697319174619156 -0.662449185079367 -0.627441639966393 -0.592298534334767 -0.557037277029282 -0.521675241415925 -0.486214245155208 -0.45064808861855 -0.414954058726495 -0.379109854905726 -0.343111340058365 -0.306958917955396 -0.270655469298031 -0.234213782508404 -0.197647185062411 -0.160961252930087 -0.124163677644829 -0.0872783644993546 -0.0503323249496665 -0.0133487813455739 0.0236499912396615
1.01374678315441 0.977709539160618 0.941672295093235 0.90563505084281 0.869597806241619 0.833560561138209 0.797523315504483 0.761486069334681 0.72544882258902 0.689411575239399 0.653374327338454 0.617337078959011 0.58129983019387 0.545262581215748 0.50922533222114 0.473188083421728 0.437150835008451 0.401113587074059 0.365076339675964 0.329039092828411 0.29300184653485 0.256964600792002 0.220927355569673 0.184890110806414 0.148852866342685 0.112815622009765 0.0767783777003134 0.0407411333408718 0.00470388893211737 -0.0313333555067377
-0.979214373795845 -0.947887309029109 -0.916509460024887 -0.885005602490674 -0.853329570629684 -0.821420738037763 -0.789131577385569 -0.756352092751928 -0.723209314773536 -0.689857672355966 -0.656324160922433 -0.622603917525562 -0.588715765390379 -0.554773272431508 -0.520908834879238 -0.487235417536911 -0.453877409454529 -0.421024328095661 -0.388868351330718 -0.357547170243902 -0.327184854222859 -0.297861584232291 -0.269481987545113 -0.241934477808181 -0.215218167855908 -0.189339456502845 -0.164223187296559 -0.139755945534914 -0.115752838783956 -0.0920111051767765
-0.971501792389149 -0.939519516879283 -0.907537241436893 -0.875554966108531 -0.843572690862129 -0.811590415635896 -0.779608140327757 -0.747625864841503 -0.715643589144688 -0.683661313218288 -0.651679037033221 -0.619696760557885 -0.587714483779396 -0.555732206759738 -0.523749929583023 -0.491767652346999 -0.459785375151078 -0.427803098087677 -0.395820821249201 -0.363838544735001 -0.331856268646165 -0.299873993095284 -0.267891718240971 -0.235909444223741 -0.20392717106571 -0.171944898729305 -0.139962627056621 -0.107980355863371 -0.0759980849800753 -0.0440158142409567
-0.989578929443893 -0.955021379155491 -0.920463828916655 -0.885906278724363 -0.851348728432146 -0.816791177883626 -0.782233627026203 -0.747676075844656 -0.713118524369482 -0.678560972651566 -0.64400342077763 -0.60944586884335 -0.574888316939752 -0.54033076513925 -0.505773213504625 -0.471215662078729 -0.436658110883949 -0.402100559880754 -0.367543009042795 -0.332985458458369 -0.298427908244431 -0.263870358487026 -0.229312809148532 -0.194755260159137 -0.160197711443914 -0.125640162937462 -0.0910826146175921 -0.0565250664689486 -0.0219675184602957 0.0125900294435726
1.01207326205634 0.977177282423158 0.942281302731128 0.90738532294587 0.872489343058649 0.837593363086383 0.802697383122956 0.767801403250942 0.732905423430697 0.69800944356402 0.663113463440696 0.628217482822503 0.593321501483699 0.558425519248453 0.523529536004724 0.488633551845723 0.453737566887808 0.418841581134668 0.38394559458242 0.349049607309564 0.314153619415199 0.279257631006854 0.244361642225786 0.209465653222243 0.174569664148715 0.13967367513728 0.104777686236137 0.0698816974621032 0.034985708790358 8.97201856713224e-05
-1.02108529425531 -0.985266352709131 -0.949447411174698 -0.913628469637562 -0.877809528035189 -0.841990586291579 -0.806171644324924 -0.77035270206584 -0.734533759500432 -0.698714816656144 -0.662895873670306 -0.627076930707716 -0.591257987937121 -0.555439045543066 -0.519620103692962 -0.483801162469876 -0.447982221944231 -0.412163282220204 -0.376344343399991 -0.340525405544107 -0.304706468702648 -0.268887532916845 -0.233068598192476 -0.197249664499815 -0.161430731702565 -0.125611799625666 -0.0897928680455562 -0.0539739367461897 -0.0181550055900695 0.0176639255406641
-0.989247209401613 -0.954699756512096 -0.920152303622073 -0.885604850711511 -0.851057397747613 -0.816509944712762 -0.781962491662815 -0.74741503865381 -0.712867585669008 -0.678320132678294 -0.643772679670808 -0.609225226640501 -0.574677773585555 -0.540130320521061 -0.505582867459726 -0.471035414387831 -0.436487961281319 -0.40194050810124 -0.367393054811313 -0.33284560140083 -0.298298147865479 -0.263750694214349 -0.22920324051014 -0.194655786810513 -0.160108333099354 -0.125560879346049 -0.0910134255357432 -0.0564659716657574 -0.0219185177663315 0.0126289361240635
-1.02343810602568 -0.988356493079519 -0.95327488018836 -0.91819326740643 -0.883111654726154 -0.848030042114873 -0.812948429501421 -0.777866816787824 -0.742785203807394 -0.707703590392594 -0.672621976441206 -0.637540361867339 -0.602458746611664 -0.567377130721095 -0.532295514283431 -0.497213897443759 -0.462132280345648 -0.427050663069306 -0.391969045693377 -0.356887428353615 -0.321805811200053 -0.286724194379029 -0.25164257802211 -0.216560962222599 -0.181479346935517 -0.146397732079901 -0.111316117569159 -0.0762345033149774 -0.041152889227811 -0.00607127521780448
-1.08542197018317 -1.04117840573239 -0.996918889811491 -0.9526669940476 -0.908564665439803 -0.864790524422881 -0.821551509802396 -0.779028815297905 -0.737272335914161 -0.696309002720932 -0.656205189762857 -0.61703713182829 -0.578853254006644 -0.54159074259156 -0.505167841014168 -0.469538260051322 -0.434652012978788 -0.400408855722265 -0.366675100345363 -0.333233540813399 -0.299846091567123 -0.266307537358154 -0.232544144181606 -0.198529910839733 -0.164298286119851 -0.129890237830061 -0.0953173598765431 -0.0605922951334383 -0.0257612562486565 0.00912115168645064
-1.0382402333946 -1.00447456833655 -0.970708903328996 -0.936943238413234 -0.903177573640004 -0.869411909073992 -0.835646244826171 -0.801880580993584 -0.768114917571252 -0.734349254493025 -0.700583591550098 -0.666817928497998 -0.633052265140396 -0.599286601473526 -0.565520937544862 -0.531755273414278 -0.497989609110185 -0.464223944522745 -0.430458279539951 -0.39669261417937 -0.362926948490959 -0.329161282548576 -0.295395616521668 -0.261629950575448 -0.227864284762587 -0.194098619102004 -0.160332953590132 -0.126567288212726 -0.0928016229352836 -0.0590359577182429
-1.08001813344876 -1.03967667685938 -0.99933522027897 -0.958993763703744 -0.918652307016528 -0.87831085008061 -0.837969392794526 -0.797627935072392 -0.757286476855411 -0.716945018098305 -0.676603558782772 -0.63626209889726 -0.59592063844431 -0.55557917748286 -0.515237716086154 -0.474896254328285 -0.434554792251767 -0.394213329771946 -0.353871866779048 -0.313530403189968 -0.273188938928274 -0.232847473948312 -0.192506008327551 -0.152164542183906 -0.111823075673954 -0.0714816089461863 -0.0311401420780802 0.00920132487697171 0.0495427918909151 0.0898842589420298
-1.00451510530055 -0.968113769496061 -0.93171243372455 -0.89531109799245 -0.85890976230776 -0.822508426663462 -0.786107090990913 -0.749705755215847 -0.713304419303135 -0.676903083214376 -0.640501746858926 -0.604100410133085 -0.567699072955476 -0.531297735334019 -0.494896397303993 -0.458495058920797 -0.422093720243533 -0.385692381325964 -0.349291042235385 -0.31288970309855 -0.276488364057072 -0.240087025244233 -0.203685686759976 -0.167284348677532 -0.130883010996627 -0.0944816737007364 -0.0580803367818506 -0.0216790002151982 0.0147223360995566 0.0511236722816407
-0.962124669373544 -0.93315684134014 -0.904427106147145 -0.875787959352614 -0.84701209306679 -0.817724227221278 -0.787036996480961 -0.753972297495923 -0.717701160123802 -0.677783113257287 -0.635182548721733 -0.591215074075659 -0.547185613503465 -0.504356357693078 -0.463831006075138 -0.42612202654762 -0.391536823279959 -0.360153777060097 -0.331932193113012 -0.306584097793331 -0.28375969773809 -0.263029904953199 -0.243648452920055 -0.224754454360705 -0.205345717484297 -0.184461504079258 -0.16144819476402 -0.135980198375147 -0.108736917791727 -0.0806490044034742
1.02060893883886 0.928784634607678 0.85476748255141 0.807079437606852 0.812189589793949 0.879788158305143 0.934502743939727 0.904847846617743 0.819948181135386 0.726669488006863 0.64223139574227 0.576442004850677 0.533776873387444 0.497381389593108 0.455547147157107 0.438480731379309 0.467316289699627 0.484983226507725 0.435985700319223 0.349331629203805 0.275154871119676 0.249087430463422 0.248753897385152 0.242831244622021 0.222213389505825 0.184741152156873 0.133826019254862 0.0745726891634868 0.0132880404230306 -0.0434205033820773
-0.975934625265163 -0.942921920626697 -0.909909215952772 -0.876896511184908 -0.843883806170971 -0.810871100731579 -0.777858394672011 -0.744845687831475 -0.71183298020023 -0.678820271790615 -0.645807562552218 -0.61279485241894 -0.579782141327337 -0.546769429224583 -0.513756716083118 -0.480744001965824 -0.447731286965284 -0.414718571202439 -0.381705854811512 -0.348693137951466 -0.315680420787455 -0.282667703458923 -0.249654986002488 -0.216642268457228 -0.183629550974901 -0.150616833696067 -0.117604116603817 -0.0845913996459044 -0.0515786827861835 -0.018565965992536
-0.948834974289682 -0.921454202650491 -0.894090131401479 -0.866721897695696 -0.83919960040456 -0.811349403125718 -0.783030766643382 -0.754117415315413 -0.724506830607711 -0.694127112817701 -0.663005080460866 -0.631192231607202 -0.598747045467002 -0.565755925811735 -0.532288155950817 -0.498316612784262 -0.463806257667755 -0.428786796189059 -0.393308115445216 -0.3574360843383 -0.321240567221644 -0.284790177213224 -0.248148522489595 -0.211372808827366 -0.174499637344787 -0.137559392884526 -0.100578199845287 -0.0635777578638703 -0.0265663279734194 0.0104511884438375
-1.03568655728587 -1.00087887073393 -0.966071184112101 -0.93126349734219 -0.896455810395526 -0.861648123264017 -0.826840435972333 -0.792032748537861 -0.757225060916083 -0.722417373054516 -0.687609684930724 -0.652801996529782 -0.617994307859601 -0.583186619019436 -0.548378930121133 -0.513571241235558 -0.478763552444201 -0.443955863912029 -0.409148175822014 -0.374340488345679 -0.339532801651688 -0.304725115881057 -0.269917431064234 -0.23510974719277 -0.200302064213207 -0.165494382039872 -0.130686700503244 -0.0958790194174771 -0.0610713386152706 -0.0262636579339613
-1.03042092078533 -0.995133595725734 -0.959846270588273 -0.924558945345387 -0.889271620025989 -0.853984294656422 -0.818696969196252 -0.783409643573997 -0.748122317660762 -0.712834991321755 -0.677547664456015 -0.642260336971042 -0.60697300878043 -0.57168567982216 -0.536398350037443 -0.501111019356026 -0.465823687712855 -0.430536355075126 -0.395249021427754 -0.359961686794274 -0.324674351207873 -0.289387014708424 -0.254099677362539 -0.218812339257806 -0.183525000538965 -0.148237661363683 -0.112950321884201 -0.0776629822362967 -0.0423756424953526 -0.00708830272164981
-0.975000910788498 -0.940708936024768 -0.906416961358652 -0.872124986853441 -0.837833012503399 -0.803541038265215 -0.769249064014304 -0.734957089645532 -0.700665115212841 -0.666373140832491 -0.632081166710941 -0.597789193077198 -0.563497220133637 -0.529205247976121 -0.49491327667155 -0.46062130627751 -0.426329336851041 -0.392037368456328 -0.357745401147108 -0.323453434928189 -0.289161469792147 -0.25486950570502 -0.220577542526711 -0.186285580077088 -0.151993618122039 -0.1177016564317 -0.0834096948471883 -0.049117733255455 -0.0148257716558156 0.0194661899243237
-1.0179686031827 -0.980547171104601 -0.939324904824112 -0.910128483901451 -0.880570142723418 -0.8366642666531 -0.786248290132127 -0.73961051855619 -0.695019692058656 -0.6507242088833 -0.616910664977858 -0.606750205716051 -0.622233541568339 -0.620629643392124 -0.564387341451294 -0.481396643248722 -0.410788804532696 -0.371218896794155 -0.369605741980399 -0.386399348121516 -0.395432519768284 -0.375422501506843 -0.324624298064757 -0.249713839902413 -0.171513000270077 -0.110890290122582 -0.0747548284431699 -0.0646414960632792 -0.0745476131787195 -0.0965861098263942
-1.02313861975285 -0.991127751066953 -0.959092949114384 -0.927009901624826 -0.894873277701178 -0.862666968632067 -0.83031277307583 -0.797719302252876 -0.76480451026222 -0.731489743690878 -0.697700576199267 -0.663363638216153 -0.628394225160853 -0.592662292414884 -0.556055931127242 -0.518581115554667 -0.480273621439002 -0.441170547354801 -0.401315007457533 -0.360772855393635 -0.319615629682287 -0.277906834509388 -0.235677836727718 -0.192964106640537 -0.149849665686145 -0.106429936812179 -0.0627973978685928 -0.0190367539836909 0.024795435503137 0.0686496476997297
-0.966820884149436 -0.931976911786795 -0.89713293929878 -0.862288966581645 -0.827444993504398 -0.792601019931298 -0.757757045734879 -0.722913070808252 -0.68806909511857 -0.653225118674667 -0.618381141578051 -0.583537163953398 -0.548693185914179 -0.513849207529041 -0.479005228816942 -0.444161249642893 -0.409317269858197 -0.374473289413242 -0.33962930830399 -0.304785326609596 -0.269941344430011 -0.235097361856044 -0.200253378941915 -0.165409395748188 -0.130565412397363 -0.0957214289920982 -0.0608774454937328 -0.0260334618457222 0.0088105219387007 0.0436545058288583
-1.0103558928911 -0.97551506610631 -0.940674239290101 -0.905833412418103 -0.870992585509841 -0.836151758607963 -0.801310931803699 -0.766470105209057 -0.731629278970585 -0.696788453214141 -0.661947627948309 -0.627106803152349 -0.592265978802133 -0.557425154859966 -0.52258433130354 -0.487743508185664 -0.452902685538436 -0.41806186323599 -0.383221041127561 -0.348380219120764 -0.313539397137807 -0.278698575103832 -0.243857752955714 -0.209016930637412 -0.174176108109495 -0.139335285353472 -0.104494462418008 -0.0696536393679222 -0.0348128162654992 2.80068276112677e-05
-1.00995305828028 -0.973391307203147 -0.936829556038714 -0.900267804689349 -0.863706053104866 -0.827144301221289 -0.790582548872034 -0.754020795872541 -0.71745904206896 -0.680897287347272 -0.644335531722058 -0.607773775240053 -0.571212017928638 -0.534650259737793 -0.498088500623501 -0.461526740643159 -0.424964979934422 -0.388403218854551 -0.351841457780336 -0.315279696947072 -0.27871793655468 -0.242156176764785 -0.205594417585826 -0.169032658988682 -0.132470900947183 -0.0959091434131312 -0.0593473862472872 -0.0227856292947053 0.0137761275713423 0.0503378844705291
-0.94555222965354 -0.914586273075875 -0.883620316492853 -0.852654359910685 -0.821688403339234 -0.790722446782923 -0.75975649022076 -0.728790533613711 -0.697824576875989 -0.666858619910389 -0.63589266262077 -0.604926704911262 -0.573960746708868 -0.542994788032092 -0.512028828929171 -0.481062869475746 -0.45009690977076 -0.419130949978929 -0.388164990252177 -0.357199030625476 -0.326233071104562 -0.295267111688447 -0.264301152349242 -0.233335193068673 -0.202369233893802 -0.171403274851974 -0.140437315826329 -0.109471356694667 -0.0785053974576299 -0.047539438146569
1.01717489339773 0.982755782092979 0.948336670692101 0.913917559045345 0.87949844693196 0.845079334156203 0.810660220693354 0.776241106554089 0.741821991719639 0.707402876178863 0.672983759980587 0.638564643188624 0.604145525880896 0.569726408191741 0.535307290245368 0.500888172069047 0.466469053687861 0.432049935215077 0.397630816771265 0.363211698418016 0.32879258020218 0.294373462135838 0.259954344092015 0.225535225941191 0.191116107682724 0.156696989345809 0.122277870950102 0.0878587525136427 0.0534396340575385 0.0190205156036649
-0.984208919127026 -0.953203717072041 -0.922162662810785 -0.891054265311219 -0.859847899760798 -0.828513864026502 -0.797025280473913 -0.765339285793115 -0.733346249473614 -0.700930155822619 -0.668016215618737 -0.634539946258426 -0.600456831443396 -0.565802220096366 -0.530634996913629 -0.49502832446477 -0.459059464533608 -0.422807797887605 -0.38634422161014 -0.34970357906462 -0.312911700184459 -0.275995840484488 -0.238988957805196 -0.201916972250931 -0.164771950655803 -0.12753913342638 -0.0902103085292967 -0.0527851049064819 -0.0152879678409719 0.02225045329892
-0.969055005226021 -0.936269981687631 -0.90348495800749 -0.870699934031212 -0.837914909655886 -0.805129884810119 -0.772344859497113 -0.739559833748198 -0.706774807632628 -0.67398978121373 -0.641204754493209 -0.608419727457363 -0.575634700079032 -0.542849672277221 -0.510064643977418 -0.477279615184871 -0.444494585942289 -0.411709556362454 -0.378924526552197 -0.346139496524469 -0.313354466268749 -0.280569435775991 -0.247784405043056 -0.214999374070437 -0.18221434286728 -0.149429311440273 -0.116644279777633 -0.0838592478824853 -0.0510742158360451 -0.0182891837390508
-1.00178922130198 -0.967611606629278 -0.933433991876199 -0.899256376977191 -0.865078761760233 -0.830901146025015 -0.796723529564516 -0.762545912171501 -0.72836829364457 -0.694190673842101 -0.660013052855757 -0.625835430835522 -0.591657807901503 -0.557480184054301 -0.523302559270171 -0.489124933547477 -0.454947306913318 -0.420769679487611 -0.38659205139896 -0.352414422717913 -0.318236793500497 -0.28405916380084 -0.249881533665452 -0.21570390314809 -0.181526272339107 -0.147348641346129 -0.113171010309273 -0.0789933793486784 -0.0448157484720787 -0.010638117659104
-0.996024881389291 -0.963465469414387 -0.930906057424174 -0.898346645413923 -0.86578723339633 -0.833227821388482 -0.80066840940761 -0.768108997471493 -0.735549585599942 -0.702990173811114 -0.670430762114511 -0.637871350517474 -0.605311938998629 -0.572752527421751 -0.540193115648705 -0.507633703648567 -0.475074291448985 -0.442514879204672 -0.40995546707535 -0.377396055113717 -0.344836643345713 -0.312277231815234 -0.279717820637991 -0.247158409931802 -0.214598999751105 -0.182039590121617 -0.149480181017566 -0.116920772377366 -0.0843613640476551 -0.051801955852129
-1.00894093400199 -0.974710266746817 -0.940479599420861 -0.906248931956207 -0.872018264268134 -0.837787596267386 -0.803556927863371 -0.769326258974067 -0.73509558955306 -0.700864919578022 -0.666634249087381 -0.63240357813475 -0.598172906818294 -0.563942235414382 -0.529711564212402 -0.495480893375613 -0.461250223014092 -0.427019553151295 -0.392788883806004 -0.358558215064921 -0.324327547031723 -0.290096879787111 -0.255866213319862 -0.221635547573209 -0.187404882400106 -0.153174217636012 -0.118943553136671 -0.0847128887782913 -0.0504822244986335 -0.0162515602508492
-0.973405064941153 -0.938984343755187 -0.904563622675759 -0.870142901805544 -0.835722181225541 -0.801301460987373 -0.76688074104682 -0.732460021320946 -0.698039301667783 -0.663618581941701 -0.629197862041445 -0.594777141876857 -0.560356421381687 -0.525935700585323 -0.491514979530012 -0.457094258213779 -0.422673536633259 -0.388252814823727 -0.353832092833632 -0.319411370725475 -0.284990648565272 -0.250569926392653 -0.2161492041417 -0.181728481722737 -0.147307759056598 -0.112887036088536 -0.0784663128509634 -0.0440455894001006 -0.00962486580022919 0.0247958578823535
-1.02796080119043 -0.990413780367334 -0.95287267870541 -0.915345762022519 -0.877832325893547 -0.84033505295079 -0.802879144299156 -0.765494403860978 -0.728206528355658 -0.691037508638275 -0.653998619309544 -0.617098455906586 -0.580346265431784 -0.543753900748573 -0.507331728185253 -0.471081562068546 -0.435000309142273 -0.399073797820226 -0.363284296115688 -0.327610908769925 -0.292031949706195 -0.256530344183062 -0.221107462800289 -0.185765600719242 -0.150492306006496 -0.115272463909546 -0.0800950554943789 -0.0449493735998026 -0.00982186233742839 0.0253017463629317
-0.906739037202472 -0.875925068412261 -0.845111099558965 -0.814297130562141 -0.783483161257766 -0.752669191466749 -0.721855221033315 -0.691041249824247 -0.660227277773252 -0.629413304864322 -0.598599331215661 -0.567785356979022 -0.536971382276217 -0.506157407109276 -0.475343431459514 -0.444529455345152 -0.413715478800701 -0.382901501888931 -0.35208752468582 -0.321273547291911 -0.290459569813885 -0.25964559236177 -0.228831615058967 -0.198017638009207 -0.167203661224166 -0.13638968468142 -0.10557570831418 -0.0747617320498891 -0.0439477558372583 -0.013133779630317
-0.980731281343801 -0.947571311626756 -0.914411341800313 -0.88125137174458 -0.848091401418987 -0.814931430812226 -0.78177145995072 -0.748611488857232 -0.715451517502159 -0.682291545849147 -0.649131573887209 -0.615971601611702 -0.582811629034542 -0.549651656233903 -0.516491683299372 -0.483331710299955 -0.450171737303514 -0.41701176439391 -0.383851791647648 -0.350691819095809 -0.317531846758119 -0.284371874654079 -0.251211902802287 -0.21805193121267 -0.184891959861351 -0.151731988709471 -0.118572017692041 -0.0854120467434289 -0.0522520758215499 -0.0190921048902073
-0.97581332822925 -0.941884310139908 -0.907945132955875 -0.873985065048159 -0.839996225045656 -0.805971655222101 -0.771905242172693 -0.73779301545538 -0.70363873215764 -0.669447307449175 -0.635220561299055 -0.600959539876192 -0.566663258863803 -0.532322612002309 -0.497926401365963 -0.463463184307126 -0.428923609812466 -0.394306938127759 -0.359615906069047 -0.324858545474344 -0.290044211937149 -0.255181850282207 -0.220278762259233 -0.185342251332164 -0.150381270896878 -0.11540455021623 -0.0804182720890406 -0.0454273093165974 -0.0104338411740699 0.0245606264449015
-1.01288885196907 -0.977525852427297 -0.942162852813025 -0.906799853067415 -0.871436853147959 -0.836073852994355 -0.800710852458768 -0.765347851365453 -0.729984849514564 -0.694621846730414 -0.659258842958043 -0.623895838172677 -0.588532832369684 -0.553169825625006 -0.517806818017665 -0.482443809558421 -0.447080800270341 -0.41171779029397 -0.376354779776821 -0.340991768776784 -0.305628757329345 -0.270265745470034 -0.23490273323455 -0.199539720666979 -0.164176707844777 -0.128813694845723 -0.0934506817155253 -0.0580876684899216 -0.0227246551968309 0.0126383581377817
-1.0176221643289 -0.982604335898979 -0.947483890390752 -0.912167260556898 -0.876607453054211 -0.840788335402853 -0.804770644672342 -0.768644239104474 -0.732538592080817 -0.696583524370599 -0.660870631153941 -0.625481951213685 -0.590493213787105 -0.555954909929198 -0.521898888190895 -0.488307665289151 -0.455165594397797 -0.422513706352166 -0.390390367950833 -0.358766612183837 -0.327596638589086 -0.296846606418336 -0.26653051377873 -0.236665904096045 -0.207236663215223 -0.178206818848205 -0.149494623755789 -0.121008359973011 -0.0926622015830036 -0.0643717956809207
-1.04552964865501 -1.00925848530893 -0.972987321970827 -0.936716158655718 -0.900444995328916 -0.864173831969973 -0.82790266866508 -0.79163150552904 -0.755360342684462 -0.71908918022916 -0.682818018153993 -0.646546856423074 -0.610275694993076 -0.574004533790901 -0.537733372733647 -0.501462211728962 -0.465191050681788 -0.428919889495692 -0.392648728087046 -0.356377566424821 -0.320106404491138 -0.283835242250992 -0.247564079600871 -0.211292916452074 -0.175021752843652 -0.138750588853769 -0.1024794245893 -0.0662082601559881 -0.0299370956263471 0.00633406893541715
-0.99603421426707 -0.962648227655128 -0.929262241126133 -0.895876254734932 -0.862490268525774 -0.829104282571168 -0.795718297067233 -0.762332312219202 -0.728946328145146 -0.695560344936922 -0.662174362668705 -0.628788381410246 -0.595402401208512 -0.562016422019325 -0.528630443764179 -0.495244466318384 -0.461858489558468 -0.428472513412022 -0.395086537788524 -0.361700562473971 -0.328314587223484 -0.294928611835632 -0.261542636282754 -0.228156660605528 -0.194770684944204 -0.161384709451692 -0.127998734231943 -0.0946127593404509 -0.0612267846878242 -0.027840810148452
-1.00770001374118 -0.973122136672437 -0.938544259682412 -0.903966382821417 -0.869388506092573 -0.834810629469233 -0.800232752852877 -0.765654876108784 -0.731076999029307 -0.696499121416188 -0.661921243181657 -0.627343364265569 -0.592765484598274 -0.558187604072125 -0.523609722600408 -0.489031840218145 -0.4544539570193 -0.419876073211864 -0.385298189014426 -0.350720304573928 -0.316142420019397 -0.281564535464766 -0.246986650963564 -0.212408766556721 -0.177830882295169 -0.143252998208808 -0.10867511423343 -0.0740972302897285 -0.0395193463321153 -0.00494146232343027
-1.03468464461865 -0.997598883168093 -0.960513121698818 -0.92342736019104 -0.886341598606255 -0.849255836890469 -0.812170074946462 -0.775084312652978 -0.73799854983584 -0.700912786334485 -0.663827022095711 -0.62674125709316 -0.589655491330128 -0.552569724928523 -0.515483958017589 -0.478398190637267 -0.441312422818844 -0.404226654648278 -0.367140886203952 -0.330055117479295 -0.292969348446492 -0.255883579098052 -0.218797809507773 -0.18171203978017 -0.144626270061351 -0.107540500484107 -0.07045473108637 -0.0333689618679986 0.00371680722860078 0.0408025762753841
-0.971845146891136 -0.940062055542815 -0.908278964275955 -0.876495873170574 -0.844712782254544 -0.812929691551135 -0.781146601117356 -0.749363511024185 -0.717580421364729 -0.685797332233368 -0.654014243707434 -0.622231155859998 -0.590448068736112 -0.558664982268744 -0.5268818963918 -0.495098811155013 -0.463315726635034 -0.431532642900365 -0.399749559981282 -0.367966477763327 -0.33618339609586 -0.304400314840322 -0.272617233906494 -0.240834153220298 -0.209051072723877 -0.177267992381315 -0.145484912228244 -0.113701832296522 -0.0819187525313494 -0.0501356728562639
-0.990424834523985 -0.958323187250581 -0.926218601013126 -0.894103702507408 -0.861954375005477 -0.829743604701074 -0.797449532898473 -0.765049355009158 -0.732511327762949 -0.69980311410583 -0.666898940530135 -0.633774674414786 -0.600411383251271 -0.566810934981359 -0.532982458010769 -0.498943322150727 -0.464711672553044 -0.430300514326344 -0.395721729294455 -0.360987846185196 -0.326111555452386 -0.291106794471511 -0.255992488304722 -0.220794596042673 -0.185562225203347 -0.150343883810991 -0.115162533487572 -0.0800289335213106 -0.0449305802677055 -0.00984915434907804
-0.969359486538929 -0.935836760393394 -0.902331974666449 -0.868856462061015 -0.835413701894802 -0.802009466762077 -0.768666555748548 -0.735410744933517 -0.702262691879234 -0.669240113488889 -0.636354082546515 -0.60361401080635 -0.571031529244555 -0.538627145724972 -0.506422008169505 -0.47443094784461 -0.442660730262087 -0.411092174570546 -0.37970092597878 -0.348467880299484 -0.317375245996329 -0.286405574164193 -0.255542786422772 -0.224768234800612 -0.194051622436835 -0.163362951854813 -0.132685072004337 -0.10200546392181 -0.0713172905636453 -0.0406151353662603
-1.01699892048806 -0.979842844112625 -0.942686767849621 -0.905530691786211 -0.868374615969999 -0.831218540417147 -0.79406246505763 -0.756906389790754 -0.719750314479345 -0.682594238992594 -0.645438163261633 -0.608282087233078 -0.571126010852466 -0.533969934061026 -0.496813856815731 -0.459657779140839 -0.422501701084791 -0.385345622725484 -0.348189544139315 -0.311033465367236 -0.273877386441336 -0.236721307396937 -0.199565228282285 -0.162409149149077 -0.125253070049908 -0.0880969910383431 -0.0509409121709478 -0.0137848334845622 0.0233712450658818 0.0605273235459294
-1.01119151345833 -0.975434246502844 -0.939676979708168 -0.903919713258345 -0.868162447322237 -0.832405182035183 -0.79664791741362 -0.760890653435105 -0.725133390040601 -0.689376127153908 -0.653618864666786 -0.617861602462984 -0.582104340447886 -0.546347078613423 -0.510589816970242 -0.474832555517329 -0.439075294253366 -0.403318033187495 -0.367560772323052 -0.331803511629681 -0.296046251068604 -0.26028899060057 -0.224531730184423 -0.188774469788567 -0.153017209421523 -0.117259949085984 -0.0815026887211976 -0.0457454282686891 -0.00998816774253148 0.0257690928250648
-0.940551424028856 -0.911056792004511 -0.881813919708789 -0.853070799073942 -0.825018248403313 -0.797733608023549 -0.770897479983437 -0.744157047838336 -0.71742255944777 -0.6906552080924 -0.663756904433283 -0.636614738476574 -0.609084998246291 -0.580900763837893 -0.551782499843576 -0.52152341677103 -0.489975089882901 -0.457149807546152 -0.423069862681843 -0.387636853323105 -0.350722203781083 -0.312216642695538 -0.272088116020671 -0.230297005107482 -0.186696215579713 -0.141185474689251 -0.0939592719278359 -0.0453332644861211 0.00418698188942523 0.0540484243133819
-1.00455950318195 -0.970076091943811 -0.935592680817954 -0.901109269876643 -0.866625859134952 -0.832142448595005 -0.797659038264299 -0.76317562816683 -0.728692218387223 -0.69420880900631 -0.659725400029137 -0.625241991441803 -0.590758583227254 -0.556275175355827 -0.521791767784301 -0.487308360427815 -0.452824953190348 -0.418341545972871 -0.383858138667037 -0.349374731130255 -0.314891323211369 -0.280407914755263 -0.245924505590969 -0.211441095577611 -0.176957684710525 -0.142474273027356 -0.107990860598775 -0.0735074475302303 -0.0390240340332594 -0.00454062034592258
-0.999067006948865 -0.963480221434363 -0.927925053154214 -0.892430738175204 -0.85703628837188 -0.821784376731719 -0.786722544886177 -0.751892258333488 -0.717305809395032 -0.682962642127099 -0.648839980702471 -0.614909494323052 -0.581147094227005 -0.547545659797523 -0.514107592243508 -0.480856411931659 -0.447820324942468 -0.415025161053813 -0.382492756288749 -0.350231347953662 -0.318245773675773 -0.286527782918475 -0.255016772489862 -0.223648478228925 -0.192396344753561 -0.161240650146928 -0.130151297574312 -0.0990984915322991 -0.0680640167605409 -0.0370325530594531
-1.00335248430689 -0.968053149570144 -0.932753814741335 -0.89745447971807 -0.862155144456831 -0.826855808947436 -0.791556473254155 -0.756257137459573 -0.72095780164507 -0.685658465880648 -0.650359130191995 -0.615059794593723 -0.579760459109356 -0.544461123798084 -0.509161788718542 -0.473862453891498 -0.438563119308181 -0.403263784879537 -0.367964450501732 -0.332665116092111 -0.297365781573311 -0.262066446883474 -0.226767112022762 -0.191467777008932 -0.156168441868099 -0.120869106626667 -0.0855697713038427 -0.05027043591921 -0.0149711005010695 0.0203282349200995
-0.938849240994439 -0.913798199596676 -0.888640274793501 -0.863352917630386 -0.838033779832433 -0.812807820505414 -0.787789027598136 -0.763009203758802 -0.73818238159017 -0.712952573446895 -0.687001480736682 -0.6600202271305 -0.631720373127818 -0.601895226542108 -0.570380764009982 -0.537101890146612 -0.502058908625952 -0.465464791378524 -0.427575912971725 -0.388609590263887 -0.348773375686076 -0.308225725664719 -0.266928712607686 -0.224845004606456 -0.182136036505499 -0.139016234510025 -0.0957132235152186 -0.0524151981806318 -0.00913943353330123 0.0341395253078648
-1.0192395873576 -0.983555197954972 -0.947870808549217 -0.912186419148381 -0.876502029829878 -0.840817640702434 -0.805133251930673 -0.769448863685055 -0.733764476103502 -0.698080089290107 -0.662395703246202 -0.626711317947433 -0.591026933358189 -0.555342549397851 -0.519658165968549 -0.483973782948448 -0.448289400222114 -0.412605017723703 -0.376920635401349 -0.341236253209517 -0.305551871104257 -0.269867489040086 -0.234183106965392 -0.198498724821588 -0.162814342528299 -0.127129960012967 -0.0914455772560848 -0.0557611942664105 -0.0200768111127155 0.0156075721212256
1.00397393505511 0.970085705773884 0.936197476553051 0.902309247481816 0.868421018554222 0.83453278971745 0.800644560826405 0.766756331740469 0.732868102429205 0.698979872870969 0.665091642969102 0.631203412608187 0.597315181696881 0.563426950240125 0.529538718281796 0.495650485925243 0.461762253285414 0.427874020464214 0.39398578756429 0.360097554704304 0.326209322006923 0.292321089588833 0.258432857542813 0.224544625950852 0.190656394875711 0.156768164362672 0.122879934406323 0.0889917049630475 0.0551034758870835 0.0212152470071343
-0.949318659181892 -0.917850804704129 -0.886382950262397 -0.854915095859048 -0.823447241466069 -0.791979387067556 -0.760511532726433 -0.729043678509149 -0.697575824417438 -0.666107970454761 -0.634640116696187 -0.603172263234688 -0.571704410175848 -0.540236557675688 -0.508768705873982 -0.477300854795074 -0.445833004417284 -0.414365154650276 -0.382897305382259 -0.351429456484291 -0.319961607823141 -0.288493759282229 -0.257025910811581 -0.225558062387812 -0.194090214027288 -0.162622365757245 -0.131154517608646 -0.099686669599152 -0.0682188216894881 -0.0367509738261464
-1.00196297745787 -0.967171318413733 -0.932379659260611 -0.897587999888801 -0.862796340237556 -0.828004680252812 -0.793213019858293 -0.75842135899062 -0.72362969766024 -0.688838035903134 -0.654046373783587 -0.619254711372961 -0.584463048724071 -0.549671385815555 -0.514879722606026 -0.480088059048207 -0.445296395104598 -0.410504730782702 -0.375713066109559 -0.340921401145334 -0.306129735958473 -0.271338070635017 -0.236546405331377 -0.201754740193954 -0.166963075258725 -0.132171410516046 -0.0973797458841954 -0.0625880812816626 -0.0277964166998602 0.00699524785156883
-1.07314110496972 -1.03423227821708 -0.995323451412025 -0.956414624444152 -0.917505797188246 -0.878596969513274 -0.839688141279715 -0.800779312383085 -0.761870482867526 -0.722961652806509 -0.684052822242202 -0.645143991208949 -0.606235159729796 -0.567326327782615 -0.528417495337002 -0.48950866237463 -0.450599828884694 -0.411690994874409 -0.372782160359974 -0.333873325375496 -0.29496448995956 -0.256055654150956 -0.217146817989292 -0.178237981525626 -0.139329144855998 -0.100420308059161 -0.0615114710997247 -0.0226026339390971 0.016306203359999 0.0552150407095115
-1.03419534194975 -0.999099903192504 -0.964004464349959 -0.928909025376433 -0.893813586299816 -0.858718147158694 -0.823622707960868 -0.788527268709305 -0.75343182941842 -0.718336390091894 -0.683240950679028 -0.64814551111553 -0.61305007132152 -0.577954631154782 -0.542859190476083 -0.507763749220451 -0.472668307340106 -0.437572864781743 -0.402477421500811 -0.367381977493303 -0.332286532765348 -0.297191087334616 -0.262095641264946 -0.227000194629406 -0.191904747491828 -0.156809299928979 -0.121713852078614 -0.0866184040731053 -0.0515229559623067 -0.016427507775443
-0.994258414988863 -0.962701631099008 -0.931194930174282 -0.899764323882064 -0.868408007185216 -0.837086489763789 -0.805637356871113 -0.773872813010314 -0.741626464110401 -0.708765398716664 -0.675269234413614 -0.641145721045565 -0.606397981047188 -0.571010627214561 -0.534956662623981 -0.4981811611112 -0.460643046231923 -0.422384569662197 -0.38346341660121 -0.343915678220375 -0.30377204718416 -0.263060693861814 -0.22179969944171 -0.180009960512453 -0.137733724444456 -0.0950174446658079 -0.0519030480534918 -0.00844627065686394 0.0352373882341236 0.0790174885193698
-1.00698490061246 -0.971442273515749 -0.935927989531817 -0.900465888703202 -0.865083332180651 -0.829801541196306 -0.794613656199662 -0.759511689900543 -0.724511224832718 -0.689634925393104 -0.654910213607259 -0.620365700907896 -0.586026309890356 -0.551902207800477 -0.518000152509077 -0.484328019736394 -0.450891462531404 -0.417686125408626 -0.384705168872801 -0.351941825924028 -0.319389347686247 -0.287039607152404 -0.254878964791474 -0.22289055787559 -0.191050143413465 -0.159331933974349 -0.127711344633039 -0.0961634958071797 -0.0646611267802353 -0.033176381552128
-0.995964288861398 -0.960535411108286 -0.9251065333249 -0.889677655477143 -0.854248777589681 -0.818819899691914 -0.783391021773405 -0.747962143826974 -0.712533265898297 -0.677104388032121 -0.641675510216612 -0.606246632425789 -0.570817754632733 -0.535388876806763 -0.499959998943363 -0.464531121146437 -0.429102243536729 -0.393673366193907 -0.358244489182448 -0.322815612547143 -0.287386736327856 -0.251957860572343 -0.216528985359912 -0.181100110730829 -0.145671236537648 -0.110242362597668 -0.0748134887748951 -0.0393846149650541 -0.00395574114403606 0.0314731326922261
-1.03045012113209 -0.99260834480365 -0.954801548613155 -0.917055233744588 -0.879383235133622 -0.841792773125195 -0.804276275949629 -0.766824100351867 -0.729433109249953 -0.692114351182778 -0.6549291109995 -0.617951232626848 -0.581266658678043 -0.545009726512291 -0.509315046291546 -0.474269924642781 -0.439942206778753 -0.40636919579033 -0.373551374611772 -0.341372487672788 -0.30968709477695 -0.278365959245625 -0.247344658471364 -0.216576454048621 -0.186020530308287 -0.155643400789253 -0.125434973125978 -0.095383138925805 -0.0654443315920482 -0.0355671199770143
0.986643574149657 0.952548447951177 0.918453321752587 0.884358195518105 0.850263069281018 0.816167943114996 0.782072817186172 0.747977691665072 0.713882566647336 0.679787442192439 0.64569231829008 0.61159719491251 0.577502072041662 0.543406949698179 0.509311827936933 0.475216706911008 0.441121586785711 0.407026467677043 0.372931349655935 0.338836232662353 0.304741116603524 0.270646001398772 0.236550887015813 0.202455773413944 0.168360660470395 0.134265548023432 0.100170435837538 0.0660753236967659 0.03198021153721 -0.00211490066702208
1.00026090426083 0.966284142754126 0.932307381264065 0.898330619832027 0.864353858586316 0.830377097650863 0.796400337045196 0.762423576729881 0.72844681653403 0.694470056268269 0.660493295800744 0.626516535013978 0.592539773799377 0.558563012083877 0.524586249807883 0.490609486930143 0.456632723460239 0.422655959592739 0.388679195561079 0.354702431569176 0.32072566781357 0.286748904462974 0.252772141574809 0.218795379148086 0.184818617059476 0.150841855157643 0.116865093301572 0.0828883313846643 0.0489115694276809 0.0149348074832204
1.01675347504896 0.978659150566137 0.940584689341458 0.902538299352128 0.864524538616983 0.826545316281962 0.788595595959757 0.750688329193436 0.712915364780811 0.675389284372054 0.638226703772024 0.601545247324257 0.56545973030462 0.530073731718327 0.495469536388715 0.461655488682288 0.42862371943569 0.396375445822969 0.364902036731628 0.334146381565595 0.304039249857905 0.274515620477707 0.245527309638607 0.217027310079939 0.188956483299489 0.161252779293944 0.133854633297147 0.106698074313258 0.0797090211905586 0.0528108652383607
1.00382274906329 0.954512847698981 0.906426812357417 0.860850022948249 0.818934144477178 0.781561722370144 0.74867253863799 0.719958202708917 0.69506039709567 0.673403355617215 0.65359144423287 0.634024061937039 0.613222556393478 0.59019606994333 0.56413341199054 0.534454265512858 0.500700087455578 0.462668557060366 0.420714378691969 0.377164134911093 0.33483737782743 0.295697684540573 0.258284732109698 0.220824936127143 0.183715566358306 0.147661500367324 0.112427192740234 0.0775858458544484 0.0428860762309897 0.00812035392678181
-0.938953487761681 -0.90778448735378 -0.876615486849923 -0.845446486176349 -0.814277485353065 -0.783108484407452 -0.751939483302612 -0.72077048197527 -0.689601480320914 -0.658432478243417 -0.627263475721425 -0.596094472752277 -0.564925469363974 -0.533756465707173 -0.502587461959656 -0.471418458285072 -0.44024945484761 -0.409080451827766 -0.377911449377054 -0.346742447514757 -0.315573446227103 -0.284404445470291 -0.253235445080414 -0.222066444886845 -0.190897444812185 -0.159728444812334 -0.128559444883167 -0.0973904450232086 -0.0662214452016223 -0.0350524453802307
-0.919652275914987 -0.894285740761546 -0.868759815054724 -0.842918893392621 -0.816719799537172 -0.790158997241866 -0.763279081062577 -0.736102840678646 -0.708527715460894 -0.680420407502992 -0.65165002009852 -0.622086256841033 -0.591628170072447 -0.560292207128121 -0.528152486761852 -0.49539641840774 -0.462216138210399 -0.428709398476207 -0.394959309416513 -0.3610847967008 -0.327213739863084 -0.293461083526605 -0.259890032671506 -0.226562406491543 -0.193586220678035 -0.161050682861405 -0.128923571930933 -0.0971310280756139 -0.0655540654244409 -0.0340624165914075
-1.02066522482077 -0.985361668148642 -0.950058111522848 -0.91475455505005 -0.879450998896001 -0.844147443239784 -0.808843888254718 -0.773540334099844 -0.738236780882859 -0.702933228677683 -0.667629677474492 -0.632326127242526 -0.597022577909515 -0.561719029237159 -0.52641548096706 -0.491111932926479 -0.455808385008643 -0.420504837284995 -0.385201289864344 -0.349897742826739 -0.314594196245043 -0.279290650202157 -0.243987104821152 -0.208683560209826 -0.173380016374726 -0.138076473263938 -0.102772930692968 -0.067469388459222 -0.0321658464203028 0.00313769555114005
0.979904730985816 0.992205755559179 0.985217174578702 0.952641378464219 0.912105800711591 0.88013807554347 0.844941597013664 0.795908366228888 0.755509052676344 0.744731447132974 0.745553157154193 0.730199244490035 0.677418534209038 0.592054904653762 0.490602361671784 0.410060367856709 0.379986031994329 0.379661590893128 0.381223468105611 0.378499706137661 0.370741252233506 0.35640210516359 0.330748469803213 0.288056710027773 0.221831619608179 0.13367898169776 0.0583801070839933 0.0284804110828385 0.0344061994900243 0.0560540007212223
