-1.00389934450966 -0.971000386450382 -0.938101428360797 -0.90520247020631 -0.872303511936669 -0.839404553522808 -0.806505595036064 -0.773606636558489 -0.740707678114598 -0.707808719724825 -0.674909761450818 -0.642010803364528 -0.609111845556305 -0.576212888190091 -0.54331393142075 -0.510414975293232 -0.477516019812896 -0.444617064936647 -0.411718110596288 -0.378819156671682 -0.345920203029699 -0.313021249545568 -0.280122296127933 -0.247223342703794 -0.214324389240168 -0.181425435703472 -0.148526482017719 -0.115627528123466 -0.0827285740698369 -0.0498296199331005
-1.01134189744048 -0.976322141858318 -0.941302386177915 -0.906282630281926 -0.871262874092306 -0.836243117550446 -0.801223360636154 -0.766203603362912 -0.731183845840449 -0.696164088204217 -0.661144330596311 -0.626124573160487 -0.591104816025665 -0.556085059261437 -0.52106530290931 -0.486045546957788 -0.451025791355131 -0.416006035941604 -0.380986280558576 -0.345966525159807 -0.310946769727154 -0.275927014248947 -0.240907258739391 -0.205887503209033 -0.170867747627888 -0.135847991954206 -0.100828236139679 -0.065808480154076 -0.0307887240460113 0.00423103211618792
-0.986094522142867 -0.951334537078042 -0.916574552028037 -0.881814566984409 -0.847054581921052 -0.812294596828968 -0.777534611785218 -0.742774626884407 -0.708014642205243 -0.673254657802275 -0.6384946736493 -0.603734689699932 -0.568974705913614 -0.534214722273111 -0.499454738775402 -0.464694755450995 -0.429934772331217 -0.395174789417119 -0.360414806708433 -0.325654824229864 -0.290894842012362 -0.256134860084836 -0.221374878468029 -0.186614897183854 -0.151854916267064 -0.117094935752365 -0.0823349556614193 -0.0475749759826348 -0.012814996584432 0.0219449826947651
-0.981471017854216 -0.949443935199515 -0.917416852632198 -0.885389770247331 -0.853362688127299 -0.82133560632058 -0.789308524752727 -0.757281443330764 -0.725254362010534 -0.693227280770559 -0.661200199631276 -0.629173118623598 -0.597146037755326 -0.565118956941803 -0.533091876069311 -0.501064795000327 -0.469037713622514 -0.437010631948064 -0.40498355002694 -0.372956467935674 -0.340929385757435 -0.308902303575688 -0.276875221475078 -0.244848139532515 -0.212821057792801 -0.180793976293862 -0.148766895078233 -0.11673981416424 -0.0847127334687489 -0.0526856528832637
-1.03405982359774 -0.991242720235169 -0.948504361119242 -0.905979001891171 -0.863819577642755 -0.822185045831806 -0.781239773929582 -0.741141671416362 -0.702017405795043 -0.663952096345845 -0.62689591143566 -0.590765281703043 -0.555464830854789 -0.52085195487063 -0.486783831016041 -0.453163989426521 -0.419922511226319 -0.387049328624667 -0.354532789748282 -0.32229505530884 -0.290241739164255 -0.258283653027535 -0.226352400032058 -0.194408381917346 -0.162506403427134 -0.130707671313506 -0.0990045973577417 -0.0673714347258673 -0.0357785970937134 -0.00419553826456099
-0.999318966594629 -0.963254078987016 -0.927189191497578 -0.891124304216187 -0.855059417136826 -0.818994530245949 -0.7829296435958 -0.746864757256046 -0.710799871300254 -0.674734985774842 -0.638670100613736 -0.602605215722736 -0.566540331013527 -0.530475446421332 -0.494410561903116 -0.458345677479276 -0.422280793161449 -0.386215908862825 -0.350151024470211 -0.314086139863357 -0.278021254920251 -0.241956369534255 -0.205891483660252 -0.169826597292684 -0.133761710522719 -0.0976968234553231 -0.0616319361539181 -0.0255670486713799 0.0104978389400602 0.0465627266283324
-1.00413961095721 -0.972871315906414 -0.94146579465233 -0.909800897035666 -0.877890367306828 -0.845778135286256 -0.813492978664842 -0.78104893398116 -0.748416225294092 -0.715549522400671 -0.682385090530255 -0.648854593770283 -0.614894596631326 -0.580461265316501 -0.545524348345136 -0.510088321808856 -0.474148487578445 -0.437628723069007 -0.400455388972439 -0.362636203543516 -0.324199224427727 -0.285166701183662 -0.245537651022307 -0.20531151618745 -0.164512671401687 -0.123182027286453 -0.081401705579717 -0.0392679989572361 0.00310732727063004 0.0456086396348707
-0.991721670280756 -0.958208939606893 -0.924696208926154 -0.891183478241199 -0.857670747627245 -0.824158017183971 -0.790645287036335 -0.757132557301887 -0.723619828043262 -0.690107099289915 -0.656594370993495 -0.623081643086202 -0.589568915494327 -0.556056188120521 -0.522543460864302 -0.489030733636294 -0.455518006361328 -0.422005279009957 -0.388492551556665 -0.354979823945934 -0.321467096114748 -0.287954367998551 -0.254441639526635 -0.220928910661236 -0.187416181502519 -0.153903452180827 -0.120390722809288 -0.0868779934729375 -0.0533652641616321 -0.0198525348414368
-0.992855140776458 -0.957655574795856 -0.922456008804836 -0.887256442808647 -0.852056876905357 -0.816857311215786 -0.781657745858938 -0.746458180928855 -0.711258616421535 -0.676059052289479 -0.640859488409232 -0.605659924638354 -0.570460360863131 -0.535260797084773 -0.500061233328843 -0.464861669603406 -0.429662105904914 -0.394462542200853 -0.359262978451851 -0.32406341462009 -0.288863850668136 -0.253664286552682 -0.218464722206936 -0.183265157558568 -0.148065592536601 -0.112866027091926 -0.0776664612615598 -0.0424668951140179 -0.00726732875768599 0.0279322376890823
1.03666740029184 1.00003472847332 0.963402056608498 0.926769384635186 0.890136712514674 0.853504040214792 0.816871367706044 0.780238694982237 0.743606022127728 0.706973349250931 0.670340676465942 0.63370800388828 0.597075331619046 0.560442659701683 0.523809988146991 0.487177316892876 0.450544645858172 0.413911974958306 0.377279304135054 0.340646633438985 0.304013962947863 0.267381292717049 0.230748622712287 0.194115952884144 0.157483283212111 0.120850613689884 0.0842179443390565 0.0475852751743445 0.010952606155066 -0.0256800627733113
-0.985858008566938 -0.95245585062619 -0.919053692574347 -0.885651534359652 -0.852249375947528 -0.818847217293395 -0.78544505829547 -0.75204289885798 -0.718640738966382 -0.68523857862297 -0.651836417816155 -0.618434256530874 -0.585032094751651 -0.551629932461336 -0.518227769629988 -0.484825606178145 -0.451423442024829 -0.418021277132483 -0.384619111497293 -0.351216945206983 -0.317814778372159 -0.284412611088428 -0.251010443391403 -0.217608275311791 -0.184206106920664 -0.15080393830615 -0.117401769584236 -0.0839996008574914 -0.0505974321469604 -0.0171952634533054
-1.00218971173615 -0.968921935956625 -0.93565416023053 -0.902386384630669 -0.869118609266373 -0.835850834264783 -0.802583059787769 -0.769315285999323 -0.736047513037194 -0.702779741008356 -0.669511969922907 -0.636244199766728 -0.60297643053637 -0.56970866227106 -0.536440894999088 -0.503173128662304 -0.46990536315481 -0.436637598266143 -0.403369833777416 -0.370102069540629 -0.336834305425498 -0.303566541325232 -0.270298777227011 -0.237031013142876 -0.203763249090361 -0.170495485081161 -0.13722772109813 -0.103959957120731 -0.0706921931437035 -0.0374244291656074
-0.997808979817228 -0.962882674505626 -0.927956369197604 -0.89303006387352 -0.858103758490144 -0.82317745301885 -0.788251147512994 -0.753324842056406 -0.718398536772808 -0.683472231775148 -0.648545927093378 -0.6136196227367 -0.578693318670499 -0.543767014684887 -0.508840710540689 -0.473914406056849 -0.438988101077057 -0.404061795485872 -0.369135489187354 -0.334209182122718 -0.299282874242463 -0.264356565524266 -0.229430256054513 -0.194503945952785 -0.159577635362729 -0.12465132442753 -0.0897250132644578 -0.054798701976892 -0.0198723906385599 0.0150539206842237
-1.03842881536953 -0.991701797465348 -0.922182779037109 -0.898748916539965 -0.869995428280845 -0.78522969513843 -0.716889686426656 -0.732476633040966 -0.756614223767583 -0.707430406583497 -0.619947708337979 -0.558412300598369 -0.562997266524932 -0.577583335649633 -0.543087864930422 -0.484867074657501 -0.440325757155712 -0.410624129556233 -0.387608060884945 -0.36211060294022 -0.324711603213554 -0.271375638844768 -0.21960620556699 -0.18402052366322 -0.146151793022657 -0.0987313107755784 -0.112366783410389 -0.217967043324186 -0.209769017190705 0.177158344747155
0.988448601030496 0.956219902775736 0.923998170346597 0.891766329816895 0.859494595142257 0.827144925732448 0.794658974931998 0.761969423047497 0.728993364299031 0.69565811027995 0.661947428163186 0.627859199016566 0.593391379948065 0.558542232226248 0.523314252772623 0.487726576959881 0.451798501425072 0.415533329411487 0.378941052437137 0.342074408512675 0.304996822271915 0.267769299364631 0.230443169504445 0.193059475107234 0.155627785334038 0.118153703122461 0.0806584397712114 0.0431627137166024 0.00566966358428372 -0.031821966952762
-0.953026142575428 -0.921742823412811 -0.890459504178141 -0.859176184710652 -0.827892864833256 -0.796609544387039 -0.765326223302121 -0.734042901535999 -0.702759579066666 -0.671476255885922 -0.640192932020302 -0.608909607505025 -0.57762628237229 -0.546342956642234 -0.515059630336865 -0.483776303497753 -0.452492976175161 -0.421209648434572 -0.389926320351374 -0.358642992025373 -0.327359663562481 -0.296076335072139 -0.264793006677921 -0.233509678482987 -0.202226350494713 -0.170943022695591 -0.139659695064354 -0.108376367575786 -0.0770930401926225 -0.0458097128745852
-0.980279954232962 -0.950763216518563 -0.921281232215798 -0.891815752896488 -0.862208774011728 -0.832281176057801 -0.801909135832461 -0.770988044888888 -0.739434857500495 -0.707187480192235 -0.674246065774982 -0.64062632863109 -0.606353417165162 -0.571490215870788 -0.536097887729123 -0.500192973582578 -0.463790414230333 -0.426943372437387 -0.389723189643325 -0.352235700020257 -0.314595360923424 -0.276917458518841 -0.239320594215618 -0.201902262209084 -0.164672212596358 -0.127617290430303 -0.0907204646849822 -0.053959310572601 -0.0172937043367306 0.0193209025212161
-0.930273447938932 -0.902585397972769 -0.875512555378192 -0.849479794167557 -0.824263948877042 -0.799449777787168 -0.774501773631999 -0.748910270730996 -0.722389235291648 -0.694796089328939 -0.666338446199789 -0.637311467096604 -0.607679318442894 -0.576082187586595 -0.54098776012374 -0.501497693718339 -0.457481459771055 -0.411245812561215 -0.365401161434586 -0.321335253124052 -0.280130168709274 -0.24259397429097 -0.208438676054084 -0.177258569798145 -0.149273169696805 -0.124767327787374 -0.103662029187666 -0.0856412416697656 -0.0698047305423198 -0.0551062104981179
-0.97859240316702 -0.948445136210762 -0.918176819559225 -0.887686381820366 -0.856908659583122 -0.825793000889279 -0.79431089161105 -0.76244015198402 -0.730161801866838 -0.697458864769671 -0.664319179185714 -0.630731787353911 -0.596695057036956 -0.562244658092516 -0.527431193911948 -0.492327699926375 -0.456989481432699 -0.42137849115115 -0.385436995443448 -0.349121867813933 -0.312393633552604 -0.275222985258503 -0.237621284766855 -0.199618195454552 -0.161275917628983 -0.122666279253095 -0.0838670819815779 -0.0449517111928699 -0.00596991346865184 0.0330344743085848
-1.04557711992062 -0.999544393080836 -0.953493175318593 -0.907579382749027 -0.861974317917155 -0.816938645669906 -0.773075093631969 -0.73094506173642 -0.69060257637211 -0.652024042309432 -0.615382751389178 -0.580901217219732 -0.548687331310231 -0.518390496772799 -0.489503151538611 -0.461348361212042 -0.43327820962604 -0.404930225854652 -0.3760380582489 -0.346434387026607 -0.315976650372295 -0.284465235039522 -0.251472322057971 -0.216574858350317 -0.179597060135058 -0.140499285758782 -0.0995391927846173 -0.0571003573129678 -0.0137727303768004 0.029802143257777
-0.958513033402812 -0.927471337703578 -0.896429641920225 -0.865387945915834 -0.834346249541435 -0.803304552661589 -0.772262855207017 -0.741221157141434 -0.710179458494352 -0.679137759332483 -0.648096059805555 -0.617054360084047 -0.58601266035464 -0.554970960868824 -0.523929261865174 -0.492887563465787 -0.461845865790733 -0.430804169068428 -0.399762473504938 -0.368720779108587 -0.337679085838261 -0.306637393621567 -0.275595702260983 -0.244554011533597 -0.213512321240052 -0.182470631193828 -0.15142894123619 -0.120387251246278 -0.0893455612269486 -0.0583038712119883
-1.01332451789392 -0.97906661885595 -0.944808719726441 -0.910550820418059 -0.876292920831327 -0.842035020863146 -0.807777120408069 -0.77351921937789 -0.739261317755722 -0.705003415560574 -0.670745512883722 -0.636487609834505 -0.602229706535501 -0.567971803162217 -0.533713899891046 -0.499455996848967 -0.465198094135898 -0.430940191792912 -0.396682289836975 -0.362424388247487 -0.32816648699446 -0.293908586059011 -0.259650685466692 -0.225392785213654 -0.191134885134009 -0.156876985036098 -0.122619084787217 -0.0883611843058691 -0.054103283656429 -0.0198453829397376
-1.00821739530146 -0.972235568006731 -0.936253740738853 -0.900271913551625 -0.864290086599233 -0.828308260065771 -0.792326434154559 -0.75634460907487 -0.720362785040532 -0.684380962222325 -0.648399140614253 -0.612417320166127 -0.576435500811696 -0.540453682420464 -0.504471864858979 -0.468490048046216 -0.432508231907432 -0.396526416340577 -0.360544601238959 -0.324562786504626 -0.288580972041812 -0.252599157772708 -0.216617343691322 -0.180635529791617 -0.144653715995545 -0.108671902225733 -0.0726900884795245 -0.0367082747723661 -0.0007264611174069 0.035255352472779
-0.983909670084156 -0.949877873431175 -0.915846076898371 -0.881814280574221 -0.847782484461037 -0.813750688550321 -0.779718892876518 -0.74568709745645 -0.71165530219351 -0.677623506977632 -0.64359171175834 -0.609559916500061 -0.575528121188332 -0.541496325893137 -0.50746453069101 -0.473432735600219 -0.43940094061276 -0.405369145673783 -0.371337350735031 -0.337305555821434 -0.303273760976221 -0.26924196621726 -0.235210171460967 -0.20117837662666 -0.167146581746703 -0.133114786864569 -0.0990829919551083 -0.0650511969831711 -0.0310194019422217 0.00301239316712177
-0.997291850295913 -0.962972246965709 -0.928652643558355 -0.894333039983635 -0.860013436270964 -0.825693832483439 -0.791374228699236 -0.757054625019984 -0.722735021626042 -0.688415418701648 -0.654095816367815 -0.61977621472975 -0.585456613889999 -0.551137013940459 -0.516817414940503 -0.482497816830061 -0.448178219554284 -0.413858623198644 -0.379539027881742 -0.345219433714362 -0.310899840805338 -0.276580249229811 -0.242260658928168 -0.207941069785548 -0.173621481600858 -0.139301894150072 -0.10498230720365 -0.0706627205509509 -0.0363431340624322 -0.00202354762882518
-1.02207792494543 -0.986962739340275 -0.951884189888911 -0.916898754211307 -0.882051663784373 -0.847379926034584 -0.812898898329743 -0.778614505895628 -0.744516595448615 -0.710569752584506 -0.676653596926251 -0.642626506603582 -0.608362755403679 -0.57380019974353 -0.538899504333927 -0.503648984431098 -0.468037552385621 -0.43202885838002 -0.395586811112413 -0.35870161551132 -0.321370050562865 -0.283588162046502 -0.245349062915018 -0.206663150059378 -0.16761288894994 -0.128301813246373 -0.0888456607862081 -0.0493458201477419 -0.00983407869447334 0.0296751765137978
-1.05320639532981 -1.01726748397543 -0.981330456351063 -0.945397594584494 -0.909471187482649 -0.873553259121812 -0.837644767976591 -0.801746232253047 -0.765857474684745 -0.729978916379091 -0.694114067411331 -0.658267210098676 -0.622443026116817 -0.586647794575373 -0.550886811966571 -0.515159846879132 -0.479465288658287 -0.4438015375788 -0.40816680363386 -0.372558524760831 -0.336973945883119 -0.301409788290889 -0.265860678741325 -0.230321046815448 -0.194786627922582 -0.159254087582735 -0.123722505930339 -0.0881915652487464 -0.0526609418025735 -0.0171303103517519
-1.03739463907119 -0.999237216367936 -0.961085246123283 -0.922943426547242 -0.884820634853504 -0.846727498636552 -0.808677468010352 -0.770683676737354 -0.732755170654451 -0.694898155921944 -0.657111567919323 -0.619392524330876 -0.581737973717408 -0.544144188145785 -0.506606862604184 -0.469120060259955 -0.431680976215743 -0.394300965136211 -0.356993482367087 -0.31976622641636 -0.28262545658258 -0.245575033152945 -0.20860922036924 -0.171717986278635 -0.134883710195263 -0.0980881988409759 -0.0613185573015352 -0.024564617151253 0.0121781824452602 0.0489130004258194
-0.953484803752814 -0.934408717709737 -0.915608550389675 -0.896061759486782 -0.870529448383899 -0.834450155207807 -0.790188511372381 -0.74155526143274 -0.691219509221901 -0.641754177809209 -0.596489107931441 -0.558943369742233 -0.531890193136781 -0.515119446976531 -0.506877033811825 -0.502216351982343 -0.495463950895861 -0.481231488443229 -0.45561718222256 -0.420380380177973 -0.378695712840086 -0.333633377074089 -0.287845835083465 -0.243652613672572 -0.202459232710985 -0.165771565837097 -0.136410908699377 -0.116457797659542 -0.103714309922235 -0.0949129079028302
-0.972501154584689 -0.944702058247861 -0.916837130554494 -0.888869197496137 -0.860693721415019 -0.832191874575567 -0.803255032580314 -0.773779735544368 -0.743672978295028 -0.712857163705331 -0.681305872119062 -0.649005478247695 -0.615959117308795 -0.582236966544302 -0.547903215316888 -0.512931059447771 -0.47727802598913 -0.440929960458447 -0.403879385136322 -0.36611721089052 -0.327633945735601 -0.288443245401634 -0.248651356480742 -0.208375306547167 -0.167682656241602 -0.126640889778614 -0.0853666526018305 -0.0439762930217155 -0.00253580958701368 0.03890138659396
1.03353643622575 0.996207345680853 0.95886686714385 0.921481552642978 0.884025118214408 0.84648788377997 0.808919420796192 0.771386739611642 0.733967354608367 0.696735587442329 0.659742484831694 0.62303327476018 0.586638396822532 0.550529137057604 0.514677498751486 0.479117507735104 0.443904940494706 0.409120553592982 0.37483592605578 0.34106094668512 0.307790081727067 0.275006478054953 0.242648005051194 0.210639423788336 0.178898339590358 0.147341898679965 0.115892566623328 0.0844844584494332 0.0530929676950621 0.0217038075239435
-0.981961069602336 -0.949642196416126 -0.917323323267788 -0.885004450175612 -0.852685577180819 -0.820366704305625 -0.788047831473278 -0.755728958583631 -0.723410085541902 -0.691091212249345 -0.658772338585992 -0.626453464426568 -0.594134589673689 -0.561815714341525 -0.529496838463311 -0.49717796203698 -0.464859085066925 -0.432540207618676 -0.400221329764313 -0.367902451540975 -0.335583572977063 -0.303264694111005 -0.270945815021332 -0.238626935802613 -0.206308056573469 -0.173989177437081 -0.141670298410826 -0.109351419485218 -0.0770325406291209 -0.0447136618059845
-1.03225712249169 -0.994910396330943 -0.957563670210216 -0.920216944194976 -0.882870218292109 -0.845523492482026 -0.808176766697804 -0.770830040867581 -0.733483314947054 -0.696136588881763 -0.658789862549053 -0.621443135809224 -0.584096408545401 -0.546749680732017 -0.509402952360074 -0.472056223395531 -0.434709493795462 -0.397362763506442 -0.360016032485119 -0.322669300738931 -0.28532256828801 -0.247975835175431 -0.210629101536031 -0.173282367519531 -0.135935633243426 -0.0985888988048703 -0.0612421642518754 -0.0238954296181534 0.0134513050706377 0.0507980397908533
-1.00023544933393 -0.965358316415891 -0.930481183607482 -0.895604051050314 -0.860726918925175 -0.825849787400191 -0.790972656553654 -0.756095526435459 -0.721218397071746 -0.686341268477772 -0.651464140649023 -0.616587013576039 -0.58170988724841 -0.546832761651908 -0.51195563676156 -0.477078512513215 -0.442201388879236 -0.407324266017222 -0.372447144081847 -0.337570023030856 -0.302692902772759 -0.267815783227993 -0.232938664364684 -0.198061546149108 -0.163184428492452 -0.128307311277119 -0.0934301943254528 -0.0585530774679004 -0.0236759606273545 0.0112011562501793
0.991272829523577 0.960328180477559 0.929383519217427 0.898438841590714 0.867494127550424 0.836549357018058 0.805604525683646 0.774659643859814 0.743714764581059 0.712769954686209 0.681825293509565 0.650880863509294 0.619936752650902 0.588993070929248 0.55804992149621 0.527107358102379 0.496165415082957 0.465224098512861 0.434283392651635 0.403343222757618 0.37240349933884 0.341464128965329 0.31052500245508 0.279586016363701 0.248647105949261 0.21770822858428 0.186769391396595 0.15583060664039 0.124891857319915 0.0939531191269372
-1.00291712365569 -0.969187681370412 -0.935458239147798 -0.901728797025949 -0.867999355049312 -0.834269913259709 -0.800540471682104 -0.766811030354607 -0.73308158938477 -0.699352148899175 -0.665622709031077 -0.631893269915401 -0.598163831672844 -0.564434394367196 -0.530704958053835 -0.496975522811381 -0.463246088718796 -0.429516655833168 -0.395787224194203 -0.36205779379397 -0.328328364612624 -0.294598936600947 -0.260869509592216 -0.227140083405145 -0.193410657917692 -0.15968123300798 -0.125951808495553 -0.0922223842038292 -0.0584929600303246 -0.0247635358910764
-1.02661791959731 -0.989485250698412 -0.952317380693854 -0.915086451240031 -0.877775579256108 -0.840377500347792 -0.802912449604169 -0.765407884037978 -0.727892648873188 -0.690394178424638 -0.652932875159423 -0.615527383582702 -0.578200631451246 -0.540992679528279 -0.503946189449989 -0.467097093337978 -0.430476123782369 -0.39409994476198 -0.357976733820959 -0.32209479137611 -0.286437448562398 -0.250983771076298 -0.215695762860327 -0.180534254279779 -0.145472443145026 -0.110488415819412 -0.0755674454330967 -0.0406961625076219 -0.00585944036324382 0.0289582869801032
-0.996448705161617 -0.960891332906862 -0.925333960511633 -0.889776587871861 -0.854219214878888 -0.818661841412411 -0.783104467310119 -0.747547092415048 -0.71198971663361 -0.676432339913212 -0.640874962301852 -0.605317583872675 -0.569760204690043 -0.534202824783177 -0.498645444165542 -0.463088062822723 -0.427530680719225 -0.391973297763111 -0.356415913867551 -0.320858529022574 -0.285301143237426 -0.249743756556087 -0.214186369161485 -0.178628981239009 -0.143071592844953 -0.107514204019766 -0.0719568148695941 -0.036399425510778 -0.000842036034724966 0.0347153534733908
-1.04705473663387 -1.01031025215238 -0.973565767641783 -0.936821283102265 -0.90007679864805 -0.863332314408026 -0.826587830455693 -0.789843346849838 -0.753098863645771 -0.716354380897959 -0.679609898660986 -0.642865416989462 -0.60612093591975 -0.569376455415214 -0.532631975444444 -0.495887496069926 -0.459143017370355 -0.422398539395354 -0.385654062177377 -0.348909585709273 -0.312165109973985 -0.275420634954121 -0.238676160630931 -0.201931686950873 -0.165187213722593 -0.128442740749623 -0.0916982679528665 -0.0549537952868697 -0.018209322723378 0.0185351497615627
-0.9455665764166 -0.915150970651402 -0.884735364805613 -0.854319758853237 -0.823904152853939 -0.793488546904642 -0.763072941165653 -0.732657335806189 -0.702241730967708 -0.671826126755145 -0.641410523155085 -0.610994920124529 -0.580579317601865 -0.550163715451044 -0.519748113519933 -0.489332511666515 -0.458916909732016 -0.428501307480515 -0.39808570468834 -0.367670101257951 -0.337254497123342 -0.306838892236976 -0.276423286625197 -0.24600768034391 -0.215592073493381 -0.18517646619321 -0.154760858595964 -0.124345250846241 -0.0939296430237815 -0.0635140351921135
-0.96785288854624 -0.933830965952982 -0.899810236271617 -0.865795607761055 -0.831805866504368 -0.797859032614227 -0.76395618449755 -0.730090812887342 -0.696242999526701 -0.662399859574119 -0.628590050839545 -0.594852616795793 -0.561227655635238 -0.527759484428493 -0.494490545392387 -0.461451562450381 -0.42867299689644 -0.396195977799938 -0.364053769829547 -0.332237512275734 -0.300727813084418 -0.269495670185888 -0.238473641447926 -0.207587899972931 -0.176777519864299 -0.145990403388411 -0.115196864462617 -0.084378110300556 -0.0535365096500833 -0.0226797216426052
-1.0275713178115 -0.991531532682278 -0.955491747511283 -0.919451962255854 -0.883412176942734 -0.847372391632378 -0.8113326064507 -0.775292821509887 -0.739253036801763 -0.703213252285746 -0.667173467912003 -0.631133683628386 -0.595093899395148 -0.559054115222131 -0.523014331138592 -0.486974547201866 -0.450934763489763 -0.414894980133933 -0.378855197244513 -0.342815414791755 -0.306775632710939 -0.270735850934633 -0.234696069384547 -0.198656287983885 -0.162616506672677 -0.126576725394031 -0.0905369440865381 -0.0544971627015184 -0.0184573812457019 0.017582400260328
-1.00403345334296 -0.970374194738681 -0.936132923063542 -0.900378523744171 -0.862676687183899 -0.822900727063078 -0.78165764519345 -0.739892572904963 -0.699169471469015 -0.66090911688216 -0.62534071410013 -0.592395575318456 -0.561854671330072 -0.532897607317538 -0.504893259919937 -0.478568957212797 -0.454671941270983 -0.432670658730242 -0.411532608474445 -0.389500293819078 -0.364634969187528 -0.335195708804732 -0.300232866101822 -0.259268536460443 -0.21292050385809 -0.16206041138284 -0.10747964996926 -0.0499668615224532 0.00962005601683395 0.0704058906989407
0.911605292428019 0.887802339796182 0.864001532513429 0.840203584027432 0.816286311381041 0.792092320934266 0.7674462727206 0.742166427798034 0.716063397649076 0.688985837326799 0.66094222574202 0.631980997769991 0.602135701262007 0.571380335973536 0.539708442050086 0.507251269293147 0.474155563189408 0.440492342310361 0.406278171546416 0.371387527978841 0.335659366736616 0.298935940212624 0.261072689855352 0.221990121627698 0.181855810494601 0.140885662457334 0.0992418386604392 0.0570783377673186 0.0145702533735252 -0.0281020471923493
-0.990726668892145 -1.0298992964441 -1.05929143338894 -1.06454745837724 -1.03471829224963 -0.965059276198629 -0.872236890634172 -0.777874501924419 -0.702011881052967 -0.658712936746767 -0.639721724090743 -0.631202334759313 -0.620421540899537 -0.59905683654906 -0.560607550322222 -0.501449627249571 -0.426336863002262 -0.37065783939765 -0.363818621260659 -0.380660419300275 -0.382383230696499 -0.342039777863978 -0.280093684155944 -0.223262186327055 -0.175866073799109 -0.136201209943254 -0.100860201260927 -0.0668574073391956 -0.0345974569773719 -0.00533254627782766
-0.989893993604156 -0.954907634244508 -0.919921274868724 -0.884934915494825 -0.849948556139696 -0.814962196802424 -0.779975837412017 -0.744989477867727 -0.710003118019839 -0.675016757723331 -0.640030396900938 -0.605044035492332 -0.570057673436218 -0.535071310667431 -0.500084947122142 -0.465098582745716 -0.430112217502388 -0.395125851422653 -0.36013948457429 -0.325153117107931 -0.290166749194921 -0.255180380996218 -0.220194012631223 -0.185207644202166 -0.150221275784151 -0.115234907439014 -0.0802485392026347 -0.0452621710897221 -0.0102758030562393 0.0247105649565361
-0.997629863817371 -0.960624532789178 -0.923657650316657 -0.886766379381141 -0.849988586114477 -0.813350481250876 -0.776830950783471 -0.740424880355951 -0.704238478955296 -0.668390281657279 -0.632936804549554 -0.597919058972746 -0.563374564513695 -0.529326873744111 -0.495792477397392 -0.462773585868832 -0.430285697607881 -0.398411743618715 -0.367228208176865 -0.336718356088552 -0.306842147292671 -0.27755593522128 -0.248801647279088 -0.220523920001572 -0.192692652474637 -0.165268210729617 -0.138147566029127 -0.111220281707657 -0.0844096841559099 -0.0576475405286434
-0.933825153487004 -0.908303549775273 -0.882838835816971 -0.857447435419459 -0.831992037756225 -0.806321559855843 -0.780383564801094 -0.754141307947272 -0.727522167685527 -0.700440523753367 -0.672794638237884 -0.644478743813567 -0.615382407615578 -0.585376534621774 -0.55432699245919 -0.522098161508908 -0.488586274683171 -0.453816462264848 -0.417861994626813 -0.380859805131357 -0.342962742888124 -0.30432480188093 -0.265104555590294 -0.225434670660559 -0.185339606894684 -0.14484483150468 -0.104088048180152 -0.0632130833172996 -0.0222760176611032 0.0186890044562598
-1.01743651438441 -0.970046286370322 -0.922943714887837 -0.876716296594922 -0.834611272977333 -0.799794676125322 -0.772447955719337 -0.751347215858611 -0.732631760727312 -0.712461236633507 -0.689713458295918 -0.66394578253593 -0.634696452792572 -0.601427258975447 -0.563533443814324 -0.520220514849074 -0.471209109586675 -0.418470120592422 -0.364514450575509 -0.311762787762398 -0.262613266758868 -0.218803682526246 -0.179430471448041 -0.143317862859127 -0.110842616477632 -0.0824465230879561 -0.0572789673563149 -0.034089831553422 -0.011323394486163 0.0126524659045338
-0.989183978620406 -0.954738479328381 -0.920292980057372 -0.885847480777894 -0.851401981463971 -0.816956482088463 -0.782510982616052 -0.748065483017509 -0.713619983296124 -0.679174483449143 -0.644728983417104 -0.610283483126369 -0.575837982462365 -0.541392481146768 -0.506946978883922 -0.472501475472569 -0.438055970744414 -0.403610464568602 -0.369164956855767 -0.334719447645042 -0.300273937007684 -0.265828425025908 -0.231382911825756 -0.196937397555832 -0.162491882411172 -0.128046366601748 -0.0936008503508712 -0.0591553338615262 -0.0247098172420631 0.00973569942282668
-1.01004701351021 -0.974679851534946 -0.939312689448277 -0.903945527140986 -0.86857836456766 -0.833211201697504 -0.797844038494392 -0.762476874913089 -0.727109710877258 -0.691742546321215 -0.656375381252999 -0.62100821569908 -0.585641049662068 -0.550273883049124 -0.514906715730187 -0.479539547521734 -0.444172378258879 -0.408805207904738 -0.373438036457162 -0.338070863924927 -0.302703690319537 -0.26733651567858 -0.231969340143958 -0.196602163883576 -0.161234987065014 -0.125867809853215 -0.0905006324028871 -0.0551334548457866 -0.0197662772320765 0.0156009004084771
-0.858006668308418 -0.863637558282431 -0.867025554492392 -0.865996993215868 -0.860420703409735 -0.850435506462058 -0.835217700806336 -0.81361795003504 -0.784146901331091 -0.746120002092722 -0.702411916988972 -0.656787115006578 -0.612361630441591 -0.569657758827309 -0.528457017293543 -0.488171548118899 -0.448674195483691 -0.412049986026253 -0.380237516450321 -0.352377481263223 -0.326911099423183 -0.302107878141045 -0.275550477638138 -0.245165993498285 -0.210946109744804 -0.173071889137483 -0.130417320942506 -0.0821190696294142 -0.0296715739747744 0.0248412836680872
-1.07960615641978 -1.0957398793952 -0.934320779814747 -0.893031279613671 -0.895568565940257 -0.822451494977563 -0.755470833834701 -0.779867365922903 -0.793410028935815 -0.693896350097455 -0.566710060470919 -0.544131442079071 -0.68544457798157 -0.757948755385256 -0.564927303807456 -0.34558451786027 -0.351964117229162 -0.451546556798275 -0.463965280501734 -0.40202895327493 -0.326840045303564 -0.285308805754585 -0.267576599719916 -0.249282190886372 -0.20482282139535 -0.131845417571257 -0.122237164015952 -0.22564784728963 -0.228537403508369 0.148431693822782
-1.02659807486051 -0.990246702336202 -0.95390273155993 -0.917575326431183 -0.88126216850215 -0.844959183317872 -0.808666754742085 -0.772386870152289 -0.736123472662349 -0.699890159136822 -0.663737185706672 -0.627723973319464 -0.591907705877881 -0.556336619105082 -0.521046193127431 -0.486029833863631 -0.451271318817977 -0.416757986044789 -0.38248290440741 -0.348458505455232 -0.314702061409162 -0.281227972300612 -0.248039149403007 -0.215131907798554 -0.182487666562564 -0.150072726743705 -0.117807813290977 -0.0856130347802474 -0.0534516103945279 -0.0212975369686145
-0.986433789761308 -0.953944539820002 -0.921436355174651 -0.888890966367572 -0.856305550878825 -0.823674984549314 -0.790969489725598 -0.758152741642067 -0.725186880578781 -0.692033082738516 -0.658650202969258 -0.624996515780292 -0.591038213481457 -0.556773159584813 -0.522209923593222 -0.487368227770557 -0.452274549348242 -0.416971232666895 -0.381501336678431 -0.345894911670767 -0.310178755765818 -0.274381224439151 -0.238536902580947 -0.202677673748029 -0.166818386749199 -0.130967084839176 -0.0951216238043784 -0.0592773815394528 -0.0234300118402541 0.0124247625220598
0.941607330980041 0.911075831605738 0.880544332213219 0.850012832779459 0.819481333263639 0.78894983360376 0.758418333670898 0.727886833347221 0.697355332626188 0.666823831526618 0.636292330057492 0.605760828225327 0.575229326047937 0.544697823588318 0.514166320928065 0.483634818177981 0.453103315472858 0.422571813014231 0.392040311002559 0.361508809567254 0.330977308819966 0.300445808836609 0.269914309550162 0.239382810857861 0.208851312656913 0.178319814843512 0.147788317309836 0.117256819953777 0.086725322700108 0.0561938254803254
-0.988586913333977 -0.954207297531524 -0.919827681707679 -0.88544806583309 -0.851068449774249 -0.816688833384155 -0.782309216565985 -0.747929599232966 -0.713549981288318 -0.679170362649156 -0.64479074329816 -0.610411123234406 -0.576031502455802 -0.541651880955591 -0.507272258724581 -0.47289263574849 -0.438513012006185 -0.404133387454203 -0.369753762069784 -0.335374135935309 -0.300994509159446 -0.26661488183995 -0.232235254030946 -0.197855625777907 -0.163475997135354 -0.129096368166653 -0.0947167389615045 -0.0603371096074247 -0.025957480156851 0.00842214934654903
-0.976227298478372 -0.942201078753107 -0.908144046985148 -0.873963610754024 -0.839598140830498 -0.805016496872156 -0.770278530892626 -0.735477738888218 -0.700751200429905 -0.666244739180535 -0.632095571595793 -0.598438762329575 -0.565391567892245 -0.533000012220039 -0.501290831749343 -0.470284845491255 -0.439984894809694 -0.410327827905146 -0.381234049168251 -0.352624180913705 -0.324418899937214 -0.296536770486117 -0.268887906614265 -0.241392156923086 -0.214016758397797 -0.186744812818904 -0.159575492764301 -0.132507051941708 -0.105517997780763 -0.0785819011415866
-0.984703073203036 -0.951220608389771 -0.917738143598264 -0.88425567886636 -0.850773214213723 -0.817290749649716 -0.783808285160684 -0.750325820707279 -0.716843356170387 -0.683360891427953 -0.649878426425892 -0.616395961127118 -0.582913495530009 -0.54943102977482 -0.515948564006034 -0.482466098243181 -0.448983632475818 -0.415501166698565 -0.382018700891731 -0.348536234973326 -0.315053768845784 -0.281571302432158 -0.248088835737991 -0.214606368795229 -0.181123901658944 -0.14764143438642 -0.114158967020671 -0.0806764995987407 -0.047194032148069 -0.0137115646936946
-0.968645120757764 -0.950411437047658 -0.930796148558901 -0.908874202263822 -0.88402609344555 -0.855826150468872 -0.8243184857144 -0.789621365159422 -0.751679885152101 -0.710643602925722 -0.66765308888317 -0.624096666719733 -0.581140348401481 -0.539060898977627 -0.497945058153626 -0.458008711176764 -0.41947070053917 -0.382432552170507 -0.346986595295416 -0.31330568888093 -0.281582824329677 -0.251916613904211 -0.224028153306791 -0.197468056759191 -0.171482529121564 -0.145389273701692 -0.119096396959507 -0.0926748024170944 -0.0662561786930073 -0.0399874106799136
-0.88908958679092 -0.900253625673327 -0.902300754866985 -0.887555350007513 -0.86601475457898 -0.849947887539042 -0.843037001891248 -0.843703021837758 -0.837908222329287 -0.81182326384422 -0.764910998223058 -0.699957325146835 -0.623055732259274 -0.553530059054872 -0.507815270497098 -0.477560481574537 -0.451276742714213 -0.429708696071791 -0.414059920927411 -0.395136153330458 -0.361143668522629 -0.304771364183273 -0.236638627742352 -0.172944795735227 -0.134278511368261 -0.132696399147244 -0.141737702104665 -0.131706328004191 -0.098482225007499 -0.0443393513757686
-0.879103343228636 -0.850195696744607 -0.843855704029056 -0.841464716232992 -0.825308640836878 -0.78666494500354 -0.751872778295814 -0.747482543126928 -0.765827970911668 -0.788835718289235 -0.791020813794922 -0.745045378938046 -0.64055527329225 -0.535131308688462 -0.485918557565547 -0.480384182536826 -0.488929339964825 -0.483369071034455 -0.443905332533991 -0.382873858842781 -0.320643828737942 -0.273388023482889 -0.240493634286235 -0.21754766543739 -0.201721963603764 -0.189925951644607 -0.176434514808518 -0.15463436063755 -0.116994023458242 -0.0557524942932487
-0.993518329562845 -0.957844927912224 -0.922205254169435 -0.886626375537159 -0.851127361447855 -0.815724727667522 -0.78043277306655 -0.745266162013598 -0.710243237765986 -0.67537479560972 -0.640637760056866 -0.606000587926006 -0.571448578387417 -0.537034400018152 -0.50282660272912 -0.468889892359866 -0.435279346939651 -0.402015377327958 -0.369106148940919 -0.336545512591043 -0.30432374043993 -0.272421724456515 -0.240782835839058 -0.209341545130724 -0.178034241024957 -0.146807849343299 -0.115649526269385 -0.0845532271816837 -0.0534998738758877 -0.0224671297519974
-0.950131587157172 -0.938712868354686 -0.926209348936779 -0.911500191189396 -0.893898186858949 -0.872788972334948 -0.847415933118826 -0.817302517708042 -0.783234677472226 -0.746135794047192 -0.70621646726132 -0.663509101491132 -0.618234737948827 -0.571368965189303 -0.524095284065055 -0.47767429727626 -0.433379573435275 -0.392459442955485 -0.355797858190811 -0.322846497456278 -0.292698970557186 -0.26442849780196 -0.237026741511518 -0.209627773386413 -0.182016860633263 -0.154184076392563 -0.126287522034285 -0.0985178250385765 -0.0710276890968284 -0.0439603369532411
-0.993602167527901 -0.959409188275541 -0.925216208963964 -0.891023229582405 -0.856830250153367 -0.822637270718248 -0.788444291360735 -0.75425131218064 -0.720058333299971 -0.68586535482284 -0.65167237675959 -0.61747939909712 -0.583286421849811 -0.549093445141967 -0.514900469099805 -0.480707493747258 -0.446514519100185 -0.412321545244416 -0.378128572261738 -0.343935600147789 -0.309742628876668 -0.27554965840641 -0.241356688630777 -0.207163719435865 -0.172970750741362 -0.138777782452081 -0.104584814379754 -0.0703918463475783 -0.0361988783177051 -0.00200591028702372
-0.948021027072006 -0.857439137261337 -0.961121139711375 -0.945960789462926 -0.857945435101664 -0.804553744315819 -0.780136067658963 -0.756770152806527 -0.73057165305602 -0.704061294008398 -0.681342184856323 -0.66691303069038 -0.658663379734456 -0.628046152745629 -0.550570621628712 -0.444408090346268 -0.341555866594376 -0.286653240945421 -0.307420740955409 -0.351261859238521 -0.345500829673477 -0.250156050661204 -0.156022578691453 -0.150631471601449 -0.177681134529518 -0.164187783657903 -0.114271532043436 -0.0491648694364378 0.0185541045133884 0.0784708876814961
-1.00420228870184 -0.969947492498791 -0.935692696333209 -0.901437900242515 -0.86718310420573 -0.832928308210953 -0.798673512340971 -0.764418716658808 -0.73016392105374 -0.695909125356905 -0.661654329340623 -0.627399532762515 -0.593144735410924 -0.55888993719709 -0.524635138058609 -0.490380337915588 -0.456125536714934 -0.421870734528222 -0.387615931478856 -0.353361127772894 -0.319106323637052 -0.284851519274219 -0.250596714791966 -0.216341910245094 -0.182087105572655 -0.147832300701351 -0.11357749562426 -0.0793226903614658 -0.0450678849746931 -0.0108130795360785
-0.983462259844275 -0.949154650799488 -0.91484704171752 -0.880539432556258 -0.846231823265711 -0.811924213808149 -0.777616604202764 -0.743308994473433 -0.709001384605845 -0.67469377457446 -0.640386164347006 -0.606078553889528 -0.571770943191819 -0.537463332338661 -0.503155721424385 -0.46884811048652 -0.43454049954997 -0.400232888645929 -0.365925277819712 -0.33161766716683 -0.297310056795341 -0.263002446802679 -0.228694837243775 -0.194387228159085 -0.160079619573658 -0.125772011500591 -0.0914644039205522 -0.0571567967841199 -0.0228491899539265 0.0114584167293816
-0.841082733567468 -0.840120209606646 -0.86054717741238 -0.896023418472929 -0.906031053647709 -0.860813451729426 -0.807836633872789 -0.790658972274285 -0.759985590935514 -0.665636683253873 -0.546745968404835 -0.46477554700839 -0.462009063342968 -0.504016336320756 -0.540299839949403 -0.53280649398466 -0.463594001623858 -0.382718754082546 -0.341626177526097 -0.329319149900946 -0.319189912098796 -0.292792392796137 -0.264327271808623 -0.24698309442075 -0.217253116653246 -0.153537812517033 -0.0785618172476009 -0.0210257459529894 0.0107900279931137 0.0137101916506091
-0.98723939768015 -0.953442407067495 -0.919645416321066 -0.885848425271731 -0.852051433755503 -0.818254441615431 -0.784457448717593 -0.750660454967394 -0.716863460404556 -0.68306646510222 -0.649269469132888 -0.615472472568905 -0.581675475496403 -0.54787847805667 -0.514081480404044 -0.480284482689903 -0.44648748508356 -0.412690487829028 -0.378893491130294 -0.345096494956542 -0.311299499218256 -0.277502503801089 -0.243705508491378 -0.209908513084728 -0.176111517513135 -0.142314521748429 -0.108517525785395 -0.0747205296305395 -0.0409235333143099 -0.00712653687314017
-0.996538249616136 -0.962184307379125 -0.927848063151487 -0.893544882138494 -0.85927409098049 -0.825031134915625 -0.790811972138193 -0.756616673040643 -0.722461243851922 -0.688365679290949 -0.654349992200056 -0.620434199952425 -0.586640167250572 -0.552997148114349 -0.519535242639205 -0.486280545905643 -0.453249350501215 -0.420422744056598 -0.38777471870462 -0.355286089543576 -0.322939377413126 -0.290718969823745 -0.258616720969168 -0.226626075296102 -0.194739371579898 -0.16294558632427 -0.131221352617759 -0.0995420525318598 -0.0678904074850561 -0.0362509737325804
-0.968632336338165 -0.937972711173237 -0.907313086036789 -0.876653460931705 -0.845993835883669 -0.815334210928499 -0.784674586119733 -0.754014961510257 -0.723355337132648 -0.692695712975019 -0.66203608886797 -0.631376464602718 -0.6007168399902 -0.570057214920233 -0.539397589329281 -0.508737963261513 -0.478078336792113 -0.447418710012606 -0.416759083017865 -0.38609945589979 -0.355439828749542 -0.324780201669932 -0.294120574810371 -0.263460948291829 -0.232801322074884 -0.202141696067029 -0.17148207012379 -0.140822444117893 -0.110162818042819 -0.0795031919222381
-0.998816727005844 -0.963257093674488 -0.92769746046538 -0.892137827520876 -0.856578194989834 -0.821018563014886 -0.785458931707275 -0.749899301147344 -0.714339671323238 -0.678780042181443 -0.643220413594033 -0.60766078541447 -0.572101157508007 -0.536541529787034 -0.500981902165449 -0.465422274516042 -0.429862646705445 -0.394303018616766 -0.358743390159075 -0.32318376132883 -0.287624132144334 -0.252064502643443 -0.216504872942215 -0.1809452431385 -0.145385613179092 -0.109825982979264 -0.0742663524792613 -0.0387067216521213 -0.00314709057707001 0.0324125406401193
-1.12202603378081 -1.07643040753047 -1.03086076929405 -0.985343153092098 -0.93993012064991 -0.894705801868806 -0.849854071649501 -0.80557822799117 -0.762059516287442 -0.719446591784897 -0.677779801747474 -0.637072416443451 -0.597348761806784 -0.558677386434159 -0.521097909619918 -0.484490010786311 -0.448680572655434 -0.413445231020845 -0.378574273872184 -0.343967844911964 -0.309553551770913 -0.275270280637929 -0.241102031934575 -0.207035138259322 -0.173020146685611 -0.139006084618089 -0.10497168631126 -0.0709066276884875 -0.0368146444987106 -0.00270298744726141
-1.01113322443252 -0.976244086959404 -0.941354949399194 -0.906465811685906 -0.871576673780338 -0.836687535658241 -0.801798397328383 -0.766909258797455 -0.732020120030817 -0.697130980999065 -0.662241841735071 -0.627352702287278 -0.592463562712515 -0.557574423101149 -0.522685283551191 -0.487796144157653 -0.452907005032427 -0.418017866357919 -0.383128728315552 -0.348239591012305 -0.313350454536549 -0.278461318953484 -0.24357218423564 -0.208683050345635 -0.173793917299107 -0.138904785094021 -0.104015653604613 -0.069126522665427 -0.0342373920759628 0.000651738373040558
-0.936089454526987 -0.905624688980867 -0.875159923463918 -0.84469515798299 -0.81423039248981 -0.783765626914553 -0.753300861156319 -0.722836095091819 -0.692371328539303 -0.661906561361243 -0.631441793655462 -0.600977025578622 -0.570512257290369 -0.540047488962287 -0.509582720772986 -0.479117952917228 -0.448653185603824 -0.418188419081613 -0.387723653562473 -0.357258889070405 -0.326794125582444 -0.296329363055451 -0.265864601365583 -0.235399840372874 -0.204935079953546 -0.174470319995675 -0.144005560418563 -0.113540801142352 -0.0830760420593117 -0.0526112830547405
-0.957835468214002 -0.935574100920707 -0.910530867801247 -0.885147896729042 -0.858089357055035 -0.83003908605417 -0.813537551219881 -0.815811634381375 -0.810977244492485 -0.773682497007074 -0.713815306254511 -0.65007353628304 -0.598521452272823 -0.564688923931699 -0.547726051224432 -0.531798250615812 -0.501491284264879 -0.458056980607639 -0.405808043330095 -0.344634610841287 -0.273321180231009 -0.194051616551576 -0.122607256705364 -0.0746521809065025 -0.0517839707660677 -0.0499952531760526 -0.0569253347551726 -0.0607204450315898 -0.0599078254445305 -0.0556099704109871
-0.987643089358702 -0.962420465066813 -0.936878775281923 -0.9106941057713 -0.883689354824301 -0.855784678998448 -0.827142455401818 -0.797969027864181 -0.768404386551501 -0.73852816054486 -0.708244888249593 -0.677415335402099 -0.645884747429493 -0.613436288521753 -0.579837574113019 -0.544856105851227 -0.508277804965555 -0.469962384796342 -0.429838549723639 -0.388037176175174 -0.344739683590595 -0.300145816346533 -0.254528618567545 -0.208169190077559 -0.16130755375004 -0.11415112995802 -0.0668180060232422 -0.0193921475379031 0.0280896337726981 0.075602314649987
-0.992581864267335 -0.955330802301218 -0.918069961061203 -0.880811613749858 -0.843564530442069 -0.806341897871368 -0.769178072533549 -0.732125197151559 -0.695285389594692 -0.658770433576585 -0.622680801041899 -0.587114135993048 -0.55213070790132 -0.517641288113495 -0.483543718511492 -0.449833621242292 -0.416536805375621 -0.383702047407127 -0.35138118267285 -0.31961531444446 -0.288442862977538 -0.257892393253102 -0.227953049153921 -0.198598014754873 -0.169776055997525 -0.141414091251433 -0.113376066731436 -0.085525219777034 -0.0577849243810922 -0.0300935886998182
-0.971247192122796 -0.937517843520898 -0.903788494982098 -0.870059146619454 -0.836329798574653 -0.8026004509753 -0.768871103864035 -0.735141757252479 -0.70141241111315 -0.667683065410701 -0.63395372011742 -0.600224375207501 -0.56649503064263 -0.532765686334438 -0.499036342192517 -0.465306998168359 -0.431577654224918 -0.397848310329092 -0.364118966439397 -0.330389622476864 -0.296660278353154 -0.262930934001976 -0.229201589445231 -0.195472244741591 -0.161742900008632 -0.128013555353878 -0.0942842107857614 -0.06055486628402 -0.0268255218127044 0.00690382266805623
-1.02463370968556 -0.937703082628311 -0.861209673977299 -0.804840566069495 -0.768790290817319 -0.749338946470635 -0.736601447053634 -0.721923284907091 -0.707737449863779 -0.697308026081887 -0.686135977529262 -0.667781488126165 -0.636838689022094 -0.592037500283499 -0.534747459679415 -0.47276078687227 -0.414401195515595 -0.363695693333913 -0.322539356276201 -0.288596239118242 -0.25847264134252 -0.228839079261017 -0.196622936503707 -0.159875178057286 -0.120884227017354 -0.0831286361205101 -0.050610018558438 -0.0266355312836918 -0.0112114458372144 -0.00351881240704601
-1.04497543413914 -1.00867727537188 -0.972379116490876 -0.936080957388669 -0.89978279801441 -0.863484638360128 -0.827186478532729 -0.790888318657454 -0.754590158817998 -0.718291999082855 -0.681993839501272 -0.645695680117682 -0.609397520952052 -0.573099361926503 -0.536801202953623 -0.500503044005735 -0.464204885081438 -0.427906726224702 -0.391608567478733 -0.355310408838303 -0.319012250286074 -0.282714091795289 -0.246415933301493 -0.210117774740799 -0.173819616089262 -0.137521457329252 -0.101223298428457 -0.0649251393697369 -0.0286269802113329 0.0076711789696708
-1.04258477403354 -1.00615181965013 -0.969718865354104 -0.933285911255228 -0.89685295748844 -0.860420004187185 -0.823987051453803 -0.78755409935222 -0.751121147823819 -0.714688196782175 -0.678255246152181 -0.641822295861561 -0.605389345832405 -0.56895639596428 -0.532523446138503 -0.496090496185927 -0.459657545945112 -0.423224595335906 -0.38679164430048 -0.350358692789025 -0.313925740753732 -0.277492788160801 -0.241059835032467 -0.204626881410131 -0.16819392735583 -0.131760972946385 -0.0953280182971136 -0.0588950635212778 -0.022462108685417 0.0139708461556102
1.01821008501176 0.983011434773194 0.947812784586673 0.912614134445858 0.877415484251662 0.842216833904316 0.807018183394044 0.771819532728687 0.736620881896558 0.70142223090661 0.666223579869875 0.631024928922908 0.595826278201464 0.560627627838115 0.525428977941031 0.490230328523972 0.455031679589321 0.419833031188362 0.38463438336816 0.349435736109996 0.314237089378706 0.279038443104446 0.243839797078658 0.208641151078166 0.173442504960056 0.138243858623275 0.103045212053968 0.0678465652702989 0.0326479183313252 -0.00255072869367471
-1.00675207904351 -0.971917851867227 -0.937084694439869 -0.902253525686004 -0.867425928395666 -0.832603924175131 -0.797790626030183 -0.762989472502775 -0.728204112880029 -0.693437517278924 -0.658689728390699 -0.623960057050156 -0.589248004471253 -0.554553833384566 -0.519877757425016 -0.485219032328269 -0.450576418384733 -0.415947652003023 -0.381330366036628 -0.34672280300031 -0.312123357824155 -0.27753020191539 -0.242940612589827 -0.208351997802549 -0.17376318215713 -0.139173461334307 -0.104582598674967 -0.0699905946249488 -0.0353979303897437 -0.000805207364757169
-1.00782693564459 -0.973037582462369 -0.938248229185488 -0.903458875684375 -0.868669521815733 -0.833880167459016 -0.799090812598418 -0.764301457269464 -0.729512101608282 -0.694722745757929 -0.659933389788586 -0.625144033752217 -0.590354677693716 -0.555565321629704 -0.520775965576346 -0.485986609576249 -0.451197253666501 -0.416407897835659 -0.381618542067615 -0.346829186376131 -0.312039830782436 -0.277250475304116 -0.242461119944181 -0.207671764683425 -0.17288240942834 -0.138093054095053 -0.103303698712516 -0.0685143433294812 -0.0337249879610767 0.00106436738597689
-1.07408260815696 -1.01270566918742 -0.95288132176933 -0.896238533842915 -0.843056001569165 -0.793174437746428 -0.746032893501722 -0.701303112748418 -0.659989272216639 -0.622805135688794 -0.587970382339687 -0.55308117019222 -0.51646181252277 -0.479349243621604 -0.443511473047607 -0.409928190420223 -0.379323477128645 -0.352187301580483 -0.328690340473278 -0.307960216645877 -0.288863789472449 -0.270090303075077 -0.249618540567497 -0.225574251571097 -0.197381512746234 -0.164941120722379 -0.128762424966498 -0.0895681951683787 -0.0483263290716093 -0.00606600643322802
-1.0585062222409 -1.01443190844257 -0.970437129934365 -0.926624450418015 -0.883095705378277 -0.839946542016763 -0.797248582619495 -0.755086454004822 -0.713620826035998 -0.67300633727394 -0.633297458025311 -0.594523616533217 -0.556701996945379 -0.519800807028003 -0.483769920961073 -0.44853485496121 -0.41402388299774 -0.380200668014178 -0.347022547222331 -0.314386165932982 -0.282172996481655 -0.250282677466568 -0.218687512536703 -0.187362859491843 -0.156223627684207 -0.125182897556321 -0.0942068823594987 -0.0632807554113649 -0.0324123974859965 -0.00161536622158399
-0.996271181094078 -0.964250055871474 -0.932249976643874 -0.900272895415944 -0.868304421679812 -0.836325080502196 -0.804311401760729 -0.772230295719914 -0.740014189380832 -0.707585700791398 -0.674862695450275 -0.641761850718812 -0.608203827846229 -0.574125223633221 -0.539485421506683 -0.504319015846832 -0.468677635165819 -0.432605833550219 -0.396144441787448 -0.359326471893857 -0.322182981193031 -0.28474145933163 -0.247015125248601 -0.209018810814688 -0.170788070335528 -0.132359742121062 -0.0937550780635707 -0.0549986636499082 -0.0161440051628819 0.0227481609157121
-0.99493641493293 -0.96091734343873 -0.926898271780452 -0.892879199784804 -0.858860127364518 -0.824841054446564 -0.790821980928855 -0.756802906659594 -0.722783831317193 -0.688764754580313 -0.654745676298418 -0.620726596363668 -0.586707514719992 -0.55268843151839 -0.518669346957774 -0.484650261221639 -0.450631174472119 -0.416612086801322 -0.382592998304783 -0.348573909161767 -0.314554819572474 -0.280535729727932 -0.246516639782481 -0.212497549867581 -0.178478460059853 -0.144459370431425 -0.110440281091277 -0.0764211921200123 -0.0424021034478762 -0.00838301496752332
-0.906157383690915 -0.868631541538636 -0.895175008973966 -0.976171818244741 -1.01754515322959 -0.940959819245397 -0.815507955731174 -0.725165387082064 -0.666015343395514 -0.617601520331778 -0.581202070100033 -0.56352875904669 -0.563447126737775 -0.548437805617786 -0.49613250567342 -0.456152154181698 -0.471994453400547 -0.490674988221196 -0.454926221585872 -0.386830246007506 -0.328306561391701 -0.303397438994562 -0.26463623547419 -0.177541758765228 -0.13108353650649 -0.194027011599772 -0.230870568294634 -0.116615747565811 0.0274562240590244 0.0184941986639635
-0.963374978235372 -0.929562335153182 -0.895749692092573 -0.861937049050651 -0.828124405947134 -0.794311762710351 -0.760499119380444 -0.726686476031689 -0.692873832763075 -0.659061189679171 -0.625248546882142 -0.591435904473555 -0.557623262562654 -0.523810621289396 -0.48999798079499 -0.456185341194937 -0.422372702582712 -0.388560064989373 -0.354747428425325 -0.320934792880783 -0.287122158340909 -0.253309524772491 -0.219496892068792 -0.185684260120592 -0.151871628882249 -0.118058998311441 -0.0842463683155621 -0.0504337387779428 -0.0166211095359361 0.0171915195845985
1.04348028219373 1.006589174545 0.969698066877161 0.932806959184985 0.895915851411 0.859024743489053 0.82213363537048 0.78524252703312 0.748351418543367 0.711460309997257 0.674569201520845 0.637678093247692 0.600786985317049 0.563895877890925 0.527004771100477 0.490113664930682 0.453222559339005 0.41633145431905 0.37944034987036 0.342549245980108 0.305658142632371 0.268767039791087 0.231875937339627 0.194984835167628 0.158093733270339 0.121202631665038 0.0843115303514745 0.0474204293096842 0.0105293284583522 -0.0263617722991728
0.995238751541832 0.962002208065869 0.928765664608881 0.895529121190022 0.862292577833605 0.829056034584905 0.795819491567888 0.762582948911431 0.729346406685371 0.696109864936236 0.662873323676368 0.629636782909563 0.596400242635116 0.563163702834309 0.529927163482789 0.496690624551669 0.463454086016199 0.430217547872722 0.396981010122237 0.363744472763286 0.330507935793791 0.297271399210096 0.264034863002205 0.230798327152837 0.197561791621891 0.164325256357019 0.131088721279712 0.0978521863151817 0.0646156514296736 0.0313791165996927
0.991257793236071 0.971674774373368 0.95154153174939 0.929741516144838 0.904973118967565 0.876186283324834 0.843522218494397 0.807521179182816 0.769128335641409 0.729344301340178 0.68898654707908 0.64882675799056 0.609708628089342 0.57276388691925 0.538882444169515 0.507698894581896 0.478408649973553 0.449705705410725 0.42016475054303 0.388384670104537 0.352970397600425 0.312859974188826 0.268323871639674 0.220127100427596 0.169680395234202 0.118302880436738 0.0663015149880305 0.0137604988125169 -0.0391148388544968 -0.0920888864499872
0.939949083364838 0.907559745627274 0.875170407821704 0.842781069877072 0.810391731637591 0.778002392947355 0.745613053734705 0.713223713961759 0.680834373641474 0.648445032820683 0.616055691630881 0.583666350224732 0.551277008762071 0.518887667431426 0.486498326401586 0.454108985733694 0.421719645451296 0.389330305535187 0.356940965966411 0.324551626769755 0.292162287980938 0.259772949615519 0.227383611608418 0.194994273880652 0.162604936378279 0.13021559904251 0.097826261770132 0.0654369244668337 0.0330475871183417 0.000658249730391481
-0.992676394696374 -0.955491538835602 -0.918366519436547 -0.881382004836277 -0.844617100234777 -0.808139539593277 -0.771973135055086 -0.736140895550735 -0.700706538977588 -0.665733464737178 -0.6312430892809 -0.597246333322613 -0.56374889057008 -0.530735546706684 -0.498195426268178 -0.466155917224163 -0.434643640933661 -0.403643888879506 -0.373126465501376 -0.343040556942501 -0.313330194772 -0.283939229166413 -0.254810784731957 -0.225881458078813 -0.197062459403315 -0.168266972930012 -0.139441465410145 -0.11055405308172 -0.0816261676031069 -0.0526925694877685
-1.02542632246573 -0.988247785453004 -0.951069248532976 -0.913890711771688 -0.876712175155246 -0.839533638659903 -0.802355102302446 -0.765176566099919 -0.727998030029862 -0.690819494050432 -0.653640958081767 -0.616462422034498 -0.579283885813143 -0.542105349297766 -0.504926812373335 -0.467748274968876 -0.430569737038629 -0.393391198593628 -0.356212659658728 -0.319034120257286 -0.28185558041228 -0.244677040170138 -0.207498499671079 -0.17031995906684 -0.133141418461449 -0.0959628779419504 -0.0587843375751557 -0.0216057973991945 0.0155727426423033 0.0527512826293327
-0.997122629057342 -0.963604206369999 -0.930085783529687 -0.896567360414317 -0.863048936987029 -0.829530513216427 -0.796012089007737 -0.762493664271083 -0.728975238999556 -0.695456813221266 -0.661938387021434 -0.628419960499557 -0.594901533768731 -0.561383106996443 -0.527864680369805 -0.49434625410001 -0.460827828399954 -0.427309403465251 -0.393790979471295 -0.36027255652988 -0.326754134736899 -0.293235714153277 -0.259717294700066 -0.226198876261294 -0.192680458712763 -0.159162041901549 -0.125643625568046 -0.092125209456566 -0.0586067934337706 -0.0250883773969108
1.02144246049734 0.986582491594059 0.951722522703971 0.916862553833295 0.882002585044208 0.847142616421751 0.812282648086447 0.777422680166544 0.74256271278569 0.707702746040938 0.672842779927537 0.637982814415289 0.603122849445784 0.56826288484778 0.533402920444775 0.498542956152059 0.463682991911085 0.428823027676167 0.393963063407742 0.359103099077882 0.324243134661569 0.289383170137967 0.254523205502975 0.219663240765811 0.184803275972251 0.149943311157343 0.115083346276684 0.0802233812846348 0.0453634162100597 0.0105034511004505
