-1.00950667867045 -0.975623269153953 -0.941739859667832 -0.907856450250383 -0.873973040991875 -0.84008963197554 -0.80620622320448 -0.772322814655656 -0.738439406281602 -0.704555998048353 -0.670672590000382 -0.636789182201773 -0.602905774711927 -0.569022367571521 -0.535138960785124 -0.501255554231587 -0.467372147755353 -0.433488741188965 -0.399605334382083 -0.365721927264758 -0.331838519787141 -0.297955111899566 -0.264071703553117 -0.230188294700789 -0.196304885302492 -0.162421475334056 -0.128538064828069 -0.0946546538554731 -0.0607712425838559 -0.026887831204966
-0.927699375613051 -0.919941465853819 -0.910583694532673 -0.898096843155426 -0.881827322804156 -0.861267813670055 -0.835620442804515 -0.804313203816648 -0.767968109686266 -0.727536771705432 -0.684095175044511 -0.638750398343443 -0.59253587538986 -0.546190460562173 -0.500319784299857 -0.455291160695865 -0.411329492878051 -0.368328356460398 -0.32612149090365 -0.284634618569474 -0.243816457544773 -0.203828081014834 -0.165679982558496 -0.130300688645324 -0.097441436914248 -0.0665686504120716 -0.0371867826477284 -0.00880570214316844 0.0190810929897256 0.0469841972415877
-1.00546832323913 -0.971497826614983 -0.937527329900458 -0.903556832945046 -0.869586335617115 -0.835615837813915 -0.801645339529355 -0.767674840787915 -0.733704341639701 -0.699733842136244 -0.665763342309147 -0.631792842185032 -0.597822341785049 -0.563851841108464 -0.529881340147139 -0.495910838885203 -0.461940337331262 -0.427969835599559 -0.393999333826234 -0.36002883212937 -0.326058330622537 -0.292087829394874 -0.258117328437805 -0.224146827704958 -0.190176327096494 -0.15620582651724 -0.122235325944138 -0.0882648253756222 -0.0542943248239706 -0.0203238243049226
-1.03641901664155 -0.999571368805853 -0.962723720890531 -0.925876072845252 -0.889028424647016 -0.852180776275108 -0.81533312769063 -0.7784854788476 -0.741637829689877 -0.704790180155881 -0.66794253017243 -0.631094879663446 -0.594247228560268 -0.557399576823915 -0.520551924408749 -0.483704271212825 -0.446856617132954 -0.410008962117268 -0.373161306148333 -0.336313649295126 -0.299465991648227 -0.262618333310997 -0.225770674437939 -0.18892301517732 -0.15207535560132 -0.115227695771068 -0.0783800357795778 -0.0415323757182724 -0.00468471564034997 0.0321629444105488
-0.933184980660752 -0.911319268969074 -0.886564420493914 -0.854656768308137 -0.817985601947761 -0.780763485419669 -0.747843124151035 -0.722676500942824 -0.70247256667086 -0.683181947417556 -0.661965002016791 -0.636284522490318 -0.604940844960433 -0.572084481951624 -0.541499668292458 -0.510155351625633 -0.473614162119531 -0.428628747231142 -0.373577673382755 -0.312153165569251 -0.249375863428657 -0.190124801898224 -0.138712597112097 -0.098950712039201 -0.0732124157906925 -0.0619179262652744 -0.0591134503696038 -0.058305032627661 -0.0572120790247633 -0.0546073359115624
-0.972080607674269 -0.938099540837696 -0.904118474126906 -0.870137407705295 -0.836156341672272 -0.802175276110303 -0.768194211098073 -0.734213146736152 -0.700232083216439 -0.666251020722056 -0.632269959309694 -0.598288899004433 -0.564307839791969 -0.530326781500458 -0.496345723902697 -0.462364666707587 -0.428383609649905 -0.39440255263183 -0.360421495589499 -0.326440438427467 -0.292459381042393 -0.258478323338423 -0.224497265249633 -0.190516206728784 -0.156535147773446 -0.122554088413042 -0.0885730287596098 -0.0545919689347761 -0.0206109090158995 0.0133701509307278
-0.942221457856048 -0.910932046098605 -0.879642634423645 -0.84835322296205 -0.817063811880923 -0.785774401353751 -0.754484991543321 -0.723195582588215 -0.691906174540875 -0.660616767449429 -0.629327361430877 -0.598037956619438 -0.566748553130179 -0.535459151001548 -0.504169750235031 -0.472880350760884 -0.441590952486077 -0.410301555295679 -0.379012159067143 -0.347722763669348 -0.316433368969032 -0.285143974848035 -0.253854581248605 -0.222565188138479 -0.191275795526959 -0.159986403396816 -0.128697011583117 -0.097407619910153 -0.0661182283067939 -0.034828836728054
-0.923310388382785 -0.901532853794913 -0.87992179296564 -0.858966676899983 -0.839296059086884 -0.821125515866428 -0.802879632499337 -0.782932845973211 -0.761249991262508 -0.737700321869422 -0.710180367420213 -0.676093476572161 -0.633707097882292 -0.584745079506627 -0.531927667138237 -0.478504297019404 -0.427768975018531 -0.382664794959275 -0.345253901751176 -0.314425556692047 -0.288275800176769 -0.264442184183992 -0.238728307027447 -0.207522435101471 -0.171385460787736 -0.131426595799548 -0.0867757031894071 -0.0364846388991461 0.0187274209112757 0.0777244700273672
-1.01441543126785 -0.978548621969359 -0.942681812742549 -0.906815003658343 -0.870948194751639 -0.835081386037428 -0.799214577487104 -0.763347769068478 -0.727480960778619 -0.69161415262088 -0.655747344594472 -0.619880536697575 -0.584013728921681 -0.548146921231545 -0.512280113579833 -0.476413305897598 -0.44054649810586 -0.404679690107113 -0.368812881813126 -0.332946073191293 -0.297079264222912 -0.261212454901509 -0.225345645269512 -0.18947883539633 -0.153612025410381 -0.117745215455314 -0.0818784056766978 -0.0460115961770362 -0.0101447868846557 0.0257220223156612
0.991473958968614 0.957049792620213 0.922625626226288 0.888201459720725 0.853777292983508 0.819353125883376 0.784928958298006 0.750504790138204 0.716080621438367 0.681656452233702 0.647232282439056 0.612808111939186 0.578383940613251 0.543959768318006 0.509535594944156 0.475111420540601 0.440687245174312 0.406263068826348 0.37183889145765 0.3374147130346 0.302990533524942 0.268566352949812 0.234142171543919 0.199717989559261 0.16529380710343 0.130869624246968 0.0964454410566371 0.0620212576045523 0.0275970739880306 -0.00682710968931088
-0.974856426232336 -0.942409965460774 -0.909963504738625 -0.87751704409813 -0.84507058350184 -0.812624122904769 -0.780177662301467 -0.747731201719632 -0.71528474128 -0.682838281125582 -0.650391821395444 -0.617945362227663 -0.585498903721327 -0.553052445819565 -0.520605988456345 -0.488159531684936 -0.455713075583419 -0.423266620209793 -0.390820165606832 -0.358373711776483 -0.325927258710486 -0.293480806408885 -0.261034354904947 -0.228587904224563 -0.196141454330914 -0.163695005166576 -0.131248556654436 -0.0988021086933491 -0.0663556611057481 -0.033909213694959
-1.21142445265956 -0.906416503582938 -0.826283473222333 -0.873745314218048 -0.918588018742256 -0.864387854983244 -0.782816155661886 -0.756068170541154 -0.740339753019833 -0.680622814810497 -0.60309289724508 -0.554221449060353 -0.558767244854684 -0.554638362672839 -0.488308914723729 -0.427367846426463 -0.43660434452854 -0.448493727880801 -0.389546753107259 -0.294729795821254 -0.226123136383458 -0.226268739762477 -0.259555309358651 -0.27650232508035 -0.25030563443631 -0.176517121244342 -0.117436446958176 -0.120647340707445 -0.108122024689477 0.0295701556314778
-0.97267041711935 -0.940104250738667 -0.907538084336683 -0.874971917981016 -0.842405751899504 -0.809839586324905 -0.777273421349447 -0.7447072569961 -0.712141093151366 -0.679574929659624 -0.647008766333239 -0.61444260297657 -0.581876439432921 -0.549310275701358 -0.516744111830924 -0.484177947914808 -0.451611784028999 -0.419045620136556 -0.386479456181115 -0.353913292141538 -0.321347128005496 -0.288780963760201 -0.256214799391048 -0.223648634904972 -0.191082470396909 -0.158516305967774 -0.125950141654385 -0.0933839774677665 -0.0608178133798562 -0.0282516493528184
-1.02027204898505 -0.983058187987065 -0.945855941606323 -0.908674498038745 -0.87151754760246 -0.834388197817393 -0.797292722888442 -0.760238993190877 -0.723238097096479 -0.686302025380434 -0.649443160435037 -0.612673982556861 -0.576005327525888 -0.539441453055745 -0.502983139439515 -0.466623835354461 -0.43035449146137 -0.394163397970917 -0.35803742796451 -0.321960446456594 -0.285915566444872 -0.249886510377205 -0.213859438502094 -0.17782309646885 -0.141774133729389 -0.105710656462144 -0.0696286939490072 -0.0335257213738264 0.00259292557518114 0.0387199460837059
1.03174956855555 0.996074811033452 0.960400053449326 0.924725295758852 0.88905053794803 0.853375779996432 0.817701021827592 0.782026263362815 0.746351504570544 0.710676745418627 0.675001985825399 0.639327225696817 0.603652464960868 0.567977703633644 0.532302941747318 0.49662817931025 0.460953416350463 0.425278652998435 0.38960388940613 0.353929125709016 0.318254362038433 0.282579598512439 0.246904835195965 0.211230072120505 0.175555309236945 0.139880546479139 0.104205783793438 0.0685310211374715 0.0328562585014954 -0.00281850411607633
-0.978058680302788 -0.945012283093862 -0.911965885817286 -0.878919488422185 -0.845873090840629 -0.812826693008527 -0.779780294894188 -0.746733896486893 -0.7136874978274 -0.680641098949247 -0.647594699805619 -0.61454830032961 -0.581501900507158 -0.548455500535574 -0.515409100617921 -0.482362700768917 -0.449316300939957 -0.41626990101751 -0.383223500893649 -0.350177100547806 -0.317130699981252 -0.284084299187509 -0.251037898129099 -0.217991496761712 -0.184945095044721 -0.151898692961564 -0.118852290588262 -0.0858058880205222 -0.052759485340202 -0.0197130826256963
-0.985765874142388 -0.952105311585241 -0.918444748975211 -0.884784186279256 -0.851123623466843 -0.817463060501745 -0.783802497322448 -0.750141933862598 -0.716481370061758 -0.682820805880066 -0.64916024135403 -0.615499676539255 -0.581839111503203 -0.54817854636076 -0.514517981234716 -0.480857416232039 -0.447196851455456 -0.413536287006551 -0.379875722985122 -0.346215159484973 -0.312554596598405 -0.278894034405668 -0.245233472938798 -0.211572912183672 -0.177912351989754 -0.144251792175364 -0.11059123257068 -0.076930673034044 -0.0432701135245834 -0.00960955402662446
-1.02354099089808 -0.987179909038999 -0.950818827256954 -0.914457745609912 -0.878096664123953 -0.841735582799424 -0.80537450156561 -0.769013420357825 -0.732652339206554 -0.696291258156877 -0.659930177217073 -0.623569096386225 -0.587208015669352 -0.550846935095231 -0.514485854685594 -0.47812477441024 -0.441763694237712 -0.405402614183448 -0.36904153426365 -0.332680454450674 -0.296319374705911 -0.259958294963055 -0.223597215044986 -0.187236134775379 -0.150875054091896 -0.114513972987421 -0.0781528915617542 -0.0417918099297499 -0.00543072815956647 0.0309303536923124
-0.978416410391112 -0.954169223607182 -0.929648759221878 -0.904674417194105 -0.879054275293279 -0.852601750077873 -0.825162935452082 -0.796553586947805 -0.766435429262043 -0.734516492999583 -0.700844063231252 -0.665550238644385 -0.628825802427136 -0.591096275770915 -0.55280212806125 -0.514208883456871 -0.475533415288854 -0.436972938804448 -0.398648100659335 -0.360392931226761 -0.321969806809363 -0.283172235767041 -0.243918254688758 -0.204173562247984 -0.163969977227157 -0.123334294777955 -0.0822070954200311 -0.0405528455847955 0.00148223001728904 0.0437064671059976
-1.01723539041376 -0.982350846942522 -0.94746630351168 -0.912581760227922 -0.877697217261618 -0.842812674792275 -0.807928132972264 -0.773043591956138 -0.73815905193432 -0.703274513084909 -0.668389975500846 -0.633505439253782 -0.598620904409593 -0.563736371011062 -0.528851839152785 -0.493967309159709 -0.459082781341462 -0.42419825571603 -0.389313732227198 -0.354429210813575 -0.319544691412478 -0.28466017392969 -0.249775658144852 -0.214891143800787 -0.180006630619166 -0.145122118302542 -0.110237606498157 -0.0753530948928461 -0.0404685833871514 -0.00558407193504001
-1.00113990135734 -0.964874192064576 -0.92860848273812 -0.8923427733766 -0.856077063951733 -0.819811354440482 -0.783545644867732 -0.747279935245705 -0.711014225488061 -0.674748515483694 -0.638482805120988 -0.602217094288198 -0.565951382898801 -0.529685670967157 -0.493419958539921 -0.457154245692051 -0.420888532505339 -0.384622819060622 -0.34835710544246 -0.312091391751268 -0.275825678091426 -0.239559964540314 -0.203294251067313 -0.167028537626985 -0.130762824222613 -0.0944971108768718 -0.0582313976412739 -0.0219656845582699 0.0143000283947877 0.0505657412568204
-0.992257645892994 -0.957584080344801 -0.922887804442082 -0.888153673546773 -0.853379691810643 -0.818581983256817 -0.783836002604015 -0.749214962644865 -0.714723777772048 -0.680332401687352 -0.645939243728933 -0.611424827144038 -0.576675317110526 -0.541599446528704 -0.506117667997359 -0.470174745186758 -0.433716500311665 -0.396668678693342 -0.35896569230247 -0.320596696600916 -0.281564532923341 -0.241883776175026 -0.201615935543731 -0.160842876435103 -0.119680954843863 -0.0782434658378722 -0.0365969701884794 0.00520438609476491 0.0471093817530016 0.0890675267150441
-0.940382143921379 -0.909233086587131 -0.878084029163862 -0.846934971586825 -0.815785913854215 -0.784636855979789 -0.753487797976618 -0.722338739841296 -0.691189681505197 -0.660040622891466 -0.628891563955537 -0.597742504660922 -0.566593444993209 -0.535444385026305 -0.504295324841042 -0.473146264457631 -0.441997203879286 -0.41084814310184 -0.379699082140797 -0.348550021097744 -0.317400960095784 -0.286251899232133 -0.255102838500443 -0.223953777877886 -0.192804717379276 -0.161655657017744 -0.13050659676205 -0.0993575365740358 -0.0682084764322194 -0.0370594163192912
-1.0186741164924 -0.988604509664345 -0.951919089874015 -0.921522273629306 -0.89771634141166 -0.875298908968002 -0.839651069133642 -0.780900883664285 -0.717580812908849 -0.6700462235471 -0.637539708988997 -0.614025669327043 -0.594059852523897 -0.574563398022819 -0.554559809993008 -0.539116660026799 -0.527969637510593 -0.49348283558394 -0.413037043059135 -0.311451427686311 -0.225404751950065 -0.183368527802349 -0.180985265064555 -0.200603539283082 -0.20422519103492 -0.162823001481381 -0.103600249090471 -0.0620250235946789 -0.0503941624777332 -0.0752116901611724
-0.978137119834539 -0.944130782008312 -0.910124444233314 -0.876118106537009 -0.84211176900484 -0.808105431722518 -0.774099094718822 -0.740092757999047 -0.706086421531495 -0.672080085306343 -0.638073749438273 -0.604067414073093 -0.570061079352729 -0.536054745403574 -0.502048412319705 -0.468042080081466 -0.434035748632476 -0.40002941788319 -0.366023087725243 -0.332016758008174 -0.298010428570999 -0.264004099257192 -0.229997769928068 -0.195991440471846 -0.161985110866527 -0.127978781105521 -0.0939724511540981 -0.0599661209870068 -0.0259597906450473 0.00804653981446804
-0.997720587167298 -0.963293476419874 -0.928866365663305 -0.894439254907969 -0.860012144159956 -0.825585033431433 -0.791157922763174 -0.756730812187018 -0.72230370167046 -0.687876591168007 -0.653449480646551 -0.619022370076078 -0.584595259412103 -0.550168148552243 -0.51574103738842 -0.481313925847684 -0.446886813904299 -0.412459701686272 -0.378032589363962 -0.343605477123383 -0.309178365154469 -0.274751253598886 -0.240324142405238 -0.205897031475281 -0.171469920716437 -0.137042810045479 -0.102615699410914 -0.0681885887720041 -0.0337614780992925 0.000665632633855758
-0.984712226394327 -0.951169554140869 -0.917626881823298 -0.884084209416011 -0.850541536925587 -0.816998864368295 -0.783456191766981 -0.749913519140779 -0.7163708464874 -0.682828173799612 -0.649285501071842 -0.615742828298931 -0.582200155473463 -0.548657482578987 -0.51511480957092 -0.481572136301166 -0.448029462606913 -0.414486788369979 -0.380944113505066 -0.347401438013774 -0.313858761919429 -0.280316085250614 -0.246773408056945 -0.21323073039048 -0.179688052292007 -0.146145373807837 -0.112602695017661 -0.0790600160069816 -0.045517336851181 -0.0119746576231109
-1.02331572454658 -0.973136451268684 -0.927083694841369 -0.887701225534652 -0.853763973508559 -0.823080493224554 -0.79336267645986 -0.763424621534945 -0.736585915627481 -0.71594099212658 -0.699178180409917 -0.682634283852303 -0.661732468639492 -0.628241352201003 -0.576063191969757 -0.511289354148517 -0.443511865533555 -0.38413628652533 -0.342014528266186 -0.313970371261806 -0.29382056335871 -0.275253873285714 -0.251447153300803 -0.217321637321207 -0.175288002371945 -0.129083572847637 -0.0802628195135192 -0.0294153322629472 0.0245459688688614 0.0831273313112235
-0.978548188606336 -0.944325153406993 -0.910102118192897 -0.875879082953359 -0.841656047628607 -0.807433012164299 -0.773209976576904 -0.73898694089881 -0.704763905155288 -0.67054086936847 -0.636317833555056 -0.602094797730393 -0.567871761903989 -0.533648726062011 -0.499425690186045 -0.465202654262703 -0.430979618268294 -0.396756582132902 -0.362533545795164 -0.328310509274157 -0.29408747260907 -0.259864435862654 -0.225641399191922 -0.191418362746534 -0.157195326552486 -0.122972290603164 -0.0887492548851723 -0.0545262193737457 -0.020303184005416 0.0139198512929604
-0.996480327569911 -0.962477225063691 -0.928474122609698 -0.894471020243432 -0.860467917965842 -0.826464815732456 -0.792461713351683 -0.758458610614169 -0.724455507386653 -0.690452403559034 -0.656449299037785 -0.622446193733519 -0.58844308756618 -0.554439980493029 -0.520436872512199 -0.486433763747971 -0.452430654365261 -0.418427544565366 -0.38442443454545 -0.350421324449761 -0.316418214409317 -0.282415104542418 -0.248411994916504 -0.214408885589096 -0.180405776628905 -0.146402668097487 -0.112399560016564 -0.0783964523719382 -0.0443933450455722 -0.0103902378934662
0.949560348459792 0.917951082055202 0.886341815686898 0.854732549392631 0.823123283176126 0.791514017051065 0.759904751104964 0.728295485447602 0.696686220203958 0.66507695548773 0.633467691352278 0.601858427835879 0.570249164997211 0.538639902976562 0.507030641907962 0.475421381818798 0.443812122702508 0.412202864523385 0.380593607212926 0.348984350600602 0.317375094490376 0.285765838704729 0.254156583140216 0.222547327700002 0.190938072239633 0.159328816623436 0.127719560798473 0.0961103047505693 0.0645010485378516 0.0328917922365232
-1.01456897123811 -0.979072510027527 -0.943576048733074 -0.908079587285133 -0.87258312566071 -0.837086663854607 -0.801590201886171 -0.766093739752164 -0.730597277334448 -0.695100814510711 -0.659604351256851 -0.624107887573317 -0.588611423499242 -0.5531149592285 -0.517618494965731 -0.482122030803898 -0.446625566776061 -0.411129102787309 -0.375632638743174 -0.340136174678897 -0.304639710662148 -0.269143246775556 -0.233646783161585 -0.198150319950287 -0.162653857162233 -0.127157394786454 -0.0916609327952967 -0.0561644711398951 -0.0206680097032273 0.0148284516487679
-0.972023438040939 -0.939429124755015 -0.906838866146906 -0.874264437294922 -0.841731703840292 -0.809259256836989 -0.776822498427054 -0.74438550218314 -0.711910216312296 -0.679354408637931 -0.646661250814496 -0.613770265454209 -0.58062593354413 -0.547192569570722 -0.513438026360231 -0.479324476598655 -0.44482483909259 -0.409960697271258 -0.374772106481666 -0.33932434511933 -0.303688997341895 -0.267935535328762 -0.232124983346362 -0.196308767305998 -0.160508367611445 -0.124739072949683 -0.089021350648062 -0.053369466996735 -0.0177677054967007 0.0178071460483308
-1.20097042128427 -1.015069918285 -0.881653802601299 -0.844697335560636 -0.860519624455687 -0.871180707148844 -0.849360497816106 -0.784378447325861 -0.701492277002421 -0.63106663725462 -0.587955624373428 -0.583135696120353 -0.615578162190816 -0.636233740015889 -0.59729861819241 -0.503971462244636 -0.382503678390718 -0.290355158696967 -0.273790708050449 -0.303086296773091 -0.329520686545536 -0.313294019043046 -0.250291955919355 -0.154386161076387 -0.0757067874303582 -0.0575568059829162 -0.0796719710631587 -0.10751987594992 -0.113062686393537 -0.0698862112622199
1.03277061547305 0.996765820385468 0.960761025284906 0.924756230110226 0.888751434710775 0.852746638952995 0.816741842861229 0.780737046501015 0.744732249944766 0.70872745325826 0.672722656473871 0.63671785961562 0.600713062715144 0.564708265834535 0.528703469028035 0.492698672288023 0.45669387560882 0.420689079054378 0.384684282690162 0.348679486518041 0.312674690523989 0.276669894701937 0.240665099077645 0.204660303674847 0.168655508477362 0.132650713461128 0.0966459186104902 0.0606411239090878 0.0246363293293376 -0.0113684651591495
-0.982722430189595 -0.949462901275504 -0.916237622391559 -0.88308502391141 -0.850025620359337 -0.817069707956124 -0.784204625557941 -0.751410782161554 -0.718663824690736 -0.685935049859818 -0.653183115618373 -0.620363520224782 -0.587435072790637 -0.554369825840372 -0.521143300308055 -0.487731647353436 -0.454114932711597 -0.420288250193263 -0.386251691600919 -0.352010312628448 -0.31757040994258 -0.282942822753865 -0.248156560448113 -0.21324063095299 -0.178205866188312 -0.143061917675615 -0.10783189135118 -0.0725415200613731 -0.0372135898781696 -0.0018701501799458
-1.02102977664874 -0.986186197937519 -0.951342619276279 -0.916499040776468 -0.881655462694165 -0.846811885292399 -0.811968308717363 -0.777124733055822 -0.742281158273651 -0.707437584306078 -0.672594011086634 -0.637750438548425 -0.602906866606221 -0.568063295101453 -0.533219723895665 -0.498376153004211 -0.463532582469736 -0.428689012290242 -0.393845442473491 -0.359001873110926 -0.324158304314908 -0.289314736165523 -0.254471168613752 -0.219627601589885 -0.184784035070549 -0.149940469024118 -0.115096903339607 -0.0802533378937091 -0.0454097725931914 -0.0105662073523393
-1.07055290829625 -1.02680350116909 -0.983114034600197 -0.939579342501678 -0.896284235966156 -0.853339792403913 -0.810972177315383 -0.769397761458657 -0.728678648532299 -0.688838771336253 -0.6499036461355 -0.611899185061279 -0.574839251025218 -0.538689510060489 -0.503388754831189 -0.468816481403565 -0.434860677731442 -0.401502595916805 -0.368757621073018 -0.336684406210806 -0.305352421315239 -0.274804398622661 -0.244976119374532 -0.215779447060207 -0.187137525155499 -0.158963006151129 -0.131115298610961 -0.103455423289046 -0.0759040936270099 -0.0483969462383782
-0.87463096106054 -0.85212985980345 -0.829448799153233 -0.806394583417821 -0.782877892634627 -0.75884397387531 -0.73427246661902 -0.709148086623666 -0.68344146235471 -0.657106919630015 -0.6300476609695 -0.602154108068604 -0.573344866466574 -0.543651277077919 -0.513126696698539 -0.481799810274661 -0.449675365666581 -0.416687034240533 -0.382778952876169 -0.348008197000849 -0.31246007667886 -0.276203279451713 -0.239240002769818 -0.201568561455879 -0.163238229912878 -0.124327080815598 -0.0849774203457572 -0.0453350468147565 -0.00549549354580341 0.0344582723849434
-0.983620094126288 -0.949346680502218 -0.915073266772201 -0.880799852842956 -0.846526438616378 -0.812253024017949 -0.777979609072331 -0.743706193834853 -0.709432778384329 -0.67515936280941 -0.6408859472146 -0.606612531708366 -0.572339116389333 -0.538065701316758 -0.503792286530991 -0.469518872036115 -0.435245457825407 -0.400972043885188 -0.3666986302049 -0.332425216793413 -0.298151803664457 -0.263878390809032 -0.229604978127221 -0.195331565500586 -0.161058152827517 -0.126784740051342 -0.0925113272783159 -0.0582379146258519 -0.0239645020930831 0.0103089103504282
-1.01337739526273 -0.977120059089726 -0.940862722944075 -0.904605386800214 -0.868348050545075 -0.832090714075186 -0.79583337741295 -0.759576040604954 -0.723318703668658 -0.687061366609868 -0.650804029416889 -0.61454669207365 -0.578289354589652 -0.542032017076674 -0.50577467965509 -0.469517342377361 -0.433260005279367 -0.397002668398549 -0.360745331781465 -0.324487995509565 -0.288230659673018 -0.251973324349427 -0.215715989566111 -0.179458655331352 -0.143201321627556 -0.106943988413743 -0.0706866555812474 -0.0344293230086312 0.00182800940896901 0.0380853417722723
-1.01064561929386 -0.974901742962406 -0.939157867184845 -0.903413992878691 -0.867670120817835 -0.831926251589056 -0.796182385174308 -0.760438521195665 -0.724694658440526 -0.688950795427899 -0.653206930437921 -0.617463061691012 -0.581719187556695 -0.545975307000905 -0.51023141888903 -0.474487521087843 -0.438743611391674 -0.402999688303679 -0.367255750833547 -0.331511799308256 -0.29576783438411 -0.260023856844442 -0.224279867980706 -0.188535869078009 -0.152791860887951 -0.117047844257434 -0.0813038209480769 -0.0455597929281295 -0.00981576207765992 0.0259282697453098
-0.956107995456744 -0.929365226334235 -0.90275433144662 -0.876223510421318 -0.84962477574553 -0.822822126858246 -0.795823698145837 -0.768654118788573 -0.741259862194924 -0.713492266789118 -0.684900286830206 -0.654957280535949 -0.62319026524516 -0.589340894780874 -0.553252801585368 -0.514962896093667 -0.474733464601256 -0.433535018852728 -0.392387363168168 -0.351799246720551 -0.312151654896072 -0.273773901013857 -0.236788610124747 -0.201199851831204 -0.166744162210451 -0.133112093258209 -0.100077794169426 -0.0674487881030402 -0.0350824968747205 -0.00284881696431804
1.04208489113362 1.00443763116447 0.966790370978273 0.929143110464131 0.891495849752927 0.853848589008518 0.816201328284864 0.778554067586553 0.740906806830597 0.703259546000696 0.665612285434873 0.627965025559737 0.590317766814655 0.552670509690046 0.515023254720854 0.477376002569095 0.439728753919766 0.402081509422729 0.364434269629678 0.326787034734771 0.289139804842784 0.251492579981642 0.213845359871861 0.176198144132824 0.138550932286798 0.10090372381568 0.0632565181370179 0.0256093146273384 -0.0120378874365831 -0.0496850888029085
-1.03427031040215 -0.992220467065247 -0.950232190675052 -0.908340989727702 -0.866609665138008 -0.825128834823365 -0.784073092292828 -0.743605046283783 -0.703755390855273 -0.664532960233407 -0.625991063990917 -0.588194130537188 -0.551187578023574 -0.514940783569298 -0.479389319997527 -0.444409583979336 -0.409888310282822 -0.375812762216279 -0.342204260637066 -0.309119828058616 -0.27662541240838 -0.2447952559111 -0.213736777980669 -0.183512141370719 -0.153969305004674 -0.124919774112044 -0.0962434429768912 -0.0678402214052348 -0.0396216922363748 -0.0115023565679313
-0.964953950753514 -0.936106088862777 -0.907285148664957 -0.878533688580961 -0.849838193617564 -0.821170992537371 -0.792503862540453 -0.763784673118957 -0.734866214495874 -0.705583596315113 -0.675796285173433 -0.645369836905804 -0.614187086875233 -0.582199988556876 -0.549374566472092 -0.515664011214901 -0.481025450630635 -0.445444595497206 -0.408946362313295 -0.371683907528068 -0.333842447578315 -0.295598996918647 -0.257097762074978 -0.218453525008019 -0.179696177346375 -0.140835677684145 -0.101887142809498 -0.0628704537851997 -0.0238193905783306 0.0152287921179501
-1.01184921660959 -0.97642916457382 -0.941009112529979 -0.905589060473455 -0.8701690083784 -0.834748956175746 -0.799328903644779 -0.763908850544592 -0.728488796705156 -0.693068742006694 -0.657648686459576 -0.622228630106702 -0.58680857297551 -0.551388515031563 -0.515968456244241 -0.48054839666005 -0.445128336372975 -0.409708275589799 -0.374288214511226 -0.338868153200853 -0.303448091688006 -0.268028029982133 -0.232607968013196 -0.197187905707121 -0.161767843053197 -0.126347780076266 -0.0909277168800357 -0.0555076535736339 -0.0200875902090058 0.0153324731761996
-0.988364257266632 -0.956023836026059 -0.923683414780459 -0.891342993519913 -0.859002572289441 -0.826662151143873 -0.794321730122336 -0.761981309227228 -0.729640888329714 -0.697300467281522 -0.664960045987869 -0.632619624367338 -0.600279202355023 -0.567938779952049 -0.535598357158949 -0.503257933907864 -0.470917510140261 -0.438577085903322 -0.406236661265309 -0.373896236273113 -0.341555810968277 -0.309215385398585 -0.276874959636774 -0.244534533753757 -0.212194107788207 -0.179853681778453 -0.147513255793691 -0.115172829893599 -0.0828324040689074 -0.0504919782931126
-0.880940729834489 -0.873889088732038 -0.86587705001194 -0.856095145243149 -0.843877269103448 -0.828689401090774 -0.810382496874842 -0.788833641864488 -0.763639464253264 -0.734544296674861 -0.702163746738803 -0.667331240798573 -0.630831832141551 -0.593257081790702 -0.555009387586934 -0.515927986907338 -0.475873477738812 -0.435355060971314 -0.39497884751206 -0.355089985434235 -0.315968382102515 -0.2778499964562 -0.240794993733064 -0.204812037775631 -0.169879580546942 -0.135993054909727 -0.103246029204946 -0.0716687897495046 -0.0409403592858786 -0.0106519446629335
-1.06106871126573 -1.02290908006652 -0.98474944886918 -0.946589817671437 -0.908430186477225 -0.870270555292829 -0.832110924127727 -0.79395129296866 -0.755791661708203 -0.71763203020614 -0.67947239828524 -0.64131276575902 -0.603153132438419 -0.564993498124072 -0.526833862651112 -0.488674226002961 -0.450514588217529 -0.412354949402391 -0.374195309689903 -0.336035669241894 -0.297876028227559 -0.259716386812273 -0.221556745146124 -0.183397103367144 -0.145237461580428 -0.107077819873058 -0.0689181782929935 -0.0307585368578455 0.00740110449704098 0.0455607458568878
-0.99060299492635 -0.956230013029818 -0.921857031393999 -0.887484050234319 -0.853111069587987 -0.818738089435788 -0.78436510971103 -0.749992130348281 -0.71561915133463 -0.681246172652796 -0.646873194215497 -0.612500215917956 -0.578127237659554 -0.543754259356315 -0.509381280943434 -0.47500830241614 -0.440635323793491 -0.406262345129827 -0.371889366474599 -0.337516387822433 -0.303143409154248 -0.268770430462849 -0.234397451788593 -0.200024473173121 -0.165651494615653 -0.13127851610268 -0.0969055376121862 -0.0625325591255066 -0.0281595806458658 0.00621339781803858
-0.988235128622423 -0.958900106941209 -0.929505199881135 -0.899830734426035 -0.869641379354966 -0.838755271681973 -0.807220079565817 -0.775058743269411 -0.741965760327575 -0.707680648241152 -0.672451447103203 -0.636653327654842 -0.600497351859537 -0.56353814657018 -0.52531117513167 -0.485931681967524 -0.445756768208563 -0.405531180736205 -0.366032076936634 -0.327778610464498 -0.291225434041558 -0.256749353472757 -0.224415786895741 -0.194189331939563 -0.165942691866167 -0.139513744820961 -0.114692962850296 -0.0912149394398939 -0.0686381599319845 -0.0464770826329281
-0.978599598095776 -0.943573122732605 -0.908546647287005 -0.873520171663059 -0.838493695745771 -0.803467219441231 -0.768440742758945 -0.733414265726113 -0.698387788337289 -0.663361310590415 -0.628334832529607 -0.593308354210529 -0.558281875692366 -0.523255397048392 -0.488228918336117 -0.453202439535896 -0.418175960600138 -0.383149481446625 -0.348123002002566 -0.31309652226752 -0.278070042259131 -0.243043562000289 -0.208017081534855 -0.172990600916285 -0.137964120215423 -0.10293763950728 -0.0679111588661337 -0.0328846783489035 0.00214180205618809 0.0371682823780935
-1.01090536428439 -0.975678596704955 -0.94045182914727 -0.905225061660291 -0.869998294353626 -0.834771527335538 -0.799544760648265 -0.76431799431634 -0.729091228359521 -0.693864462788237 -0.658637697580361 -0.623410932705626 -0.588184168087905 -0.552957403467627 -0.51773063854055 -0.48250387300721 -0.447277106612349 -0.412050339272786 -0.376823570963106 -0.34159680171691 -0.306370031582552 -0.271143260618492 -0.235916488923621 -0.200689716617653 -0.165462943863166 -0.130236170810889 -0.0950093975213177 -0.0597826240362722 -0.0245558504131285 0.0106709232868492
-0.945454912545627 -0.920570531988919 -0.895479684049183 -0.869974953748638 -0.843896059780795 -0.817112184508856 -0.789563231303503 -0.761220408043807 -0.732109419634914 -0.702250673290599 -0.671588888433083 -0.640049862536693 -0.607568431288391 -0.574115583225658 -0.539693544802094 -0.504393341285262 -0.468347801953642 -0.431768173315422 -0.394889420168908 -0.357962963243177 -0.321244337249995 -0.284955016280165 -0.249180231940635 -0.213931836192671 -0.179064404898666 -0.144411536227825 -0.109880193675461 -0.0754070442937832 -0.0409742040364544 -0.00657515108250252
0.966956703864964 0.934616235925777 0.902275767956651 0.86993529993307 0.837594831816072 0.805254363542558 0.772913894967325 0.740573425935471 0.708232956335402 0.67589248606703 0.643552015032983 0.611211543136568 0.57887107027879 0.546530596351455 0.514190121253165 0.481849644918908 0.449509167327676 0.417168688598076 0.384828208892319 0.352487728407428 0.320147247349125 0.287806765899304 0.255466284144533 0.223125802165359 0.190785320113571 0.158444838126847 0.126104356215167 0.0937638743562515 0.0614233925264713 0.0290829107018585
-0.996864357806281 -0.953355410462412 -0.910039938675428 -0.86723630502228 -0.825072196959145 -0.783717364475566 -0.743700482815334 -0.705500280765722 -0.669036776033687 -0.634114914366352 -0.600638064751791 -0.568534201988322 -0.537800250728925 -0.508708935045237 -0.481427596476952 -0.455426247017325 -0.430000921507229 -0.404449075724431 -0.378174488837536 -0.351004812641621 -0.322873667088377 -0.293715921582596 -0.263471443341462 -0.231973644456696 -0.198625118705763 -0.162834174905412 -0.124462800343788 -0.0836560074411297 -0.0412372306746618 0.00180048996414581
-0.995755642839574 -0.961354492843492 -0.926953342730634 -0.892552192442803 -0.858151041908642 -0.823749891046916 -0.789348739750054 -0.754947587888171 -0.720546435268467 -0.686145281720637 -0.651744127227284 -0.617342971809237 -0.582941815487625 -0.54854065828477 -0.51413950021381 -0.479738341249955 -0.445337181336854 -0.410936020329828 -0.376534858087915 -0.342133694573332 -0.307732529774093 -0.27333136370877 -0.238930196518164 -0.204529028368631 -0.170127859406509 -0.135726689785851 -0.101325519711589 -0.0669243493824843 -0.0325231789217502 0.00187799156628688
-1.022944131463 -0.986894943055006 -0.950845966890495 -0.914797481723779 -0.878749840307209 -0.842703459636733 -0.80665893968464 -0.770616910937987 -0.734577942966556 -0.698542554433583 -0.662511121293409 -0.626483983823148 -0.590461349540776 -0.55444289492772 -0.518428127156194 -0.482416407198116 -0.446407194693005 -0.410400490151085 -0.374396396471826 -0.338394885240983 -0.302395895215881 -0.266399345310592 -0.230405075066167 -0.194412866329767 -0.158422349546016 -0.122433192192216 -0.086445361278921 -0.0504588038623764 -0.0144730876483558 0.0215123144949856
-0.981232444246321 -0.948381195990482 -0.915529947664554 -0.882678699181759 -0.849827450491196 -0.816976201538796 -0.784124952221958 -0.75127370240846 -0.718422451896152 -0.685571200506311 -0.652719948223879 -0.619868695074709 -0.587017441081583 -0.554166186254989 -0.521314930617238 -0.488463674250208 -0.45561241723379 -0.422761159580334 -0.389909901300342 -0.357058642464456 -0.324207383158355 -0.291356123481701 -0.258504863590086 -0.225653603628061 -0.192802343640091 -0.159951083656664 -0.127099823752446 -0.0942485639917397 -0.0613973043532065 -0.0285460447940969
-0.963764261352314 -0.930665880924452 -0.897567500739528 -0.864469121065593 -0.831370742157663 -0.798272364294397 -0.765173987862057 -0.732075613233922 -0.698977240623727 -0.665878870181143 -0.632780501959128 -0.599682135986466 -0.566583772248044 -0.533485410553187 -0.500387050653441 -0.467288692244806 -0.434190335034493 -0.401091978830084 -0.367993623478658 -0.334895268884893 -0.301796914967867 -0.268698561652375 -0.235600208886084 -0.202501856601623 -0.169403504648606 -0.136305152839096 -0.103206800917978 -0.0701084486700249 -0.0370100961067437 -0.0039117432963255
-1.01142764030242 -0.975569359232404 -0.939711078097038 -0.903852796810405 -0.867994515266663 -0.832136233361508 -0.796277951016714 -0.760419668172563 -0.724561384817305 -0.688703100959629 -0.652844816642032 -0.616986531915463 -0.581128246823564 -0.545269961380747 -0.509411675585914 -0.473553389405154 -0.437695102799908 -0.401836815745836 -0.3659785282481 -0.330120240415658 -0.294261952383416 -0.258403664273257 -0.222545376154963 -0.186687088071387 -0.150828800009764 -0.114970511946398 -0.079112223869503 -0.0432539357705884 -0.00739564764242887 0.0284626405218846
-1.04402985519456 -1.00397634802556 -0.963883985785497 -0.923742166110267 -0.883625564472213 -0.843627463142574 -0.803830293751726 -0.764310681783236 -0.725132878774318 -0.686362432903666 -0.648082452862244 -0.610380437469084 -0.573325765339045 -0.536915334270291 -0.50112771740634 -0.465940670088807 -0.431331845122401 -0.397279302966094 -0.363753675499751 -0.330695472632522 -0.298037673780879 -0.265713804721114 -0.233659576668797 -0.201824701681192 -0.17021270974308 -0.138825251706662 -0.107602643966325 -0.0764773001560423 -0.0454113573259581 -0.0143743833802579
-1.11092034889181 -1.04937858546403 -0.989101400371337 -0.931207849240931 -0.876037135958485 -0.823926370561063 -0.775984139432853 -0.733240153609145 -0.695637146382516 -0.662702787796158 -0.633391472638452 -0.606514276884073 -0.580882198558555 -0.555305923890873 -0.528672502876498 -0.500174752373459 -0.469312674131219 -0.436509242602419 -0.402213589339009 -0.366056501587011 -0.327464180515962 -0.285944739089462 -0.241333937447345 -0.193591909098023 -0.142848633847975 -0.0894255981148645 -0.0342404684630273 0.0217252570500826 0.0778309345412098 0.133521133670649
-1.06653728817658 -1.02585028868596 -0.985232828553574 -0.944766885700596 -0.904512863626607 -0.864524775196403 -0.824852645157194 -0.785544926317922 -0.746647771852032 -0.708203884095019 -0.670244461666088 -0.632797827255375 -0.595893494322838 -0.559565739407749 -0.52383100155602 -0.488629606760832 -0.453884543555959 -0.419525563690284 -0.385492670837654 -0.351760113156676 -0.318310699927147 -0.285134923685701 -0.25225400999632 -0.219692811050487 -0.187459952522337 -0.155553633564315 -0.123946573759461 -0.0925929316098201 -0.0613981008628648 -0.0302552840774233
-1.0224613174329 -1.03257755379385 -1.02945662299665 -1.00591503838489 -0.960977427860279 -0.896819807023338 -0.82201562771168 -0.746895311698441 -0.682419724261741 -0.637380931891987 -0.611265362423747 -0.601233034027631 -0.603002420000151 -0.606525814141444 -0.601418037042167 -0.58171019595144 -0.544568820482743 -0.495285843048525 -0.440527427501261 -0.38433126065454 -0.330077910062237 -0.280998702940557 -0.239728005155041 -0.207102935130141 -0.177368582876627 -0.144910725694577 -0.111269918454978 -0.0790837703124415 -0.0482233299851761 -0.017868006082287
-1.02606977635522 -0.989120055980895 -0.952170335713251 -0.915220615694605 -0.878270896105287 -0.841321177099671 -0.80437145869029 -0.767421740830379 -0.730472023377819 -0.693522306185922 -0.656572589185077 -0.619622872324941 -0.582673155560608 -0.54572343886891 -0.508773722235348 -0.471824005658354 -0.434874289124304 -0.397924572558412 -0.360974855874367 -0.324025139000924 -0.287075421870599 -0.250125704425391 -0.21317598664521 -0.176226268518446 -0.13927655002948 -0.102326831166177 -0.0653771119343267 -0.0284273923654951 0.00852232742358468 0.0454720472948874
-1.01470821548477 -0.979601683487595 -0.944495151574802 -0.909388619825583 -0.874282088263678 -0.839175556872873 -0.804069025532581 -0.768962494101788 -0.733855962462151 -0.698749430502464 -0.66364289811742 -0.628536365203183 -0.593429831668135 -0.558323297469511 -0.523216762573204 -0.488110226930873 -0.453003690504577 -0.417897153312211 -0.382790615399446 -0.347684076867216 -0.312577537830272 -0.277470998402636 -0.242364458695415 -0.207257918820178 -0.172151378893256 -0.137044839020328 -0.101938299259716 -0.0668317596385129 -0.031725220106269 0.00338131940685144
-0.987306354088975 -0.953102528380668 -0.918898702651862 -0.884694876866012 -0.85049105093704 -0.816287224758186 -0.782083398189472 -0.747879571087493 -0.713675743328359 -0.679471914824493 -0.645268085614055 -0.61106425576664 -0.576860425392965 -0.542656594768224 -0.508452764176217 -0.474248933770672 -0.440045103672271 -0.405841273999582 -0.371637444845933 -0.337433616205818 -0.303229788049019 -0.269025960346705 -0.234822133075595 -0.200618306210879 -0.166414479716113 -0.132210653540032 -0.0980068275837554 -0.0638030017440614 -0.0295991759479801 0.00460464986989485
-1.0525403255596 -1.01384660085015 -0.975139749377046 -0.936395187658009 -0.897587286666414 -0.858702215639717 -0.819774382416022 -0.780850434983826 -0.741977743332537 -0.703201449447764 -0.664557061299011 -0.626077678351759 -0.587801195936685 -0.549784692845266 -0.512082104229141 -0.474715607219799 -0.437693178327431 -0.400997749597169 -0.364608920778211 -0.328518006901063 -0.292719251816553 -0.257203075451795 -0.221944602039019 -0.186911571581781 -0.152057482863792 -0.1173354332492 -0.0827111556437415 -0.0481546118366785 -0.0136400436097952 0.0208572372569937
-1.02342255098876 -0.985613773888338 -0.947849588714228 -0.910172531966957 -0.872631753434752 -0.835274489818612 -0.798133712182899 -0.761237148409363 -0.724605819285946 -0.688257309272692 -0.652202164611879 -0.616449171991342 -0.581005717595213 -0.54587358559281 -0.511048235841084 -0.476505432962317 -0.442226700038844 -0.408236289227863 -0.374553656376127 -0.341136343013741 -0.307926412091648 -0.274867015558468 -0.24190566135353 -0.208993862165133 -0.176094793686751 -0.143173791628352 -0.110193168760711 -0.0771269584104347 -0.0439990990666728 -0.0108460055092092
-1.02648872144481 -0.990185507135242 -0.953882292768635 -0.917579078304086 -0.881275863817702 -0.844972649435824 -0.808669435368726 -0.772366221819066 -0.736063008875089 -0.69975979658429 -0.663456584945549 -0.627153373945593 -0.590850163540084 -0.554546953560416 -0.518243743800386 -0.481940534027672 -0.445637324020009 -0.409334113621474 -0.37303090271203 -0.336727691248829 -0.300424479208322 -0.264121266554578 -0.227818053202145 -0.191514839083756 -0.155211624254417 -0.11890840880379 -0.0826051928378803 -0.0463019764728878 -0.00999875984942702 0.0263044568857831
-1.00954333094492 -0.965851818444809 -0.923615000161921 -0.883328065096269 -0.844287137539338 -0.805572065478545 -0.766596656393557 -0.727602650099983 -0.691809556264953 -0.662170047024974 -0.637591674542545 -0.615970710986662 -0.595378383903142 -0.574585742345073 -0.552366042703225 -0.526801549211816 -0.495926598905844 -0.45827481217996 -0.413049555993903 -0.361633900208091 -0.305955840408114 -0.248037755295556 -0.190279556035968 -0.135186335727035 -0.0853063827310062 -0.0428336456733259 -0.00850151896767486 0.0178039833115771 0.0381258142355376 0.0549891686616835
-0.966336618754612 -0.934042182517351 -0.901747746130489 -0.869453309422699 -0.837158872236313 -0.804864434429565 -0.772569995910664 -0.740275556594064 -0.707981116369231 -0.675686675145455 -0.643392232936302 -0.611097789781409 -0.578803345689693 -0.546508900547198 -0.514214454228235 -0.481920006683076 -0.449625557872032 -0.417331107719615 -0.38503665615134 -0.352742203132527 -0.320447748638453 -0.288153292673297 -0.255858835356869 -0.223564376871247 -0.191269917531976 -0.158975457663894 -0.126680997495573 -0.0943865372005816 -0.062092076828769 -0.0297976163990513
-0.924569970118102 -0.90540489227548 -0.8830993342552 -0.857157149172362 -0.828620170786509 -0.798448810123182 -0.765739806627462 -0.730377493981173 -0.697260254393576 -0.671256530208721 -0.652100955782376 -0.638244713473244 -0.627115040484258 -0.612043393395283 -0.586689166471917 -0.550119285345764 -0.503241371850309 -0.448918301260581 -0.390347772091518 -0.330111522376171 -0.270637300027118 -0.214747127338165 -0.166840124128029 -0.130271460354278 -0.102643409004982 -0.0805350716063753 -0.0621857608068545 -0.0462351747883233 -0.0312643427445444 -0.015839626622245
-0.9969103980735 -0.963049904659838 -0.929189411352929 -0.895328918250959 -0.861468425433591 -0.827607932957468 -0.793747440805677 -0.759886948928076 -0.726026457215158 -0.692165965566459 -0.658305473977044 -0.624444982465863 -0.590584491064593 -0.556723999855827 -0.522863508930904 -0.489003018365234 -0.455142528213413 -0.421282038462717 -0.387421549108741 -0.353561060247696 -0.319700572000942 -0.285840084487456 -0.251979597816665 -0.218119112068744 -0.184258627216403 -0.150398143187247 -0.116537659835917 -0.0826771769951904 -0.048816694483354 -0.0149562121150708
-0.983401424183229 -0.950568816330009 -0.917736208310311 -0.884903599969126 -0.852070991146966 -0.819238381686084 -0.786405771440178 -0.75357316029041 -0.720740548216352 -0.687907935207511 -0.655075321194704 -0.622242706094078 -0.589410089839433 -0.556577472435183 -0.523744853894801 -0.490912234197381 -0.458079613337871 -0.425246991409013 -0.392414368508424 -0.359581744655411 -0.326749119849708 -0.293916494086933 -0.261083867346261 -0.228251239630219 -0.195418611051202 -0.162585981752186 -0.129753351888597 -0.0969207216180187 -0.0640880910942033 -0.0312554604699467
-0.953774759545327 -0.923066796629948 -0.892358833687194 -0.861650870703292 -0.830942907608181 -0.800234944326133 -0.769526980815058 -0.738819017055942 -0.708111053088427 -0.677403088950859 -0.64669512461774 -0.615987160047609 -0.585279195201996 -0.554571230054393 -0.52386326460208 -0.493155298925531 -0.462447333137846 -0.431739367399448 -0.401031401867637 -0.370323436639884 -0.339615471798708 -0.308907507426627 -0.278199543606173 -0.247491580401276 -0.21678361780143 -0.186075655767073 -0.155367694216822 -0.124659733052429 -0.093951772149974 -0.063243811379121
-0.965539221604277 -0.932579441237173 -0.899619660849563 -0.866659880406154 -0.833700099857866 -0.800740319175115 -0.767780538420093 -0.734820757679263 -0.701860977044393 -0.66890119659658 -0.635941416368931 -0.602981636382559 -0.570021856640061 -0.53706207706998 -0.504102297598012 -0.47114251821252 -0.438182738935212 -0.405222959858517 -0.372263181079098 -0.339303402639834 -0.306343624570158 -0.273383846888761 -0.240424069571364 -0.207464292575206 -0.174504515826567 -0.141544739249878 -0.108584962793119 -0.075625186413468 -0.0426654100813309 -0.00970563377042087
-0.989219127190461 -0.955778904649508 -0.922338681985323 -0.888898459066866 -0.85545823579727 -0.82201801209289 -0.788577787888811 -0.755137563126071 -0.721697337750795 -0.688257111717603 -0.65481688501002 -0.621376657618797 -0.587936429527557 -0.554496200691412 -0.521055971085249 -0.487615740791572 -0.454175509922637 -0.420735278602092 -0.387295046936398 -0.35385481495186 -0.320414582654747 -0.286974350050778 -0.253534117143479 -0.22009388396137 -0.186653650635152 -0.153213417294117 -0.119773183959759 -0.0863329506249837 -0.0528927172761715 -0.0194524838980681
-0.94245336986964 -0.920707393547748 -0.898509474390992 -0.875534005247878 -0.851661338188125 -0.826807585765646 -0.800825943249917 -0.773571866598997 -0.744972771809733 -0.714977432711207 -0.683548094422678 -0.650650369885945 -0.616198301349517 -0.579899648288733 -0.541605653431239 -0.50194777528707 -0.461699808619954 -0.421424677426014 -0.38158472319505 -0.342450828159191 -0.304246009736149 -0.267151375751353 -0.23118039566111 -0.196303829759773 -0.162489240063011 -0.129678791454908 -0.0977162585719126 -0.0663951657751671 -0.035406426572236 -0.00441530175728922
-0.971174930367616 -0.938612657062049 -0.906050372462448 -0.873488013764435 -0.840925502681053 -0.808362769072347 -0.77579979086896 -0.743236521151465 -0.710672765529584 -0.678108308029591 -0.645542993814855 -0.612976683333012 -0.58040928042963 -0.547840862541979 -0.515271523386724 -0.482701248206388 -0.450129949864593 -0.4175573601835 -0.384983180644953 -0.352407172410986 -0.319829111563683 -0.287248827907177 -0.254666366133796 -0.222081868842459 -0.189495655370257 -0.156908060192393 -0.124319301598346 -0.0917295932119877 -0.0591392461804756 -0.0265485960317888
-1.01062220830308 -0.977015167786901 -0.943408127266185 -0.909801086748244 -0.876194046198057 -0.842587005561456 -0.808979964750044 -0.775372923669605 -0.741765882236876 -0.708158840393937 -0.674551798173292 -0.640944755630049 -0.60733771283124 -0.573730669891579 -0.540123626934214 -0.506516584068343 -0.47290954137871 -0.439302498866213 -0.405695456521993 -0.37208841438201 -0.338481372493428 -0.304874330876222 -0.271267289441606 -0.237660248100069 -0.204053206867962 -0.170446165767584 -0.136839124739155 -0.103232083715926 -0.0696250426853253 -0.0360180016483302
0.966318638943721 0.933472925219059 0.90062721149187 0.867781497730873 0.834935783932981 0.802090070112508 0.769244356325185 0.736398642616778 0.703552928951776 0.670707215319292 0.63786150188821 0.605015788872356 0.572170076480823 0.539324364903774 0.506478654298714 0.473632944711442 0.440787236146403 0.407941528554312 0.375095821850473 0.342250115862267 0.309404410395096 0.276558705264655 0.243713000327812 0.210867295468971 0.178021590641507 0.145175885825275 0.112330181037085 0.079484476293631 0.0466387715741902 0.0137930668486861
-0.971200448375535 -0.938756525236559 -0.906312602191377 -0.873868679298146 -0.841424756639169 -0.808980834306171 -0.776536912404415 -0.744092991018971 -0.711649070140578 -0.679205149729111 -0.646761229715309 -0.614317310022625 -0.58187339055237 -0.549429471117289 -0.516985551518686 -0.484541631600662 -0.452097711238682 -0.419653790390865 -0.387209869051984 -0.354765947280796 -0.322322025152049 -0.289878102753445 -0.257434180224488 -0.224990257702056 -0.192546335260723 -0.160102412952986 -0.127658490805351 -0.0952145688265705 -0.062770646980385 -0.0303267252192812
-0.983789135795429 -0.949591569238521 -0.915394002600121 -0.881196435767149 -0.846998868640339 -0.812801301134846 -0.778603733209699 -0.744406164852489 -0.710208596121206 -0.676011027081522 -0.641813457759457 -0.607615888171114 -0.573418318339827 -0.539220748317845 -0.505023178166017 -0.470825607950666 -0.436628037728295 -0.402430467510623 -0.368232897285668 -0.334035326991407 -0.299837756553308 -0.265640185903318 -0.231442614999297 -0.197245043820818 -0.163047472408402 -0.128849900822712 -0.0946523291440207 -0.060454757445624 -0.0262571857532868 0.00794038591910848
-0.955819965940131 -0.923765694591435 -0.891711423307801 -0.859657152124071 -0.827602880962829 -0.795548609734176 -0.763494338410521 -0.731440066969348 -0.699385795346117 -0.667331523485306 -0.635277251409517 -0.60322297916088 -0.571168706802245 -0.539114434479345 -0.507060162326746 -0.475005890351458 -0.442951618524978 -0.410897346804285 -0.378843075121368 -0.346788803322763 -0.314734531233648 -0.28268025870405 -0.25062598568341 -0.218571712163687 -0.186517438207495 -0.154463163895768 -0.122408889312066 -0.0903546145419021 -0.0583003396759647 -0.0262460648062377
-0.972444400654409 -0.939574450995549 -0.906704501325631 -0.873834551628339 -0.840964601900967 -0.808094652147985 -0.775224702388946 -0.74235475263106 -0.709484802817048 -0.676614852899219 -0.643744902932702 -0.61087495299833 -0.578005003184618 -0.545135053610805 -0.512265104392388 -0.479395155599172 -0.446525207289037 -0.413655259517864 -0.380785312332324 -0.347915365744249 -0.315045419756762 -0.28217547435872 -0.249305529481929 -0.216435585048053 -0.183565640995256 -0.150695697263448 -0.117825753783036 -0.0849558104829956 -0.0520858672960745 -0.0192159241559661
-1.02177448700601 -0.98629020611782 -0.950805925192025 -0.91532164422195 -0.87983736323517 -0.844353082280714 -0.808868801459161 -0.773384520870719 -0.737900240562548 -0.702415960524718 -0.666931680572002 -0.631447400475348 -0.595963120006657 -0.560478838941637 -0.524994557077221 -0.489510274291416 -0.454025990456547 -0.418541705341121 -0.383057418721462 -0.347573130508985 -0.312088840648873 -0.276604549095236 -0.241120255837872 -0.205635960923803 -0.170151664593256 -0.134667367153508 -0.0991830689868288 -0.0636987704537221 -0.0282144717526168 0.00726982695857612
-0.993818723162942 -0.960552491867204 -0.927286260549905 -0.894020029137329 -0.860753797436329 -0.827487565223595 -0.794221332274594 -0.760955098396197 -0.727688863522129 -0.694422627635016 -0.661156390786252 -0.627890153044421 -0.594623914488022 -0.561357675235206 -0.528091435417855 -0.49482519518311 -0.461558954653703 -0.428292713839458 -0.395026472708432 -0.361760231174528 -0.32849398913811 -0.295227746529277 -0.261961503397066 -0.228695259824607 -0.195429015912474 -0.162162771773465 -0.128896527551838 -0.0956302833709982 -0.0623640392394544 -0.0290977951369954
-1.03735901457606 -0.999574603918357 -0.96179019329266 -0.924005782708214 -0.886221372182649 -0.848436961734561 -0.81065255137802 -0.77286814111329 -0.735083730889946 -0.697299320647345 -0.65951491033465 -0.621730499903476 -0.583946089305219 -0.546161678490389 -0.50837726741126 -0.470592856028033 -0.432808444322758 -0.395024032356953 -0.357239620196187 -0.319455207842758 -0.281670795283147 -0.243886382489617 -0.206101969377554 -0.168317555871413 -0.130533141988795 -0.0927487277842839 -0.0549643133672559 -0.017179898849075 0.0206045157057418 0.0583889302443892
-0.941507338185919 -0.912124109906182 -0.882723941456078 -0.853296486654553 -0.823784278961465 -0.794113084895617 -0.764188723570685 -0.73392735154097 -0.703306422528374 -0.672304935551071 -0.640846773644721 -0.608842040849353 -0.576216944107224 -0.542962101969491 -0.509097996125164 -0.474700149205763 -0.439847621820549 -0.404578585547232 -0.368927928671302 -0.332958295340896 -0.296739268669817 -0.260327966095717 -0.223731642351654 -0.186952038937125 -0.150018707121974 -0.11296574121854 -0.0758175979388021 -0.0385961016165461 -0.00132218467313351 0.0359834434481794
0.997113592344981 0.96318890963652 0.929264226971135 0.895339544379783 0.86141486187707 0.827490179455934 0.79356549703899 0.759640814539924 0.725716131907014 0.691791449100436 0.657866766093355 0.623942082862183 0.59001739937551 0.556092715570629 0.522168031383753 0.488243346778058 0.454318661713811 0.420393976112645 0.386469289910021 0.352544603135311 0.318619915841368 0.284695228088865 0.250770539969767 0.216845851591424 0.182921163091443 0.148996474592837 0.115071786130007 0.0811470977098334 0.0472224093177253 0.0132977209337245
1.02535647938392 0.989899985476943 0.954443491546786 0.918986997553357 0.883530503508638 0.848074009438141 0.812617515369455 0.777161021330466 0.741704527348192 0.706248033436124 0.670791539554518 0.635335045650323 0.599878551677557 0.564422057618514 0.52896556347136 0.493509069269487 0.458052575037858 0.422596080732501 0.387139586319022 0.351683091870271 0.316226597485912 0.28077010326947 0.245313609339932 0.209857115796321 0.174400622642372 0.138944129867061 0.103487637495615 0.068031145527482 0.0325746538227288 -0.00288183779342364
0.927385857550255 0.896380048640866 0.865374239756063 0.834368430900405 0.803362622011332 0.772356813010711 0.741351003825216 0.710345194412345 0.679339384848074 0.648333575230133 0.617327765624787 0.586321956090437 0.555316146677842 0.524310337407206 0.493304528308761 0.462298719483436 0.431292911041683 0.400287103061374 0.369281295619451 0.338275488821715 0.307269682781178 0.276263877598428 0.24525807332435 0.214252269976865 0.183246467491751 0.152240665769249 0.12123486464959 0.0902290639627601 0.0592232635577674 0.0282174632883782
0.987918370003125 0.953190807148305 0.918463244170764 0.883735680929279 0.849008117315422 0.81428055323905 0.779552988650365 0.744825423532457 0.710097857959626 0.675370292013378 0.640642725712824 0.605915159061477 0.571187592061895 0.536460024712814 0.501732457007487 0.467004888921061 0.432277320422535 0.397549751474421 0.362822182052329 0.328094612190749 0.293367041938894 0.258639471369998 0.223911900653392 0.189184329963176 0.154456759396437 0.11972918903649 0.0850016189886069 0.0502740493195838 0.0155464799203797 -0.0191810893620065
-0.969013927384572 -0.936621620244024 -0.904229313151808 -0.871837006163872 -0.839444699266766 -0.807052392423847 -0.774660085575117 -0.742267778661474 -0.709875471650777 -0.67748316453117 -0.645090857344995 -0.612698550148146 -0.580306243006066 -0.547913936022395 -0.515521629287207 -0.483129322798094 -0.450737016539177 -0.418344710533154 -0.385952404806155 -0.353560099359468 -0.321167794188173 -0.2887754892737 -0.256383184542896 -0.223990879916254 -0.191598575343423 -0.159206270781503 -0.126813966188238 -0.0944216615324704 -0.0620293568267931 -0.0296370520947386
-1.01501586870784 -0.980263271329417 -0.945510673984308 -0.910758076654997 -0.876005479244603 -0.841252881662717 -0.806500283924205 -0.771747686078173 -0.736995088205412 -0.702242490366323 -0.667489892508052 -0.632737294549435 -0.597984696393812 -0.563232097882539 -0.528479498853242 -0.493726899190597 -0.458974298809111 -0.424221697695559 -0.389469095873695 -0.354716493442939 -0.319963890521623 -0.285211287221241 -0.250458683625932 -0.215706079812468 -0.180953475855527 -0.146200871817703 -0.111448267715358 -0.0766956635572942 -0.0419430593682997 -0.00719045517715848
-0.929659301787741 -0.897882955106351 -0.866106608516641 -0.834330262194722 -0.80255391644297 -0.770777571590975 -0.739001227950896 -0.707224885810536 -0.675448545377713 -0.643672206780523 -0.611895869908169 -0.580119534590132 -0.548343200648372 -0.516566867874773 -0.484790536076706 -0.453014205153564 -0.42123787504257 -0.389461545740227 -0.357685217261297 -0.325908889634298 -0.294132562891185 -0.262356237050423 -0.23057991207652 -0.198803587908023 -0.167027264433597 -0.135250941508764 -0.103474618906361 -0.0716982964134158 -0.0399219739564108 -0.00814565149669414
0.99098925356629 0.9548351640425 0.918601933051348 0.882287333376092 0.845911973531638 0.80950854025376 0.773135197430051 0.736857822994744 0.700747673916824 0.664880726463386 0.629346455059226 0.59423770866857 0.559666309237344 0.525819970638301 0.492891746846672 0.461020160320801 0.430325889706406 0.400912769915585 0.37283462767356 0.345962100691668 0.320120029427773 0.295134436324143 0.270836071760666 0.247064117211531 0.22368675059052 0.200580812024052 0.177628794049523 0.154730205683952 0.131846969451886 0.108956611254755
