-0.971050541487309 -0.938483247198027 -0.905915952894263 -0.873348658497236 -0.840781363857438 -0.808214068812917 -0.77564677322268 -0.743079476968233 -0.710512180000121 -0.677944882266295 -0.645377583635311 -0.61281028395587 -0.580242983104556 -0.547675681069461 -0.515108377887677 -0.482541073680763 -0.449973768621411 -0.417406463002365 -0.384839157118437 -0.35227185115265 -0.31970454526008 -0.287137239576836 -0.254569934163162 -0.222002629030108 -0.189435324067794 -0.156868019147463 -0.124300714185749 -0.0917334091308246 -0.0591661040116175 -0.0265987988772448
-1.00862178267852 -0.974268590532408 -0.939915398343784 -0.905562206018195 -0.871209013418713 -0.836855820416417 -0.802502626956879 -0.768149433025133 -0.733796238689552 -0.699443044032473 -0.66508984910876 -0.630736653966405 -0.596383458626021 -0.5620302629987 -0.527677066948071 -0.493323870257433 -0.458970672723681 -0.424617474278422 -0.390264274907033 -0.355911074675245 -0.32155787366888 -0.287204671966 -0.252851469613637 -0.21849826663763 -0.184145063010088 -0.149791858728046 -0.115438653941967 -0.0810854488273978 -0.0467322435067806 -0.0123790380892825
-0.960992273480883 -0.92777531922303 -0.894558364864292 -0.861341410308875 -0.828124455419586 -0.794907500066721 -0.761690544191935 -0.728473587742565 -0.695256630617303 -0.662039672715839 -0.628822713990473 -0.59560575440666 -0.562388793929483 -0.529171832522545 -0.495954870178982 -0.46273790701154 -0.429520943178315 -0.396303978899173 -0.363087014373382 -0.329870049656018 -0.296653084766111 -0.26343611973303 -0.230219154627498 -0.197002189525253 -0.163785224480728 -0.130568259530756 -0.0973512946630597 -0.0641343298514936 -0.0309173650635491 0.0022995997348742
-1.01653763960363 -0.980111740440255 -0.94368584132762 -0.907259942302173 -0.870834043435465 -0.834408144790758 -0.797982246363031 -0.761556348124749 -0.725130450026587 -0.688704552015935 -0.652278654048809 -0.615852756083383 -0.57942685808189 -0.543000960022789 -0.506575061887784 -0.470149163655328 -0.433723265296423 -0.397297366755526 -0.360871467977084 -0.32444556893206 -0.288019669598046 -0.251593769951711 -0.215167869966037 -0.178741969637401 -0.142316069059451 -0.105890168348633 -0.0694642676153063 -0.0330383669473069 0.0033875336515306 0.0398134341983725
-1.02404259311145 -0.987143275047109 -0.950312074714375 -0.913576147022015 -0.876885099541343 -0.840169658864913 -0.803362575007699 -0.766412681142404 -0.729331119650245 -0.692157665578038 -0.654984315426473 -0.617916121059707 -0.581057068103258 -0.544506877228082 -0.508364957996613 -0.472733740491751 -0.437701615572159 -0.403297796679068 -0.369535372931208 -0.336422113574719 -0.303964457887594 -0.272141324544808 -0.240821549809264 -0.209848341921347 -0.179072479443438 -0.148366014830058 -0.117678525782285 -0.0869859287240497 -0.0562919697241201 -0.0256073522624746
-0.997245614902026 -0.963004251643352 -0.928762888530365 -0.894521525695305 -0.860280163166089 -0.826038800937393 -0.791797438975249 -0.757556077230396 -0.72331471562104 -0.689073354054328 -0.654831992425711 -0.620590630627713 -0.586349268575203 -0.55210790627243 -0.517866543755031 -0.483625181094802 -0.449383818347132 -0.415142455465607 -0.380901092379662 -0.346659729023929 -0.312418365334339 -0.278177001270138 -0.243935636883832 -0.209694272239595 -0.175452907355014 -0.141211542249349 -0.106970176995159 -0.072728811667908 -0.0384874463013954 -0.00424608091900371
-0.965947830961693 -0.952252908691509 -0.935955926366035 -0.913742333612114 -0.882012027929713 -0.839174248720475 -0.791961155119642 -0.748272855983793 -0.712358339321267 -0.686153871435891 -0.66599595266169 -0.646821141840237 -0.624535526201309 -0.59892330652749 -0.570433592621024 -0.538297016809962 -0.501561012711805 -0.459758696576009 -0.413120562982078 -0.364180937197744 -0.316050102162795 -0.271139752692116 -0.229067231100972 -0.189254866922309 -0.153139291059405 -0.122546329621299 -0.0988442881697508 -0.0826941170154165 -0.0723848660118133 -0.0656126098981747
-1.00507991065309 -0.962283980592296 -0.919455176572798 -0.879653559182821 -0.844305820763536 -0.813401132931072 -0.782811952648453 -0.748177592841886 -0.708321504943395 -0.663699332898285 -0.618111352199163 -0.576193996225461 -0.541955340222809 -0.516890026901628 -0.50063924976901 -0.48794383805391 -0.473042423571551 -0.453065212760333 -0.426120245113327 -0.391335317719106 -0.348093167065115 -0.297042939044976 -0.243899417177011 -0.195447174258268 -0.157684302576012 -0.134816454966844 -0.124666006974494 -0.1234595094755 -0.127423491970489 -0.132784478616112
-0.986959479614317 -0.952371978023955 -0.917784476462873 -0.883196974962823 -0.848609473563242 -0.814021972274648 -0.779434470984201 -0.744846969569574 -0.710259467993853 -0.675671966255415 -0.6410844644084 -0.60649696252089 -0.571909460613366 -0.537321958515921 -0.502734456026444 -0.468146953004415 -0.433559449373497 -0.398971945252507 -0.364384440831462 -0.329796936390044 -0.29520943223035 -0.260621928598015 -0.22603442551282 -0.191446922942761 -0.156859420874546 -0.122271919278245 -0.0876844180386862 -0.0530969170277978 -0.0185094161511584 0.0160780846772412
1.03635826202778 1.00032409491889 0.964289927852957 0.928255760912686 0.892221594172259 0.856187427705149 0.820153261590505 0.78411909590045 0.748084930673315 0.712050765983678 0.676016602084911 0.639982439275079 0.603948277832075 0.567914117953096 0.531879959786194 0.495845803363543 0.459811648674744 0.423777495654982 0.387743344252599 0.35170919452298 0.315675046548269 0.279640900340691 0.243606755632783 0.207572612080298 0.171538469311548 0.135504326985379 0.0994701849102343 0.0634360429491117 0.0274019010336395 -0.00863224088739693
-0.987690440443169 -0.950981068982676 -0.914271697507852 -0.877562325970907 -0.840852954312924 -0.804143582473821 -0.767434210399987 -0.730724838058465 -0.694015465492458 -0.657306092745556 -0.620596719786747 -0.583887346566369 -0.547177973043627 -0.510468599213204 -0.473759225067816 -0.437049850556836 -0.400340475606013 -0.363631100089939 -0.326921723901754 -0.29021234705994 -0.253502969614316 -0.216793591634176 -0.180084213266719 -0.143374834647807 -0.106665455790052 -0.0699560766941335 -0.0332466974362564 0.00346268190173766 0.0401720612909901 0.076881440715888
-0.967277044421225 -1.01995521493749 -0.895479205015167 -0.845405860414803 -0.849036679670936 -0.832468179448138 -0.781232296157139 -0.705345292521456 -0.653325316769595 -0.66392140646144 -0.698304270977396 -0.698250037652996 -0.62843596850094 -0.545143864242601 -0.503729093889933 -0.46423676090857 -0.382671437167676 -0.294185833696847 -0.241880607264265 -0.221500058432008 -0.216949398710627 -0.213326552341096 -0.200500294486076 -0.178192812075053 -0.18076908818311 -0.220128229149072 -0.18366303822111 0.00201327456533027 0.128899568935063 -0.0813522779470337
-0.983673630448484 -0.95034938361757 -0.917025136846602 -0.88370089015447 -0.850376643454807 -0.817052396641698 -0.783728149636298 -0.750403902367066 -0.71707965476462 -0.683755406761801 -0.650431158298165 -0.617106909314951 -0.583782659736389 -0.550458409418672 -0.517134158230126 -0.483809906155646 -0.450485653212164 -0.417161399428199 -0.383837144855406 -0.350512889626397 -0.317188633894023 -0.283864377818782 -0.250540121591759 -0.217215865397881 -0.18389160936686 -0.150567353586387 -0.117243098031279 -0.0839188426470504 -0.0505945873748443 -0.0172703321547151
-1.01022266757994 -0.976446991816964 -0.942671316055033 -0.908895640299818 -0.875119964570779 -0.841344288891556 -0.807568613288715 -0.773792937762029 -0.7400172622012 -0.706241586472576 -0.672465910459193 -0.638690234048253 -0.604914557146342 -0.571138879737575 -0.537363201817018 -0.503587523346003 -0.469811844289408 -0.436036164660021 -0.402260484481806 -0.368484803775519 -0.334709122561109 -0.300933440878742 -0.267157758849425 -0.233382076600379 -0.199606394202818 -0.165830711711848 -0.132055029174159 -0.0982793466257946 -0.0645036640686356 -0.0307279814960198
1.00464584260597 0.968923991847451 0.93320214110169 0.89748029037118 0.861758439667728 0.826036589003606 0.79031473838366 0.754592887792724 0.718871037143041 0.68314918635933 0.647427335488812 0.611705484609335 0.575983633791364 0.540261783075846 0.504539932463425 0.468818081823072 0.43309623098711 0.397374379772937 0.361652528010832 0.325930675597513 0.290208822446313 0.254486968503102 0.218765113843925 0.183043258575214 0.147321402794788 0.111599546599152 0.0758776900881651 0.0401558333600084 0.00443397650279381 -0.031287880397884
-1.01381139825443 -0.981947322489303 -0.950032748334146 -0.918001637728403 -0.885817029823007 -0.853439461230161 -0.820790381195646 -0.787782043596039 -0.754329008197531 -0.720361299331695 -0.685868493702032 -0.650855056105028 -0.615340193806408 -0.579402083948859 -0.543116144774243 -0.506487789044151 -0.469514207387137 -0.432229707379874 -0.394685764215431 -0.356965406604364 -0.319159551636598 -0.281358881531713 -0.243653139027914 -0.206121415883739 -0.168801139420426 -0.131707413612969 -0.0948077134886781 -0.0580564208278135 -0.0214031733701245 0.0152035771547676
-1.0588654353241 -1.02052217851064 -0.982178921660055 -0.94383566476219 -0.905492407815629 -0.867149150807103 -0.828805893667185 -0.790462636307238 -0.752119378617957 -0.713776120506392 -0.675432861965685 -0.637089603010502 -0.598746343682109 -0.560403084128172 -0.522059824516324 -0.483716564987656 -0.445373305653981 -0.407030046536529 -0.368686787637718 -0.330343528975296 -0.292000270570844 -0.253657012424905 -0.215313754453864 -0.176970496576273 -0.138627238803514 -0.100283981165925 -0.0619407236768325 -0.0235974663335708 0.0147457909134927 0.0530890481257324
-1.0866123637249 -1.03131004957958 -0.976213322326632 -0.921719142868927 -0.868662388527761 -0.817869969405242 -0.769699010308338 -0.724393191943425 -0.682212203909677 -0.643294380980321 -0.60727662973201 -0.573670499692256 -0.541966358265818 -0.51156984436646 -0.481934922024997 -0.452793584231455 -0.423977186345677 -0.39543650424756 -0.367075620967957 -0.338492427621479 -0.309208267343677 -0.278832068208392 -0.247323098042618 -0.214739895942843 -0.181187746330366 -0.146712187143733 -0.111073025065669 -0.0740983863150573 -0.0361754065112359 0.0021690263763438
-1.0506030346596 -0.943482163598057 -0.849439247671872 -0.790822898981474 -0.766184596267179 -0.767036024515852 -0.780526827060659 -0.793484242609321 -0.795807933021464 -0.779809693019182 -0.744377425622511 -0.690043060925978 -0.618340620478463 -0.534812491646263 -0.449061741545128 -0.3829257904712 -0.353322565963996 -0.345257671356129 -0.339657911695911 -0.333047223101367 -0.325848824457945 -0.315987676916246 -0.291395710687479 -0.24247885115863 -0.179532035359192 -0.116810627523382 -0.064522689061803 -0.0301366261083901 -0.0142095265140159 -0.0155706485587875
-0.98450577397415 -0.95100651349946 -0.917507253007313 -0.884007992434034 -0.850508731588277 -0.81700947025516 -0.783510208253314 -0.750010945409878 -0.716511681552503 -0.68301241654875 -0.649513150425282 -0.61601388324854 -0.582514615105276 -0.549015346163477 -0.515516076616384 -0.482016806677012 -0.448517536550136 -0.415018266387782 -0.381518996320424 -0.348019726445073 -0.31452045685037 -0.281021187613538 -0.247521918766114 -0.214022650316953 -0.180523382229858 -0.147024114444373 -0.113524846848063 -0.0800255793304124 -0.0465263118405633 -0.0130270443425724
-1.00657314895084 -0.979553632640289 -0.948411292643506 -0.945166167201362 -0.937587009910424 -0.889351964748832 -0.81202802186535 -0.727323744810985 -0.649625144575107 -0.591229165146525 -0.563399035073443 -0.577139554043911 -0.625992122851996 -0.633644546715814 -0.54627350889336 -0.469864800378077 -0.499422516068923 -0.526214858751446 -0.436497516252125 -0.300212008674561 -0.233221314191635 -0.302313301355296 -0.377975400233772 -0.329843133804857 -0.220444835168337 -0.140576239615166 -0.101209881078964 -0.0875253011868689 -0.0613532736974202 0.0213126195979927
-0.998357999750909 -0.964121362533218 -0.929884725337672 -0.895648088173845 -0.861411451041172 -0.827174813947385 -0.79293817694355 -0.758701540101687 -0.72446490353432 -0.690228267360882 -0.655991631687961 -0.621754996618931 -0.587518362242316 -0.553281728587225 -0.519045095661186 -0.484808463444804 -0.450571831886833 -0.416335200835548 -0.382098570102955 -0.347861939456458 -0.313625308652316 -0.279388677486695 -0.245152045915406 -0.210915413937741 -0.176678781567267 -0.142442148828261 -0.108205515773556 -0.0739688824676875 -0.0397322489934447 -0.00549561543817895
-0.988027107430361 -0.952384907476585 -0.916742707474261 -0.88110050728594 -0.845458306808024 -0.809816105969711 -0.774173904797527 -0.738531703370147 -0.702889501877499 -0.667247300519816 -0.631605099427301 -0.59596289871265 -0.560320698480077 -0.524678498799886 -0.489036299727681 -0.453394101294195 -0.417751903517026 -0.382109706386114 -0.346467509883338 -0.310825313986007 -0.275183118670287 -0.239540923920192 -0.20389872975113 -0.16825653618993 -0.132614343277726 -0.0969721510413729 -0.0613299594363108 -0.0256877683800578 0.00995442229014705 0.045596612757134
-0.986561777840452 -0.953179554305213 -0.919797330718479 -0.886415107050281 -0.853032883328943 -0.819650659601205 -0.786268435929148 -0.752886212377281 -0.71950398900447 -0.686121765867475 -0.652739543020291 -0.61935732051622 -0.58597509840644 -0.552592876733618 -0.519210655524438 -0.485828434750143 -0.452446214387681 -0.419063994492255 -0.385681775109232 -0.352299556166369 -0.318917337562022 -0.285535119193065 -0.252152900950443 -0.218770682729913 -0.185388464452417 -0.15200624605174 -0.118624027487872 -0.0852418087434806 -0.0518595898657313 -0.0184773709179164
-1.02605955043758 -0.986408716941302 -0.946792717121948 -0.907177448113403 -0.86755576700856 -0.827942887656641 -0.788416490973153 -0.749066618165217 -0.709970284540117 -0.671223220406461 -0.633009041977983 -0.595533336944699 -0.558983070182755 -0.52347071531282 -0.489048158005281 -0.455599423384872 -0.422997126899448 -0.39123610583499 -0.360343284368346 -0.330351712401678 -0.301295971268482 -0.273182139551258 -0.24590228482854 -0.219317310727516 -0.193277476073957 -0.16763645501756 -0.142272227805129 -0.117081410026224 -0.0920108525443264 -0.0670199650413926
-0.944587379834611 -0.94846779479335 -0.939528325087987 -0.909891029243865 -0.867058756083077 -0.820770586917794 -0.774329742723754 -0.729654625434903 -0.689560221154458 -0.656219144195684 -0.62833793754278 -0.603756626347673 -0.580574920838799 -0.557931271550616 -0.535987081892197 -0.517956826465063 -0.505376154165637 -0.490012339877528 -0.463067689253117 -0.42325300503269 -0.371156214228507 -0.308776181079492 -0.243755518731221 -0.18369893194189 -0.130415743013522 -0.0851912187828636 -0.0530097866817327 -0.0381122601675393 -0.038065836204994 -0.0487693076356325
-1.02204793647027 -0.985644915862161 -0.949241895246099 -0.912838874609602 -0.876435853930179 -0.84003283318968 -0.803629812397329 -0.767226791543867 -0.730823770518742 -0.694420749208188 -0.658017727586887 -0.621614705651634 -0.585211683393375 -0.548808660779665 -0.512405637777083 -0.476002614371688 -0.439599590552009 -0.403196566296984 -0.366793541582782 -0.330390516384085 -0.293987490675205 -0.257584464437126 -0.221181437677539 -0.184778410411647 -0.148375382658023 -0.111972354445387 -0.0755693258397022 -0.039166296923862 -0.00276326781125428 0.0336397613771104
-0.961987239228946 -0.929281622699296 -0.896576006148586 -0.863870389579495 -0.831164773039993 -0.798459156579199 -0.765753540205523 -0.733047923918057 -0.700342307719312 -0.667636691616866 -0.63493107563514 -0.602225459802768 -0.569519844155734 -0.536814228759435 -0.504108613686791 -0.471402999011411 -0.438697384776426 -0.405991770902345 -0.37328615729481 -0.340580543922599 -0.307874930770277 -0.275169317830296 -0.242463705126645 -0.209758092677956 -0.177052480449868 -0.144346868386099 -0.111641256395663 -0.0789356443946826 -0.046230032362425 -0.0135244202939418
-1.01086871020654 -0.976559656046763 -0.942250601891534 -0.907941547770802 -0.873632493729659 -0.839323439830603 -0.805014386190627 -0.770705332931166 -0.736396280136951 -0.702087227896154 -0.667778176347443 -0.633469125642108 -0.599160075904349 -0.564851027150005 -0.530541979373986 -0.496232932595838 -0.461923886828882 -0.427614842036878 -0.393305798159242 -0.35899675508756 -0.32468771270146 -0.290378670899569 -0.2560696296565 -0.221760588978293 -0.187451548920727 -0.153142509514902 -0.11883347064348 -0.0845244321540956 -0.0502153939026963 -0.0159063557473107
-1.00614192187409 -0.986864493112421 -0.958575438754215 -0.921615349282055 -0.881026735319242 -0.841566272178527 -0.802145373789733 -0.761183776111648 -0.720979764601839 -0.68351748094693 -0.645645942250998 -0.602930384472482 -0.554978472041431 -0.517567583274323 -0.505070855490886 -0.510074748137401 -0.51969435049054 -0.520945949021974 -0.503265428177982 -0.465865867108261 -0.410404643638364 -0.338937967246661 -0.255117374022772 -0.167844126414274 -0.1054230656893 -0.0871114537130799 -0.0765726559186565 -0.0327804759695382 0.0484556331167287 0.162117305984089
0.983370315862164 0.948501562688043 0.913632809474234 0.878764056197287 0.843895302954548 0.809026549882879 0.774157797156388 0.739289044946912 0.70442029337994 0.669551542548761 0.634682792464214 0.599814043116525 0.564945294490544 0.530076546549612 0.495207799250141 0.460339052542316 0.425470306368453 0.39060156064559 0.355732815320497 0.32086407048414 0.285995326263533 0.251126582773196 0.216257840077684 0.181389098205675 0.146520357092298 0.111651616628898 0.0767828766252134 0.0419141368882846 0.00704539729595282 -0.0278233422562401
-0.946378658730263 -0.915267076628334 -0.884155494638527 -0.853043912875876 -0.821932331446128 -0.790820750417273 -0.759709169715541 -0.72859758928091 -0.697486009250112 -0.666374429827539 -0.635262851291492 -0.604151273938748 -0.573039698037334 -0.541928123740287 -0.510816551165168 -0.47970498040264 -0.448593411496062 -0.417481844326466 -0.386370278739747 -0.355258714603579 -0.324147151791082 -0.29303559016199 -0.261924029522498 -0.230812469661111 -0.199700910349111 -0.168589351386691 -0.137477792706915 -0.10636623426647 -0.0752546759836686 -0.0441431177672326
-0.99917231887129 -0.964020708467198 -0.928869098049605 -0.893717487659131 -0.858565877325679 -0.823414267051785 -0.788262656741239 -0.753111046269977 -0.717959435501263 -0.682807824322216 -0.647656212728056 -0.612504600741023 -0.577352988389053 -0.542201375722853 -0.507049762804371 -0.471898149717751 -0.43674653653064 -0.40159492322249 -0.366443309767587 -0.331291696207748 -0.296140082601672 -0.260988469012403 -0.225836855520365 -0.190685242182547 -0.155533628944829 -0.120382015754047 -0.0852304026719667 -0.0500787897655462 -0.0149271770075794 0.0202244356526808
-1.01381359158966 -0.978898719899771 -0.943983848229551 -0.909068976555709 -0.874154104829123 -0.83923923297557 -0.804324360846259 -0.769409488294721 -0.734494615258358 -0.699579741704884 -0.66466486763939 -0.629749993076315 -0.594835118036407 -0.559920242565674 -0.525005366717861 -0.490090490552425 -0.455175614122613 -0.420260737451109 -0.385345860542951 -0.350430983363138 -0.315516105866659 -0.28060122804035 -0.245686349998425 -0.210771471873356 -0.175856593743257 -0.140941715657702 -0.106026837606469 -0.0711119595705239 -0.0361970815553768 -0.00128220357267527
1.00657819672696 0.971632772858451 0.936687349057557 0.90174192537753 0.866796501835507 0.831851078436812 0.796905655175629 0.761960232051197 0.727014809094123 0.692069386353761 0.65712396392311 0.622178541906078 0.587233120394514 0.55228769943203 0.517342279038982 0.48239685919093 0.447451439845 0.412506020929355 0.377560602368104 0.342615184098091 0.30766976605934 0.272724348214367 0.237778930615631 0.202833513324105 0.167888096344843 0.132942679656722 0.0979972631898092 0.0630518468672078 0.0281064306329707 -0.00683898556361155
-1.13846562990586 -1.03643495100185 -1.0009347370948 -0.907170922956053 -0.822267408362066 -0.822608047566904 -0.82969854772984 -0.76356386068207 -0.693184064037268 -0.693868075275943 -0.717285045563464 -0.684194184486414 -0.552648472894962 -0.429875976693601 -0.417082893834899 -0.442212865409373 -0.418278285857831 -0.371829119884289 -0.345480187991097 -0.332568163610726 -0.314110183408179 -0.276607595312806 -0.228498592311343 -0.182951319786347 -0.150116887646281 -0.13554018489167 -0.129358252365397 -0.11268650341046 -0.0459616895279795 0.115549103241398
-1.00102719633215 -0.948722883889024 -0.896853072040786 -0.846031015939041 -0.797872984375034 -0.753969498965792 -0.714805078991809 -0.680608421504546 -0.651690936975844 -0.627982558745034 -0.607804598201014 -0.589076211245078 -0.569975309943124 -0.549714831019473 -0.52775876560766 -0.503540297819638 -0.476162364807722 -0.443437722907238 -0.403633518142566 -0.358124636111281 -0.309062897304259 -0.258819461212614 -0.210642843328419 -0.167274672883625 -0.128551678068733 -0.0938728936390123 -0.0637914816502609 -0.0387222058094636 -0.0173721091278204 0.00197869555741454
-0.985002824495067 -0.950513288659484 -0.916023752866829 -0.881534217147594 -0.847044681552524 -0.812555146121742 -0.778065610832633 -0.743576075657108 -0.709086540607901 -0.674597005704512 -0.640107470952676 -0.605617936354691 -0.571128401888867 -0.536638867437581 -0.502149332887254 -0.46765979823642 -0.433170263484522 -0.398680728522526 -0.364191193266778 -0.329701657843616 -0.295212122431873 -0.260722587199909 -0.226233052274187 -0.19174351774347 -0.157253983587608 -0.122764449761638 -0.0882749162302481 -0.0537853829500128 -0.0192958498354009 0.0151936832096454
-1.03932543245113 -0.999121247699773 -0.958931432933584 -0.918810542075152 -0.878877678960335 -0.839246665976082 -0.799945649800413 -0.760999260920274 -0.722503740767221 -0.684566759598589 -0.647270092030214 -0.610689038767554 -0.574905700972887 -0.54002938163577 -0.506160212798978 -0.473334440890877 -0.441555402590981 -0.410758681197798 -0.380852436508661 -0.351702887697191 -0.323165768781084 -0.295091070289656 -0.267305808798711 -0.239654841050578 -0.212077358407201 -0.184531591365927 -0.156957592346114 -0.129303982167848 -0.101571833332131 -0.0737753312601872
-0.959526234944148 -0.927166811469713 -0.894807388131234 -0.862447965076254 -0.830088542443393 -0.797729120348656 -0.765369698826488 -0.733010277893272 -0.700650857574692 -0.668291437890408 -0.635932018826659 -0.603572600361331 -0.571213182442191 -0.538853764896544 -0.506494347536122 -0.474134930230838 -0.441775512887675 -0.409416095503706 -0.377056678079808 -0.344697260541961 -0.312337842797424 -0.279978424752382 -0.247619006308721 -0.215259587387953 -0.182900167994388 -0.150540748172834 -0.118181328047289 -0.085821907743729 -0.0534624873168583 -0.0211030668035621
-0.968383642998237 -0.93464822243432 -0.900912801877863 -0.867177381356116 -0.833441960829776 -0.7997065402694 -0.765971119751526 -0.732235699381096 -0.698500279270681 -0.664764859489411 -0.631029439924999 -0.597294020419808 -0.563558600834946 -0.529823181106517 -0.496087761192782 -0.462352341065659 -0.428616920703183 -0.3948815000942 -0.361146079229422 -0.3274106580962 -0.293675236681046 -0.259939814983049 -0.226204393051596 -0.192468970942399 -0.158733548686161 -0.124998126305366 -0.0912627038146243 -0.0575272812304425 -0.0237918585847972 0.00994356408646783
-1.00887896209854 -0.94564077131955 -0.886364825308173 -0.835352302424958 -0.796420770580908 -0.771776864922459 -0.757667099987331 -0.749013213370054 -0.741397955501102 -0.731015662868209 -0.715846003352191 -0.694314977682137 -0.664895464124839 -0.626247851097898 -0.578194331627158 -0.525016807020614 -0.471702650624523 -0.42160141565604 -0.376940007881202 -0.337092563390664 -0.300720025856238 -0.266311336887158 -0.23166742984234 -0.194313636098485 -0.15136088735375 -0.101004292498476 -0.0461900688702913 0.00968958512543546 0.066209655259671 0.123686923347465
-1.03576283033336 -0.999393830638882 -0.963024830945612 -0.926655831302766 -0.890286831827631 -0.853917832664832 -0.817548834000277 -0.781179835960854 -0.744810838396106 -0.708441841067424 -0.672072843660927 -0.635703845843921 -0.599334847289541 -0.562965847694247 -0.526596846791575 -0.490227844440047 -0.453858840566065 -0.417489835242552 -0.381120828585085 -0.344751820733317 -0.308382811832922 -0.272013802040756 -0.235644791558403 -0.199275780563981 -0.162906769097007 -0.126537757172867 -0.0901687448490402 -0.0537997321996021 -0.0174307193229249 0.0189382936765446
1.08999396866001 0.997822376602767 0.937314959012261 0.917549752365757 0.902818660507932 0.857898115025892 0.794288791109071 0.733002491014216 0.686371281664995 0.661301534980963 0.651676578198285 0.648123977382279 0.643515849428452 0.639702514553068 0.631636343044219 0.577699702156554 0.452744930413563 0.334074254447556 0.298908289483615 0.321691317009111 0.351173535076984 0.343797686597237 0.286776693908129 0.188586429555712 0.111984387488969 0.109308177085279 0.136934248032687 0.142033345181454 0.130914553720048 0.124671543921486
-1.04585757781528 -1.01551318859683 -0.984473374124997 -0.949480755681912 -0.904345504044067 -0.84520427150174 -0.780432086905994 -0.720213229330553 -0.669730602178975 -0.631540308183972 -0.602692623065039 -0.578861365788366 -0.556308276431729 -0.533646779519267 -0.510840930396565 -0.490905623248647 -0.475022550503243 -0.453989758719458 -0.418853891034498 -0.372039622766581 -0.318816137279178 -0.265104008875615 -0.219429375618637 -0.188098881283804 -0.165935628738545 -0.144953881893337 -0.117416089739006 -0.0770348211486539 -0.023074939444156 0.0438106184404212
-1.13408143937364 -1.02081324184639 -0.919565200115282 -0.84237492098119 -0.7873448000793 -0.750412960872428 -0.732795649299606 -0.733432311866714 -0.736877074870817 -0.727248422177237 -0.701307588133148 -0.658976494706189 -0.603253481985016 -0.54944256254236 -0.511179572860018 -0.48312197257196 -0.456469916810344 -0.427572719547874 -0.395111636677113 -0.361946532929505 -0.331981925246214 -0.307742883619998 -0.286236690249983 -0.262467551470499 -0.228945157950325 -0.180814058089832 -0.126252746881306 -0.0750076559236492 -0.0300630166502994 0.00728748954667246
-0.984042248116839 -0.949294544366066 -0.91454684067193 -0.87979913702975 -0.845051433389014 -0.810303729684835 -0.775556025840667 -0.740808321785644 -0.706060617483273 -0.671312912939981 -0.636565208299496 -0.601817503739872 -0.567069799419647 -0.53232209541929 -0.497574391788676 -0.462826688533364 -0.428078985665762 -0.393331283269974 -0.358583581435421 -0.323835880201072 -0.289088179593286 -0.254340479630473 -0.219592780299247 -0.184845081572888 -0.15009738340313 -0.115349685727121 -0.0806019884452174 -0.0458542914520908 -0.0111065946564616 0.0236411020294369
-0.963691185016347 -0.932886877978547 -0.902105673026485 -0.871349270440927 -0.840587363702896 -0.809778442210413 -0.778868185829198 -0.747808829419785 -0.716591637354239 -0.685212857518397 -0.653649642341639 -0.621874370389231 -0.589853061662462 -0.557526301906698 -0.524837281476551 -0.491765043419516 -0.458277507819685 -0.424262250214657 -0.389596424448102 -0.35419584213448 -0.317985979330945 -0.280933264050619 -0.243167932130475 -0.204862485828412 -0.166194685262154 -0.127311386214198 -0.0882305692662784 -0.0489505628476867 -0.0095199619786812 0.0300000716727369
-1.01109220772132 -0.976597324779664 -0.941826145560083 -0.906605515281059 -0.87086310876501 -0.8345638792836 -0.797721064301537 -0.760358565686377 -0.722494658724016 -0.68418105341222 -0.645608825177906 -0.607003890805275 -0.568605818343902 -0.530708780904861 -0.493582283235314 -0.45734255156527 -0.422106340314266 -0.388145795177082 -0.355680171424024 -0.32456177135227 -0.294551159015717 -0.265463874128028 -0.237335359041939 -0.210224165303008 -0.184061378589002 -0.158723113159583 -0.133993063469777 -0.109645928292444 -0.0855128434764172 -0.0614390541395262
-1.08430344406341 -1.04696221447163 -1.0096209848187 -0.972279754992945 -0.934938524872528 -0.897597294355452 -0.860256063429364 -0.822914832082729 -0.785573600217635 -0.748232367731733 -0.710891134591306 -0.673549900779793 -0.636208666278631 -0.598867431061247 -0.56152619510192 -0.524184958386349 -0.486843720913105 -0.44950248272083 -0.41216124386187 -0.374820004403317 -0.337478764415948 -0.300137523958478 -0.262796283041359 -0.225455041669354 -0.18811379987272 -0.150772557719999 -0.113431315407391 -0.0760900731197973 -0.0387488308692753 -0.00140758862467153
-1.05230489022023 -1.00797578438334 -0.963913445412278 -0.92035570595055 -0.877503088072908 -0.835517922641567 -0.794447086237375 -0.754303793311866 -0.715082064080701 -0.6767805166809 -0.639435355170796 -0.603092180089053 -0.567784088483611 -0.533494163439514 -0.50016176590369 -0.4676013822335 -0.435613202263548 -0.40406510432698 -0.37281718195813 -0.34163070099754 -0.310242220362308 -0.278434967712398 -0.246178845679252 -0.213505112491783 -0.180503773797317 -0.14727349648535 -0.113888844995655 -0.0804068664735849 -0.0468386413365477 -0.0131837583199648
-0.96629801060121 -0.933740678883795 -0.901183347057964 -0.868626014985324 -0.836068682530221 -0.803511349566399 -0.770954016002455 -0.738396681786777 -0.705839346992079 -0.673282011727932 -0.640724676127001 -0.608167340327725 -0.575610004477207 -0.543052668757205 -0.510495333361663 -0.477937998498602 -0.445380664351806 -0.41282333099402 -0.380265998435654 -0.347708666548829 -0.315151335171095 -0.282594004150549 -0.250036673377493 -0.217479342747904 -0.184922012138267 -0.152364681439515 -0.119807350619865 -0.0872500196727424 -0.0546926886151298 -0.022135357469899
-0.990015807219475 -0.956898383549142 -0.923782184803367 -0.890667035898149 -0.857551462535417 -0.824434938216195 -0.791322026851947 -0.758220355860355 -0.725144716273523 -0.692110874590021 -0.659131335559849 -0.626217788495866 -0.59338079747078 -0.560626425596709 -0.527958395547038 -0.495375569200801 -0.462874734703671 -0.430449246062199 -0.398091321769491 -0.365792072403985 -0.333542331565451 -0.301333693452284 -0.269160794657383 -0.237019254674029 -0.204905582202519 -0.172816759084933 -0.140750770523453 -0.108704798218017 -0.076671806499492 -0.0446437053564762
-1.02043274559274 -0.985028198287144 -0.938374793862509 -0.874181596009378 -0.80904396644302 -0.763156507441273 -0.748224485507513 -0.76405954561316 -0.771388182376275 -0.734135049389612 -0.66810258649806 -0.602062680109538 -0.559745292156205 -0.54471268666716 -0.551924128229766 -0.562094581567488 -0.553761045411323 -0.510992954386285 -0.427310483836163 -0.328504336085808 -0.248432845205336 -0.209951080751672 -0.191901054228977 -0.169257109262445 -0.145535976014179 -0.127182485557438 -0.103811486073212 -0.0664524023253904 -0.0286229483017318 -0.0094629102959627
-1.00041492982314 -0.967080362161368 -0.933745794420354 -0.900411226514214 -0.867076658444354 -0.833742090230761 -0.800407521880438 -0.767072953389455 -0.733738384723105 -0.700403815828247 -0.667069246608761 -0.633734676957785 -0.600400106766743 -0.567065535920208 -0.533730964328197 -0.500396392009343 -0.467061818980266 -0.433727245140916 -0.400392670362413 -0.367058094517212 -0.333723517478106 -0.300388939167196 -0.267054359703823 -0.23371977925417 -0.200385197974553 -0.167050616030085 -0.133716033630944 -0.100381450976981 -0.0670468681816773 -0.0337122853369224
1.00541976934712 0.975261423142419 0.945040478624953 0.914690821509655 0.884108996821219 0.853193788433921 0.821890276310599 0.790139159144577 0.757817314462581 0.724806422336494 0.691071194185425 0.656597099265294 0.62137983877677 0.585456041699541 0.54887304286678 0.511680072746612 0.473929196396552 0.435681921596717 0.396988831927852 0.357847371450592 0.318241699345541 0.278127207721687 0.237344220401535 0.195757790034359 0.153446952862992 0.110552728795107 0.0672500888041758 0.0237092266817026 -0.0199527235744904 -0.0636318929150013
-0.999085890586197 -0.965251502909309 -0.931417115181594 -0.897582727353148 -0.863748339470458 -0.829913951595432 -0.796079563755258 -0.762245175961633 -0.728410788198989 -0.694576400438609 -0.660742012626445 -0.626907624702117 -0.593073236631082 -0.559238848482147 -0.525404460347243 -0.491570072307443 -0.457735684455229 -0.423901296939567 -0.390066909916698 -0.356232523515471 -0.322398137857889 -0.288563753046299 -0.254729369104427 -0.220894986031269 -0.187060603805531 -0.153226222367793 -0.119391841526438 -0.0855574610717343 -0.0517230808536943 -0.0178887007372647
-0.986443974668249 -0.953396868777813 -0.920349763117072 -0.887302657884114 -0.854255553158406 -0.821208448991285 -0.78816134544019 -0.755114242541479 -0.722067140241093 -0.689020038463646 -0.655972937138866 -0.622925836197762 -0.589878735590897 -0.556831635347058 -0.523784535489917 -0.49073743594445 -0.457690336620146 -0.424643237463239 -0.391596138433884 -0.35854903951117 -0.325501940678921 -0.292454841925254 -0.259407743255468 -0.226360644689679 -0.193313546290077 -0.160266448088707 -0.127219349954935 -0.0941722517463053 -0.0611251534357485 -0.0280780550250419
-0.980345473366727 -0.946879781419696 -0.913414089514086 -0.879948397686518 -0.846482705950758 -0.81301701432223 -0.77955132284583 -0.746085631572027 -0.712619940544123 -0.679154249799187 -0.645688559356529 -0.612222869231019 -0.578757179445501 -0.545291490054714 -0.511825801107055 -0.478360112593645 -0.444894424498555 -0.411428736834913 -0.377963049632515 -0.344497362958782 -0.311031676890539 -0.277565991510612 -0.244100306925828 -0.210634623218772 -0.177168940351063 -0.143703258220242 -0.110237576588513 -0.0767718952126832 -0.0433062139633313 -0.00984053273947725
-1.00179307838937 -0.967418749273701 -0.933044420104446 -0.898670090812023 -0.864295761330669 -0.82992143161368 -0.795547101686775 -0.761172771625231 -0.726798441630119 -0.692424111920896 -0.658049782664744 -0.623675454015776 -0.589301126106998 -0.554926798986991 -0.520552472686648 -0.486178147250548 -0.451803822700351 -0.417429498952341 -0.383055175897777 -0.348680853433196 -0.314306531456449 -0.279932209861457 -0.245557888526403 -0.211183567331322 -0.176809246179403 -0.142434925000168 -0.108060603805324 -0.0736862826212376 -0.0393119614507262 -0.00493764029071944
-0.959251174865728 -0.926003939711108 -0.892756704539579 -0.859509469387983 -0.826262234308822 -0.793014999353226 -0.759767764551159 -0.726520529909886 -0.693273295367031 -0.660026060858969 -0.62677882638669 -0.593531591967343 -0.560284357600132 -0.52703712321249 -0.493789888725758 -0.460542654108668 -0.427295419347089 -0.394048184448055 -0.360800949403107 -0.327553714120672 -0.294306478488395 -0.261059242440923 -0.227812006100904 -0.194564769630496 -0.161317533161885 -0.128070296807355 -0.0948230606295389 -0.0615758246575615 -0.0283285888361573 0.00491864691103632
-1.00311939840755 -0.968574478137934 -0.934030868237812 -0.89949071474873 -0.864955873456892 -0.830428487774073 -0.795912141869644 -0.761410962451098 -0.726929805620807 -0.692472676277619 -0.658039445111429 -0.623628949259888 -0.589239913329374 -0.554870611801168 -0.520519683561408 -0.48618767524076 -0.45187520054936 -0.417581233770687 -0.383304763469405 -0.349046474761552 -0.31480747690101 -0.280588915779578 -0.246392083840719 -0.212217361232001 -0.178061332365748 -0.143919618502234 -0.109787784028772 -0.0756617562843864 -0.0415389712879031 -0.00741724222809889
-0.944527455033162 -0.915836381855706 -0.887116812826004 -0.858333418787947 -0.829458034069018 -0.800466403228316 -0.771342748267824 -0.742071702665883 -0.712631068363357 -0.682996559978288 -0.653142374374894 -0.623042328978936 -0.592666962670379 -0.561973700146018 -0.530925055134113 -0.499517011671968 -0.467758791916216 -0.435679100191733 -0.403310255757774 -0.370679555442846 -0.337813040467767 -0.304730119587506 -0.271423671693619 -0.237896242342468 -0.204215573613045 -0.170457436785892 -0.136664523425131 -0.102864601157287 -0.0690588215749053 -0.0352416822620368
-1.01315362083119 -0.978023717466137 -0.942893814051689 -0.907763910497193 -0.872634006680186 -0.837504102512505 -0.802374198075001 -0.767244293498014 -0.732114388940844 -0.696984484580682 -0.661854580637338 -0.626724677341274 -0.591594774899838 -0.556464873427932 -0.521334972998745 -0.486205073611087 -0.451075175228973 -0.415945277751639 -0.380815381059375 -0.345685485021483 -0.310555589504513 -0.275425694382255 -0.240295799557451 -0.205165904937105 -0.170036010416327 -0.134906115913839 -0.099776221454705 -0.0646463270764793 -0.0295164327603235 0.00561346152669856
-0.957723873463835 -0.946644443076299 -0.932539734964664 -0.910972082050782 -0.881874940362572 -0.84599396519247 -0.802952485784901 -0.752930113297617 -0.699453912589702 -0.646768337253427 -0.598639942112485 -0.558715807298425 -0.529561576727332 -0.509417149453438 -0.495052040332684 -0.481679972289696 -0.464608487481444 -0.441076196925567 -0.409329721447619 -0.369716652244145 -0.323109823104435 -0.27119867817674 -0.21893910304514 -0.171232015714241 -0.129492022434922 -0.0941309521479681 -0.0650358363075164 -0.0417463116636227 -0.022937233636659 -0.00706726231457695
-1.02635379283053 -0.988914803191913 -0.95144794481611 -0.913947626706394 -0.876404586345505 -0.838800102740912 -0.801081292519561 -0.763206898196208 -0.725216328217383 -0.687172383638647 -0.649150770019908 -0.611230419047163 -0.573486125141519 -0.535976133664527 -0.49874337296883 -0.461786052430995 -0.42510749479512 -0.388776195251507 -0.352873400971557 -0.317466194604877 -0.282618117670623 -0.248366432548279 -0.214643285058645 -0.1813536527303 -0.148398956481637 -0.115688346199412 -0.0831654442540258 -0.0507833666890323 -0.0184987317569483 0.0137309667374689
-0.953121306908867 -0.922284491564589 -0.891447676282525 -0.860610861040727 -0.829774045785932 -0.798937230480947 -0.768100415184199 -0.737263599962656 -0.706426784821838 -0.67558996976181 -0.644753154822272 -0.613916340052834 -0.583079525496634 -0.552242711170935 -0.521405897083717 -0.490569083231711 -0.459732269628201 -0.428895456363939 -0.398058643551019 -0.367221831309461 -0.336385019761261 -0.305548208991052 -0.274711398933993 -0.243874589470028 -0.213037780407693 -0.182200971549806 -0.15136416274773 -0.120527353889214 -0.0896905449590119 -0.0588537359661278
-1.04738851523278 -1.01048372232937 -0.973578929358084 -0.936674136217611 -0.899769342733254 -0.862864548724277 -0.825959754059158 -0.789054958675106 -0.752150162735032 -0.715245366436496 -0.678340569889963 -0.641435773184123 -0.604530976395949 -0.567626179555549 -0.530721382683642 -0.493816585810256 -0.456911788966147 -0.42000699217567 -0.383102195455297 -0.346197398796368 -0.309292602183938 -0.272387805575668 -0.235483008819633 -0.198578211771457 -0.161673414426545 -0.124768616815307 -0.0878638189683868 -0.0509590209245663 -0.0140542227549226 0.0228505754613921
-1.04026734901102 -1.00224179872955 -0.964216248594038 -0.926190698701624 -0.888165149036945 -0.850139599551071 -0.812114050173311 -0.774088500823341 -0.736062951404079 -0.69803740182912 -0.660011852071506 -0.621986302119141 -0.583960751977676 -0.545935201723743 -0.507909651431194 -0.469884101091782 -0.431858550658781 -0.393833000013637 -0.355807449027087 -0.317781897598857 -0.279756345635922 -0.241730793052247 -0.203705239789761 -0.165679685818149 -0.127654131190167 -0.0896285759894883 -0.0516030203403699 -0.013577464373918 0.0244480917919658 0.0624736480426811
-1.05394936076941 -0.986117115385876 -0.924278371959016 -0.873135105854013 -0.833501957076443 -0.80454273031028 -0.782705224312687 -0.764382869263406 -0.748467626959302 -0.733656352277985 -0.715366940802931 -0.688197548294078 -0.6482134518813 -0.597348414174194 -0.539083247088302 -0.477218474283218 -0.415810077876541 -0.359616162073836 -0.312384534737037 -0.27311969626557 -0.239640320193233 -0.210028736324649 -0.183421899547732 -0.159527034529028 -0.13927781996632 -0.123429185553993 -0.110794610941615 -0.099600800424515 -0.0876688069258918 -0.0727182705259116
-1.04381573844897 -1.0080692594284 -0.972322780383874 -0.936576301268676 -0.900829822004506 -0.865083342518468 -0.829336862790838 -0.793590382825165 -0.757843902664897 -0.722097422354226 -0.686350941900418 -0.650604461301505 -0.614857980555054 -0.579111499656768 -0.543365018608569 -0.507618537439114 -0.471872056210576 -0.43612557509244 -0.400379094248032 -0.364632613708725 -0.328886133472904 -0.293139653523635 -0.257393173782712 -0.221646694169162 -0.185900214652232 -0.150153735200242 -0.114407255727591 -0.0786607761600111 -0.042914296522495 -0.00716781686484904
-1.00911620992875 -0.973919423692529 -0.938722637433231 -0.90352585109278 -0.868329064548759 -0.833132277673352 -0.797935490381508 -0.762738702591358 -0.727541914191005 -0.692345125088675 -0.657148335303112 -0.621951544880688 -0.586754753894011 -0.55155796252062 -0.516361170943969 -0.481164379266243 -0.44596758756011 -0.410770795861429 -0.375574004192388 -0.340377212557309 -0.305180420956044 -0.269983629379723 -0.234786837784586 -0.199590046120447 -0.164393254346299 -0.129196462419777 -0.093999670283888 -0.058802877900274 -0.0236060853197353 0.0115907073846377
-0.937482504615475 -0.905205893120885 -0.872929281518789 -0.840652669695277 -0.808376057579276 -0.776099445121989 -0.743822832320878 -0.711546219183228 -0.679269605709363 -0.646992991899139 -0.614716377757496 -0.582439763290645 -0.550163148528767 -0.517886533597928 -0.485609918659574 -0.453333303920789 -0.421056689584082 -0.388780075788012 -0.356503462645471 -0.32422685023063 -0.29195023860798 -0.259673627821319 -0.227397017831668 -0.195120408555707 -0.162843799815513 -0.130567191416832 -0.098290583194694 -0.0660139750161013 -0.0337373668466671 -0.00146075867665742
-0.970041534324573 -0.939100805840933 -0.908160077384664 -0.877219348977466 -0.846278620571601 -0.815337892090161 -0.78439716340902 -0.753456434437121 -0.72251570526291 -0.691574975998873 -0.660634246674138 -0.62969351729699 -0.598752787878371 -0.567812058439838 -0.536871329013202 -0.505930599660676 -0.474989870451384 -0.444049141451705 -0.413108412729129 -0.382167684358355 -0.351226956415886 -0.320286228967291 -0.289345502034418 -0.258404775603133 -0.227464049559097 -0.196523323767591 -0.165582598112581 -0.134641872498273 -0.103701146891168 -0.0727604212733374
-0.980814149887385 -0.947358584046666 -0.91390301825218 -0.880447452532907 -0.846991886991543 -0.813536321753756 -0.780080756963368 -0.746625192717961 -0.713169628912007 -0.679714065369069 -0.646258501832196 -0.612802938024307 -0.579347373696982 -0.545891808716433 -0.512436243009328 -0.478980676629539 -0.445525109661692 -0.412069542186244 -0.378613974291053 -0.345158406097776 -0.311702837736521 -0.278247269315836 -0.244791700858033 -0.211336132378084 -0.177880563947811 -0.144424995643117 -0.110969427499355 -0.077513859525584 -0.0440582916662221 -0.010602723849527
-1.04368528524398 -1.00889483506171 -0.974104384919022 -0.939313934827808 -0.904523484756289 -0.869733034646882 -0.834942584382428 -0.800152133828443 -0.76536168284074 -0.730571231287489 -0.695780779096005 -0.660990326208388 -0.626199872585207 -0.591409418260898 -0.556618963300606 -0.521828507818428 -0.487038051959084 -0.452247595940825 -0.417457139974844 -0.382666684170567 -0.347876228611974 -0.31308577334372 -0.278295318253148 -0.243504863210075 -0.208714408171524 -0.173923953118868 -0.139133498043669 -0.104343042943582 -0.0695525878304298 -0.0347621327195802
-0.996295371795042 -0.961849391647479 -0.927403411361676 -0.892957430793235 -0.858511449823817 -0.824065468341057 -0.78961948623043 -0.755173503402812 -0.720727519872837 -0.686281535677916 -0.651835550842819 -0.617389565389154 -0.582943579343146 -0.5484975927495 -0.514051605646315 -0.479605618026791 -0.445159629857957 -0.410713641047034 -0.376267651493063 -0.341821661122169 -0.307375669867248 -0.272929677679894 -0.238483684586492 -0.204037690657142 -0.169591696061992 -0.135145700993247 -0.100699705631273 -0.066253710128837 -0.0318077145401448 0.002638281105238
-0.994341551922958 -0.964949747600972 -0.935530914078016 -0.906061927956039 -0.87650084878553 -0.846773014479188 -0.816691693450008 -0.78602660153017 -0.754485313728294 -0.721814240015489 -0.687977271036364 -0.652992667603904 -0.61690753835906 -0.579884383254649 -0.542101312566984 -0.503683486554499 -0.464758669932449 -0.425517995261241 -0.386138126117035 -0.346674482293849 -0.307152172640162 -0.267591701989767 -0.227995159117697 -0.188376794622693 -0.148817922457072 -0.109406028674449 -0.0701862243800391 -0.0311701618889498 0.00772196669576344 0.0465928343240572
-1.03719215908003 -1.00182498172825 -0.966457804435527 -0.931090627234238 -0.895723450081331 -0.860356272904706 -0.824989095591498 -0.789621918056525 -0.754254740366118 -0.718887562630726 -0.683520384985761 -0.64815320757288 -0.612786030510051 -0.577418853820494 -0.542051677501132 -0.506684501538447 -0.471317325905572 -0.435950150532664 -0.400582975334949 -0.365215800210883 -0.329848625054729 -0.294481449759923 -0.259114274216593 -0.223747098329727 -0.188379922067056 -0.15301274543381 -0.117645568522444 -0.0822783914378949 -0.0469112142477934 -0.0115440370104427
-1.03125765916797 -0.942510986324628 -0.85970235687963 -0.79309968157702 -0.757458060547392 -0.758620557943231 -0.762294904618062 -0.736140768386591 -0.69576089820723 -0.662964964034811 -0.636447238666131 -0.609123145608483 -0.575654185620812 -0.537686168468674 -0.496944303136108 -0.44848708647447 -0.391376124766923 -0.347352174156548 -0.335175591147366 -0.33900598382724 -0.334352773179995 -0.303648609061373 -0.257019056814784 -0.209531887977371 -0.168330783373545 -0.13424847173532 -0.0907979641378658 -0.021980745206282 0.0689280885777739 0.173835037768504
-0.985739323357587 -0.953057096389786 -0.920374869485846 -0.887692642743913 -0.855010416374885 -0.822328190616058 -0.789645965697591 -0.756963741803343 -0.724281518939125 -0.691599297067093 -0.658917076152843 -0.626234856162831 -0.593552637065375 -0.560870418836232 -0.528188201444416 -0.495505984824542 -0.462823768904099 -0.430141553616495 -0.397459338915722 -0.364777124832194 -0.33209491141543 -0.299412698681175 -0.266730486510078 -0.234048274754382 -0.201366063287799 -0.168683852018309 -0.136001640969511 -0.103319430166609 -0.0706372195256326 -0.0379550089353146
-1.01403568021002 -0.980050941679509 -0.94606620318364 -0.912081464797721 -0.878096726648065 -0.84411198882765 -0.810127251245095 -0.776142513745204 -0.742157776101859 -0.708173038088908 -0.674188299550955 -0.640203560350299 -0.606218820373243 -0.572234079602107 -0.538249338055366 -0.504264595800085 -0.470279852925288 -0.436295109559244 -0.402310365809246 -0.368325621659428 -0.334340877063132 -0.30035613198264 -0.266371386415993 -0.232386640380683 -0.198401893936249 -0.164417147158263 -0.13043240014439 -0.0964476529929002 -0.0624629057823827 -0.0284781585865082
-0.962756174405229 -0.933944640735875 -0.905101959855761 -0.876196258220824 -0.847185897437185 -0.818010025827324 -0.788540703428974 -0.758644396178632 -0.728232281892591 -0.697239948473326 -0.665655912288251 -0.633481921821014 -0.600722466629657 -0.567393000569808 -0.533509457472476 -0.499078726772617 -0.464115956764459 -0.428678375575367 -0.392830822195277 -0.356626499231259 -0.32011570019467 -0.28336135176029 -0.246476913256606 -0.209574694658613 -0.172711875873653 -0.1359216455651 -0.099196357488122 -0.0625187182373101 -0.0258736806731314 0.0107532407774763
1.02662656136482 0.980743382449126 0.93442201817068 0.887746636132191 0.841755615663401 0.797646269424114 0.756297431667352 0.718045114917651 0.681372523192392 0.644757092334184 0.608505993993711 0.573383833773677 0.540231409752623 0.510194289912437 0.484197592109694 0.461979863796353 0.442738810283128 0.424695338720342 0.406016974550635 0.385634514546294 0.36266957331202 0.336324568359824 0.30612512883096 0.271625979539787 0.232175016363864 0.187418750314264 0.138404981872938 0.08648057846977 0.0327873858555036 -0.0215840056389012
-1.01863580814047 -0.983396665654921 -0.948157523123617 -0.912918380474997 -0.877679237626233 -0.842440094488289 -0.807200950958563 -0.771961806920485 -0.736722662215186 -0.701483516681287 -0.666244370189664 -0.631005222619258 -0.595766073873151 -0.560526923950991 -0.525287772887244 -0.490048620759085 -0.454809467616687 -0.419570313359525 -0.38433115789411 -0.349092001305797 -0.313852843724654 -0.278613685285451 -0.243374526141772 -0.208135366452648 -0.172896206380078 -0.137657046088837 -0.102417885751831 -0.0671787255050206 -0.0319395653284288 0.00329959483690298
-1.00650156121663 -0.97140025369179 -0.93629894597096 -0.901197637841712 -0.866096329148667 -0.830995019770749 -0.795893709667053 -0.760792398819151 -0.725691087218356 -0.690589774866221 -0.655488461795507 -0.62038714804678 -0.585285833684267 -0.550184518866846 -0.515083203775778 -0.479981888587214 -0.444880573473838 -0.409779258599585 -0.374677944097914 -0.339576629989133 -0.304475316265261 -0.269374002895757 -0.23427268975982 -0.199171376729395 -0.164070063737661 -0.128968750744653 -0.0938674377565921 -0.058766124785389 -0.023664811819523 0.0114365011583848
-1.03909923571966 -1.0033313474632 -0.967563459204279 -0.931795570961858 -0.896027682665188 -0.860259794213256 -0.824491905473722 -0.788724016308716 -0.752956126589576 -0.717188236165719 -0.681420344789672 -0.645652452189736 -0.609884558116356 -0.574116662408537 -0.538348764960244 -0.502580865796688 -0.466812964995995 -0.431045062716699 -0.395277159123889 -0.359509254328484 -0.32374134842786 -0.287973441537622 -0.252205533846306 -0.216437625558748 -0.180669716872054 -0.144901807956732 -0.109133898884623 -0.0733659897007451 -0.0375980804414859 -0.00183017114107461
-0.986740343358134 -0.95270800207902 -0.918675660792885 -0.884643319534649 -0.850610978407708 -0.816578637511242 -0.782546296859108 -0.74851395644626 -0.714481616277372 -0.680449276362209 -0.646416936721196 -0.612384597377419 -0.578352258321823 -0.544319919416779 -0.510287580487804 -0.476255241341562 -0.442222901798039 -0.408190561749365 -0.374158221117514 -0.340125879871702 -0.306093537992958 -0.272061195465367 -0.238028852285235 -0.203996508455207 -0.169964163991056 -0.135931818922286 -0.101899473320211 -0.0678671272758365 -0.0338347809171551 0.000197565618596989
-0.964447996411958 -0.972563584257396 -0.962020902269411 -0.907296583260813 -0.823336367052802 -0.737074314866244 -0.682928666512253 -0.68154912103237 -0.691027035799576 -0.66701838851269 -0.617995979842459 -0.565636816202611 -0.528745601762011 -0.514637831710083 -0.522231179184909 -0.528341238098623 -0.510037219109566 -0.467504879086831 -0.407749891042743 -0.341941046351806 -0.282287915979068 -0.237396814038701 -0.20146102724137 -0.169825542370122 -0.156855173901016 -0.169556763251855 -0.166485431914395 -0.107237217985793 -0.00402354591087083 0.117790313278638
-0.974643995805322 -0.942850669146248 -0.911057342547578 -0.879264016091743 -0.847470689889203 -0.815677364066188 -0.783884038783997 -0.752090714182331 -0.720297390279432 -0.688504067083016 -0.656710744680155 -0.624917423177763 -0.59312410268919 -0.56133078335355 -0.529537465253782 -0.497744148222379 -0.465950832029524 -0.434157516446608 -0.402364201249275 -0.370570886228969 -0.338777571181084 -0.30698425592492 -0.275190940375403 -0.243397624485172 -0.211604308262091 -0.179810991733413 -0.148017674948735 -0.116224357967787 -0.0844310408685046 -0.0526377237333703
-0.978138306821583 -0.945579044469904 -0.913019782159444 -0.880460519904094 -0.847901257722725 -0.815341995644379 -0.782782733733802 -0.750223472046638 -0.717664210566413 -0.685104949261982 -0.652545688115621 -0.619986427112964 -0.587427166260902 -0.554867905651365 -0.522308645420801 -0.489749385798697 -0.457190126996757 -0.424630869062515 -0.392071612009781 -0.359512355881656 -0.32695310072856 -0.294393846596562 -0.261834593514326 -0.22927534148653 -0.19671609043932 -0.164156840277271 -0.131597590897206 -0.0990383421760388 -0.0664790939188046 -0.0339198459125696
-1.00187541047743 -0.968453698995589 -0.935031987452418 -0.901610275827733 -0.868188564138086 -0.834766852435331 -0.801345140875803 -0.767923429595978 -0.734501718548442 -0.701080007656455 -0.667658296909901 -0.634236586315318 -0.600814875890168 -0.567393165695607 -0.533971455790939 -0.500549746184361 -0.46712803691224 -0.433706328174745 -0.400284620192782 -0.366862913106404 -0.333441207035448 -0.300019502046667 -0.266597797994467 -0.233176094679421 -0.199754391899111 -0.166332689473233 -0.132910987312949 -0.09948928534681 -0.0660675834814627 -0.0326458816180773
1.01674571239108 0.981337484087976 0.945929255790214 0.910521027498066 0.875112799157655 0.839704570677289 0.80429634186818 0.768888112558591 0.733479882742074 0.698071652476297 0.662663421910094 0.62725519121509 0.591846960535129 0.556438729902915 0.521030499326693 0.485622268827992 0.450214038423614 0.41480580809816 0.379397577828515 0.343989347592876 0.308581117369768 0.273172887129707 0.237764656811168 0.202356426357139 0.166948195760691 0.13153996502497 0.0961317341433374 0.0607235031152778 0.0253152719745463 -0.0100929592365338
0.990384679584257 0.956121479622007 0.921858279653055 0.887595079639959 0.853331879526343 0.819068679291741 0.784805479078255 0.750542279051368 0.716279079307528 0.68201587989788 0.647752680761401 0.613489481809022 0.579226282921014 0.544963083855004 0.510699884358212 0.476436684258892 0.442173483385448 0.407910281485862 0.373647078344305 0.339383873970136 0.305120668429009 0.270857461809914 0.236594254295166 0.202331046094255 0.168067837432028 0.133804628524305 0.0995414195354376 0.0652782105893521 0.0310150016997388 -0.00324820714727035
1.0127689380113 0.954082363368446 0.899950655222653 0.854717794082751 0.818680934908682 0.790796555228214 0.768705248389329 0.749934240420306 0.732873172250411 0.715537322961821 0.693582109347375 0.662072982627578 0.618565401265074 0.57057485269106 0.526513559254156 0.488420654004119 0.4559135104981 0.425295553621692 0.392571506180954 0.35586523133536 0.313830377332735 0.266215187131856 0.217146282535291 0.172020811157101 0.136939645013518 0.116520085206914 0.108741424782048 0.110076606710177 0.117611181726162 0.128583852505766
0.949398555448712 0.916891587421713 0.884384619495568 0.85187765180492 0.819370684542547 0.786863717893774 0.754356751955959 0.721849786853201 0.689342822904517 0.656835860450778 0.62432889972534 0.591821940934684 0.559314984261194 0.526808029790868 0.494301077573361 0.461794127609319 0.429287179816909 0.396780233833379 0.364273289229195 0.331766345588629 0.299259402499401 0.266752459581825 0.234245516586585 0.201738573288452 0.169231629428176 0.136724684822934 0.104217739629635 0.0717107940767449 0.0392038483392109 0.00669690257860332
-0.946007380548982 -0.890426818531084 -0.853826568311928 -0.840883821486332 -0.841041192615265 -0.840450298763563 -0.82733334404536 -0.793141422140942 -0.740170597945898 -0.674971982941312 -0.610271903734924 -0.560340490716141 -0.533153908551225 -0.511512459013878 -0.476529969499325 -0.42775023278146 -0.371973476498047 -0.32659570236366 -0.306561879655046 -0.306417073820813 -0.315606374352541 -0.32285783212619 -0.314031343555268 -0.277570636900261 -0.215122922272035 -0.134984992259172 -0.0588484875107245 -0.00647291684071073 0.0235055863374597 0.0377317324605299
-0.977114651182093 -0.944622360673454 -0.912106712530261 -0.879558691775807 -0.846984206346058 -0.81439274054967 -0.781793161273403 -0.74919042910436 -0.71657449685291 -0.683929114145491 -0.651228225649555 -0.618443324792809 -0.585547181350734 -0.552517670489926 -0.519334316574477 -0.485978135367375 -0.452432847158609 -0.418691498947299 -0.384753077999014 -0.350631005936009 -0.316342312969707 -0.281903054284886 -0.247325384959741 -0.21261979690566 -0.177794029473412 -0.142858291350781 -0.107835421134239 -0.0727508495643251 -0.0376277460491405 -0.00248871466367688
-1.03162060624053 -0.996417787750006 -0.961214969286675 -0.926012150843104 -0.8908093323221 -0.855606513614389 -0.820403694652113 -0.785200875377997 -0.749998055735686 -0.714795235686557 -0.679592415262001 -0.644389594510913 -0.609186773487102 -0.573983952264041 -0.538781130888244 -0.503578309278728 -0.468375487317714 -0.433172664867715 -0.397969841817486 -0.362767018180463 -0.327564194001248 -0.292361369335271 -0.257158544281267 -0.221955718918479 -0.186752893204882 -0.151550067104128 -0.116347240723844 -0.081144414191556 -0.0459415875704035 -0.0107387609074285
1.02980270657257 0.988102551799584 0.9466219712104 0.905494539783724 0.864741825875455 0.824297320674129 0.783854213321629 0.743097593912805 0.701920458400997 0.660370968227827 0.618910040929516 0.578101783065942 0.538466334599882 0.500347969105734 0.464035278372655 0.429769993437216 0.39774794386752 0.368028214110365 0.340576886075892 0.315124776648903 0.29134388645787 0.268898976379506 0.247425848283492 0.226594771882334 0.206242847266845 0.18622824490529 0.166326586397422 0.146333618092158 0.126208134203595 0.105949690912121
