-0.944688962469337 -0.914914580875448 -0.88512143365939 -0.855291957449496 -0.825441169729896 -0.795589214434894 -0.765744160443694 -0.735898605080803 -0.705995334507016 -0.675970584830016 -0.645784203108721 -0.615401939139859 -0.584792354558229 -0.553935258350913 -0.522806381815272 -0.491353898137507 -0.459527910830333 -0.427313802823686 -0.39471415686183 -0.361765075529139 -0.328511041370013 -0.294990768311165 -0.26121989580856 -0.227211763588558 -0.192993586929847 -0.158596594198584 -0.124054190558459 -0.0894010061910283 -0.0546743945517586 -0.0199123899145944
-0.938738251587797 -0.906805075162216 -0.874871898694468 -0.842938722112179 -0.811005545351903 -0.779072368352531 -0.747139191053387 -0.715206013395357 -0.68327283532516 -0.651339656816491 -0.619406477945124 -0.587473298812351 -0.555540119515397 -0.523606940135209 -0.491673760758102 -0.459740581508148 -0.427807402502957 -0.395874223796545 -0.36394104539309 -0.33200786716103 -0.300074688934867 -0.268141510547744 -0.236208331827379 -0.204275152633272 -0.172341972957486 -0.140408792823101 -0.108475612244704 -0.0765424312579933 -0.0446092499915985 -0.012676068597381
-0.954868320848781 -0.923003860063006 -0.891132491060219 -0.85924373531482 -0.82732565296224 -0.7953682928216 -0.763371119785765 -0.731335601627769 -0.699261801567573 -0.667147485619396 -0.634982635527559 -0.602755286968907 -0.570453818713678 -0.538067981905671 -0.50558803725806 -0.473004911387937 -0.440313576030622 -0.407524517490424 -0.374651971173323 -0.341709654322979 -0.308711154642471 -0.275667791203398 -0.242581808551423 -0.209454632286952 -0.176293486755297 -0.143106952697893 -0.109903237695784 -0.0766895399744461 -0.0434693934974853 -0.0102454161630411
-1.02859075922859 -0.993687359650541 -0.958783960109902 -0.923880560602493 -0.88897716105307 -0.854073761362158 -0.819170361404432 -0.784266961067867 -0.749363560319479 -0.714460159153205 -0.679556757591607 -0.644653355664404 -0.609749953405892 -0.574846550868663 -0.539943148083729 -0.50503974497746 -0.470136341445627 -0.435232937366216 -0.400329532650859 -0.365426127363538 -0.330522721606323 -0.295619315496944 -0.26071590921577 -0.225812502951222 -0.190909096861297 -0.156005691068803 -0.121102285586233 -0.0861988803834531 -0.051295475370135 -0.0163920704409022
-1.0569893375023 -1.0012722446054 -0.947388552928246 -0.898479401497082 -0.854947043541024 -0.816044713189934 -0.779168453973811 -0.741618709236359 -0.702170712175981 -0.660456105811684 -0.618057382590202 -0.577044747315201 -0.539930803328823 -0.510997748127122 -0.493200238622885 -0.482413175241926 -0.472354110460046 -0.45519096143997 -0.424720566729497 -0.3828050857298 -0.333323008055394 -0.280162424868194 -0.227249833519713 -0.178362036035687 -0.136638646949153 -0.104500715694692 -0.0821322188057655 -0.0688214384840528 -0.0625109525052129 -0.0608069125384009
-1.03278790298683 -0.997400823231027 -0.962013743629821 -0.926626664355543 -0.891239585555905 -0.855852507390079 -0.820465430087691 -0.785078353873951 -0.74969127888595 -0.714304205192218 -0.67891713267512 -0.643530061170488 -0.608142990514486 -0.572755920544625 -0.537368851089239 -0.501981781938611 -0.466594712893248 -0.431207643832589 -0.395820574659765 -0.360433505293735 -0.325046435657417 -0.289659365669724 -0.254272295233562 -0.218885224258865 -0.183498152699683 -0.148111080536099 -0.112724007808198 -0.077336934594034 -0.0419498610635315 -0.00656278740958378
-0.954012539953695 -0.922613763560272 -0.891214987276402 -0.85981621119974 -0.828417435358666 -0.797018659762393 -0.765619884412728 -0.734221109325519 -0.702822334580196 -0.671423560255349 -0.640024786362644 -0.608626012897019 -0.577227239824462 -0.54582846699518 -0.514429694254075 -0.483030921540623 -0.451632148774832 -0.420233375704261 -0.388834602063141 -0.357435827704816 -0.326037052512411 -0.294638276390352 -0.263239499328261 -0.231840721375878 -0.200441942738224 -0.169043163650072 -0.137644384309928 -0.106245604878388 -0.0748468254006697 -0.0434480458931462
-1.03906355745705 -1.00160552099349 -0.964147484578185 -0.926689448255127 -0.889231412056599 -0.851773375981924 -0.814315339910318 -0.776857303681298 -0.739399267095679 -0.701941229970891 -0.66448319222953 -0.627025153820484 -0.589567114697065 -0.55210907483029 -0.514651034204223 -0.477192992837402 -0.439734950753576 -0.402276907962845 -0.364818864497897 -0.327360820495421 -0.289902776118107 -0.252444731534922 -0.214986686939952 -0.177528642519855 -0.140070598406482 -0.102612554680005 -0.065154511268716 -0.0276964680696699 0.00976157499314838 0.0472196179890208
-1.01831074200799 -0.982315891458123 -0.946321040944299 -0.910326190484322 -0.874331340063558 -0.838336489656331 -0.802341639225216 -0.766346788736312 -0.730351938181555 -0.694357087575003 -0.65836223699335 -0.622367386528951 -0.586372536275883 -0.550377686335119 -0.514382836812216 -0.478387987824182 -0.442393139458488 -0.406398291673009 -0.370403444392054 -0.334408597535266 -0.298413751021123 -0.262418904755744 -0.226424058595814 -0.190429212395501 -0.15443436604833 -0.118439519474946 -0.0824446726651271 -0.0464498256382639 -0.0104549784630871 0.0255398687793385
0.979297631377734 0.947474780586727 0.915651929854024 0.883829079234753 0.852006228754599 0.820183378438004 0.788360528333863 0.756537678482922 0.724714828868885 0.692891979433069 0.661069130004269 0.629246280383153 0.597423430393451 0.565600579951166 0.533777728992083 0.501954877438878 0.470132025229315 0.438309172374643 0.406486318917738 0.374663464954518 0.342840610594156 0.311017755950838 0.27919490115878 0.247372046343104 0.2155491915725 0.183726336907118 0.151903482429371 0.120080628194601 0.0882577741276145 0.0564349201205858
-1.0072319578156 -0.972421518411658 -0.937611079122288 -0.902800640003764 -0.867990200980233 -0.83317976194477 -0.798369322798298 -0.763558883490994 -0.728748444162208 -0.693938004979445 -0.659127566033656 -0.624317127396652 -0.589506689127483 -0.554696251234153 -0.519885813747245 -0.485075376838713 -0.450264940659496 -0.415454505135084 -0.380644070149801 -0.345833635648742 -0.311023201592194 -0.276212767928363 -0.241402334557125 -0.206591901383065 -0.171781468377937 -0.136971035519546 -0.102160602742739 -0.0673501699817579 -0.0325397372113794 0.00227069558348504
-0.992520019048953 -0.957230310566037 -0.921975699166432 -0.886777763133164 -0.851611581959452 -0.816446097292009 -0.781272198181346 -0.74608959094888 -0.710911303595855 -0.675764567841596 -0.640720108597925 -0.60585952407479 -0.571252647421575 -0.536922251545421 -0.502878273398333 -0.46912636635403 -0.435674299486711 -0.402542588250799 -0.369748683064296 -0.337285027819313 -0.305137814776485 -0.273289238161251 -0.241705500058249 -0.210349619882216 -0.179187878509064 -0.148191300338183 -0.11734662240168 -0.0866374562435972 -0.0560191988229872 -0.0254401934526538
-0.988305242736418 -0.955254681602297 -0.922204120445832 -0.889153559249775 -0.856102997946171 -0.823052436445465 -0.790001874622411 -0.756951312348906 -0.723900749521108 -0.690850186061173 -0.657799621970985 -0.62474905727236 -0.591698492007424 -0.558647926299531 -0.525597360289969 -0.492546794110528 -0.459496227878463 -0.426445661662375 -0.39339509551155 -0.360344529446651 -0.327293963481187 -0.294243397613157 -0.261192831778523 -0.228142265921843 -0.195091700084125 -0.162041134324372 -0.12899056867715 -0.0959400031555337 -0.0628894377110651 -0.0298388722799052
-0.987057099580914 -0.954493183098951 -0.921932753206328 -0.889370311208897 -0.856780864253691 -0.824135166882527 -0.791406457375177 -0.758572475508157 -0.725626483306994 -0.692566533841578 -0.659394322110218 -0.626112453593332 -0.592721753806059 -0.559215928402444 -0.525588307555416 -0.491837839374544 -0.457966262813085 -0.423980862262385 -0.389892351453426 -0.355719616037626 -0.321483584646514 -0.287205841340312 -0.252910591894017 -0.218622035757538 -0.184361725365669 -0.150146915042572 -0.11598031368501 -0.0818584100476867 -0.0477673577444718 -0.0136907266040265
1.02937957094486 0.99268528298274 0.955991108671203 0.919297044343428 0.882603121569407 0.845909323892514 0.809215407512827 0.772521185233247 0.735826923611279 0.699133063504656 0.662440289217413 0.625749345915164 0.589060869994847 0.552375062778699 0.515692067174107 0.479012227503761 0.44233590014946 0.405663288314131 0.36899447718848 0.332329233093195 0.29566724263146 0.259008157681175 0.222351491219112 0.185696745206884 0.149043516446605 0.1123914290624 0.0757401216259286 0.0390892736635076 0.00243871407255418 -0.0342116909067398
-1.02694752224997 -0.960398374420282 -0.904316280052426 -0.874388345200608 -0.86543648091455 -0.865983982212522 -0.860224874991459 -0.834615807826996 -0.788993189130891 -0.727590764976706 -0.658851872249086 -0.59227224553545 -0.53654916562216 -0.497186098091368 -0.475277866054667 -0.457478537945657 -0.429765368498988 -0.389849112331529 -0.340572620719763 -0.293573631696416 -0.262688604983272 -0.254485934314898 -0.246461749476986 -0.216435140876582 -0.172589305355043 -0.128383181849876 -0.0880145712489028 -0.0520336932889527 -0.0156615811525743 0.0272130286162533
-0.925255104457245 -0.902718484537997 -0.932991769403073 -0.922734621401729 -0.864695223808266 -0.779922464449147 -0.716579528434436 -0.709236844725276 -0.710979520403529 -0.673918574357495 -0.627753994580522 -0.621583011342218 -0.673002453003054 -0.673607540286944 -0.536915559924543 -0.390133670310015 -0.363451268577834 -0.385296835160172 -0.362368505648649 -0.316203952974963 -0.297050734405829 -0.327255364960126 -0.317560190665363 -0.196818360060575 -0.0779304007222575 -0.0703269158923406 -0.0855114324370516 -0.0235370141604211 0.0634180510065981 0.0851441691013227
-0.98942305421206 -0.954346224055901 -0.919269393832611 -0.884192563515121 -0.849115733071581 -0.814038902466585 -0.778962071655279 -0.743885240573934 -0.708808409092758 -0.673731577058665 -0.638654744291469 -0.603577910604207 -0.568501075828795 -0.533424239872662 -0.498347402702561 -0.463270564447032 -0.428193725239325 -0.393116885069743 -0.358040043912219 -0.322963201818148 -0.287886358858292 -0.25280951511001 -0.217732670677061 -0.182655825662072 -0.147578980136744 -0.11250213417489 -0.0774252878896749 -0.0423484413935602 -0.00727159475682135 0.027805251960812
-1.01050212450351 -0.975718443470742 -0.940934762347518 -0.906151081049668 -0.871367399499748 -0.83658371764706 -0.801800035541152 -0.767016353256559 -0.732232670867507 -0.697448988475475 -0.662665306291258 -0.627881624552981 -0.593097943507957 -0.558314263440249 -0.523530584605745 -0.488746907110873 -0.45396323100818 -0.41917955628413 -0.384395882892394 -0.349612210721559 -0.314828539643938 -0.280044869505034 -0.245261200043104 -0.210477530991779 -0.175693862173412 -0.140910193454119 -0.106126524786345 -0.0713428561487206 -0.0365591875382845 -0.00177551895668066
-1.00165385627851 -0.967404044846419 -0.933154233458685 -0.898904422172537 -0.864654610984203 -0.830404799850755 -0.796154988633639 -0.761905177187885 -0.727655365438482 -0.69340555333389 -0.659155740846503 -0.624905927954697 -0.590656114657749 -0.556406301038529 -0.522156487197647 -0.487906673223075 -0.453656859226799 -0.419407045429499 -0.385157232059673 -0.350907419268397 -0.316657607187392 -0.282407795918012 -0.24815798544014 -0.213908175700465 -0.179658366634381 -0.145408558158274 -0.111158750123811 -0.0769089423781072 -0.0426591348147823 -0.00840932733908194
-1.01800215513123 -0.981620369151434 -0.945267888069085 -0.908993411516833 -0.872850132889408 -0.836886618935668 -0.801128436058892 -0.765597871542351 -0.730327096534852 -0.695345784073747 -0.66066373088504 -0.626285764616899 -0.592216809313663 -0.558462174604351 -0.52501978142346 -0.491857610342703 -0.458944083894025 -0.426279332813078 -0.39386844114322 -0.361704597954934 -0.32977801857548 -0.298074818220994 -0.266564711663093 -0.235218427059763 -0.204027146558974 -0.172977777292071 -0.142019672333911 -0.111100273845964 -0.0801969343926324 -0.0492944841390499
-1.03744638419922 -1.0007133917359 -0.963980458485304 -0.927245786062286 -0.890508100388665 -0.85376865042025 -0.817038252941841 -0.780330194210763 -0.743658070545465 -0.707034046247034 -0.670464247485989 -0.633953290900209 -0.597505093145809 -0.561120770951863 -0.524800540638383 -0.488543816816191 -0.45234981285871 -0.416217738898984 -0.380146068860301 -0.344130335067329 -0.308165334445077 -0.272246799918192 -0.236374208409859 -0.200546831862234 -0.164759378294821 -0.129004416789219 -0.0932705245980592 -0.0575468229412929 -0.0218286007371216 0.0138873111716904
-0.97433393623377 -0.94164846641411 -0.908964138652413 -0.876282034252544 -0.843603846592095 -0.810929553563118 -0.778251659041771 -0.745561370187893 -0.712852181311927 -0.680118554070254 -0.647356532352377 -0.614562555606077 -0.581734055356037 -0.548872431434527 -0.515979250033426 -0.483052774475459 -0.450090608411479 -0.417091019674014 -0.384052900415636 -0.350976975887428 -0.317864429615102 -0.284716826926919 -0.251537260361335 -0.21832890133035 -0.185093709529938 -0.151834380643433 -0.118557766019624 -0.0852710784061306 -0.0519788204804297 -0.0186848174024632
-0.988160571379187 -0.95507790899446 -0.921996451958267 -0.888915644770943 -0.855831970899689 -0.822740592201901 -0.78963434512888 -0.756504306285778 -0.723336838299236 -0.690118545686536 -0.656841714506047 -0.623500051201408 -0.590088622398998 -0.556607935456145 -0.523059946087426 -0.489446962705462 -0.455771102300762 -0.422033363477328 -0.388235382501531 -0.354382464675695 -0.320480832561136 -0.286537844276913 -0.252565400173054 -0.218575137569205 -0.184573099432499 -0.150563015701099 -0.11654495854979 -0.0825183207501233 -0.0484834352240805 -0.0144408699312508
-0.988958966273523 -0.955376539662191 -0.921794113024913 -0.88821168631588 -0.854629259451865 -0.821046832312954 -0.787464404669915 -0.753881976275667 -0.720299546921061 -0.686717116424955 -0.6531346846803 -0.619552251598569 -0.585969817132471 -0.55238738139966 -0.518804944576095 -0.485222506906009 -0.451640068619635 -0.418057629822925 -0.384475190578946 -0.350892750903511 -0.317310310800617 -0.283727870252465 -0.250145429154054 -0.21656298740944 -0.182980545046102 -0.14939810216084 -0.11581565900432 -0.0822332158165447 -0.0486507726409929 -0.0150683294720133
-1.0302273049313 -0.965709274374842 -0.914842236528227 -0.846957348824663 -0.796996251929985 -0.795996278037642 -0.793767042218916 -0.744054328342075 -0.697576312585462 -0.708131902799836 -0.744870541215508 -0.755779303657679 -0.701418434771975 -0.592640854485728 -0.462818958001538 -0.385110366341393 -0.408893269251195 -0.448642905553121 -0.413849968397254 -0.328969919169037 -0.24719941131275 -0.208675642032802 -0.201297983574126 -0.200755918382143 -0.186137194663716 -0.142325334979536 -0.0739886935441696 0.00191290334514974 0.0390385727144 -0.0162978325796388
-1.03604708788611 -0.998165981583611 -0.960284875292547 -0.92240376902625 -0.884522662839681 -0.846641556768347 -0.808760450728326 -0.770879344579308 -0.732998238074852 -0.695117130958956 -0.657236023043485 -0.619354914157271 -0.581473804150831 -0.543592692961434 -0.505711580556827 -0.467830466939913 -0.429949352142604 -0.392068236277699 -0.354187119478069 -0.31630600187601 -0.278424883603671 -0.240543764798484 -0.202662645619011 -0.164781526212162 -0.126900406657101 -0.0890192869944582 -0.0511381671784501 -0.0132570471630499 0.0246240730123417 0.0625051932869671
-0.984663949203169 -0.957908449705536 -0.931008766918478 -0.903756633524767 -0.875882236092303 -0.847114671273145 -0.81724022217086 -0.786117900592395 -0.753840446706718 -0.720509008294485 -0.686024635221093 -0.650238352873125 -0.613049054838799 -0.574547107512883 -0.534894363386376 -0.494347146528653 -0.453183864946236 -0.411676790815874 -0.370083171112113 -0.328606287830472 -0.287435931721716 -0.246756539834326 -0.206731134407646 -0.167451387022993 -0.128744981438709 -0.0903569701661423 -0.0519658685516614 -0.0133096008034773 0.0255697362578449 0.0645540026586517
-0.951703516931115 -0.922897822627323 -0.894332272808133 -0.86616949920088 -0.838394524789417 -0.810939592656825 -0.783703435026592 -0.756558128675239 -0.729302639451024 -0.701714327120888 -0.673557238054762 -0.644592090273322 -0.61461905133184 -0.583596086923961 -0.551493728057767 -0.518174968860719 -0.483502468416986 -0.447445082518188 -0.410032050612862 -0.371427950069752 -0.331831192737658 -0.291423936114029 -0.250323320290919 -0.208636995315497 -0.166499668460789 -0.124061795260288 -0.0815097670634988 -0.0390008451041232 0.00346016566336242 0.0459065743542879
-1.01420589542856 -0.978812828550119 -0.943419761709548 -0.908026694924124 -0.872633628175934 -0.837240561441509 -0.801847494710324 -0.766454427964874 -0.731061361146772 -0.695668294208789 -0.660275227189193 -0.624882160147628 -0.589489093140274 -0.554096026209439 -0.518702959387734 -0.483309892682834 -0.447916826105903 -0.412523759706977 -0.377130693543415 -0.341737627662987 -0.306344562111066 -0.270951496907849 -0.235558431972832 -0.200165367213915 -0.164772302593333 -0.129379238068395 -0.0939861735224005 -0.0585931088497819 -0.0232000440635341 0.0121930207937078
0.949347186571419 0.916472708665572 0.88359823078389 0.85072375295683 0.817849275208293 0.784974797572765 0.752100320133637 0.719225842981268 0.686351366184965 0.653476889805792 0.620602413892879 0.587727938492371 0.554853463662295 0.521978989508193 0.489104516115185 0.456230043439173 0.423355571399374 0.390481099897494 0.357606628857183 0.324732158307399 0.291857688303424 0.258983218885724 0.22610875003549 0.193234281721409 0.160359813921417 0.127485346610436 0.0946108797420672 0.0617364132523751 0.0288619470285884 -0.00401251905427249
-1.03699283369914 -0.999409895812551 -0.961826957838459 -0.924244019669708 -0.886661081224747 -0.849078142452704 -0.811495203399826 -0.77391226413488 -0.736329324719607 -0.698746385210693 -0.661163445651641 -0.623580506082657 -0.585997566564585 -0.54841462724082 -0.510831688250741 -0.473248749635119 -0.435665811389896 -0.398082873430307 -0.360499935662459 -0.322916998036667 -0.285334060514297 -0.247751123068356 -0.210168185718419 -0.172585248502251 -0.135002311483822 -0.0974193747056994 -0.0598364380986487 -0.0222535015784989 0.0153294348868622 0.0529123713165319
-1.00388187603572 -0.968426544360972 -0.932977034834187 -0.897538147134706 -0.862112662285319 -0.826703154553256 -0.791313389840056 -0.755947699050813 -0.720611481470548 -0.685310502620946 -0.650050924590436 -0.614839008609132 -0.579680902898449 -0.544582303645008 -0.509547235685716 -0.474573490493405 -0.439656505399873 -0.404788534536819 -0.369961752015998 -0.335171195069474 -0.300412616709386 -0.265680989211877 -0.230968161909103 -0.196265356038601 -0.161564403403417 -0.126859650219327 -0.0921548897875206 -0.0574551518039367 -0.0227609644581124 0.011928269437016
-0.952413702915534 -0.920826758577792 -0.889757860610545 -0.861337405704268 -0.833059249091063 -0.801553898722244 -0.764635014884343 -0.721600038087749 -0.676498377403066 -0.634271442633707 -0.598676677954103 -0.573175536131441 -0.558754783193377 -0.546502438209445 -0.527017796392551 -0.4988440044872 -0.463631263867113 -0.427514142891263 -0.39519189978504 -0.361138185254234 -0.317270248124733 -0.25906789814377 -0.196261188743941 -0.141044564934431 -0.101219794345412 -0.0815880984865758 -0.0793411917646948 -0.090056029641818 -0.110460038904024 -0.137568264168397
0.977777845034028 0.943927502475084 0.91007716007737 0.876226818018955 0.842376476503613 0.80852613572223 0.77467579578843 0.740825456778416 0.706975118695977 0.673124781517897 0.639274445185378 0.605424109630724 0.571573774755498 0.537723440338301 0.503873106142794 0.470022771995855 0.436172437788101 0.402322103601897 0.368471769563931 0.334621435786441 0.300771102378057 0.266920769428465 0.233070436951596 0.199220104927356 0.165369773275316 0.13151944190323 0.0976691107319151 0.0638187796856782 0.0299684486897099 -0.00388188233057736
-0.987241700840076 -0.954018457351798 -0.920795213837553 -0.887571970251001 -0.854348726537299 -0.821125482659331 -0.787902238659408 -0.754678994591388 -0.721455750475891 -0.688232506302045 -0.655009261966259 -0.621786017341757 -0.58856277231478 -0.555339526823634 -0.522116280828232 -0.488893034322862 -0.455669787309769 -0.422446539788666 -0.389223291804279 -0.356000043583937 -0.32277679540062 -0.289553547493941 -0.256330299970043 -0.223107052874938 -0.189883806147571 -0.156660559697546 -0.123437313424162 -0.0902140672348133 -0.0569908210795802 -0.023767574919213
-0.9456057495101 -0.918720364591819 -0.891789738749565 -0.864744307961189 -0.8375010826252 -0.809991492071356 -0.782218066933761 -0.754179546949361 -0.725788406962128 -0.696942317880076 -0.667565999760362 -0.63759093494743 -0.606961711440802 -0.57567533986032 -0.543738967806144 -0.511147868179372 -0.477902844893732 -0.444038700612521 -0.409604973219626 -0.374676142731736 -0.339332924698743 -0.303642707135317 -0.267619567915246 -0.2312839294684 -0.194734902589845 -0.158077224695821 -0.121359451322069 -0.0846088129004671 -0.0478234213279523 -0.0109941088677264
-1.03178027009872 -0.967258423149712 -0.903329057062108 -0.841790672474547 -0.787511657531348 -0.744905956702157 -0.713499852252234 -0.691181359003967 -0.674173084212641 -0.658507920876371 -0.641125312531715 -0.619191340349838 -0.590636971431329 -0.556452716594467 -0.518449182354011 -0.478657814292933 -0.438678735401537 -0.39816593923122 -0.356607961103112 -0.314777632856173 -0.273768860458818 -0.234881410183103 -0.20023848951564 -0.171706617980266 -0.149302122035176 -0.132651667330255 -0.121673469347795 -0.116140297574075 -0.114951587678915 -0.116788441878022
-1.0013924729258 -0.966799349878204 -0.932206226803462 -0.897613103653636 -0.863019980439526 -0.828426857212249 -0.793833734125443 -0.759240611326044 -0.724647488831667 -0.69005436665556 -0.655461244922831 -0.620868123786555 -0.586275003405526 -0.551681883961411 -0.51708876559405 -0.482495648253081 -0.447902531832761 -0.413309416196042 -0.378716301214625 -0.344123186826531 -0.309530072986363 -0.274936959654481 -0.240343846814272 -0.20575073444979 -0.171157622524724 -0.136564510988734 -0.101971399755741 -0.0673782887336238 -0.0327851778418458 0.00180793299723509
-0.984889773881298 -0.95273557357639 -0.920581372969674 -0.888427171804981 -0.856272969981606 -0.824118767443824 -0.791964564160356 -0.759810360082289 -0.72765615506571 -0.695501948959641 -0.663347741679831 -0.631193533158717 -0.599039323325394 -0.566885112095603 -0.534730899413926 -0.502576685353665 -0.470422470028329 -0.438268253583552 -0.406114036135587 -0.373959817651056 -0.34180559805917 -0.309651377303866 -0.277497155387983 -0.245342932374684 -0.213188708509532 -0.181034484059508 -0.14888025919487 -0.116726034056025 -0.0845718087606983 -0.0524175834209411
-0.963329842904157 -0.931238547216226 -0.899147251527751 -0.867055955832471 -0.834964660111898 -0.802873364363582 -0.770782068661422 -0.738690773073754 -0.70659947757029 -0.674508182110067 -0.642416886708042 -0.610325591393154 -0.57823429621792 -0.546143001329187 -0.514051706890411 -0.48196041303718 -0.449869119884768 -0.417777827495046 -0.38568653588932 -0.353595244980013 -0.321503954652331 -0.289412664801747 -0.257321375364814 -0.225230086300279 -0.193138797614585 -0.161047509301898 -0.12895622125958 -0.0968649333705759 -0.0647736455569719 -0.0326823577506406
-1.00262907092366 -0.968698456469538 -0.934767841941099 -0.900837227218209 -0.866906612252339 -0.832975997029547 -0.799045381602655 -0.76511476602005 -0.731184150245619 -0.697253534247471 -0.663322918095085 -0.629392301883288 -0.595461685683237 -0.561531069471435 -0.527600453193925 -0.493669836769591 -0.45973922009524 -0.425808603006521 -0.391877985338182 -0.357947366982529 -0.324016747846254 -0.29008612786889 -0.256155507121333 -0.222224885718414 -0.18829426381934 -0.154363641584126 -0.120433019131626 -0.0865023965601201 -0.0525717739267373 -0.0186411512783178
-0.967065857177599 -0.934703832126195 -0.902340764792241 -0.869977201763663 -0.837597235462681 -0.805179679616177 -0.7726986873354 -0.740129151603902 -0.707453585510093 -0.674657755623613 -0.641732822334182 -0.608671294486539 -0.575469221396171 -0.542136814261557 -0.508684432444842 -0.475108866079853 -0.441403587950147 -0.407562370666525 -0.373582475471214 -0.339474818304894 -0.305253728782859 -0.27093662216137 -0.236553256260563 -0.202133237314772 -0.167693222651266 -0.133246022335554 -0.0988020062931851 -0.0643691997518858 -0.0299486892880463 0.00446017318477695
1.00979478642824 0.960388367730934 0.911825692257339 0.864715802463232 0.819404895046293 0.77611863295008 0.734863389859764 0.695833832046455 0.660197085383414 0.6291314771943 0.602887681002229 0.581484456880178 0.564346859072278 0.548525118507253 0.530828990191475 0.509481148757299 0.483227825774087 0.451496560933265 0.414264947798062 0.373029487296865 0.329666407199349 0.285711781991922 0.241341073027917 0.196173116519174 0.14896086124464 0.0986248074716373 0.0456215488538686 -0.00923688796249571 -0.0652528377478044 -0.121757225626536
-0.973937733669004 -0.941081540982863 -0.908225348355756 -0.875369155899637 -0.842512963727203 -0.809656771967462 -0.776800580813938 -0.743944390475165 -0.711088201155203 -0.678232013037692 -0.645375826229065 -0.612519640816455 -0.579663456886669 -0.546807274525213 -0.513951093795433 -0.481094914673338 -0.448238737093613 -0.415382560912987 -0.382526385973194 -0.349670212133926 -0.316814039259367 -0.283957867258062 -0.251101696216016 -0.218245526222729 -0.185389357204242 -0.152533189019978 -0.119677021426357 -0.0868208541729999 -0.053964687085314 -0.0211085200076559
-0.989169141094356 -0.95461494509984 -0.920060749232222 -0.885506553614261 -0.850952358334059 -0.816398163480648 -0.781843969181454 -0.747289775540469 -0.712735582529554 -0.678181390087325 -0.643627198151562 -0.609073006659833 -0.574518815556398 -0.539964624812279 -0.505410434376194 -0.470856244080878 -0.43630205372717 -0.401747863104333 -0.367193672016046 -0.33263948033524 -0.29808528795216 -0.26353109480686 -0.228976901038619 -0.194422706826829 -0.159868512312089 -0.125314317611836 -0.0907601227896352 -0.0562059278917799 -0.0216517329493447 0.012902462010401
-0.968102061576037 -0.936592048036323 -0.905104760377734 -0.873679186316251 -0.842397568640003 -0.811339148235963 -0.780527903314329 -0.749960755758431 -0.719581664820899 -0.689318178896611 -0.659085165580144 -0.628794322266003 -0.598353534746841 -0.56765544240791 -0.536586545347257 -0.505024032921489 -0.472863041127682 -0.440079803266198 -0.406681994935631 -0.3727219636242 -0.33826322479253 -0.303370945725998 -0.268116901008972 -0.23257024533673 -0.196783046549193 -0.160797177057263 -0.124630814411121 -0.0883064414585362 -0.0518874570983561 -0.0154474892421975
-1.01762677668973 -0.979620017871775 -0.941522600678731 -0.903211903698064 -0.864676011489506 -0.825952755449062 -0.787168248345568 -0.748439711327458 -0.70976051768873 -0.671130355943961 -0.632698023344476 -0.594649594325785 -0.55717715508041 -0.5204968388289 -0.484798128814178 -0.450139861340616 -0.416552090605997 -0.384080389320291 -0.352737847133276 -0.322392102941793 -0.292874432954444 -0.264050071986079 -0.235920089276545 -0.208509633560984 -0.181804337130729 -0.155756979414538 -0.130228444834662 -0.105061567376522 -0.0801188742847034 -0.0552678161185866
-1.00630995624399 -0.967804599459829 -0.929405320972567 -0.891272375209202 -0.853295577630748 -0.815375191701244 -0.777723711862799 -0.740683427300967 -0.704803575197007 -0.670609084438047 -0.63832070273898 -0.60808313252164 -0.579945496708154 -0.553574600221815 -0.528479375706374 -0.50391958468624 -0.479153507035972 -0.453682667150068 -0.426957915075251 -0.397984158947186 -0.365654821423777 -0.328918824500592 -0.286947087523864 -0.239398757926109 -0.187663898134324 -0.133445017682924 -0.0779634995415349 -0.0221621713539974 0.0336492339741858 0.0893192572220968
-1.08402285026057 -0.873455167556298 -0.908818015253087 -0.863126470407351 -0.80550737592359 -0.848648177537287 -0.883366966459772 -0.795678657218048 -0.674254812125971 -0.624115533418339 -0.613018435226872 -0.57440550965752 -0.475481036944578 -0.418498449835714 -0.48612604203864 -0.547642398587863 -0.476462325957744 -0.375935225055251 -0.365664551018622 -0.40033538147857 -0.393403199688925 -0.293913403098534 -0.193271045936302 -0.183019376256145 -0.212894760631953 -0.205735452138413 -0.118594131333427 0.0429505928197036 0.1134308252193 -0.112593650770912
-1.0224308298066 -0.987686360540954 -0.952941891467942 -0.918197422782451 -0.883452954596415 -0.848708486995507 -0.813964020043308 -0.77921955378192 -0.74447508818964 -0.709730623238672 -0.674986158940644 -0.640241695317042 -0.60549723241001 -0.570752770344315 -0.536008309219783 -0.501263848953866 -0.466519389423515 -0.431774930526089 -0.397030472182046 -0.362286014383862 -0.327541557142014 -0.292797100451735 -0.258052644247263 -0.223308188470288 -0.188563733153291 -0.153819278318467 -0.119074823856084 -0.0843303696320829 -0.0495859155470177 -0.0148414615100961
-0.906456169179114 -0.885956394661506 -0.865356832303391 -0.844412842922058 -0.822784912720165 -0.800147119155692 -0.776322779322537 -0.751230250790608 -0.725018813397942 -0.6978388380568 -0.669614137708239 -0.640211885800511 -0.609556892229844 -0.577804512684359 -0.545147231611421 -0.511695502703468 -0.477582660433658 -0.443115593152952 -0.408625904627443 -0.374370506405951 -0.340587636982976 -0.307489510851321 -0.275184246496996 -0.243736930897645 -0.213144621004241 -0.183343527761539 -0.154094508116094 -0.125143377622762 -0.0963511402677877 -0.0676075971452648
-1.03411163429956 -0.985811908879519 -0.937752524177803 -0.890320568057105 -0.844250399863418 -0.800259389084927 -0.758649674295309 -0.719594352135555 -0.683165582430417 -0.649332901900725 -0.617756291667848 -0.58801834395329 -0.559716923902921 -0.532510988360066 -0.506125622407454 -0.480489332387962 -0.455413302615135 -0.430036008025023 -0.403421459234142 -0.37500851895837 -0.344329762938421 -0.311012865865865 -0.275065898235677 -0.236622373581196 -0.195937181785807 -0.153377076937863 -0.109634893595543 -0.065374309339647 -0.0208162933716345 0.0239288622018724
-1.02000541304471 -0.983845070216472 -0.94768472742657 -0.911524384711822 -0.875364042065579 -0.839203699465513 -0.803043356870042 -0.766883014244931 -0.730722671604599 -0.694562328962788 -0.658401986281871 -0.62224164351138 -0.586081300605301 -0.549920957535428 -0.513760614291101 -0.477600270914015 -0.441439927479469 -0.405279584144822 -0.369119241085891 -0.332958898470278 -0.296798556463524 -0.260638215185859 -0.224477874576254 -0.188317534520277 -0.152157194871153 -0.115996855490783 -0.0798365163081091 -0.0436761772667544 -0.00751583830200841 0.0286445006529219
-1.06630994554362 -1.02899546403825 -0.991684570235944 -0.95438010563168 -0.917076174776317 -0.87976754571429 -0.842460377408481 -0.805169386689607 -0.767932130941301 -0.730788643466818 -0.693766020694976 -0.656888124835989 -0.620174088984988 -0.58362412977678 -0.54723205820735 -0.510984979177719 -0.474871327780495 -0.43889156596959 -0.403047483944504 -0.367334158025788 -0.331744986064262 -0.296269050358945 -0.260878171001679 -0.225541449624486 -0.190234376227297 -0.154936527374384 -0.119637437519465 -0.084331026219812 -0.0490187955574562 -0.0137041432456187
1.00479059809674 0.969204324483172 0.933618050878576 0.898031777271146 0.862445503625496 0.826859229887499 0.791272955951655 0.75568668172632 0.720100407226647 0.684514132501325 0.648927857626371 0.613341582684638 0.577755307772982 0.542169033044282 0.506582758649329 0.470996484674564 0.435410211185025 0.399823938224497 0.36423766579056 0.328651393717221 0.293065121797596 0.257478849836031 0.221892577681799 0.18630630522033 0.150720032436761 0.115133759332053 0.0795474858707763 0.0439612120364928 0.00837493792513884 -0.0272113363392559
-0.997091005530596 -0.964068418421403 -0.922746014042094 -0.875021039696041 -0.848556441168536 -0.863193660990773 -0.881722430195651 -0.864379351645858 -0.818240227021527 -0.761185514546789 -0.707475099804303 -0.670463725216361 -0.656025503951456 -0.640112032162879 -0.600778239967483 -0.554414910351559 -0.516104990705433 -0.457364233166136 -0.354393085680402 -0.245697974687082 -0.185361821248056 -0.205142952317576 -0.247501318419364 -0.248920296405927 -0.211275344875416 -0.153258189691347 -0.0954335440330522 -0.052101528706493 -0.0106309077083388 0.0483423941670643
-0.992669087722345 -0.958111560290475 -0.923554032874654 -0.88899650550288 -0.854438978154908 -0.819881450790098 -0.785323923334465 -0.750766395711787 -0.716208867870247 -0.681651339768893 -0.647093811385857 -0.612536282704038 -0.577978753696581 -0.543421224297612 -0.508863694457694 -0.474306164232159 -0.43974863369197 -0.405191102865857 -0.370633571779097 -0.336076040485387 -0.301518509045527 -0.266960977510526 -0.232403445892226 -0.197845914203114 -0.163288382497458 -0.128730850832286 -0.0941733192339188 -0.0596157877131495 -0.0250582562493786 0.00949927518584181
-1.0482611195629 -1.01042159191739 -0.972582064268695 -0.934742536622372 -0.896903008956474 -0.859063481275564 -0.821223953717781 -0.783384426458864 -0.745544899691411 -0.707705373575071 -0.669865848120853 -0.632026323302606 -0.594186799123662 -0.556347275705286 -0.518507753197964 -0.480668231751154 -0.442828711472526 -0.404989192303634 -0.367149674140368 -0.329310156862084 -0.291470640344002 -0.253631124474119 -0.215791609191537 -0.177952094433012 -0.140112580074799 -0.102273065989623 -0.0644335520965904 -0.0265940383301295 0.0112454753604159 0.049084989021974
-1.01847837469243 -0.984000852586174 -0.949523330493926 -0.915045808413049 -0.880568286300986 -0.846090764109827 -0.811613241810161 -0.777135719374931 -0.742658196767991 -0.70818067393592 -0.673703150765296 -0.639225627127695 -0.604748102896589 -0.570270577953035 -0.53579305218175 -0.5013155254745 -0.466837997741217 -0.432360468957456 -0.39788293912843 -0.363405408312363 -0.328927876580731 -0.294450344015611 -0.259972810741486 -0.225495276897646 -0.191017742640214 -0.156540208130171 -0.122062673531103 -0.0875851389760216 -0.0531076044730552 -0.0186300699991092
-0.871187243666846 -0.873017314065762 -0.873442426986529 -0.870294912295347 -0.861957148175323 -0.847368169595269 -0.827143590349924 -0.802305023738704 -0.773821502253784 -0.742533464754565 -0.708819556376583 -0.672942973824405 -0.635111121067601 -0.595308231135749 -0.553694143090859 -0.511354291064642 -0.469546173321585 -0.429289949587542 -0.39131551286204 -0.355429027777912 -0.321205726876321 -0.288041850095664 -0.254617666963294 -0.219651975099503 -0.182733654907383 -0.143577447589153 -0.101531454760736 -0.0561980982794148 -0.0085637205542073 0.0400393558679339
-0.998449472555552 -0.961795070351772 -0.925140668006542 -0.888486265426118 -0.851831862587714 -0.815177459490568 -0.778523056151036 -0.741868652577978 -0.705214248733136 -0.66855984456193 -0.631905439991611 -0.595251034944887 -0.558596629347654 -0.521942223138553 -0.48528781627963 -0.448633408813796 -0.411979000799517 -0.375324592276615 -0.33867018329183 -0.302015773938231 -0.26536136432047 -0.228706954503009 -0.192052544389561 -0.155398133865169 -0.118743722900962 -0.0820893115116511 -0.0454348998001984 -0.00878048788148666 0.0278739241701753 0.0645283362906219
-0.932604900455511 -0.907703038696719 -0.882694358138232 -0.857466929212304 -0.83193334684462 -0.805999371090727 -0.779518898032166 -0.752338655150937 -0.724328559504872 -0.695367962794835 -0.665350765717974 -0.634174506220511 -0.601752551787089 -0.568061588056029 -0.533129869479276 -0.497128607609575 -0.46028117767718 -0.422876652521585 -0.385201155977255 -0.347463318249307 -0.309852396135516 -0.272516183718658 -0.235436624221487 -0.198544336153566 -0.161730490031697 -0.124904081077743 -0.0880848513265779 -0.0513045216661992 -0.014531981584099 0.0222795872823573
-1.04059154757816 -1.00159655177582 -0.962616165053406 -0.923666079748055 -0.884775240621754 -0.845973866678234 -0.807284021463331 -0.76872369823008 -0.730302764518196 -0.692034362790813 -0.653952860918061 -0.616097933121821 -0.57850434505325 -0.541187228080615 -0.504149462154853 -0.467364555840463 -0.430798589165033 -0.394417299394935 -0.358184851882838 -0.322059467087808 -0.285997879245512 -0.249955207952323 -0.213880114247434 -0.177724013436978 -0.141455796452014 -0.105058801300767 -0.0685566786752079 -0.0319814454154109 0.0046417297298801 0.0412893900347533
-0.987750517722607 -0.951499153860537 -0.915315298377538 -0.879281351589863 -0.843478967016207 -0.807976151306705 -0.772787070434805 -0.73790680881237 -0.70330796528161 -0.668974991443279 -0.634962235501956 -0.601341519813177 -0.568167459435998 -0.535425840243562 -0.503094432445216 -0.471187772781056 -0.43972509546733 -0.408707658094155 -0.378129344797527 -0.347972522523098 -0.318216678918932 -0.288842748796285 -0.259837455619176 -0.2311849445876 -0.202853259192683 -0.174805098406508 -0.14699788483385 -0.119384531038098 -0.0919051857843912 -0.0644968068883066
-0.992721036366599 -0.959491401960589 -0.926261767576229 -0.893032133218887 -0.859802498870226 -0.826572864525483 -0.793343230257912 -0.760113596145121 -0.726883962204117 -0.69365432844103 -0.660424694879072 -0.627195061545728 -0.593965428489032 -0.560735795839218 -0.527506163725937 -0.494276532194295 -0.461046901234231 -0.427817270699538 -0.394587640418878 -0.361358010256537 -0.328128380085708 -0.294898749816712 -0.2616691195084 -0.228439489219853 -0.195209858862544 -0.161980228329454 -0.128750597587209 -0.0955209666361106 -0.0622913355375145 -0.0290617043680417
-0.964866676979031 -0.930865458140734 -0.896864239315932 -0.862863020507976 -0.828861801698882 -0.794860582872917 -0.760859364044687 -0.726858145206046 -0.692856926227501 -0.658855706972657 -0.624854487398852 -0.590853267486859 -0.556852047221222 -0.522850826601561 -0.48884960562778 -0.454848384285811 -0.420847162567324 -0.386845940500892 -0.35284471812326 -0.318843495466952 -0.284842272563439 -0.250841049439052 -0.216839826099566 -0.182838602544858 -0.148837378771779 -0.114836154783532 -0.0808349306117673 -0.0468337063001013 -0.0128324819115702 0.0211687424859352
-1.08510115676249 -0.993233109130592 -0.906071140858998 -0.825891931864323 -0.760799560370612 -0.718132429939359 -0.696338847174436 -0.690332065170578 -0.689775219943605 -0.68499144188469 -0.674193955965349 -0.657568510802179 -0.634890850717479 -0.604296702856343 -0.564119012539514 -0.515119614967541 -0.460146221872138 -0.407961161229879 -0.366355246991184 -0.333318620756994 -0.304391256040878 -0.275033190226101 -0.240384716174698 -0.197225783839506 -0.149214716057794 -0.101244860322267 -0.0562712898629589 -0.0157626590291399 0.0228197790903051 0.0630166217215873
-1.03080057893816 -0.985934586959697 -0.941387687189884 -0.897590206238411 -0.855241173019555 -0.815002857580071 -0.777121792192054 -0.741678591225245 -0.70850593521463 -0.677300853201807 -0.647465702089568 -0.618329170746006 -0.58922890979607 -0.559538416892141 -0.528757913857527 -0.496858672171814 -0.463900214584237 -0.42982401926634 -0.394572707461488 -0.358211517278024 -0.320836341040533 -0.282491628787517 -0.243016061413134 -0.202276303177612 -0.160456720949799 -0.117805940447187 -0.0745119201732133 -0.030749697664679 0.0132967061941127 0.0574410246819831
-0.992711342531371 -0.956710322697116 -0.920709302778651 -0.884708282677425 -0.848707262257999 -0.812706241375426 -0.776705219883606 -0.740704197657837 -0.704703174660153 -0.668702150887196 -0.632701126387301 -0.596700101221724 -0.560699075407248 -0.524698048782758 -0.488697021152717 -0.452695992361782 -0.416694962294519 -0.38069393095493 -0.344692898371009 -0.308691864547309 -0.272690829482522 -0.236689793195708 -0.200688755787406 -0.164687717368735 -0.128686678011659 -0.0926856377871073 -0.056684596801025 -0.0206835551864253 0.0153174868504224 0.0513185290849345
-1.05862953332129 -1.02004764184801 -0.981492161369476 -0.942993298509761 -0.904575134359059 -0.866257457991251 -0.828049015948859 -0.789956083758992 -0.751986095418483 -0.714145219746525 -0.676433406382032 -0.638849050168849 -0.601392108309446 -0.564068787440779 -0.526885740792908 -0.489845158533802 -0.452947232847304 -0.416188627042841 -0.379563580406231 -0.343060165003294 -0.306664911094848 -0.270365556098388 -0.234154666058113 -0.198027016280177 -0.161981390491839 -0.126014027563 -0.090106978513034 -0.0542391948311748 -0.0183914177366446 0.0174551641188381
-1.01324647112409 -0.978615860057359 -0.943985249018452 -0.909354637956032 -0.874724026740184 -0.840093415248603 -0.805462803467999 -0.770832191395119 -0.736201578957861 -0.701570966075206 -0.666940352699321 -0.632309738790672 -0.59767912430914 -0.56304850921227 -0.528417893469215 -0.49378727709789 -0.459156660135703 -0.424526042649271 -0.389895424700503 -0.355264806303283 -0.320634187459487 -0.286003568205121 -0.251372948712705 -0.216742329187033 -0.182111709825484 -0.147481090792124 -0.112850472125194 -0.0782198538092412 -0.043589235739853 -0.00895861779037693
-1.04271982119649 -1.00418295309101 -0.965666680049795 -0.927204656321155 -0.888831273938937 -0.850578481674739 -0.812467717465622 -0.774517686255857 -0.736746671853083 -0.69917367678745 -0.661820999615778 -0.624711762901553 -0.587865256123835 -0.551285436423984 -0.51497109293715 -0.478915675111349 -0.443110195834034 -0.407541261437524 -0.372194347448341 -0.337054812724951 -0.302107986958807 -0.267343011635796 -0.232764275419529 -0.198378068239631 -0.16418303791204 -0.130167534331067 -0.0962863578181954 -0.0624887996623985 -0.0287356645954321 0.00500936429025229
-1.02231465784355 -0.987704672900318 -0.953094687939882 -0.918484702960232 -0.883874717988251 -0.849264733020577 -0.814654747903996 -0.780044762466342 -0.745434776609508 -0.710824790262072 -0.6762148033853 -0.641604815948626 -0.606994827918376 -0.572384839248429 -0.537774849890805 -0.503164859802535 -0.468554868972391 -0.433944877511093 -0.399334885556798 -0.364724893235476 -0.330114900670051 -0.295504907969074 -0.260894915183609 -0.22628492234432 -0.19167492945777 -0.157064936523241 -0.122454943534991 -0.0878449504935856 -0.0532349574298435 -0.018624964382145
-1.00902342197977 -0.973938978245723 -0.938848898170265 -0.903752294785307 -0.868656908186084 -0.83357208431628 -0.798504965450062 -0.763461836309277 -0.728447755075986 -0.693468206616545 -0.658531609074265 -0.623647113911693 -0.588823867977941 -0.554070999668358 -0.519395138779043 -0.484792939162844 -0.450259265723101 -0.415791803508392 -0.381388261694263 -0.347043625818894 -0.312752200511125 -0.278508189731802 -0.244305394769802 -0.210137520671125 -0.175998290182247 -0.141880994544993 -0.107777181282128 -0.0736790940645951 -0.0395835048751104 -0.00548831777433422
-0.981796390520651 -0.949877138187581 -0.917957886006016 -0.88603863410624 -0.854119382559245 -0.822200131417507 -0.790280880718725 -0.758361630497705 -0.726442380792466 -0.694523131649647 -0.662603883147172 -0.630684635370784 -0.598765388374098 -0.566846142082213 -0.534926896387427 -0.503007651179347 -0.471088406361394 -0.439169161894949 -0.407249917758364 -0.375330673939922 -0.343411430430388 -0.31149218721347 -0.279572944244661 -0.247653701488987 -0.215734458977845 -0.18381521674527 -0.15189597476948 -0.119976733005562 -0.0880574913719117 -0.0561382497777514
-0.976040570400814 -0.94315247521974 -0.91026521505928 -0.877379002183153 -0.844494784412678 -0.811614475744626 -0.778743119319971 -0.745886766644766 -0.713052373541171 -0.680246653606179 -0.647474447220014 -0.614740126458704 -0.582047358020877 -0.549396987095546 -0.516787964736975 -0.484214486970036 -0.451670123349788 -0.419150692581422 -0.386652609726306 -0.354172426120381 -0.321706727168228 -0.289252400945479 -0.256807546211943 -0.224370539679389 -0.191939659183215 -0.159513238095929 -0.127089930814831 -0.0946685758998526 -0.0622484275366549 -0.0298288438173329
-1.04254675339892 -1.00670905208311 -0.970871350800186 -0.93503364957983 -0.899195948376782 -0.863358247132767 -0.827520545812372 -0.791682844385396 -0.755845142819605 -0.720007441082485 -0.684169739142438 -0.648332036968094 -0.61249433452822 -0.576656631792128 -0.540818928742317 -0.504981225413481 -0.469143521868664 -0.433305818232101 -0.397468114631236 -0.361630411145161 -0.325792707840883 -0.289955004782556 -0.254117302022927 -0.218279599589087 -0.182441897416903 -0.146604195412069 -0.110766493450808 -0.0749287914286017 -0.0390910893474126 -0.00325338723582578
-0.974900362595471 -0.941806942554612 -0.908675373618138 -0.875469063375412 -0.842189293126599 -0.808850565017361 -0.775482390864542 -0.742116081260391 -0.708775132227593 -0.675474309561148 -0.642201272714876 -0.608936904557305 -0.575674017239944 -0.542453140046244 -0.509330175125231 -0.476374798956301 -0.443658261899987 -0.411244335510995 -0.379188080332012 -0.347517191663469 -0.316252523495235 -0.285409199903541 -0.254979425310067 -0.224937928584453 -0.195212456042721 -0.16572326999683 -0.136407679296099 -0.107211240587658 -0.0780954551725192 -0.0490258105151637
-0.928703813796578 -0.936790742380917 -0.934986442222553 -0.916062380016737 -0.889508996019091 -0.867273895653183 -0.854414371453991 -0.850781064318993 -0.842288321484268 -0.814896792283497 -0.768688628102176 -0.707276355838754 -0.635275226747229 -0.561311389503789 -0.495525266526217 -0.45010347777648 -0.431316006517765 -0.419720091673948 -0.395049643661067 -0.359458003203125 -0.320703368601114 -0.28295030446876 -0.235988840670737 -0.171321829302628 -0.101677946132736 -0.0448675000550357 -0.0178015087934716 -0.031535004856147 -0.0745983710578173 -0.129890827789901
-0.999975164373575 -0.966452660418595 -0.932930156670498 -0.89940765331505 -0.865885150432485 -0.832362648090908 -0.798840146415412 -0.765317645567656 -0.731795145798564 -0.698272647358271 -0.664750150404509 -0.631227655071906 -0.597705161439476 -0.564182669363773 -0.530660178663078 -0.497137689225035 -0.46361520098632 -0.430092714010344 -0.396570228387609 -0.363047744190232 -0.329525261485733 -0.29600278031401 -0.262480300604473 -0.228957822203944 -0.195435344739376 -0.161912867816403 -0.128390391175256 -0.0948679146173037 -0.0613454380538744 -0.0278229614237858
-1.06965842352729 -1.00070467550799 -0.934738208576186 -0.875654233887 -0.825090578854632 -0.784373697192626 -0.755841931552857 -0.740459674249122 -0.732683627304595 -0.725409286337828 -0.711795011639513 -0.685064879668379 -0.640930039866144 -0.585049933606485 -0.525244270126306 -0.468025538183461 -0.418098751799791 -0.37424624653214 -0.334307919612672 -0.298276593439843 -0.266683321703678 -0.239979565315445 -0.218298414071376 -0.200745798043932 -0.182637379525524 -0.159262761395433 -0.129597576660475 -0.0942646565246582 -0.0567895948532089 -0.0214236761766611
-0.965057612806673 -0.933045248768199 -0.9010328847254 -0.869020520666264 -0.837008156620808 -0.804995792664906 -0.772983429015839 -0.740971065918759 -0.708958703588911 -0.676946342214199 -0.644933981903073 -0.612921622744119 -0.58090926483951 -0.548896908345766 -0.516884553387856 -0.484872199910189 -0.452859847794888 -0.420847496855483 -0.388835146880517 -0.35682279762718 -0.324810448844822 -0.292798100292573 -0.260785751768681 -0.228773403089555 -0.196761054105146 -0.164748704708022 -0.132736354927685 -0.100724004833127 -0.0687116545143565 -0.036699304066639
1.01132610822574 0.976780477031493 0.942234845746591 0.907689214293144 0.873143582623167 0.838597950688711 0.804052318412055 0.769506685716751 0.734961052561213 0.700415418890945 0.66586978456495 0.631324149420608 0.596778513319297 0.562232876218386 0.52768723811183 0.493141599043945 0.458595959089107 0.424050318391556 0.38950467711068 0.354959035396568 0.320413393396983 0.28586775123971 0.251322108972613 0.216776466616028 0.182230824160112 0.147685181588319 0.113139538887469 0.0785938960588371 0.0440482531581554 0.00950261025476892
-1.042232808901 -0.983814852176771 -0.956676349068426 -0.908190748758231 -0.847284439628579 -0.797338013849162 -0.777995939538733 -0.79643851179921 -0.813725457716111 -0.789860068071545 -0.726740456450385 -0.636738442138195 -0.537865381464106 -0.470690778931514 -0.465257053893145 -0.486940136924779 -0.489923698924681 -0.448288860857998 -0.354705327757525 -0.256299690859769 -0.213812762952162 -0.257656208993095 -0.29692510262479 -0.245209132976316 -0.155393042440297 -0.0960452887641205 -0.0591741378506632 -0.0208029918759022 0.0304240100472833 0.102707544571788
-0.994646640995074 -0.961314217823041 -0.927981794605217 -0.894649371318442 -0.861316948098976 -0.827984525110331 -0.794652102465606 -0.76131968022384 -0.72798725827825 -0.694654836496472 -0.661322414809641 -0.627989993164766 -0.594657571512413 -0.561325149817374 -0.527992728052147 -0.494660306205847 -0.46132788425813 -0.427995462134218 -0.394663039757046 -0.361330617094847 -0.327998194127178 -0.294665770865164 -0.261333347446198 -0.228000924038484 -0.194668500807191 -0.161336077873702 -0.128003655187258 -0.0946712326631934 -0.0613388102533255 -0.0280063879185943
-1.05339123449393 -1.01448231061642 -0.975609050688349 -0.936798717142094 -0.898064494841772 -0.85941558798569 -0.820859355677146 -0.782403750593089 -0.744060944800063 -0.70584189447737 -0.667748472865718 -0.629780282471168 -0.591935241427982 -0.554204530383222 -0.516580404077672 -0.479066151114199 -0.441665562308999 -0.404373403469492 -0.367185367052256 -0.330109877119274 -0.293158540633878 -0.256343635092052 -0.219680120120374 -0.183178375969889 -0.146827783258914 -0.110608311495617 -0.0744832853803053 -0.0384156424905961 -0.00238341672122232 0.0336315839538048
-0.978443915431382 -0.944383562187215 -0.910323208906101 -0.876262855564153 -0.842202502160444 -0.808142148679943 -0.774081795028233 -0.740021441096831 -0.705961086800367 -0.671900732071571 -0.637840376892476 -0.603780021257439 -0.569719665137858 -0.535659308413295 -0.501598950968905 -0.467538592804055 -0.433478233958176 -0.39941787451675 -0.365357514564393 -0.331297154136212 -0.297236793254932 -0.263176431971284 -0.229116070448014 -0.195055708887453 -0.160995347538271 -0.126934986619441 -0.0928746261848027 -0.0588142662156271 -0.0247539065680293 0.00930645293316382
-0.993862740970516 -0.959953276677635 -0.926043812384974 -0.892134348035348 -0.858224883525105 -0.824315418745848 -0.790405953616646 -0.756496488071896 -0.722587022079828 -0.688677555611762 -0.65476808861753 -0.620858621041593 -0.586949152844658 -0.553039684052406 -0.519130214713881 -0.485220744906604 -0.451311274755623 -0.417401804547638 -0.383492334576994 -0.349582865006966 -0.315673395968059 -0.28176392754797 -0.247854459663152 -0.213944992197089 -0.180035525072638 -0.146126058209904 -0.112216591478636 -0.07830712475812 -0.0443976580161574 -0.0104881912426786
-1.01467534063809 -0.980281378405468 -0.945887416269078 -0.911493454348183 -0.87709949269633 -0.842705531325991 -0.808311570151044 -0.773917609056821 -0.739523647913059 -0.705129686613784 -0.670735725165756 -0.636341763603916 -0.60194780195367 -0.567553840202267 -0.533159878326891 -0.498765916302625 -0.464371954100031 -0.429977991673685 -0.395584028979771 -0.361190065996886 -0.326796102709228 -0.292402139125819 -0.25800817535496 -0.223614211522272 -0.189220247723381 -0.154826284031721 -0.12043232046197 -0.0860383570074299 -0.0516443936346571 -0.0172504303035215
-0.933955947872539 -0.916934230610126 -0.900007470834001 -0.883124271560109 -0.866149704367179 -0.848791740427607 -0.830213480725685 -0.809513411967136 -0.786076433931531 -0.759412614492421 -0.729246280825419 -0.695355324931659 -0.657553392705835 -0.615797145616899 -0.570311099858633 -0.522248174949891 -0.473028334027094 -0.424211311371875 -0.377220221458367 -0.332791928385502 -0.291491733658415 -0.25380931987668 -0.219931894017653 -0.189843318388399 -0.163016552237059 -0.138712520579515 -0.115854914561554 -0.0934405581847937 -0.0710960407442732 -0.0486053928583877
-1.02230392609111 -0.987383203618916 -0.952462481076763 -0.917541758398948 -0.882621035569969 -0.847700312570495 -0.812779589315689 -0.777858865701093 -0.74293814160925 -0.708017416935407 -0.673096691638597 -0.638175965693803 -0.603255239070672 -0.56833451171751 -0.533413783599487 -0.498493054770567 -0.463572325314143 -0.428651595342517 -0.393730864974331 -0.358810134324687 -0.323889403507797 -0.288968672627219 -0.25404794174388 -0.219127210908665 -0.184206480174911 -0.149285749582512 -0.114365019115145 -0.0794442887396316 -0.0445235584115863 -0.00960282808382204
0.957601782530855 0.925750902098532 0.893900021684626 0.862049141333831 0.830198261175376 0.798347381357702 0.766496502021577 0.734645623273043 0.702794745086906 0.6709438674099 0.639092990207681 0.607242113450642 0.575391237135218 0.543540361362018 0.511689486222238 0.479838611665237 0.447987737593717 0.416136863865564 0.384285990338131 0.352435116911456 0.320584243496248 0.288733370023473 0.256882496505122 0.2250316229716 0.193180749445935 0.161329875937037 0.129479002404706 0.0976281288084884 0.0657772551560084 0.033926381466912
1.06946313669533 1.03195104220539 0.994438947719109 0.956926853241581 0.919414758751018 0.881902664249504 0.844390569861502 0.806878475745841 0.769366382076413 0.731854289001369 0.694342196550822 0.656830104725374 0.619318013505169 0.581805922788526 0.544293832467964 0.506781742494656 0.469269652827386 0.431757563396744 0.394245474137627 0.356733385030361 0.319221296066626 0.281709207250727 0.244197118637464 0.206685030280596 0.169172942179237 0.131660854312311 0.0941487666326553 0.0566366790918387 0.0191245916624507 -0.0183874956776645
0.893386860140049 0.884871530233495 0.875691277317735 0.864715297580367 0.851072774445992 0.834137693335687 0.814003260419414 0.790942654294895 0.765229722521991 0.737024709525533 0.706032778228087 0.671845321176658 0.634266483041642 0.593951416987019 0.551841081372295 0.509168646845518 0.467171593009843 0.42681242300031 0.388824418469096 0.353298951605026 0.32016691723109 0.289351004534282 0.260741080157617 0.234090259792324 0.208637477866449 0.183584309985601 0.158497077728814 0.133072259170114 0.107162212390077 0.0806582654709151
1.01614601795271 0.981557211292749 0.946968404669938 0.912379598095152 0.877790791493825 0.843201984791009 0.808613177995639 0.774024371132889 0.739435564208989 0.704846757226283 0.670257950190533 0.63566914310835 0.601080335999798 0.566491528938733 0.531902721991141 0.49731391513772 0.462725108314902 0.428136301367311 0.39354749415293 0.358958686674953 0.32436987897288 0.289781071094358 0.255192263119621 0.220603455105881 0.186014646985674 0.151425838670343 0.116837030111125 0.0822482212909764 0.047659412279839 0.0130706031693981
-0.982080237130026 -0.948917402872779 -0.915754568517642 -0.882591733989634 -0.849428899251496 -0.816266064289123 -0.78310322914332 -0.749940393886338 -0.71677755866132 -0.683614723598085 -0.650451888702277 -0.617289053948494 -0.584126219285657 -0.550963384559967 -0.517800549613329 -0.484637714373194 -0.451474878804026 -0.418312042932816 -0.385149206808054 -0.351986370501722 -0.318823534091669 -0.28566069763987 -0.252497861144797 -0.219335024569262 -0.186172187796956 -0.153009350729468 -0.119846513419126 -0.0866836759492038 -0.0535208383760345 -0.020358000749214
-1.01862868263103 -1.00948556257426 -0.980080821372001 -0.98274526581712 -0.966920698504263 -0.879980178638308 -0.763910796063243 -0.675856206824854 -0.638972301137014 -0.655632473017787 -0.679067897533914 -0.650224195014301 -0.542115344598145 -0.456028760665781 -0.479555228542209 -0.517225582089955 -0.466784634314699 -0.381893066257233 -0.333830054045479 -0.308432886120769 -0.270178379002787 -0.203252723447603 -0.170679607156828 -0.220342440075225 -0.260726024174615 -0.198102153957714 -0.0692892020237568 0.056285519509798 0.109305518549116 0.0204820080062697
-0.921252746239587 -0.905873811892211 -0.889492362472396 -0.871002065078347 -0.849801746481812 -0.825583683294584 -0.798708791815108 -0.76957488085742 -0.738058689611288 -0.704015120099405 -0.667732795300437 -0.629608768432041 -0.590037156872953 -0.549400334646226 -0.507970566122228 -0.465591420416286 -0.422199808078888 -0.378534700656209 -0.335574005272478 -0.29444931036844 -0.25633062471397 -0.222004842150322 -0.190726396804257 -0.161577967372037 -0.1344876705424 -0.109559394002662 -0.0867546714419703 -0.0658689080580846 -0.0461753490813891 -0.0268166997504242
0.973914729227899 0.940369859248806 0.906824989322655 0.873280119611197 0.839735250357439 0.806190381816841 0.772645514213413 0.739100647720134 0.705555782337293 0.672010918032727 0.638466054817158 0.604921192712028 0.571376331748728 0.537831471998444 0.504286613546608 0.470741756495834 0.437196900938667 0.40365204691017 0.370107194405466 0.336562343317374 0.303017493513139 0.269472644813908 0.235927796856424 0.202382949280474 0.168838101922414 0.135293254707561 0.101748407720508 0.0682035610435427 0.0346587145904396 0.00111386823284546
