-1.01612547822895 -0.979531688156908 -0.9429378980817 -0.906344107994055 -0.869750317880692 -0.833156527757183 -0.796562737758498 -0.75996894805061 -0.723375158804106 -0.686781370194439 -0.650187582411918 -0.613593795650567 -0.577000010091522 -0.540406225864383 -0.503812443073398 -0.467218661772956 -0.430624881959926 -0.394031103450949 -0.357437326011 -0.320843549378618 -0.284249773285734 -0.247655997498446 -0.211062221919531 -0.174468446484431 -0.137874671122562 -0.101280895760072 -0.0646871203160537 -0.0280933447344322 0.00850043093447071 0.0450942066137347
-1.05393711712034 -1.01319491020688 -0.972541535857704 -0.932063553143875 -0.891824907728023 -0.851881392658214 -0.812278803932682 -0.773058203658174 -0.734251715425293 -0.695887341701756 -0.657985538979888 -0.62056487725816 -0.58363213298739 -0.547146908427768 -0.511062163670177 -0.475351464318888 -0.4399936793365 -0.404968285605541 -0.370246871334687 -0.335768862117286 -0.301465642892856 -0.267263939190924 -0.233071838901063 -0.198797009219589 -0.164364072209739 -0.129724237143345 -0.0949181072596717 -0.0600049879360696 -0.0250295991347753 0.00996698553575213
-1.03355517924852 -0.995914497554724 -0.958275136772492 -0.920639914465507 -0.883026369837562 -0.845454844725254 -0.807942169856274 -0.770503256190235 -0.733148846723341 -0.695889302291236 -0.658737623050742 -0.621707468988977 -0.584809374202041 -0.548041369221973 -0.511399705985372 -0.474886025611142 -0.438502403265257 -0.402247261119665 -0.366114040296937 -0.330079910716174 -0.29411797449561 -0.25820174874095 -0.222306410507794 -0.186411121910507 -0.150509325348615 -0.114597178984113 -0.0786674237436934 -0.0427143240943142 -0.00674165589928053 0.0292444271290149
-1.02253719418468 -0.982824514975195 -0.943203344626866 -0.903733009627436 -0.86442750072671 -0.825306383102905 -0.786456855385821 -0.747983690242151 -0.709994323034558 -0.672580747675327 -0.635770529579265 -0.59957512703681 -0.564036493172298 -0.529318560445654 -0.495571830057906 -0.462771098838909 -0.430855839254005 -0.399799930681683 -0.369576565747345 -0.340121783150925 -0.311362333110984 -0.283231828462676 -0.255691332507507 -0.228687792690325 -0.202084242562968 -0.175730937650236 -0.14951093526178 -0.123329692040835 -0.0971494601801444 -0.070946690759823
-1.05050235379534 -1.01478418209544 -0.979066010345527 -0.943347838499467 -0.907629666483382 -0.871911494223805 -0.836193321676682 -0.800475148811488 -0.764756975622387 -0.729038802098873 -0.693320628187073 -0.657602453822267 -0.621884278981523 -0.586166103809041 -0.550447928484073 -0.514729753158936 -0.479011577963315 -0.443293402963305 -0.407575228187484 -0.371857053577952 -0.336138879055187 -0.300420704518486 -0.264702529782411 -0.228984354648372 -0.193266178949906 -0.157548002551231 -0.121829825407174 -0.0861116475407602 -0.0503934691572054 -0.0146752905072746
-0.976006503701299 -0.943160259529125 -0.910314015470692 -0.877467771620002 -0.844621528010074 -0.811775284639438 -0.778929041429631 -0.746082798298462 -0.713236555225817 -0.680390312203427 -0.647544069208345 -0.614697826213953 -0.581851583156362 -0.549005339822605 -0.516159095957945 -0.483312851289648 -0.450466605587368 -0.417620358808301 -0.38477411094908 -0.351927861976524 -0.319081611850001 -0.286235360534131 -0.253389108014548 -0.220542854319614 -0.187696599627592 -0.154850344150856 -0.122004088088334 -0.0891578316282154 -0.0563115749291919 -0.0234653181425794
-0.981153878988459 -0.950266314853114 -0.919368838488659 -0.888437474932558 -0.857417141798157 -0.826249128166605 -0.794891316414396 -0.763300615251618 -0.731413445427397 -0.699173621526087 -0.66657502143391 -0.633624038862551 -0.600324332670246 -0.566668622301413 -0.532651823985982 -0.498288580509753 -0.463590807306857 -0.428539783848869 -0.393119780172658 -0.357357664538819 -0.321290954763877 -0.284962544902695 -0.248436833963488 -0.211783423097179 -0.175071217072169 -0.138361400243356 -0.101684971694134 -0.0650588835075923 -0.0284740850371053 0.00808497504638044
-1.02180785311214 -0.985434713985301 -0.949061574910499 -0.912688435968917 -0.876315297326059 -0.839942159146164 -0.8035690215041 -0.767195884429897 -0.730822747863612 -0.694449611725625 -0.658076475947563 -0.621703340463868 -0.585330205212357 -0.548957070144348 -0.51258393520851 -0.476210800329418 -0.439837665441621 -0.403464530543668 -0.367091395631894 -0.33071826062978 -0.294345125442593 -0.257971989987956 -0.221598854232904 -0.185225718139198 -0.148852581598062 -0.112479444510605 -0.0761063068880163 -0.0397331687908336 -0.00336003036692968 0.0330131082139901
-1.06269800302753 -1.02278283422121 -0.982827062494113 -0.942789017645851 -0.902636643473927 -0.86235282190923 -0.821970573418256 -0.781535333306724 -0.741092057701654 -0.700690971835874 -0.660403856544158 -0.620307881561763 -0.580488374767948 -0.541063296617965 -0.50214903975543 -0.463823093001414 -0.426140681886999 -0.389106882605844 -0.352717271577165 -0.316979575459823 -0.281904558472594 -0.247488941202583 -0.213673269710217 -0.180373875755109 -0.147466408420292 -0.114815933504323 -0.0822858663444312 -0.0497616148826643 -0.0172182079416615 0.0153469204357893
0.987793115854828 0.953790606329408 0.919788096720252 0.885785586903263 0.851783076782004 0.817780566279432 0.783778055368416 0.7497755440415 0.715773032320032 0.681770520226272 0.647768007757327 0.613765494904018 0.579762981670503 0.545760468114286 0.511757954316246 0.477755440397396 0.443752926478254 0.409750412637213 0.375747898939448 0.341745385439378 0.307742872188734 0.273740359230872 0.239737846575653 0.205735334219325 0.171732822137179 0.137730310296625 0.103727798654504 0.0697252871663107 0.0357227757927216 0.00172026449570936
-0.992479372278936 -0.959010027643478 -0.925540683039082 -0.892071338518775 -0.858601994153669 -0.82513264999681 -0.791663306010879 -0.75819396214844 -0.724724618411958 -0.691255274830351 -0.657785931488433 -0.624316588485 -0.590847245909179 -0.557377903811448 -0.523908562218837 -0.490439221103233 -0.456969880430836 -0.423500540200234 -0.390031200397597 -0.356561860927051 -0.323092521672206 -0.289623182519198 -0.256153843364255 -0.222684504112679 -0.189215164695977 -0.155745825075632 -0.12227648530682 -0.0888071454608899 -0.0553378055801966 -0.0218684656998446
-0.9844354973289 -0.950735403900975 -0.917035310324091 -0.883335216444734 -0.849635122140099 -0.815935027312786 -0.78223493193632 -0.748534836007467 -0.714834739545037 -0.681134642594315 -0.647434545284437 -0.613734447765505 -0.580034350177601 -0.546334252620746 -0.512634155166056 -0.478934057809101 -0.445233960522436 -0.411533863262093 -0.377833765989714 -0.344133668705911 -0.310433571421038 -0.27673347415753 -0.243033376986157 -0.209333279969082 -0.175633183085701 -0.141933086287674 -0.108232989498468 -0.0745328926551568 -0.040832795777425 -0.00713269890560984
-1.04192861593059 -1.00414674477969 -0.966364873595918 -0.928583002414495 -0.890801131288214 -0.853019260275481 -0.815237389439601 -0.777455518839851 -0.739673648514505 -0.70189177850312 -0.664109908871401 -0.626328039691588 -0.588546171045161 -0.550764303050561 -0.512982435830047 -0.475200569484212 -0.437418704092558 -0.399636839671904 -0.361854976227371 -0.324073113779986 -0.28629125235475 -0.248509391965223 -0.210727532579195 -0.1729456741422 -0.135163816556502 -0.0973819597062865 -0.0596001034466874 -0.021818247630761 0.015963607867699 0.0537454631697144
-1.01368370971461 -0.979507446165401 -0.94533119466902 -0.91115544868521 -0.876981865351284 -0.842812512812052 -0.808649939564756 -0.774496413440014 -0.74035259924953 -0.7062187516645 -0.672095087813013 -0.637981815437379 -0.603878943117118 -0.569785682780596 -0.535700928868421 -0.501623102521322 -0.467550760093397 -0.433483472092098 -0.39942108006859 -0.365363495595541 -0.331310647750997 -0.297262369919177 -0.263218112709002 -0.229177344033627 -0.195139983798447 -0.161105986880632 -0.12707499605223 -0.0930464929895778 -0.0590196270912989 -0.0249934646865886
1.02712579627041 0.991710833786794 0.956295871308026 0.920880908861894 0.885465946664835 0.850050984978246 0.814636024054715 0.779221064117287 0.74380610527965 0.708391147618311 0.672976191170408 0.637561235963236 0.602146282027488 0.566731329407448 0.531316378135552 0.495901428183244 0.460486479494341 0.425071531963147 0.389656585463371 0.354241639835859 0.318826694913243 0.283411750534816 0.247996806566523 0.212581862907962 0.177166919566696 0.141751976561811 0.106337033850522 0.0709220913669174 0.0355071490144461 9.22066888975226e-05
-0.977057906797647 -0.94429387240707 -0.911529838100833 -0.878765803910096 -0.846001769749781 -0.813237735505909 -0.780473701065125 -0.747709666303019 -0.714945631050325 -0.682181595162688 -0.649417558640243 -0.616653521519252 -0.583889483860423 -0.551125445822255 -0.518361407586384 -0.485597369329207 -0.452833331219184 -0.420069293398271 -0.387305255996498 -0.354541219122674 -0.321777182880309 -0.289013147362745 -0.256249112622669 -0.223485078680546 -0.190721045468614 -0.157957012883643 -0.125192980768767 -0.0924289489629816 -0.0596649173423654 -0.0269008857922664
-1.00260236272672 -0.968647474189986 -0.934692585636538 -0.900737697039736 -0.866782808357299 -0.832827919528339 -0.798873030433186 -0.764918140941496 -0.730963250939017 -0.697008360332748 -0.663053469098616 -0.629098577229776 -0.595143684744369 -0.561188791760465 -0.527233898446678 -0.493279005073838 -0.459324111900845 -0.425369219036649 -0.391414326528454 -0.357459434326447 -0.32350454235656 -0.289549650567094 -0.255594758995818 -0.221639867700719 -0.187684976731173 -0.153730086123669 -0.119775195871738 -0.0858203059410573 -0.051865416228827 -0.0179105266151291
-0.993426935047755 -0.960968603262101 -0.928510271522401 -0.896051939899962 -0.863593608560824 -0.831135277680944 -0.798676947381215 -0.766218617763942 -0.73376028891216 -0.701301960862476 -0.668843633485036 -0.636385306608373 -0.603926980038283 -0.571468653489599 -0.539010326683676 -0.506551999458892 -0.474093671678101 -0.441635343185024 -0.409177013843482 -0.376718683616824 -0.344260352493281 -0.311802020484271 -0.279343687693957 -0.246885354266172 -0.214427020410674 -0.181968686340676 -0.149510352217263 -0.117052018155938 -0.0845936841419789 -0.0521353501281069
-1.00740502378857 -0.972943922059709 -0.938482820367046 -0.90402171870321 -0.869560617029775 -0.835099515313786 -0.800638413575236 -0.76617731184241 -0.731716210123801 -0.697255108415404 -0.662794006683008 -0.62833290488485 -0.593871802993557 -0.559410701039295 -0.52494959908432 -0.490488497261674 -0.456027395716121 -0.421566294568524 -0.38710519390144 -0.352644093668129 -0.318182993789524 -0.283721894178628 -0.249260794716724 -0.214799695291443 -0.180338595847535 -0.145877496341502 -0.11141639671975 -0.0769552969454674 -0.0424941970590664 -0.00803309712026673
-1.03416528334674 -0.994376760844962 -0.954648547708441 -0.915035616725827 -0.875604862022017 -0.836438052711258 -0.797664536528956 -0.759394600294923 -0.721614708545424 -0.684268557310459 -0.647252590878512 -0.610451440602688 -0.57377239492587 -0.537213370650045 -0.500796502651249 -0.464550169742585 -0.428523231139545 -0.392840223730088 -0.357632463161786 -0.322982702448189 -0.288961553944345 -0.2556186372023 -0.222919600562104 -0.190803324028441 -0.15918558547653 -0.127967861893297 -0.0970175288419519 -0.0662079763437089 -0.0354707536755046 -0.00475194992820684
-0.996451032953537 -0.957231514313023 -0.918107538630026 -0.879192687073205 -0.840645304033088 -0.802591969687047 -0.764987444137966 -0.727762101426247 -0.690920591416839 -0.654483294131851 -0.618459234397468 -0.582854598240896 -0.54766359781185 -0.512832549750083 -0.478334111881877 -0.444294202289578 -0.410875713580318 -0.378236176204281 -0.346503691736326 -0.315694008406934 -0.285794786110496 -0.256776826964974 -0.228543501982616 -0.200992979533719 -0.174070048526499 -0.147725082673705 -0.121884174368304 -0.0964559864593649 -0.0713037449401334 -0.0462793165899016
-1.0249468733058 -0.988000496530623 -0.951054119794441 -0.914107743155715 -0.877161366745975 -0.840214990706471 -0.803268615144281 -0.766322240112654 -0.729375865483694 -0.692429491094962 -0.655483116826974 -0.618536742570985 -0.581590368244592 -0.54464399387076 -0.507697619489033 -0.470751245099928 -0.433804870681241 -0.396858496158925 -0.359912121461375 -0.322965746578601 -0.286019371516019 -0.249072996261243 -0.212126620730678 -0.175180244834376 -0.138233868528181 -0.101287491815956 -0.0643411148478723 -0.0273947377869489 0.00955163929870931 0.0464980163647253
-1.02583027888352 -0.990013586157758 -0.954196893470999 -0.918380200858871 -0.882563508267375 -0.846746815628463 -0.810930122907507 -0.775113430084454 -0.739296737164129 -0.703480044153133 -0.667663351040302 -0.631846657810027 -0.596029964468423 -0.560213271108481 -0.52439657787042 -0.488579884996494 -0.452763192734129 -0.416946501249396 -0.381129810686475 -0.345313121183324 -0.309496432876342 -0.273679745857192 -0.237863060038573 -0.202046375264053 -0.166229691279622 -0.130413007834606 -0.0945963247892447 -0.0587796420330679 -0.022962959461863 0.012853723027019
-1.01626199117672 -0.980575626827676 -0.944889262406712 -0.909202897862 -0.873516533200294 -0.83783016844323 -0.802143803613406 -0.766457438725474 -0.730771073761322 -0.695084708725482 -0.659398343745789 -0.623711978980907 -0.588025614539844 -0.552339250333002 -0.516652886222943 -0.48096652207951 -0.445280157788861 -0.409593793295142 -0.373907428567376 -0.33822106361609 -0.30253469846219 -0.266848333122099 -0.231161967594304 -0.195475601868596 -0.159789235917922 -0.124102869737056 -0.0884165034249506 -0.0527301370881821 -0.0170437707596399 0.0186425955462073
-1.09775307550266 -0.964893627513275 -0.872817668993815 -0.844579805023629 -0.843540541066653 -0.826146421921697 -0.780882249342462 -0.709277887732458 -0.633005195139525 -0.574509223093821 -0.539185803410449 -0.528168462975749 -0.537887989396782 -0.545964213163485 -0.531777115931925 -0.500558241139783 -0.461065066799506 -0.410307247440967 -0.345756328643903 -0.278479243670072 -0.222941772701734 -0.191140186858685 -0.185192721010852 -0.196767298002391 -0.185608628824224 -0.121771059720354 -0.0484706898003363 -0.0118048815502652 0.00376570190316622 0.0291895722731146
-0.987807747961725 -0.955103890529784 -0.922400033074483 -0.88969617560994 -0.856992318191751 -0.824288460870776 -0.791584603637478 -0.758880746478456 -0.726176889425285 -0.693473032507853 -0.660769175704333 -0.628065318979973 -0.595361462291102 -0.562657605558378 -0.529953748689017 -0.497249891572122 -0.464546034082999 -0.431842176059873 -0.399138317360419 -0.366434457957199 -0.333730597851496 -0.301026737055815 -0.268322875627537 -0.235619013628007 -0.202915151089551 -0.170211288047531 -0.137507424578484 -0.10480356077269 -0.0720996967342304 -0.0393958325706344
-1.00615491231516 -0.969527206375563 -0.932909217712195 -0.896307497372806 -0.859718371781705 -0.82314035845828 -0.786590963925665 -0.75009339329519 -0.713674657027198 -0.677359486783795 -0.641159693685119 -0.605083858715814 -0.569139274589726 -0.533328080937502 -0.497650877187632 -0.462107255043166 -0.426695916725729 -0.391413014256687 -0.356255933237933 -0.321229543793751 -0.286340587179022 -0.251593192616496 -0.216981041200404 -0.182497124407597 -0.14814212337393 -0.113913542772211 -0.0797884917640623 -0.045738234449381 -0.0117310501923482 0.022265527826784
-1.02528834183365 -0.991308420904501 -0.957328500056979 -0.923348579386674 -0.889368658983672 -0.855388738927312 -0.821408819259419 -0.787428900000897 -0.753448981126493 -0.719469062618711 -0.685489144537256 -0.651509226961134 -0.617529309944909 -0.583549393445371 -0.54956947738608 -0.515589561655437 -0.481609646148349 -0.447629730820892 -0.413649815647222 -0.379669900612637 -0.345689985705217 -0.311710070900459 -0.277730156123512 -0.243750241309495 -0.209770326483753 -0.175790411695989 -0.141810497003123 -0.107830582450698 -0.0738506680315154 -0.0398707537251906
-0.946322570826779 -0.917648649347115 -0.888997904995722 -0.8603857520726 -0.83180687512192 -0.803248021903119 -0.774684922792546 -0.746085425637652 -0.717396865553389 -0.688555420125538 -0.659473149555696 -0.630056084699409 -0.600229123083736 -0.56999262892177 -0.539344738817676 -0.508199212253862 -0.476454935247654 -0.444035677077791 -0.410887348462725 -0.377019542618318 -0.342457773384787 -0.307249497050694 -0.271529939697989 -0.235445624556697 -0.199100493655774 -0.162588726034309 -0.126008029973006 -0.0894421150941552 -0.0529151671447862 -0.0164364909031131
-0.999724204881932 -0.966091642800089 -0.93245908089299 -0.898826519307381 -0.865193958036756 -0.831561397053203 -0.797928836396441 -0.764296276117974 -0.730663716248829 -0.697031156816137 -0.663398597851946 -0.629766039389533 -0.596133481471625 -0.562500924178751 -0.528868367597146 -0.495235811798063 -0.461603256821372 -0.427970702596394 -0.394338149042818 -0.360705596152347 -0.327073043934689 -0.293440492369335 -0.259807941314912 -0.226175390622058 -0.192542840230327 -0.158910290086843 -0.125277740080089 -0.0916451901046518 -0.0580126401381628 -0.0243800901790165
1.03057124445568 0.992113594677709 0.953614618374813 0.915124625204287 0.8766258655995 0.838056064030354 0.799242900336816 0.760022016493129 0.720370947640588 0.680313559408306 0.63991714620963 0.599259859653959 0.558430077979309 0.517557085938142 0.476812727797525 0.436498179368497 0.396933643420486 0.35838609901252 0.321046695541297 0.284856487464589 0.249694005505437 0.215463280478577 0.182170343565515 0.149816242924983 0.118280094257847 0.0873964712624091 0.0569437120846066 0.0267125544518874 -0.00340043002988752 -0.0334722112852539
-0.983392869447168 -0.948853551112136 -0.914314232793269 -0.87977491449286 -0.845235596178211 -0.810696277811156 -0.77615695936662 -0.741617640842675 -0.707078322316854 -0.672539003885548 -0.637999685641113 -0.603460367674894 -0.568921050058876 -0.534381732787616 -0.499842415854492 -0.465303099325623 -0.430763783272142 -0.396224467712505 -0.361685152645659 -0.327145838045185 -0.292606523878324 -0.258067210123929 -0.223527896807306 -0.188988583938923 -0.154449271423434 -0.119909959152573 -0.0853706470722081 -0.0508313351389978 -0.0162920232986177 0.0182472885060019
-0.984306827936128 -0.94848717927934 -0.912667530604913 -0.876847881875174 -0.841028233011743 -0.805208583944863 -0.769388934679977 -0.733569285257341 -0.697749635781269 -0.661929986355034 -0.626110337013696 -0.590290687775258 -0.554471038661348 -0.518651389708091 -0.482831740956655 -0.447012092453896 -0.411192444225119 -0.375372796203736 -0.33955314829892 -0.303733500414788 -0.267913852454195 -0.232094204334667 -0.196274556032434 -0.160454907536776 -0.124635258830484 -0.0888156099064155 -0.0529959608041844 -0.017176311574703 0.0186433377326717 0.0544629870689721
-1.05181740545777 -1.01527208687566 -0.978726768273902 -0.942181449643881 -0.905636130985043 -0.8690908122805 -0.832545493439964 -0.796000174384893 -0.759454855157143 -0.722909535827395 -0.686364216461249 -0.649818897123031 -0.613273577837448 -0.576728258470725 -0.540182938866852 -0.503637618939375 -0.467092298623067 -0.430546977868064 -0.394001656647391 -0.357456335010258 -0.320911013024925 -0.284365690776445 -0.247820368417053 -0.211275046092551 -0.174729723855829 -0.138184401734436 -0.101639079747475 -0.0650937579013874 -0.0285484361604217 0.00799688552171992
1.06017008838561 1.02166954388931 0.983168999488203 0.94466845527344 0.906167911432618 0.867667368167529 0.829166825640289 0.790666283981148 0.752165743232567 0.713665203412193 0.675164664526223 0.636664126577993 0.598163589559093 0.559663053414143 0.521162518067153 0.482661983406674 0.444161449309583 0.40566091564151 0.367160382277537 0.328659849141782 0.290159316170624 0.25165878329537 0.213158250427035 0.174657717485267 0.136157184444551 0.0976566512978838 0.0591561180575052 0.0206555847401014 -0.0178449486390855 -0.0563454820651745
-0.961381392511598 -0.929931733428951 -0.898479901683482 -0.867015858529997 -0.835545227958316 -0.804073140999967 -0.772587094118291 -0.741067082535816 -0.709480731080006 -0.6777893787286 -0.64594159145551 -0.613882741983692 -0.581559200075636 -0.548921323651982 -0.515925249245164 -0.482546239676657 -0.448767301321462 -0.41458328847965 -0.379997189253 -0.345032679025066 -0.309718604999842 -0.2740928488185 -0.238229429870912 -0.20220635228268 -0.166081421373615 -0.129898658591752 -0.0936671487038208 -0.0573907281552039 -0.0210871767872206 0.0152222397098264
-1.04244441187667 -1.00762245106399 -0.972792259592041 -0.93795004096116 -0.903093374216721 -0.868207312505741 -0.83322542983681 -0.798068272501916 -0.762655755065062 -0.726917825338784 -0.690825195857726 -0.65435877033706 -0.617498341442569 -0.580219257642489 -0.542506302309168 -0.504386442628932 -0.465894369186267 -0.427053482344294 -0.387881603728225 -0.348385530232999 -0.308569302570983 -0.268438403052842 -0.228004080382416 -0.187283029563468 -0.146307964406286 -0.105120040329974 -0.0637781603823874 -0.0223407169994132 0.0191536874596941 0.0606713981548376
-1.00195996275653 -0.968740060905175 -0.93552015909993 -0.902300257396061 -0.869080355930881 -0.835860454844899 -0.802640554209358 -0.769420654065958 -0.73620075440749 -0.702980855230779 -0.669760956597709 -0.636541058586427 -0.603321161253677 -0.570101264570593 -0.536881368484854 -0.503661472935932 -0.470441577871488 -0.437221683280154 -0.404001789182442 -0.370781895685422 -0.337562002917799 -0.304342110980447 -0.271122219862907 -0.23790232952022 -0.204682439880762 -0.171462550853849 -0.138242662299228 -0.105022774070458 -0.0718028860459072 -0.0385829981101457
-1.01677081192916 -0.98484191480107 -0.95309130313983 -0.921419182301059 -0.889323278223354 -0.856271335667339 -0.822013654098791 -0.786321435206087 -0.74876693486285 -0.709068174694443 -0.667725185147934 -0.62543349887582 -0.582811609070688 -0.5401698510855 -0.497801329441041 -0.456238383169024 -0.416006751453388 -0.377366539576039 -0.340525773749094 -0.305749797807554 -0.273318284992137 -0.243444579788632 -0.2160767116631 -0.190985731701225 -0.167500092486901 -0.14502631122583 -0.123725762112737 -0.103811803452151 -0.0849508729987936 -0.0666726783699333
-1.00675247165179 -0.973859956416783 -0.94097018582806 -0.908082111307558 -0.875180152124476 -0.842244734325253 -0.809254843218042 -0.776186368134296 -0.743004255236959 -0.70967586650431 -0.676189170344468 -0.642537286773014 -0.608715913918222 -0.574731062359152 -0.540592848941686 -0.506317503128216 -0.471921039216771 -0.437412498231401 -0.402799768696366 -0.368093102410727 -0.333303341992247 -0.298440614680538 -0.263512186202613 -0.228528448792166 -0.193515162222214 -0.158501185440144 -0.123512406551492 -0.0885673602460886 -0.0536581383927837 -0.0187702221551815
-1.0361910111365 -0.996329504752785 -0.95648016441196 -0.916681589676657 -0.876976689269516 -0.837400454982341 -0.797951901723602 -0.758622131483942 -0.719406571466027 -0.680326099899034 -0.64149907390615 -0.603068220334064 -0.565168791591365 -0.527906142334224 -0.491374359235436 -0.455652354786687 -0.420824071089487 -0.387008742865731 -0.354312593415066 -0.322754507727748 -0.292331536216687 -0.263012544802344 -0.234653661435399 -0.20705471380339 -0.179903066511091 -0.152885714363135 -0.125800636046347 -0.0985142822397528 -0.0710560077089831 -0.0434958932413175
-0.985580321963879 -0.95265451374885 -0.919728705533339 -0.886802897339998 -0.85387708922733 -0.820951281250294 -0.788025473413821 -0.755099665691651 -0.722173857982803 -0.689248050168999 -0.656322242137516 -0.623396433777014 -0.590470625012562 -0.557544815914849 -0.524619006567306 -0.491693196958697 -0.458767387043665 -0.425841576735037 -0.392915765957768 -0.359989954727143 -0.327064143081033 -0.294138331056366 -0.261212518686302 -0.22828670602286 -0.195360893197261 -0.162435080323738 -0.129509267369373 -0.0965834542838831 -0.0636576410946742 -0.0307318278485752
-1.02591323021135 -0.991180712953612 -0.956448195649883 -0.921715678195294 -0.886983160391224 -0.852250642060029 -0.817518123201728 -0.782785603898999 -0.748053084387504 -0.713320564908649 -0.678588045573846 -0.643855526462004 -0.609123007655995 -0.574390489254522 -0.539657971366903 -0.504925454129078 -0.470192937661392 -0.435460421995198 -0.400727907133887 -0.365995393058011 -0.331262879742407 -0.296530367145937 -0.261797855163548 -0.227065343685363 -0.192332832646117 -0.157600321979825 -0.122867811573016 -0.0881353013110744 -0.0534027911222991 -0.0186702809457157
0.986737858706464 0.953191172933954 0.91964448720063 0.886097801561391 0.852551116138275 0.819004431074244 0.785457746528796 0.751911062662299 0.718364379622058 0.684817697508585 0.651271016248283 0.617724335724029 0.584177655809627 0.550630976342594 0.517084297141365 0.483537617984349 0.449990938649933 0.41644425895644 0.382897578743406 0.349350897895275 0.315804216307717 0.282257533889164 0.248710850599088 0.21516416644022 0.181617481537283 0.148070796056324 0.114524110206706 0.0809774241801516 0.0474307380544893 0.0138840518790755
-1.01809318736011 -0.981606436068565 -0.945119684894996 -0.908632934010795 -0.872146183649817 -0.835659434050397 -0.799172685406355 -0.762685937870025 -0.726199191472334 -0.689712446204575 -0.653225702020913 -0.616738958866232 -0.580252216676258 -0.543765475350094 -0.507278734753625 -0.470791994656509 -0.43430525483285 -0.397818515170777 -0.361331775579637 -0.324845035939634 -0.288358296123684 -0.251871555996587 -0.215384815390677 -0.178898074177825 -0.142411332420512 -0.105924590226699 -0.0694378476956591 -0.0329511049177587 0.00353563804357675 0.0400223811316567
-1.00587930257255 -0.971334761154067 -0.936790219771425 -0.902245678433167 -0.867701137135766 -0.833156595868269 -0.798612054602071 -0.764067513290823 -0.729522971834843 -0.694978430119746 -0.660433888025676 -0.625889345431408 -0.591344802223591 -0.556800258320367 -0.522255713669169 -0.487711168303088 -0.453166622280042 -0.418622075671608 -0.384077528537739 -0.349532980878249 -0.314988432677915 -0.280443883926454 -0.24589933463334 -0.211354784814288 -0.176810234490212 -0.142265683688312 -0.107721132455726 -0.0731765808580054 -0.0386320290144041 -0.00408747705760472
-0.980696014080872 -0.946221134651972 -0.911746255238964 -0.877271375853513 -0.842796496483592 -0.808321617129459 -0.77384673786421 -0.739371858804128 -0.704896980165413 -0.670422102155148 -0.635947224844027 -0.601472348268643 -0.566997472455355 -0.532522597389585 -0.498047723044949 -0.463572849388774 -0.429097976402327 -0.39462310412891 -0.360148232621536 -0.325673361910038 -0.291198492018449 -0.256723622943803 -0.222248754575123 -0.187773886780267 -0.15329901945043 -0.118824152483839 -0.0843492857835087 -0.049874419258785 -0.0153995528395528 0.0190753135391682
-0.869902354089057 -0.882657344760792 -0.88734131815582 -0.883501734267437 -0.8699252293686 -0.847110377351998 -0.823164326309572 -0.805698653581736 -0.792734079303539 -0.778465666706285 -0.75137670861168 -0.698522555239026 -0.615393640777712 -0.531220735297457 -0.475785092337851 -0.447329563437628 -0.435415465261838 -0.42641637698166 -0.407931948032012 -0.375653846396647 -0.327296744696525 -0.264872137244159 -0.207578805118275 -0.172639223613655 -0.15218335812309 -0.13281705107196 -0.104142162917978 -0.0591218969902265 -0.00116881007089819 0.0636922026945332
-1.10271819516705 -1.04559276957213 -0.985216174523183 -0.921269122768124 -0.857639228001564 -0.798436773259251 -0.744455817994824 -0.696016180183262 -0.65485693546703 -0.622371159262226 -0.597148668411986 -0.577078465116208 -0.559554600034073 -0.539991317661886 -0.514161112001072 -0.481249281236386 -0.441551300543936 -0.396390548881889 -0.347471879551076 -0.296998139440928 -0.247296673838025 -0.200202120445828 -0.155578286635329 -0.113017108411217 -0.0729938666454437 -0.0362885341308855 -0.00401650647686409 0.0230647828531435 0.0459651717954818 0.0661363161364507
-1.01867503187548 -0.983518332194228 -0.948361632456216 -0.913204932555604 -0.878048232340413 -0.842891531675464 -0.807734830538896 -0.772578128918859 -0.737421426730217 -0.702264723869777 -0.667108020235409 -0.631951315725247 -0.596794610247565 -0.561637903751205 -0.526481196227216 -0.491324487794939 -0.456167778596427 -0.421011068736319 -0.385854358306293 -0.350697647383606 -0.315540936041912 -0.280384224347838 -0.245227512339897 -0.210070800060995 -0.174914087599737 -0.139757375055686 -0.104600662526549 -0.0694439500849024 -0.0342872377046443 0.000869474664996726
-1.008975191877 -0.973604790789857 -0.93823816629793 -0.902878201067476 -0.867528611138074 -0.832193486370813 -0.796877578539515 -0.76158588479622 -0.726323721893119 -0.69109582655722 -0.65590429581464 -0.620750566766276 -0.58563521263454 -0.550555351127916 -0.515507413153667 -0.480488537928094 -0.445495692631605 -0.410524447991975 -0.375569866478754 -0.340626373981214 -0.305688237243558 -0.270750366080315 -0.235810242587316 -0.200866962399005 -0.16592350302298 -0.130983401038484 -0.0960485474381712 -0.061119682904732 -0.0261945924675876 0.00872967775715885
-1.08887717565788 -1.05099928538708 -1.01312139503418 -0.97524350457593 -0.937365614084194 -0.899487723666435 -0.861609833477386 -0.823731943672153 -0.785854054360045 -0.7479761656351 -0.710098277576074 -0.672220390257899 -0.63434250376744 -0.596464618239292 -0.558586733788262 -0.520708850402281 -0.482830968044682 -0.444953086707269 -0.407075206380426 -0.369197327020385 -0.331319448574838 -0.293441571000237 -0.255563694288076 -0.217685818441341 -0.179807943473944 -0.141930069370477 -0.104052195987343 -0.066174323147398 -0.0282964506675239 0.00958142163689266
-1.00326232839861 -0.970145380538923 -0.937028432711217 -0.903911484928703 -0.870794537193824 -0.837677589478165 -0.804560641640634 -0.77144369349713 -0.738326744804202 -0.705209795336618 -0.672092845001388 -0.638975893738583 -0.605858941525343 -0.572741988487084 -0.539625034766739 -0.506508080429028 -0.473391125554328 -0.440274170363856 -0.407157215099752 -0.374040259947008 -0.340923305076327 -0.307806350635046 -0.274689396677028 -0.241572443217606 -0.20845549021145 -0.175338537600594 -0.142221585337179 -0.109104633366391 -0.0759876815954827 -0.0428707299222247
-1.0182698960877 -0.981309654041831 -0.944349411967987 -0.907389169825819 -0.870428927542618 -0.833468685055526 -0.796508442373428 -0.759548199517036 -0.722587956482606 -0.685627713258576 -0.648667469826559 -0.611707226166463 -0.574746982268945 -0.537786738167664 -0.500826493903809 -0.463866249505695 -0.426906004998437 -0.389945760407211 -0.352985515749608 -0.31602527101282 -0.279065026176434 -0.242104781228645 -0.205144536192067 -0.168184291106583 -0.131224046046749 -0.0942638010779909 -0.0573035561945483 -0.0203433113721502 0.0166169334163404 0.0535771781987764
-0.996316694996458 -0.960200763968857 -0.924084832890811 -0.887968901744041 -0.85185297060129 -0.815737039544016 -0.779621108597527 -0.743505177773913 -0.707389247088534 -0.671273316542495 -0.635157386076585 -0.599041455616512 -0.562925525070347 -0.526809594275602 -0.490693663095529 -0.454577731566911 -0.418461799793802 -0.382345867975799 -0.346229936301512 -0.310114004820039 -0.273998073545601 -0.237882142465165 -0.201766211456679 -0.165650280405121 -0.129534349332592 -0.0934184182851025 -0.057302487267172 -0.021186556273846 0.0149293746962285 0.0510453056435045
1.02394031248752 0.986451795034528 0.948947063322276 0.911410645197132 0.873815455373483 0.836135170466936 0.798358127829964 0.760493987704607 0.722623041154296 0.684839834308318 0.647225302737996 0.609856979375161 0.572804005901381 0.536101958997173 0.499778529786567 0.463863432168684 0.428378761163867 0.393314113502231 0.358649883867154 0.324362157045279 0.290425940349067 0.256806242372444 0.223428076835208 0.190215059278564 0.15712520740349 0.124121239739696 0.0911502759720528 0.0581663331655202 0.0251666167502504 -0.00784087075230614
-0.931942697238068 -0.904040456638617 -0.876173092231105 -0.848366826388325 -0.820708587274974 -0.793258958970056 -0.765912443417926 -0.738538943018721 -0.711076044130397 -0.683466159123292 -0.655603320459478 -0.627369465623956 -0.598585910675171 -0.568831485965319 -0.537668964826534 -0.504839378216928 -0.470188403771788 -0.43380204820913 -0.395872254685516 -0.356774383028974 -0.316929647235398 -0.27671165119879 -0.236303558405576 -0.195820946810289 -0.155299492647471 -0.114753096149173 -0.0741884552574948 -0.0336049169243324 0.00702037356927293 0.0477158213599937
-0.952752098107187 -0.921290182384195 -0.889828266627662 -0.858366350852344 -0.826904435121787 -0.795442519528368 -0.763980604230996 -0.732518689416776 -0.701056775319074 -0.669594862162772 -0.638132950092555 -0.606671039233057 -0.575209129663875 -0.543747221284457 -0.512285313994722 -0.480823407876625 -0.449361503024202 -0.417899599397758 -0.386437696919492 -0.354975795492913 -0.323513895016856 -0.292051995377221 -0.260590096408177 -0.229128197934526 -0.197666299795341 -0.166204401826821 -0.134742503839407 -0.10328060567829 -0.0718187073534098 -0.0403568089158968
-0.982812116126363 -0.949260592808916 -0.915709069500146 -0.882157546188506 -0.84860602288591 -0.815054499616972 -0.781502976433611 -0.747951453392243 -0.714399930539933 -0.680848407913528 -0.647296885518334 -0.613745363351774 -0.580193841406303 -0.546642319654511 -0.513090798075413 -0.47953927669361 -0.445987755564314 -0.412436234819604 -0.378884714572867 -0.345333194785857 -0.31178167538242 -0.278230156284042 -0.244678637402774 -0.211127118652719 -0.177575599965635 -0.144024081282948 -0.110472562567115 -0.0769210437966772 -0.0433695249934864 -0.00981800619022151
-0.908834767523486 -0.921367016219102 -0.931258000177327 -0.935911855983161 -0.930672849861256 -0.911287720769669 -0.877172968960434 -0.829588726502804 -0.773499891440931 -0.714393481928067 -0.65614023057897 -0.602206798623773 -0.555514505539952 -0.516803303794352 -0.48605039220242 -0.462363321984649 -0.443734745933599 -0.424567370725073 -0.399603586988493 -0.368534467284517 -0.332288254656609 -0.292415596401527 -0.252956756829181 -0.217030000003066 -0.181575971987845 -0.142921675657441 -0.101117159121649 -0.0570026494671922 -0.0108560444526304 0.0371853404955172
-1.00002551731551 -0.964490780434812 -0.928956043527417 -0.893421306593405 -0.857886569726953 -0.822351833015087 -0.786817096422123 -0.751282359906607 -0.715747623526687 -0.680212887373838 -0.64467815157323 -0.609143416258461 -0.573608681556707 -0.538073947569474 -0.502539214349976 -0.467004481783947 -0.431469749705149 -0.39593501790693 -0.360400286198873 -0.324865554495915 -0.289330822739331 -0.25379609089363 -0.218261359016263 -0.182726627164484 -0.147191895301844 -0.111657163374487 -0.0761224313526421 -0.0405876992202551 -0.00505296699205064 0.0304817653095517
-1.07960652892202 -0.961792841372388 -0.864175730863959 -0.805560143338906 -0.783085896492915 -0.785583714330699 -0.790313074339562 -0.775395147698566 -0.733969126871232 -0.667443675984433 -0.595287324534008 -0.541483568358036 -0.52274031005595 -0.526663079272607 -0.5347765575684 -0.533384407120453 -0.51379985047509 -0.482595371038711 -0.448075958887285 -0.410217369914982 -0.366913051470524 -0.316668541788989 -0.260437742650877 -0.202217256180065 -0.155726122328511 -0.132240060147055 -0.12353906725399 -0.118045910698953 -0.110250156689515 -0.0961580712227259
-1.01204345338367 -0.977446815073227 -0.942850177006602 -0.908253539438716 -0.873656902553759 -0.839060266495482 -0.804463631316621 -0.769866997051442 -0.735270363751327 -0.70067373147064 -0.666077100258531 -0.631480470162846 -0.596883841201001 -0.562287213268683 -0.527690586263005 -0.493093960208527 -0.458497335130014 -0.423900710925624 -0.389304087446333 -0.354707464481011 -0.320110841803001 -0.285514219208298 -0.250917596583499 -0.21632097384712 -0.181724350954718 -0.147127727877531 -0.112531104612451 -0.0779344811748894 -0.0433378576286658 -0.00874123404970354
-0.968643552216931 -0.937382263450868 -0.906120974589289 -0.874859685499057 -0.843598396098911 -0.812337106331318 -0.781075816181766 -0.749814525671242 -0.718553234919706 -0.687291944051099 -0.656030653106305 -0.624769362105445 -0.593508071086963 -0.562246780162591 -0.530985489443401 -0.499724198964533 -0.468462908725934 -0.437201618662726 -0.405940328714867 -0.37467903890652 -0.343417749282896 -0.312156459859368 -0.280895170531968 -0.249633881180244 -0.218372591737172 -0.187111302159738 -0.155850012447548 -0.124588722617955 -0.0933274327166742 -0.0620661427965122
-0.919243876819877 -1.05794698621284 -1.021097580551 -0.901522357083125 -0.805414037312897 -0.803089293996629 -0.807994580646214 -0.733313634797687 -0.64804954932807 -0.63399438356882 -0.668276707328166 -0.701859218033527 -0.692186111692446 -0.622627578632955 -0.502423836853404 -0.418369220712917 -0.436581255474422 -0.462916113655283 -0.400019395312627 -0.297955763408193 -0.243644646629875 -0.284721786597873 -0.311688176661605 -0.227181410652972 -0.139520232604591 -0.159153967658364 -0.199373115192615 -0.155553456900603 -0.0485707294989031 0.069324341540082
-0.988020667100764 -0.956462393162777 -0.924831650739714 -0.893057596613112 -0.861086704615775 -0.828883448714987 -0.796466986364663 -0.763860553156097 -0.731049013743455 -0.698013007239572 -0.664754641529078 -0.631281391689555 -0.597604718395027 -0.563752024705302 -0.529740982432415 -0.495534396011534 -0.46108109605231 -0.426328885239192 -0.391230650410535 -0.355760642945524 -0.319898455358551 -0.28362188283185 -0.246901531219014 -0.209712196634795 -0.172052625567236 -0.133944025091205 -0.0954734942556001 -0.0567428170847079 -0.0178466255303458 0.0211222364737867
-1.04128540255848 -0.993687389084385 -0.946526297954394 -0.900302965064056 -0.85584614316295 -0.813879216439365 -0.774376177982382 -0.737118873063405 -0.70186994678231 -0.668475520495793 -0.637134820759334 -0.608135350428107 -0.581662421681584 -0.557492583996417 -0.53515249725159 -0.513578025638239 -0.49159825002609 -0.468205913687088 -0.442468766050547 -0.413590918773051 -0.380810574068002 -0.343550906336165 -0.301974978727756 -0.256513041376318 -0.207924203599246 -0.157058086158339 -0.104797496409172 -0.051943526726941 0.00106277702843261 0.0538703806258468
-0.98566179854942 -0.95100026207898 -0.916369231386814 -0.881795584943735 -0.84731288356756 -0.81296099604091 -0.778798340658637 -0.74488218331609 -0.711246630798381 -0.677916791313108 -0.644904937868056 -0.612220134671059 -0.579864542628147 -0.547812709438154 -0.516032649274494 -0.484493855416123 -0.453158962071436 -0.421961688061052 -0.390837032606844 -0.359754031923488 -0.328690231473859 -0.297625532203979 -0.266549256992453 -0.235459441354407 -0.204379549418477 -0.173330974205574 -0.142301395692198 -0.111273517473662 -0.0802438506649339 -0.0492123582608984
-1.00242011495932 -0.968954034831834 -0.935487954692732 -0.902021874478179 -0.868555794054864 -0.835089713270519 -0.801623631966552 -0.76815754999253 -0.734691467236976 -0.70122538360902 -0.667759299061244 -0.634293213557097 -0.600827127076198 -0.567361039662856 -0.533894951383865 -0.500428862331253 -0.466962772582953 -0.433496682135272 -0.400030590990408 -0.366564499255738 -0.333098407064932 -0.299632314552183 -0.266166221853769 -0.232700129087614 -0.199234036296139 -0.165767943486236 -0.13230185059818 -0.0988357575783066 -0.0653696644638074 -0.0319035713145878
-0.986147151374295 -0.955171113658511 -0.924153033123432 -0.893111626315453 -0.862054494055985 -0.831006578795511 -0.800073305225794 -0.769349886612011 -0.738810208271727 -0.708376031859741 -0.677881952327389 -0.647140772950145 -0.615957419936558 -0.584105311227476 -0.551381732802922 -0.517710951067321 -0.48306488011696 -0.447479044391168 -0.411014711204167 -0.373772509026691 -0.3358629066186 -0.297370151849161 -0.258273609025242 -0.218548949635353 -0.178261957456944 -0.137502744641602 -0.0963686245485026 -0.0549611454739317 -0.0133915942550038 0.0282263076359582
-0.993632011844955 -0.960353386158047 -0.927074760623523 -0.89379613533983 -0.860517510340822 -0.827238885666095 -0.793960261442819 -0.760681637791901 -0.727403014721651 -0.694124392223368 -0.660845770332907 -0.627567149097262 -0.594288528552908 -0.561009908694229 -0.527731289529282 -0.494452671162889 -0.461174053721016 -0.427895437317417 -0.394616822052603 -0.361338207986294 -0.328059595168016 -0.294780983617548 -0.261502373235688 -0.228223763900778 -0.194945155520317 -0.161666547983046 -0.128387941073515 -0.0951093345626883 -0.0618307282713631 -0.0285521220327961
-0.957741460014933 -0.934523183900192 -0.911050532757786 -0.887007206724388 -0.861917527517295 -0.835331051019062 -0.807057648192668 -0.777012226752395 -0.745269526337309 -0.711940964826515 -0.677124841134486 -0.640916174434539 -0.603419421075669 -0.564776786109591 -0.525236165101661 -0.48543046696908 -0.446019737391798 -0.407387555748906 -0.369782230460478 -0.333187452411354 -0.297520758102569 -0.262714103853632 -0.228757125257956 -0.195627772699777 -0.163199576452718 -0.131277928147355 -0.0995000849526975 -0.0675329958632091 -0.0353305116367378 -0.00291820847197802
-1.03183998853357 -0.996842184707845 -0.961844380931477 -0.926846577222042 -0.891848773483455 -0.856850969595296 -0.82185316545345 -0.786855360965074 -0.751857556066088 -0.716859750703799 -0.681861944842287 -0.646864138449824 -0.611866331487771 -0.57686852388985 -0.541870715585324 -0.506872906513266 -0.471875096605286 -0.436877285753315 -0.401879473873276 -0.366881661016735 -0.331883847269165 -0.296886032719119 -0.261888217467466 -0.226890401651616 -0.191892585542832 -0.156894769415512 -0.121896953422741 -0.0868991376534805 -0.0519013220615081 -0.016903506566805
-0.973167053680431 -0.940133155368782 -0.907099257012956 -0.874065358564886 -0.841031460052075 -0.807997561537821 -0.774963663153011 -0.741929765019027 -0.708895867151631 -0.675861969542676 -0.642828072193986 -0.609794175109882 -0.576760278277878 -0.543726381618269 -0.51069248503034 -0.477658588396553 -0.444624691613034 -0.411590794647376 -0.378556897504832 -0.345523000269834 -0.312489103046607 -0.279455205923962 -0.24642130892905 -0.213387412070277 -0.180353515342732 -0.147319618730759 -0.114285722189029 -0.0812518256708773 -0.0482179291539746 -0.0151840326220734
-1.00369116575048 -0.968432353934922 -0.933173542066377 -0.897914730095113 -0.862655918028844 -0.827397105913322 -0.792138293889018 -0.75687948212956 -0.721620670846475 -0.686361860235288 -0.65110305038962 -0.615844241377612 -0.580585433262318 -0.545326626086449 -0.510067819874245 -0.474809014596423 -0.439550210203563 -0.404291406619214 -0.369032603767626 -0.333773801602891 -0.298515000086558 -0.263256199174157 -0.22799739879713 -0.192738598901748 -0.157479799517689 -0.122221000662539 -0.0869622022221278 -0.0517034040549343 -0.0164446060417915 0.0188141919308791
-1.0523887950291 -1.01557985051569 -0.978770906011112 -0.94196196155538 -0.905153017284644 -0.86834407333627 -0.831535129756359 -0.794726186540462 -0.757917243573183 -0.721108300727914 -0.684299357944136 -0.647490415177851 -0.610681472365705 -0.573872529366916 -0.537063586017421 -0.500254642137461 -0.46344569756942 -0.426636752259933 -0.389827806214959 -0.353018859573486 -0.316209912507758 -0.279400965182492 -0.242592017732287 -0.205783070273486 -0.168974122879534 -0.132165175608884 -0.0953562285029228 -0.0585472815803278 -0.0217383347860125 0.0150706119535514
-0.963246366111763 -0.930579236565848 -0.897912107075524 -0.865244977742044 -0.832577848716929 -0.799910720140004 -0.767243592054037 -0.734576464479683 -0.701909337446204 -0.669242210972865 -0.63657508503034 -0.603907959577157 -0.5712408345386 -0.538573709706984 -0.505906584857473 -0.473239459829606 -0.44057233449264 -0.40790520877034 -0.375238082612252 -0.342570956016552 -0.309903828993575 -0.277236701575395 -0.244569573881057 -0.211902446057196 -0.179235318273845 -0.146568190677958 -0.11390106330079 -0.0812339361292573 -0.0485668090886319 -0.0158996820887761
-1.00309786798973 -0.969174985460057 -0.935252103009617 -0.90132922071086 -0.86740633858752 -0.833483456634622 -0.799560574781043 -0.765637692952683 -0.731714811129652 -0.697791929303747 -0.663869047459301 -0.629946165578778 -0.596023283619054 -0.562100401434646 -0.528177518871573 -0.494254635844201 -0.460331752292898 -0.426408868193693 -0.392485983544487 -0.358563098395032 -0.324640212808041 -0.290717326836404 -0.25679444049371 -0.222871553797265 -0.188948666818538 -0.155025779641115 -0.121102892342886 -0.0871800049908812 -0.0532571176143853 -0.0193342302332476
-0.935279186526173 -0.90324923705869 -0.871218240249162 -0.839184245608296 -0.807143651301958 -0.775090605293433 -0.743011906080562 -0.710895104405811 -0.678738109455622 -0.646546875823752 -0.614349181289244 -0.582178259427465 -0.550067105668625 -0.518047762862307 -0.486154801986049 -0.454433859109815 -0.422923741293161 -0.391624874461559 -0.360530323378349 -0.32964208929244 -0.298964407574128 -0.268495019493351 -0.238205689918604 -0.208059451697002 -0.178010385991593 -0.148015532145469 -0.118052713905988 -0.0881070104116485 -0.0581717379612609 -0.0282422721437134
-0.958947880240747 -0.926746926244442 -0.894545972262951 -0.862345018314505 -0.830144064441123 -0.797943110698003 -0.765742157169279 -0.733541203931583 -0.701340251002606 -0.669139298367732 -0.63693834594206 -0.604737393623122 -0.572536441308548 -0.54033548889637 -0.508134536276587 -0.475933583306656 -0.443732629874561 -0.41153167602294 -0.379330721837092 -0.347129767418296 -0.314928812871827 -0.282727858278532 -0.250526903621553 -0.218325948878175 -0.186124994099976 -0.153924039336054 -0.121723084551295 -0.0895221296976921 -0.0573211747598821 -0.0251202197306613
-1.04003410132525 -1.00468782717646 -0.96934155306968 -0.93399527907495 -0.898649005268662 -0.863302731696529 -0.827956458275213 -0.792610184905217 -0.757263911551456 -0.721917638185748 -0.686571364743126 -0.651225091149424 -0.615878817331537 -0.580532543220618 -0.545186268772475 -0.509839994037286 -0.474493719065947 -0.439147443817862 -0.403801168248576 -0.368454892389693 -0.33310861629183 -0.297762340019395 -0.262416063691944 -0.227069787433237 -0.191723511328678 -0.156377235435839 -0.121030959739305 -0.0856846842037563 -0.0503384087872268 -0.0149921334460909
-0.989838167056175 -0.960669681618096 -0.931402473518661 -0.901943725421063 -0.87223292533933 -0.842217511624354 -0.811844418623674 -0.78106517005974 -0.749850151158013 -0.718175526285305 -0.686021714870824 -0.653370200109377 -0.620200507356087 -0.586484330607349 -0.552194309586434 -0.517314698282861 -0.481848025881295 -0.445858308080731 -0.409406713317758 -0.372481534465001 -0.335052845504093 -0.297102359273693 -0.258658344040565 -0.219781126025073 -0.18061270783388 -0.141292614953586 -0.10186878800424 -0.062366317944577 -0.0228104819546388 0.0167733962302084
-1.0095170852106 -0.956153282081336 -0.916917274435035 -0.920270901711573 -0.948887599893632 -0.970200406198499 -0.936469166239089 -0.82102537800131 -0.696660340567444 -0.638458163794837 -0.63121439954471 -0.637152460179257 -0.624762226183457 -0.587599450533438 -0.529533446429505 -0.470621895477518 -0.428783132035458 -0.397189733064245 -0.365728333177135 -0.335887554993796 -0.312056518135498 -0.292460518195816 -0.250669554657541 -0.169197383607374 -0.0909880836584281 -0.059857976564283 -0.0626820341139537 -0.0760334242140073 -0.0922194492057819 -0.107480945039308
1.00346658909728 0.969668913409101 0.935871237809098 0.902073562362565 0.868275887064344 0.834478211891801 0.800680536822833 0.76688286184774 0.733085187005912 0.699287512367891 0.665489838079749 0.631692164306441 0.597894491216482 0.564096818992645 0.530299147793427 0.49650147766597 0.462703808622747 0.428906140648895 0.39510847369991 0.361310807640058 0.327513142310796 0.293715477560125 0.259917813262212 0.226120149323131 0.192322485750415 0.158524822541963 0.12472715955568 0.0909294966358079 0.057131833711943 0.0233341707350179
-1.02196252370745 -0.985504561332718 -0.949046599036951 -0.912588636898004 -0.876130674961269 -0.839672713254597 -0.803214751768145 -0.766756790500335 -0.730298829520335 -0.69384086887465 -0.657382908448364 -0.620924948086209 -0.584466987642594 -0.548009027010646 -0.511551066114194 -0.47509310496116 -0.438635143582786 -0.402177182019504 -0.365719220298408 -0.329261258384034 -0.292803296225283 -0.256345333778191 -0.219887371027358 -0.183429407978372 -0.146971444692234 -0.110513481232021 -0.0740555176137086 -0.037597553848681 -0.00113958997706504 0.0353183739538272
-0.997981290722426 -0.963518856591855 -0.929056422484777 -0.894593988448764 -0.860131554619828 -0.825669121137648 -0.791206688068129 -0.756744255464209 -0.722281823400738 -0.687819391938754 -0.653356961062132 -0.618894530735453 -0.584432100918709 -0.549969671553519 -0.515507242584029 -0.481044813982863 -0.446582385705733 -0.412119957612232 -0.377657529548809 -0.343195101405461 -0.30873267308307 -0.274270244528857 -0.239807815875399 -0.205345387280927 -0.170882958820949 -0.136420530545055 -0.101958102481888 -0.0674956746380516 -0.0330332469529429 0.00142918065084184
-0.996539131896871 -0.962410058074748 -0.928280984330693 -0.894151910726574 -0.860022837306601 -0.82589376407828 -0.791764690919956 -0.757635617682269 -0.723506544234179 -0.689377470457532 -0.655248396267387 -0.621119321587108 -0.586990246389508 -0.552861170845185 -0.518732095165507 -0.484603019527114 -0.45047394407009 -0.416344868823019 -0.382215793785079 -0.348086718949318 -0.313957644307253 -0.279828569842241 -0.245699495505005 -0.211570421265481 -0.177441347203089 -0.143312273413791 -0.109183199950246 -0.0750541268248023 -0.0409250539318783 -0.00679598113641029
-0.98471228536442 -0.941542333522863 -0.913088782581562 -0.90158138567472 -0.872327872473537 -0.802032653170985 -0.749908883510131 -0.762949134951446 -0.756754896274934 -0.652737525567346 -0.526938940822894 -0.494058700012655 -0.61062579996251 -0.700486992917547 -0.604793852034613 -0.466599478698369 -0.444245667269692 -0.455327455786505 -0.391811405954237 -0.283896930471311 -0.196341654784395 -0.174133957079375 -0.183185226498996 -0.177546602093073 -0.142905211582852 -0.0789928269472386 -0.0100838085243728 0.0377081382050597 0.0554545155494191 0.0385231277643268
-0.970463024410651 -0.93597639114236 -0.901489757943397 -0.867003124901367 -0.832516492087867 -0.798029859566602 -0.763543227385721 -0.729056595581248 -0.694569964156268 -0.660083333110943 -0.625596702466681 -0.5911100722502 -0.556623442488563 -0.522136813210194 -0.487650184429091 -0.453163556100183 -0.418676928145019 -0.384190300410691 -0.34970367274497 -0.315217045072789 -0.280730417338369 -0.246243789477446 -0.211757161391811 -0.177270532985145 -0.142783904202654 -0.108297275006019 -0.0738106453812968 -0.03932401534681 -0.00483738502554706 0.029649245433336
-0.983699433684966 -0.951833714889068 -0.919967996118105 -0.888102277352507 -0.856236558522585 -0.824370839569495 -0.792505120527899 -0.760639401478273 -0.728773682590873 -0.69690796403323 -0.665042245872223 -0.633176528149565 -0.60131081095066 -0.569445094535673 -0.537579379176861 -0.505713665020087 -0.473847952165171 -0.441982240654153 -0.41011653048534 -0.378250821539896 -0.346385113669698 -0.31451940672278 -0.282653700531807 -0.250787994944413 -0.218922289883472 -0.187056585293341 -0.155190881129065 -0.123325177332498 -0.0914594737820366 -0.0595937703402166
-1.13821373711621 -1.0337200576449 -0.942418232138124 -0.916920466931733 -0.919371989409558 -0.898428124698749 -0.839251567851748 -0.748732049244251 -0.684160070619691 -0.69257717012243 -0.729628260132818 -0.728109096590196 -0.643412254014712 -0.52131758124973 -0.424825999285832 -0.395435443379262 -0.444247687143695 -0.482282843356854 -0.427062619355949 -0.322196761552106 -0.242817026124925 -0.237901989081834 -0.251817505741551 -0.220917663410497 -0.154122198034599 -0.0829695528890092 -0.0569073519262574 -0.0978019867402985 -0.099285738813397 0.0770676379001054
-0.998842817841465 -0.968014689937674 -0.937154031979947 -0.906243588822587 -0.875290203778559 -0.844292768524017 -0.813194269729228 -0.781904923562026 -0.750259769186423 -0.718077877116336 -0.685189620269136 -0.651428197163058 -0.616660924942775 -0.580891595258705 -0.544172918508948 -0.506616805576574 -0.468376270936576 -0.429709542946666 -0.390858164838472 -0.351891725456585 -0.312836825048834 -0.273703108237158 -0.234432397139938 -0.194964888787239 -0.155302102359419 -0.115463848859978 -0.0754817844346922 -0.0353898014915627 0.00478110765478131 0.0450006757130535
0.982531129150606 0.949748239934067 0.916965350691196 0.884182461416258 0.851399572053024 0.818616682522932 0.785833792708566 0.753050902506439 0.72026801190763 0.687485120946085 0.654702229732655 0.621919338397421 0.589136447086566 0.556353556010685 0.523570665368245 0.49078777524479 0.458004885673312 0.425221996589516 0.392439107896918 0.359656219467549 0.32687333116557 0.294090442868512 0.261307554507392 0.228524666026614 0.195741777370648 0.162958888505174 0.130175999480641 0.0973931103608956 0.0646102211786028 0.0318273319586334
1.00447045939097 0.97200529610691 0.939514149768286 0.90697523739586 0.874361397923257 0.841647306223484 0.808820359014223 0.775862511898995 0.74272123418001 0.709336118744482 0.675649739120968 0.641605413998358 0.607163218487349 0.572350253385865 0.537201319211487 0.501714989673178 0.465878199243798 0.429667552260398 0.393065201099657 0.356085820432596 0.318752215503816 0.281096018680455 0.243184170819793 0.205086593975453 0.166849826496296 0.128510910134352 0.0900922839590922 0.051612409317462 0.013088439348859 -0.0254627998592054
1.08116728158206 1.01411048070681 0.949422933042256 0.889373349533562 0.835164505082615 0.787222083643128 0.743929341419414 0.703413825725522 0.664822676063842 0.6277209572734 0.592325843351415 0.559017535584656 0.52826466095208 0.500889549201399 0.477191697587732 0.45502557062707 0.431590219816076 0.403908077313241 0.369750457997285 0.330060826966017 0.286575686872016 0.24113275219213 0.195974584700269 0.153322084105152 0.114904654557654 0.082026161782497 0.0547798133576486 0.0327269953530724 0.0145124659534777 -0.00144817362773913
1.00349153067025 0.968992900797745 0.934494270780699 0.899995640500981 0.865497009867908 0.830998378791131 0.796499747154183 0.762001114860312 0.72750248191772 0.69300384836168 0.658505214230778 0.624006579564432 0.58950794442579 0.555009308972932 0.52051067336663 0.486012037683488 0.451513401958051 0.417014766140811 0.382516130167093 0.348017493995629 0.313518857590998 0.279020220915734 0.244521583924166 0.210022946570194 0.175524308814188 0.141025670635701 0.106527032084552 0.0720283932354588 0.0375297541924783 0.00303111506700184
-0.943419512645785 -0.911415823059543 -0.879413173478418 -0.847416474029257 -0.815427542086934 -0.783446473661658 -0.751469572056936 -0.719493986206944 -0.687524040275225 -0.655567524663725 -0.623638919498624 -0.591754377337159 -0.559929757525626 -0.528179746566537 -0.496517094305437 -0.464947976803766 -0.433477139067768 -0.402110175667 -0.370851507811208 -0.339700013707577 -0.308653185812651 -0.277705431169496 -0.246838815167269 -0.216033324343137 -0.185272971480217 -0.154544262499627 -0.123839649628561 -0.0931529877419194 -0.0624777959993727 -0.0318075096317839
-0.941397839413384 -0.915699922963717 -0.889903632960052 -0.863864693708089 -0.837453493213407 -0.81056804423093 -0.783202194813071 -0.755353242231397 -0.726936445336617 -0.697851518059966 -0.66801803307566 -0.637360527743658 -0.60577817364124 -0.573068679214949 -0.539042816385726 -0.503665074102818 -0.466986953689962 -0.429254288940543 -0.390751017753409 -0.351719161979607 -0.312390264458234 -0.272990189498697 -0.233722087291637 -0.194749395467013 -0.156099415530815 -0.117759538078796 -0.079693646189706 -0.0418543174417236 -0.00417241492773327 0.0334266268807037
-1.00557223252499 -0.970022833040087 -0.934469254071472 -0.898906007919575 -0.863334773905453 -0.827761448541833 -0.792201630087496 -0.756676458311033 -0.721219537274211 -0.685864276225152 -0.65063084086423 -0.61553608600488 -0.580591240274791 -0.545785027558667 -0.51110232903457 -0.476535159796985 -0.442077421791466 -0.407723430451419 -0.373467912790327 -0.339306828654142 -0.305236446096926 -0.271251062636117 -0.237337093642633 -0.203480132859161 -0.169670369661975 -0.135899609536451 -0.102161526770785 -0.0684498198391914 -0.0347564151571272 -0.00107279612536055
0.882079538111718 0.936436851868226 0.967635362435176 0.965504185795644 0.934925691793669 0.884019139802964 0.818798093454984 0.746847770539555 0.684145701222255 0.64459730874153 0.625427276251528 0.61969010188533 0.618767798456195 0.607352437498114 0.5736394258392 0.526527452763313 0.478415746597898 0.435002409388985 0.398758808456538 0.36595049849767 0.331291581053785 0.292042963879499 0.255652779582294 0.228425310317763 0.201902211581086 0.166839274289872 0.12561145771185 0.0832014732926447 0.0434038728393475 0.00971616824941642
