-0.982522419694787 -0.947791747171745 -0.913061074641838 -0.878330402101133 -0.843599729598683 -0.808869057167691 -0.774138384724963 -0.739407712185024 -0.704677039569664 -0.669946366905878 -0.635215694134222 -0.600485021173641 -0.565754347934811 -0.53102367429534 -0.49629300014427 -0.461562325449457 -0.426831650196952 -0.392100974366787 -0.357370297927129 -0.322639620804707 -0.28790894291589 -0.253178264223873 -0.218447584879135 -0.183716905070404 -0.148986224952106 -0.114255544638988 -0.0795248641213678 -0.0447941833764238 -0.0100635024531848 0.0246671785813575
-0.991527391189327 -0.956185994285105 -0.920844597545472 -0.885503201128744 -0.850161805078963 -0.814820409426592 -0.779479014262078 -0.744137619676199 -0.708796225701079 -0.673454832356054 -0.638113439667963 -0.60277204766552 -0.567430656405754 -0.532089266058949 -0.496747876794194 -0.461406488662528 -0.426065101675077 -0.39072371580135 -0.355382330979424 -0.320040947063275 -0.284699563885849 -0.249358181293017 -0.214016799182334 -0.17867541748094 -0.143334036182621 -0.107992655285875 -0.0726512747413975 -0.0373098944820452 -0.00196851441710991 0.033372865550007
-1.01118278289001 -0.974593154658142 -0.937992810729515 -0.901370227380406 -0.864740211184164 -0.828124773338861 -0.791548413244384 -0.755037229105194 -0.718621226142234 -0.682327129038982 -0.646164633312575 -0.610139177188563 -0.57425708346263 -0.538528213210973 -0.502961834064252 -0.467561301590425 -0.432328767326356 -0.397267478747206 -0.362381390413428 -0.327676189288349 -0.293157995436007 -0.258828192370802 -0.224669217408563 -0.190657826231739 -0.156766994187831 -0.122969973548448 -0.0892449046165707 -0.055570837381128 -0.0219255725434636 0.0117134015169751
-1.00392197717891 -0.927514811448574 -0.860625337825397 -0.807757146885672 -0.770895536171105 -0.750629128995687 -0.744478144797119 -0.745619883021887 -0.7329283670279 -0.688626506686492 -0.622636034011263 -0.55180338655138 -0.491566813006302 -0.451731806676668 -0.436120561854239 -0.430254832194109 -0.418505793091294 -0.398942747537165 -0.372866582113952 -0.340806390170967 -0.303098316749293 -0.261176591031751 -0.220867778768112 -0.188380168752586 -0.167056605390187 -0.155810229635197 -0.138700813028171 -0.100077546351015 -0.040300666764768 0.0362668269747476
-1.01613755845094 -0.982801571769029 -0.949465585025334 -0.916129598165044 -0.88279361123317 -0.849457624300774 -0.81612163744331 -0.782785650735543 -0.749449664245092 -0.716113678056118 -0.682777692326094 -0.649441707230822 -0.616105722927668 -0.582769739500264 -0.549433756996633 -0.516097775396122 -0.482761794665932 -0.449425814793374 -0.416089835736903 -0.382753857319454 -0.34941787933008 -0.316081901576463 -0.28274592394081 -0.249409946320012 -0.21607396859519 -0.182737990651718 -0.149402012407764 -0.116066033822299 -0.0827300549847184 -0.0493940760170223
-1.02335095745968 -0.988144687273262 -0.952938417124698 -0.917732147057576 -0.882525877191741 -0.84731960763025 -0.812113338332744 -0.776907069203792 -0.741700800071099 -0.706494530763142 -0.671288261188363 -0.636081991275193 -0.600875720962532 -0.565669450231154 -0.530463179074788 -0.495256907497105 -0.460050635515211 -0.424844363190004 -0.389638090611769 -0.354431817944532 -0.319225545370754 -0.284019273065239 -0.248813001172158 -0.21360672977872 -0.178400458774922 -0.14319418801846 -0.107987917435042 -0.0727816469720105 -0.0375753765952197 -0.00236910627515457
-1.01487893517411 -0.979063085592972 -0.943247235928081 -0.907431386111557 -0.871615536227511 -0.835799686407232 -0.799983836818719 -0.764167987618488 -0.728352138880415 -0.692536290672926 -0.656720443125285 -0.620904596381966 -0.585088750582626 -0.549272905847657 -0.513457062258377 -0.47764121975907 -0.441825378257565 -0.406009537652905 -0.37019369784553 -0.334377858750251 -0.298562020285469 -0.262746182389401 -0.226930345079509 -0.191114508386232 -0.155298672312672 -0.119482836849851 -0.0836670019678239 -0.0478511676045344 -0.012035333590454 0.0237805002708138
-0.936030467375505 -0.907612787723045 -0.879146736758188 -0.850582636714191 -0.82190009710538 -0.793079744744289 -0.764076988355232 -0.734835372370085 -0.705276202139219 -0.675330096328816 -0.644987165949846 -0.614252395099466 -0.583136335705456 -0.551671811018061 -0.519901081688592 -0.487881886650161 -0.455667125644906 -0.423274863369274 -0.390713466555082 -0.357987345121326 -0.3250999197838 -0.292058538171687 -0.258886255567737 -0.225611698213651 -0.192270068533377 -0.158897377201622 -0.125526291713895 -0.0921805248728664 -0.0588513138890425 -0.0255217770748909
-1.04969314281141 -1.01036217705215 -0.971033462597532 -0.931709841042025 -0.892395479949534 -0.853094973198638 -0.813813293957172 -0.774554948065677 -0.735322192766283 -0.696116539970588 -0.656938768866474 -0.617789475460897 -0.578668812283874 -0.539575157957675 -0.500506245862997 -0.461459002321997 -0.422430146012231 -0.383416372091403 -0.344414284083888 -0.305420142500605 -0.266430122099107 -0.22744129205757 -0.188454299236644 -0.149470734210165 -0.110492384722231 -0.0715202972305482 -0.0325523558770007 0.0064139826007175 0.0453798087658513 0.0843458500068801
1.00692343087681 0.971013296216076 0.935103161407545 0.899193026302024 0.863282890727846 0.82737275454568 0.791462617768031 0.755552480444643 0.719642342622383 0.683732204330782 0.647822065532884 0.611911926175116 0.576001786202709 0.54009164555611 0.504181504164594 0.468271361917517 0.432361218725308 0.396451074622597 0.36054092969115 0.324630784077075 0.288720637942559 0.252810491447901 0.216900344745816 0.180990197973654 0.145080051214864 0.109169904520788 0.0732597578682423 0.0373496112205381 0.00143946456150081 -0.0344706821199167
-1.04278931943363 -1.00811658762948 -0.973443855801108 -0.938771123931472 -0.904098391968328 -0.86942565986447 -0.834752927628103 -0.800080195274142 -0.765407462788937 -0.730734730158086 -0.696061997392744 -0.661389264510453 -0.626716531514504 -0.592043798351179 -0.557371064965582 -0.522698331355118 -0.488025597556533 -0.453352863711635 -0.418680129987958 -0.384007396550853 -0.34933466356513 -0.31466193116839 -0.279989199389404 -0.245316468211223 -0.210643737542849 -0.175971007264969 -0.141298277219049 -0.106625547260299 -0.0719528173381249 -0.0372800874254827
-0.989143000357984 -0.955275231406452 -0.921407462387016 -0.887539693245499 -0.853671924075228 -0.819804155005078 -0.785936386158589 -0.752068617640031 -0.718200849481919 -0.684333081702176 -0.650465314332102 -0.616597547406346 -0.58272978094987 -0.548862014948912 -0.514994249389536 -0.481126484295862 -0.447258719703207 -0.413390955653627 -0.379523192164206 -0.3456554291454 -0.311787666481009 -0.27791990403041 -0.244052141555285 -0.210184378808678 -0.176316615606775 -0.14244885184835 -0.108581087699381 -0.0747133233708989 -0.040845558986918 -0.00697779464970139
-0.958896942247076 -0.933365007235797 -0.90777497075627 -0.881976325674386 -0.855745220520568 -0.828885216898493 -0.801382873040316 -0.773284781689629 -0.744694677007267 -0.715666908640244 -0.686001146763018 -0.655433391681911 -0.623688099102359 -0.590443546326259 -0.555443768858185 -0.518742013416952 -0.480493996963677 -0.440956106214439 -0.400397996930871 -0.359041731301854 -0.31709747312308 -0.274758547081178 -0.23215092142653 -0.189395464662961 -0.146660002744324 -0.104093936481329 -0.0617260086620946 -0.0195436070949023 0.0225106423087267 0.0645053041114606
-1.01949165388871 -0.98435200362931 -0.949212353388226 -0.91407270319117 -0.878933053076424 -0.843793403113227 -0.808653753482072 -0.773514104379759 -0.738374455957064 -0.703234808313962 -0.668095161393257 -0.632955515098459 -0.597815869332421 -0.562676223995353 -0.52753657898508 -0.492396934192515 -0.457257289552256 -0.422117645180519 -0.38697800119002 -0.351838357497831 -0.316698713972113 -0.28155907050223 -0.246419427062372 -0.211279783644456 -0.176140140226508 -0.141000496779798 -0.105860853262482 -0.0707212096436488 -0.0355815659492415 -0.000441922219415075
1.12017401310122 1.0534152424703 0.987671560007772 0.92378556170916 0.863302762591677 0.807884946012264 0.758956049665069 0.717473681368624 0.682767975101782 0.653649730302056 0.628479882081278 0.605506899469855 0.582874965782693 0.558311121472684 0.529874498751305 0.497369739726394 0.46148050543934 0.424661022769346 0.389327780177746 0.355975746616567 0.324619511160508 0.29489338602117 0.264910575957745 0.232759311223895 0.19794903150354 0.160495073236991 0.121015150459844 0.0802551896889628 0.0388715897709788 -0.0025016323650352
-0.943448773542444 -0.966093740052072 -0.980929481076003 -0.977665680960469 -0.954061709690441 -0.910679479523304 -0.851241386167346 -0.782216562294291 -0.717900604978695 -0.670649058346929 -0.637230790329793 -0.610517999809193 -0.583606573207155 -0.550487147106189 -0.507899054233085 -0.462681661731288 -0.422533322489889 -0.388488297963927 -0.359297557730087 -0.3312429952857 -0.299989235108256 -0.262495548509884 -0.220899794141263 -0.17952779096102 -0.146278611821033 -0.127151945220552 -0.116976688355053 -0.109023181464377 -0.101498328269594 -0.0938431733620774
-1.02106040120813 -0.984306796841814 -0.947553192466804 -0.910799588083407 -0.874045983688942 -0.837292379275636 -0.800538774818344 -0.763785170296814 -0.727031565727746 -0.690277961159565 -0.653524356730656 -0.61677075260189 -0.580017148908675 -0.543263545684555 -0.506509942948216 -0.469756340760745 -0.433002739212252 -0.39624913846652 -0.359495538651953 -0.322741939681778 -0.285988341415427 -0.24923474371208 -0.212481146429904 -0.175727549438535 -0.138973952654498 -0.102220355976941 -0.0654667591886435 -0.0287131621006076 0.00804043524688383 0.0447940327562285
-1.0204429723862 -0.985074428858126 -0.949705885319821 -0.914337341736167 -0.878968798038949 -0.843600254168681 -0.808231710133905 -0.772863165946071 -0.737494621560261 -0.702126076930373 -0.666757532061943 -0.631388986973417 -0.596020441703331 -0.560651896370585 -0.525283351073563 -0.489914805748232 -0.454546260305508 -0.419177714718503 -0.383809168990747 -0.348440623185232 -0.313072077379817 -0.277703531656595 -0.242334986114616 -0.206966440843253 -0.171597895876226 -0.136229351226889 -0.100860806882785 -0.0654922628147302 -0.0301237189524497 0.00524482478460365
-1.04367230000089 -1.0040861357795 -0.964560617662409 -0.925145145582503 -0.885898004178345 -0.846878178900812 -0.808138573744402 -0.769728871672396 -0.731691952979595 -0.694061486730151 -0.656841099734091 -0.620026908237912 -0.583610504229811 -0.547565382664786 -0.511858304204262 -0.476447189368583 -0.441290355189961 -0.406356544889188 -0.371618858116388 -0.337057394050453 -0.302654001752467 -0.268409171828428 -0.234397961064 -0.200695219031876 -0.167300400273193 -0.134180011212595 -0.101244160840306 -0.0684015917762492 -0.0356119785935804 -0.00284772885376228
-1.00145751661939 -0.967927329389041 -0.934397142117778 -0.900866954797888 -0.867336767466919 -0.833806580155692 -0.800276392822828 -0.766746205418924 -0.73321601793468 -0.699685830387548 -0.666155642861886 -0.632625455458783 -0.599095268280581 -0.565565081434653 -0.532034895057564 -0.498504709397634 -0.46497452470499 -0.431444341125242 -0.397914158758803 -0.364383977629824 -0.330853797743389 -0.297323619061895 -0.263793441376983 -0.230263264471107 -0.196733088260736 -0.163202912664809 -0.129672737478141 -0.0961425624925519 -0.06261238761198 -0.0290822127683965
-0.99650422553652 -0.961051106166207 -0.925597986754102 -0.890144867205902 -0.854691747429499 -0.819238627358099 -0.783785507023988 -0.748332386503571 -0.712879265950661 -0.677426145544555 -0.641973025489089 -0.606519905994231 -0.571066787247951 -0.535613669350225 -0.500160552349334 -0.464707436174794 -0.42925432071995 -0.393801205852231 -0.358348091460647 -0.322894977546434 -0.28744186413888 -0.251988751265104 -0.216535638943519 -0.181082527169829 -0.145629415857587 -0.110176304894453 -0.0747231941466857 -0.0392700834909308 -0.00381697286679322 0.0316361377703827
-1.00129267023645 -0.968107198751603 -0.934921727217753 -0.901736255612187 -0.868550783946427 -0.835365312252116 -0.802179840607156 -0.768994369094618 -0.735808897772012 -0.702623426659812 -0.669437955655923 -0.636252484627604 -0.603067013440556 -0.569881541954233 -0.536696070033057 -0.503510597567577 -0.470325124460137 -0.437139650634135 -0.403954176049848 -0.370768700794022 -0.337583224985018 -0.304397748756086 -0.271212272300039 -0.238026795815412 -0.204841319464081 -0.171655843374994 -0.138470367582049 -0.105284892076448 -0.0720994167736725 -0.0389139415702696
-0.990982821232925 -0.956740957011487 -0.922499092813102 -0.888257228664838 -0.854015364654301 -0.8197735009028 -0.785531637605903 -0.751289774968952 -0.717047913162131 -0.682806052312782 -0.648564192412038 -0.614322333416979 -0.580080475295276 -0.54583861805696 -0.511596761697441 -0.477354906111285 -0.443113051173036 -0.408871196777985 -0.374629342842495 -0.340387489346465 -0.306145636285673 -0.271903783644821 -0.237661931364287 -0.203420079372675 -0.169178227595823 -0.134936375977943 -0.100694524539537 -0.0664526733039007 -0.0322108222292331 0.00203102874254024
-1.01354365094529 -0.974751750873031 -0.935955711203329 -0.897178603652997 -0.858489606066443 -0.819976926693924 -0.781758789281495 -0.743914794755175 -0.706340037265027 -0.668923918941755 -0.63171758061458 -0.594812597787353 -0.558336154891933 -0.522557872072211 -0.487765576065403 -0.454177484269966 -0.421975032749612 -0.391262141567822 -0.362080117874048 -0.334297333161857 -0.307738925010843 -0.282242863188693 -0.257698446215456 -0.23399765421142 -0.210991864945465 -0.188517765873625 -0.166393885551959 -0.14445164055561 -0.122592158436051 -0.100733994488833
-0.952249469820732 -0.920442627852293 -0.888635785982003 -0.856828944259326 -0.825022102685888 -0.793215261270141 -0.761408420095698 -0.729601579261573 -0.69779473885324 -0.665987898929143 -0.634181059453164 -0.602374220365545 -0.57056738162609 -0.538760543272862 -0.50695370536265 -0.475146867948899 -0.443340031053287 -0.411533194573768 -0.379726358377991 -0.347919522336101 -0.316112686318871 -0.284305850230403 -0.252499014108119 -0.220692178018151 -0.188885342008132 -0.157078506101274 -0.125271670241587 -0.0934648343680807 -0.0616579984789455 -0.0298511625871684
-1.02188201839077 -0.986178217472253 -0.950474416613721 -0.91477061588265 -0.879066815314996 -0.84336301496519 -0.807659214993079 -0.771955415566416 -0.736251616779166 -0.700547818693874 -0.664844021321182 -0.629140224658756 -0.593436428729222 -0.557732633655039 -0.522028839562218 -0.486325046491139 -0.450621254453887 -0.414917463434997 -0.379213673407012 -0.343509884322056 -0.307806096127149 -0.272102308745733 -0.236398522006933 -0.200694735720812 -0.164990949715501 -0.129287163840789 -0.0935833780150205 -0.0578795921912033 -0.0221758063924331 0.0135279793406717
-0.98653012565676 -0.953962023839124 -0.921393922068935 -0.888825820383268 -0.856257718753218 -0.823689617132372 -0.791121515470282 -0.758553413705927 -0.725985311740038 -0.693417209485687 -0.660849106943572 -0.628281004136296 -0.595712901097648 -0.563144797906162 -0.530576694642101 -0.498008591347877 -0.465440488057046 -0.432872384805553 -0.400304281612016 -0.367736178423327 -0.335168075168446 -0.302599971770196 -0.270031868126835 -0.237463764151541 -0.204895659841727 -0.172327555238754 -0.139759450475561 -0.107191345686801 -0.0746232409224226 -0.0420551362111955
-0.989243677256337 -0.955644575239153 -0.922045473171835 -0.888446370971013 -0.854847268503688 -0.821248165642456 -0.787649062331924 -0.754049958540309 -0.720450854258272 -0.686851749492771 -0.653252644293514 -0.619653538720896 -0.586054432844024 -0.552455326766847 -0.518856220572271 -0.485257114224193 -0.451658007679728 -0.418058900987877 -0.384459794182616 -0.350860687145914 -0.31726157972174 -0.283662471766299 -0.250063363184736 -0.216464253922442 -0.182865144036853 -0.14926603362307 -0.115666922814815 -0.0820678117468395 -0.0484687005194015 -0.0148695892241335
-1.06016513565997 -1.00413319455821 -0.949237926369623 -0.896428110601357 -0.845661843680119 -0.796790133614209 -0.750226317818746 -0.706588202642123 -0.666749140759004 -0.631368888423227 -0.599997269879048 -0.571906626368328 -0.546310243282504 -0.522185182611329 -0.498489599099167 -0.474342241910517 -0.448913665775728 -0.421421053268408 -0.39133236393571 -0.359072037375683 -0.325303633199106 -0.290580086497382 -0.255011834284437 -0.218798567097252 -0.182939487642536 -0.148273388951127 -0.114197913180654 -0.0799225141149033 -0.0453450429154952 -0.0105354500885095
-0.993787883438239 -0.959081078321838 -0.924374273187255 -0.88966746803358 -0.854960662821308 -0.820253857512292 -0.785547052112417 -0.750840246641413 -0.716133441130352 -0.681426635601527 -0.646719830030792 -0.612013024382385 -0.577306218609214 -0.542599412618864 -0.507892606303124 -0.473185799535934 -0.438478992196224 -0.403772184200732 -0.3690653754889 -0.334358566053183 -0.299651755899291 -0.264944945059778 -0.23023813367458 -0.19553132190836 -0.160824509917293 -0.126117697835569 -0.0914108857179178 -0.0567040735949315 -0.021997261480116 0.0127095506172941
0.972271528360635 0.939855171770541 0.907438815162622 0.875022458478106 0.842606101650172 0.810189744638514 0.777773387516927 0.745357030367765 0.712940673193499 0.680524315993145 0.648107958831781 0.615691601790994 0.58327524493285 0.550858888241304 0.518442531682698 0.486026175231013 0.453609818856588 0.421193462507552 0.388777106112507 0.356360749544158 0.323944392661234 0.291528035353044 0.259111677631216 0.226695319540042 0.194278961132142 0.161862602459023 0.129446243559401 0.0970298844795864 0.0646135253090517 0.0321971661480601
-0.925607750874157 -0.898616445568559 -0.871666858769507 -0.844822513305612 -0.81815683149112 -0.791728163838098 -0.765524674164263 -0.739487985862873 -0.713443747323698 -0.687194836005106 -0.660569020643345 -0.633400292794134 -0.605539942923948 -0.576908457142291 -0.547424958681637 -0.516933923623312 -0.485281692016693 -0.452396706934489 -0.41822200039504 -0.382676857175887 -0.345674625244368 -0.307171724832871 -0.267296865233995 -0.226274800403635 -0.184542173890671 -0.142520228623233 -0.100356715453477 -0.0581192601822164 -0.0158284804808769 0.0265067580114641
-1.05323132055426 -1.01645787007201 -0.979684419531781 -0.942910968844513 -0.90613751796412 -0.869364066881101 -0.832590615689331 -0.795817164518805 -0.759043713540613 -0.722270262925482 -0.685496812801604 -0.648723363286533 -0.611949914467699 -0.575176466312044 -0.538403018767993 -0.501629571830395 -0.464856125498442 -0.42808267974227 -0.391309234518324 -0.354535789757355 -0.31776234538369 -0.280988901305309 -0.244215457364804 -0.20744201340179 -0.170668569309362 -0.13389512501704 -0.0971216805465839 -0.0603482359401346 -0.0235747912291311 0.0131986535576633
-1.02846801377827 -0.99307206385652 -0.957676113875222 -0.922280163770516 -0.886884213494103 -0.851488263015517 -0.816092312360046 -0.780696361568257 -0.745300410686064 -0.709904459765439 -0.674508508877224 -0.639112558096977 -0.60371660749056 -0.568320657085054 -0.532924706889659 -0.497528756880864 -0.462132807039178 -0.426736857393906 -0.391340907948365 -0.355944958553103 -0.320549009020477 -0.285153059178773 -0.249757108919992 -0.214361158168389 -0.17896520691354 -0.143569255186928 -0.108173303122362 -0.0727773508681866 -0.0373813985285768 -0.00198544619666437
1.02690036953003 0.991039438537406 0.955174557985912 0.919301538904992 0.883410199630805 0.847488638067171 0.811524063081822 0.775504193476955 0.739419676828697 0.703260533893376 0.667011349374186 0.630655348961036 0.59418011576772 0.557590662603559 0.520897250823353 0.484113706268282 0.447251445693615 0.410308685024584 0.373282840409328 0.336181329717634 0.299014071249702 0.26179054747108 0.224518497508702 0.187205639675074 0.149861352363604 0.1124946289647 0.0751112627758805 0.0377162544005967 0.000314633758933731 -0.0370885618998656
-1.07222186251072 -1.03227595080153 -0.992283277395587 -0.952212973911569 -0.91211295740259 -0.872055154513533 -0.832128744821977 -0.792420970741996 -0.752994073100967 -0.713908378880872 -0.675241561268831 -0.637075630003245 -0.599479694274547 -0.562471261081302 -0.526048065323579 -0.490180355699344 -0.454826404270616 -0.419924062757731 -0.385407986477626 -0.351220465475324 -0.317305698477874 -0.283601489984822 -0.250020067585723 -0.21647943615338 -0.182946286603588 -0.149410117200969 -0.115902969562452 -0.0824565969129504 -0.0490590555569859 -0.0156874775689849
-0.944289352308607 -0.920772708488048 -0.897280928021358 -0.873764846851658 -0.850058841676265 -0.82593629262507 -0.801043052804055 -0.774981729640446 -0.747309474870348 -0.717682747808682 -0.686200693776753 -0.653073129597463 -0.618473162292737 -0.582427059680594 -0.544952754759544 -0.506181680453967 -0.466272015589112 -0.42537542266783 -0.38370014387987 -0.341687256484983 -0.299836046510415 -0.25863544423439 -0.218532956939037 -0.17984667891531 -0.142418475485563 -0.105963676841816 -0.0701677016233591 -0.0347396697168546 0.000486582448807787 0.0356460393091822
-0.9757463908117 -0.944299240188635 -0.912852089584997 -0.881404939036458 -0.849957788548933 -0.818510638126122 -0.787063487792613 -0.755616337569639 -0.724169187444135 -0.692722037395547 -0.66127488740766 -0.629827737465344 -0.598380587567743 -0.5669334377711 -0.535486288127736 -0.504039138617182 -0.472591989171671 -0.441144839607043 -0.409697689723772 -0.378250539377263 -0.346803388436652 -0.315356236790732 -0.283909084406911 -0.252461931293973 -0.221014777547584 -0.189567623286968 -0.158120468638714 -0.126673313725633 -0.0952261586480711 -0.0637790035007598
-1.00368112660862 -0.970435028916336 -0.937188930947307 -0.903942832410709 -0.870696733107671 -0.837450632893195 -0.80420453174581 -0.770958429684268 -0.73771232676467 -0.704466223053792 -0.671220118623751 -0.637974013548 -0.604727907909838 -0.571481801831945 -0.538235695429208 -0.504989588745952 -0.47174348179992 -0.438497374573084 -0.405251267050612 -0.372005159266238 -0.338759051265832 -0.30551294307894 -0.272266834669801 -0.239020726027821 -0.205774617308368 -0.172528508675126 -0.139282400159078 -0.106036291750997 -0.0727901834135206 -0.0395440751022512
-1.01449837231828 -0.979727670253377 -0.944956968307718 -0.910186266638472 -0.875415565399743 -0.840644864713645 -0.805874164577383 -0.771103464921847 -0.736332765537583 -0.701562066192472 -0.666791366704088 -0.632020666902429 -0.59724996661983 -0.562479265697978 -0.527708563998195 -0.492937861451004 -0.458167158019294 -0.423396453726205 -0.388625748605562 -0.353855042673676 -0.31908433594248 -0.28431362844281 -0.249542920281124 -0.214772211553624 -0.180001502239877 -0.145230792320759 -0.110460081899026 -0.075689371109507 -0.0409186600934482 -0.0061479489936996
-0.95773414388857 -0.923208608470944 -0.8886830730863 -0.854157537812638 -0.81963200267896 -0.78510646769248 -0.750580932822263 -0.716055398033063 -0.681529863310553 -0.64700432863272 -0.612478793925889 -0.577953259103469 -0.543427724084013 -0.508902188806645 -0.474376653224809 -0.43985111732866 -0.405325581144247 -0.370800044804497 -0.33627450844728 -0.301748972123381 -0.267223435861812 -0.232697899690954 -0.198172363636665 -0.163646827718809 -0.1291212919358 -0.0945957562726856 -0.0600702206825018 -0.025544685117673 0.00898085043981119 0.0435063860005697
-0.989116613034202 -0.955189845138826 -0.921263077244962 -0.887336309346724 -0.853409541386663 -0.8194827732961 -0.785556005012992 -0.751629236477972 -0.717702467635724 -0.683775698445659 -0.649848928922057 -0.615922159092917 -0.581995388963936 -0.548068618451615 -0.514141847462679 -0.480215075953942 -0.446288303885139 -0.412361531177619 -0.378434757769329 -0.34450798370301 -0.310581209047603 -0.276654433878928 -0.242727658300335 -0.208800882399161 -0.174874106171172 -0.140947329584909 -0.107020552591586 -0.073093775170819 -0.0391669974331453 -0.00524021952183294
-1.02530448411555 -0.993722875336128 -0.962162180555663 -0.930631899121588 -0.899085920387758 -0.867451202703948 -0.835602590397193 -0.80342167350422 -0.770869138923267 -0.737920803696287 -0.704533908578583 -0.670661050253799 -0.636264788347809 -0.601347534255427 -0.565923654255929 -0.530015482397506 -0.493626768943948 -0.456678961252551 -0.41909794937311 -0.380909697031946 -0.342165186374509 -0.302903332955488 -0.263114785966533 -0.22278704650932 -0.181943289688678 -0.140643674550377 -0.0990606219008032 -0.0573697670520784 -0.0156473415786402 0.0260552738794944
1.02100269900181 0.986358964700778 0.951715230454057 0.917071496349913 0.882427762407363 0.847784028606162 0.813140294838293 0.778496561009767 0.743852827170509 0.709209093424459 0.674565359947711 0.639921626934397 0.605277894579481 0.570634163081256 0.535990432622396 0.501346703319768 0.466702975266528 0.432059248526792 0.397415523132202 0.362771799013559 0.328128076076452 0.293484354216921 0.258840633292813 0.224196913163596 0.189553193733426 0.154909474914986 0.120265756610383 0.0856220387098803 0.0509783210669439 0.016334603525839
-1.01382798346909 -0.976962618114619 -0.940097252779878 -0.903231887454696 -0.866366522029646 -0.829501156364627 -0.792635790296096 -0.755770423663003 -0.718905056337711 -0.682039688196416 -0.64517431909723 -0.608308948893743 -0.571443577487123 -0.534578204968842 -0.497712831471498 -0.460847457101886 -0.423982081951129 -0.387116706073479 -0.350251329535926 -0.313385952493311 -0.276520575122435 -0.239655197570101 -0.202789819863122 -0.165924441998779 -0.129059063976215 -0.0921936858005218 -0.0553283074987308 -0.0184629291024204 0.0184024493605773 0.0552678278633666
-1.03422313112286 -0.998146441779637 -0.962069752322525 -0.925993062623262 -0.889916372617997 -0.853839682255574 -0.817762991471192 -0.781686300200634 -0.745609608395665 -0.709532916033491 -0.673456223177114 -0.637379529910982 -0.601302836307619 -0.565226142391851 -0.529149448183602 -0.49307275373091 -0.456996059070637 -0.420919364166858 -0.384842668986019 -0.348765973576851 -0.312689278008658 -0.276612582361096 -0.240535886755222 -0.204459191295587 -0.168382495979301 -0.132305800776156 -0.0962291056541007 -0.0601524105851512 -0.0240757155594333 0.0120009794283998
-1.01798292536397 -0.982451269260363 -0.946919613176688 -0.911387957099937 -0.875856301048216 -0.840324645028153 -0.804792988969357 -0.769261332795623 -0.733729676484492 -0.698198020054855 -0.662666363637232 -0.627134707390055 -0.591603051478577 -0.556071396095355 -0.520539741436716 -0.485008087686771 -0.449476435001526 -0.413944783436755 -0.37841313300047 -0.342881483609837 -0.307349835159312 -0.27181818754845 -0.2362865406972 -0.200754894528282 -0.165223248955096 -0.129691603874238 -0.0941599591244098 -0.0586283145516206 -0.0230966700889995 0.0124349743085438
-1.03685934609863 -0.998238819935469 -0.959632289177901 -0.921028758768402 -0.882426952400955 -0.84383288642719 -0.805272029077788 -0.766787658490936 -0.728474840555769 -0.690442265936999 -0.652801336650671 -0.615664132550671 -0.5791578563221 -0.543470201974948 -0.508764725059556 -0.475047935962795 -0.442264522348658 -0.410268926153079 -0.3789177766948 -0.348166698551835 -0.317996065117014 -0.288382443442112 -0.259287175214671 -0.230659637489732 -0.202416574156572 -0.174466995175397 -0.146721607955888 -0.119095345208763 -0.0915183433994145 -0.0639245399318996
-0.995821977698482 -0.962192468668445 -0.928562959701965 -0.894933450842915 -0.861303942081509 -0.827674433389423 -0.794044924717836 -0.76041541603772 -0.726785907419722 -0.693156398952678 -0.659526890698531 -0.625897382712496 -0.592267875032238 -0.558638367625206 -0.525008860461189 -0.491379353589519 -0.457749847053808 -0.424120340795214 -0.390490834727531 -0.356861328757549 -0.323231822790306 -0.289602316726586 -0.255972810450154 -0.222343303862422 -0.188713796952393 -0.155084289749546 -0.121454782357686 -0.0878252748809576 -0.0541957673505529 -0.0205662597794268
-1.00017888742548 -0.964580117572326 -0.928981347873687 -0.893382578456459 -0.857783809367656 -0.822185040628472 -0.786586272236686 -0.750987504204358 -0.715388736624074 -0.679789969585091 -0.644191203082832 -0.608592437089257 -0.572993671588431 -0.537394906612825 -0.501796142190248 -0.46619737828146 -0.430598614848686 -0.394999851927057 -0.359401089566267 -0.323802327801355 -0.288203566663696 -0.252604806183481 -0.217006046386162 -0.18140728728683 -0.145808528863877 -0.110209771067579 -0.074611013772428 -0.0390122568390432 -0.00341350014832749 0.0321852564137455
-0.959902535810535 -0.928611364549331 -0.897332992208422 -0.866068641749668 -0.834830279200565 -0.803629378652154 -0.772464703384003 -0.741322758925605 -0.710153730617616 -0.678899883175237 -0.647508119000675 -0.61592649991789 -0.584104705511995 -0.551998886412714 -0.519570481807521 -0.486795614070285 -0.453665172348516 -0.420214429697889 -0.386487702957375 -0.352521100190956 -0.318348677268869 -0.283999528078083 -0.249482898572505 -0.214805828559339 -0.179986381192027 -0.145048397825586 -0.110027809275091 -0.0749594601346494 -0.0398617606544441 -0.00474901249867875
-0.949327794920831 -0.918492642700194 -0.887657490402707 -0.856822337981918 -0.825987185465659 -0.795152032887977 -0.764316880233516 -0.733481727463688 -0.702646574496384 -0.671811421266408 -0.640976267819749 -0.610141114230187 -0.579305960591872 -0.548470807080411 -0.517635653886228 -0.486800501177553 -0.455965349085671 -0.425130197616262 -0.394295046770121 -0.363459896654102 -0.332624747401575 -0.301789599120345 -0.270954451815967 -0.240119305438283 -0.209284159816516 -0.178449014760398 -0.147613870122289 -0.116778725769996 -0.0859435815904774 -0.0551084374754807
-0.956376798768638 -0.928592458615709 -0.900772962085594 -0.872834735626775 -0.844608306489889 -0.815908759338425 -0.786575307685119 -0.756469533586499 -0.725518364425015 -0.693690935179942 -0.661059865891929 -0.627723647866974 -0.593764960544095 -0.559203235894416 -0.524035112665897 -0.488229304181752 -0.451758724107151 -0.414641012899836 -0.376922148279317 -0.338716730219607 -0.300156514258344 -0.261362632955709 -0.222413726962052 -0.183367124937313 -0.144237399489618 -0.105019311196497 -0.0656711285649302 -0.0261579369477135 0.0134914188485211 0.0532321541536833
-1.07218898353631 -1.0342039360888 -0.996218888607598 -0.958233841036093 -0.920248793278048 -0.882263745248449 -0.844278696946741 -0.806293648421474 -0.768308599833125 -0.730323551373166 -0.692338503245097 -0.654353455655428 -0.616368408764959 -0.578383362551667 -0.540398316975941 -0.502413272110638 -0.464428228038712 -0.426443184771028 -0.388458142303253 -0.350473100642347 -0.312488059798093 -0.274503019775623 -0.236517980561459 -0.198532942113367 -0.160547904292703 -0.122562866934269 -0.0845778298630752 -0.0465927929198628 -0.00860775601809761 0.0293772809105743
-1.02172173898256 -0.986906715632162 -0.952091692362861 -0.91727666925587 -0.882461646332464 -0.847646623618038 -0.81283160121441 -0.778016579217523 -0.743201557623388 -0.708386536407872 -0.673571515566211 -0.638756495098481 -0.603941475040603 -0.569126455571872 -0.534311436876774 -0.499496419017183 -0.464681402017379 -0.42986638587388 -0.395051370579347 -0.36023635613876 -0.325421342560182 -0.290606329817563 -0.255791317748401 -0.22097630617401 -0.186161294987415 -0.151346284102601 -0.116531273445685 -0.0817162629499275 -0.0469012525650442 -0.0120862422448623
1.03012820892596 0.993365663078996 0.956603117156507 0.919840571125459 0.883078025020821 0.846315478875229 0.809552932643966 0.772790386264198 0.736027839677977 0.699265292806753 0.662502745484689 0.62574019752413 0.588977648718621 0.552215098786522 0.515452547462351 0.478689994620456 0.44192744017362 0.405164884048526 0.368402326218831 0.331639766832183 0.294877206079726 0.258114644169016 0.221352081373258 0.1845895179683 0.147826954174921 0.111064390184112 0.074301826122793 0.0375392620767975 0.000776698031695392 -0.03598586605201
-0.991002114612189 -0.958208619959546 -0.925405716240222 -0.892579445720032 -0.859712566665522 -0.826789293564625 -0.793802949790072 -0.760741298748387 -0.727560755096475 -0.694217362319049 -0.660697027961669 -0.626993125585104 -0.593101640163949 -0.559029002328074 -0.524779962652379 -0.490342105836582 -0.455702861448468 -0.420866204403249 -0.38584246143377 -0.350650821195963 -0.315312687826533 -0.279849245642222 -0.24428079967992 -0.208626963524724 -0.172905464234432 -0.137131943778269 -0.101315590298487 -0.0654646455674523 -0.0295900197049609 0.0062967100823316
-1.04120029882793 -1.00227433245575 -0.96338195244327 -0.924549071302372 -0.885807776020375 -0.847183555165134 -0.808669329151256 -0.770254405740841 -0.731946210239236 -0.693757132115502 -0.655701299950319 -0.617793277102275 -0.580049297993753 -0.542492281302321 -0.505151681132281 -0.468076409039675 -0.431317085097231 -0.394911705992672 -0.358887068124911 -0.323237790122624 -0.287950446171924 -0.25299614700771 -0.218284149560009 -0.183716807394993 -0.149230714428287 -0.114776747142918 -0.080328671942077 -0.0458704101992539 -0.0114036132489691 0.023065635083999
-0.989265175324954 -0.955043287950531 -0.920821400719616 -0.886599513797583 -0.852377627395209 -0.818155741716375 -0.783933856891977 -0.749711973022539 -0.71549009016007 -0.681268208308488 -0.647046327327868 -0.61282444704232 -0.578602567259951 -0.544380687724841 -0.510158808170199 -0.475936928349762 -0.441715048041387 -0.407493167098872 -0.373271285413786 -0.339049402952847 -0.304827519701557 -0.27060563566712 -0.236383750943528 -0.202161865643707 -0.167939979869517 -0.133718093714535 -0.0994962072502744 -0.0652743205479376 -0.031052433699537 0.0031694531977123
-1.0114089143987 -0.976792804015645 -0.942176693678542 -0.907560583449338 -0.872944473435479 -0.838328363745836 -0.803712254449493 -0.769096145570015 -0.734480036988671 -0.699863928559741 -0.665247820171844 -0.630631711722181 -0.596015603132542 -0.561399494423068 -0.526783385629476 -0.492167276751448 -0.457551167790746 -0.422935058793499 -0.388318949838865 -0.35370284109375 -0.319086732746998 -0.284470624963006 -0.249854517808387 -0.215238411282538 -0.180622305213782 -0.14600619940475 -0.11139009372638 -0.0767739880878109 -0.0421578824826768 -0.00754177692573644
-0.970197786992441 -0.937291736526705 -0.904391452648427 -0.871517167854199 -0.838671495165966 -0.805849839595715 -0.773036393590258 -0.740206179605309 -0.707308752697372 -0.674288652109868 -0.641095821233087 -0.607681554494037 -0.573996692127542 -0.539990257599699 -0.505613992192082 -0.470832325216905 -0.435617905756897 -0.399963573946193 -0.36387534544922 -0.32739174700016 -0.290559433100633 -0.253421751320112 -0.216008821499472 -0.178347261137257 -0.140462906091268 -0.102392092710811 -0.0642139409519487 -0.0260063539338722 0.0122004161784519 0.0503880299586138
-1.03195354483574 -0.995912714572941 -0.959871884368182 -0.923831054244676 -0.887790224248668 -0.851749394446416 -0.81570856496119 -0.779667735928919 -0.743626907479143 -0.707586079726076 -0.671545252729035 -0.635504426533608 -0.599463601156338 -0.563422776497591 -0.527381952441967 -0.491341128927197 -0.455300305891537 -0.41925948322221 -0.383218660795479 -0.347177838494799 -0.311137016205421 -0.275096193815305 -0.239055371223231 -0.203014548327456 -0.166973725013318 -0.130932901183143 -0.0948920768201328 -0.058851251960639 -0.0228104267727529 0.0132303985425001
-1.00829786037947 -0.975047370794189 -0.941796881217604 -0.908546391663081 -0.875295902211707 -0.84204541295063 -0.808794923923507 -0.77554443516738 -0.742293946736296 -0.709043458680186 -0.675792971015492 -0.642542483750284 -0.609291996871351 -0.576041510280345 -0.542791023875641 -0.509540537627646 -0.476290051520277 -0.44303956551948 -0.409789079591886 -0.376538593724824 -0.343288107910795 -0.310037622138869 -0.276787136384367 -0.243536650619406 -0.210286164817027 -0.177035678953712 -0.143785193018783 -0.110534707012532 -0.0772842209662891 -0.0440337349191407
-0.946241025715139 -0.914408173579815 -0.882575321411198 -0.85074246917249 -0.818909616899196 -0.787076764636766 -0.75524391239813 -0.723411060192379 -0.691578208045769 -0.659745355965621 -0.627912503866341 -0.596079651639108 -0.564246799189371 -0.532413946479662 -0.500581093466966 -0.468748240029 -0.43691538603269 -0.405082531381043 -0.373249676017804 -0.34141682001358 -0.30958396347069 -0.277751106492716 -0.245918249188279 -0.214085391652351 -0.182252533920254 -0.150419676018831 -0.118586818000652 -0.08675395991615 -0.0549211017814976 -0.0230882436042999
-0.951728126193737 -0.916558236402889 -0.883170459374858 -0.858442304931654 -0.840927046308374 -0.827214931394499 -0.814368343283936 -0.798479222962893 -0.771285607782339 -0.726300394741559 -0.668489823068312 -0.605683467547481 -0.545527288556812 -0.494932788845518 -0.45874922601636 -0.434311334714826 -0.417488966291631 -0.405806961875668 -0.396327946495978 -0.382610691004012 -0.357338002706825 -0.314951468814723 -0.256927796151019 -0.189525054047951 -0.131091642260458 -0.0974669369637419 -0.0823638895913738 -0.0752439498558947 -0.0706889853273566 -0.064560968040189
-0.97596493749372 -0.945994156424982 -0.915955147920182 -0.885797841593794 -0.855474861401386 -0.824948757322671 -0.794219089092876 -0.763297826805061 -0.732209572228117 -0.700965959900995 -0.669514123767053 -0.637785072620754 -0.605715325249697 -0.573263440414043 -0.540392840298047 -0.507064360809791 -0.473247549992187 -0.438949390703656 -0.404183415916473 -0.36895192424281 -0.333254405704815 -0.297094686766549 -0.260493939659713 -0.223465166991402 -0.185971347102622 -0.147984496807233 -0.109562811076587 -0.0707954404358745 -0.0318091794681547 0.0072597662290466
-1.15715383734145 -1.01036399729146 -0.909663963007572 -0.857494283109651 -0.83133989871213 -0.806496128978635 -0.774455412774973 -0.736029789210101 -0.713112578663377 -0.721174829470419 -0.728917220521477 -0.693347838345457 -0.593813875555525 -0.499018949101889 -0.47748926179076 -0.507684935515335 -0.543642250223353 -0.53176819899375 -0.438455263090419 -0.317667163385921 -0.245260430654976 -0.26535992178653 -0.295163798126419 -0.253506990180226 -0.192698200635634 -0.172914654174171 -0.152333891270633 -0.0866554041613439 -0.0236661763354505 -0.0341750640953073
-1.04107416303703 -1.00342372210728 -0.965773281191392 -0.928122840339959 -0.890472399679933 -0.852821959358547 -0.815171519527808 -0.777521080317009 -0.739870641759796 -0.702220203853654 -0.664569766547048 -0.62691932977619 -0.589268893465609 -0.551618457493097 -0.513968021751034 -0.476317586236866 -0.438667150930607 -0.401016715637479 -0.363366280163432 -0.325715844492121 -0.288065408651622 -0.250414972672083 -0.212764536591911 -0.175114100449793 -0.137463664277252 -0.0998132280919063 -0.0621627918629302 -0.0245123555588255 0.0131380808061423 0.050788517206267
-0.978478783453454 -0.94649621608695 -0.914551620108429 -0.882671902938126 -0.850866425489434 -0.819133997187275 -0.787448768009527 -0.755771799558854 -0.724036459384126 -0.692171175695084 -0.660112313398771 -0.627798221576553 -0.595172868094581 -0.562202695958138 -0.528868723698137 -0.495187796808878 -0.461184209674086 -0.426876225271803 -0.392287751803728 -0.357471309771891 -0.322486572753401 -0.287386578334367 -0.252197820136884 -0.216931858104043 -0.181567061426929 -0.146084722683491 -0.110511018751137 -0.0748803636557706 -0.0392152357178187 -0.00353512933133808
-1.00145603944162 -1.00308850760491 -0.991435667083401 -0.907287888547992 -0.811875898214062 -0.775277212826459 -0.782516155703401 -0.798077331037987 -0.789339659949437 -0.734692558270696 -0.653673103763488 -0.576105289671728 -0.528483068790649 -0.523980232120743 -0.559064633452365 -0.576700539530069 -0.526757050475998 -0.440226186968463 -0.362224737687872 -0.31324564276686 -0.307625880201116 -0.339996994860548 -0.326168799111928 -0.208712903468604 -0.116069843533364 -0.162637759920769 -0.22077628820306 -0.1518559975962 -0.0153296969333601 0.0798292450479857
-1.01168056571161 -0.977285473023438 -0.942890380430878 -0.908495288031496 -0.874100195837551 -0.839705103804913 -0.805310011749194 -0.770914919452886 -0.73651982670623 -0.702124733343563 -0.667729639367848 -0.633334544824201 -0.59893944976754 -0.564544354291989 -0.530149258482621 -0.495754162349093 -0.461359065890093 -0.426963969135853 -0.392568872116545 -0.358173774830568 -0.323778677268377 -0.289383579422561 -0.254988481294241 -0.220593382902815 -0.186198284332257 -0.151803185667142 -0.117408086929862 -0.0830129881330925 -0.048617889312812 -0.0142227905108239
-0.898556755961408 -0.875893802821443 -0.853136010622847 -0.830148818827213 -0.806634950028398 -0.782261083636764 -0.756712443196407 -0.729752836106522 -0.701441861052961 -0.671927452574827 -0.641415097337559 -0.610124670038182 -0.57822977266352 -0.545718916359578 -0.512505167730539 -0.478384906054089 -0.443193591532827 -0.407039695395502 -0.370134668253052 -0.332828867219028 -0.295507376032633 -0.258495888769988 -0.22188254085489 -0.185712549734311 -0.150097019600241 -0.115147113983331 -0.0809083470238468 -0.0473636392712958 -0.0143111863025233 0.0184969975487898
-1.01234989903539 -0.978268150417626 -0.944191931752502 -0.910112809798209 -0.875991756831528 -0.841787939056989 -0.807483892871534 -0.773067359681275 -0.738523530736601 -0.703835381744289 -0.668979576392383 -0.633931200364243 -0.598667693602805 -0.563175913089312 -0.527447380296686 -0.491482857626282 -0.455287587714247 -0.418875493207491 -0.382267623716447 -0.345504856694882 -0.308633026557397 -0.271699501846312 -0.234757787614817 -0.1978548395133 -0.161005279070085 -0.124212863797462 -0.0874702292656606 -0.0507665118772163 -0.0140879733059394 0.0225798434565403
-0.950917455128845 -0.925709713323141 -0.900351108863794 -0.874644712793435 -0.848475054725611 -0.82176134256131 -0.79448003878035 -0.76661441127769 -0.738117695030011 -0.708939778825589 -0.679047199617335 -0.648410656399322 -0.617020816623091 -0.584948221570052 -0.552297772046469 -0.519231933128156 -0.485876298752689 -0.452151414035158 -0.417886117506374 -0.382747470182534 -0.346362088701176 -0.308437272483878 -0.269003052088361 -0.228178232669338 -0.186113986633329 -0.142966058796466 -0.0988761163615063 -0.0540097096347493 -0.00864199895003589 0.0369244528519075
-0.980533672546781 -0.961746532857793 -0.941628179214003 -0.918966256631419 -0.893218234441748 -0.864154973384671 -0.832131075516064 -0.79748875704071 -0.759936949442825 -0.719218568671656 -0.675845753257145 -0.63052294737441 -0.584106216504395 -0.538058111351369 -0.493863518159944 -0.452490180112794 -0.414529726720323 -0.379586475865782 -0.347048850072509 -0.31642900205134 -0.287270017059988 -0.259091134658371 -0.231316211615233 -0.203344619502147 -0.174573171893157 -0.144582988144689 -0.113694968740213 -0.0823672123932409 -0.050866829610389 -0.0194131838465496
-1.06077535707196 -1.02255493371006 -0.984334510368499 -0.946114087087403 -0.907893663971191 -0.869673241131018 -0.831452818640685 -0.79323239655358 -0.755011974878786 -0.716791553623252 -0.678571132829698 -0.640350712549788 -0.60213029285704 -0.563909873912399 -0.525689455893741 -0.487469038959245 -0.449248623238043 -0.411028208762807 -0.37280779550313 -0.33458738327278 -0.296366971846566 -0.258146561035584 -0.219926150796073 -0.181705741105535 -0.143485331881373 -0.105264923027497 -0.0670445144539508 -0.0288241060747716 0.00939630218616298 0.0476167104025144
-0.937090733580221 -0.907993587966548 -0.878858900324304 -0.849623641713225 -0.820207762990608 -0.790535341264526 -0.760563978848576 -0.730257834394326 -0.699573766699683 -0.668470521773644 -0.636921694323222 -0.604904591229933 -0.572421188814614 -0.539572141155399 -0.506467506976084 -0.473156285825841 -0.439651713100323 -0.405885026755741 -0.371778721072998 -0.33730231307122 -0.302437075454083 -0.267173000874246 -0.231534961780282 -0.195556857773601 -0.159273817271037 -0.122731172176445 -0.0860138395263528 -0.0492062007360246 -0.0123509096030026 0.0245198119796018
-0.906888176799683 -0.918091260041979 -0.921541278734778 -0.910993609181447 -0.884282988263785 -0.842516628678327 -0.795812285802105 -0.754269007894086 -0.718900472060472 -0.68842271653557 -0.661446595218875 -0.636556665926183 -0.611956116983396 -0.584322658756851 -0.550682217838692 -0.510979063683843 -0.466290688950235 -0.419309136245015 -0.372832042938849 -0.328464875507222 -0.287515057701827 -0.250765809104244 -0.216903532615604 -0.184656978312015 -0.155021101649946 -0.129025158973606 -0.105569404797822 -0.083191377832646 -0.0611067553984229 -0.0387007494680689
-1.00508260783428 -0.96761511827799 -0.930163253875694 -0.892753093264005 -0.855431240899535 -0.818249986212723 -0.781263832709307 -0.744524505592152 -0.708070402777327 -0.671939085379005 -0.636178094590557 -0.600837466625157 -0.565959818527133 -0.531558090665428 -0.497624982467912 -0.46410190627355 -0.430930900345868 -0.398107793735547 -0.365643281884946 -0.333553735015979 -0.301856942045449 -0.270557540285007 -0.239607560625694 -0.208944874021435 -0.178503318098303 -0.148219212403666 -0.118042837497924 -0.0879326913490989 -0.0578661805426497 -0.0278254388183951
-0.938594092734615 -0.911361634659542 -0.884097558034401 -0.856702656352033 -0.829050262541906 -0.801015025473513 -0.772504318339832 -0.743458847010912 -0.713919923741601 -0.683941854055191 -0.653530310163941 -0.622678805952349 -0.591371927670562 -0.559558551031321 -0.527182482358472 -0.49420296095769 -0.460588224528764 -0.426327071366111 -0.391419893526386 -0.35589289752057 -0.319778743473225 -0.283130677703897 -0.246084291312063 -0.208771381450815 -0.171226224707763 -0.133454387670692 -0.0954441174935829 -0.0571974081017729 -0.0187885599398499 0.0196900499177866
-1.11466424288962 -1.05025023273217 -0.990703988726959 -0.937437633598645 -0.886674751649377 -0.835563661767828 -0.790140159611208 -0.75567360198704 -0.72548011353553 -0.691743622318409 -0.654072502250806 -0.613931238711201 -0.572548640700575 -0.530210811709917 -0.487456616227317 -0.446778668239263 -0.411769733686483 -0.388469436828253 -0.380482973297347 -0.379230965901976 -0.373087894244213 -0.352313494934555 -0.31470853261722 -0.260928070811911 -0.195503340506565 -0.124877417957919 -0.0592645930296904 -0.00683439885637099 0.0361938719514332 0.0765884869140865
-1.18925558263286 -1.01187875310578 -0.904499426196684 -0.898440022661699 -0.903791517452563 -0.836141003401346 -0.754291490665855 -0.729387775236733 -0.73872587911023 -0.743215612316042 -0.732070711012045 -0.701580892888161 -0.649035150171119 -0.575719573234891 -0.49000592932549 -0.424611595029856 -0.403858227171926 -0.394138994182689 -0.360610653218939 -0.321412804733642 -0.307930760003809 -0.331430572476229 -0.322701264276811 -0.226385118684138 -0.12301449490837 -0.100103440195045 -0.137202677999656 -0.17784595692487 -0.129462449952129 0.109544813842437
-1.10606250262537 -1.05766123664236 -1.00881470347302 -0.959216170165507 -0.908799064445085 -0.857792582838692 -0.807368836402904 -0.758869083886936 -0.713368260280928 -0.671614426637694 -0.633314472019841 -0.597914992492424 -0.56490387298413 -0.533934153878188 -0.504751655892645 -0.47730816563029 -0.451373248389935 -0.425781618369752 -0.399317432971024 -0.371497473508107 -0.342021677273627 -0.310598996349496 -0.276974441974751 -0.240986321346305 -0.202810066335421 -0.162597363046611 -0.120067789843031 -0.075039256210238 -0.0281551038647523 0.0197349674191642
0.98375959939488 0.95025058893063 0.916748985232498 0.883263465981217 0.849799251545952 0.816363219659229 0.782972334818595 0.749643003148091 0.716379310512712 0.683183944118985 0.650066316798604 0.617037522789558 0.584109128346098 0.551294587787524 0.518606161269861 0.486049444230963 0.453626854635699 0.421334765275149 0.389166622270851 0.357110210239962 0.325151898423541 0.293277434276096 0.261470078105915 0.22971313487927 0.197992575340596 0.166296623961809 0.134619854346593 0.102957854913701 0.0713039242103792 0.0396507883159992
-1.02789627875958 -0.991578795884438 -0.955261312974382 -0.918943830015514 -0.882626346987596 -0.846308863909988 -0.809991380966782 -0.77367389839812 -0.737356416503596 -0.701038935562762 -0.664721455715549 -0.628403977066977 -0.592086499719691 -0.555769023766824 -0.519451549256024 -0.483134076062531 -0.446816604038564 -0.41049913311669 -0.374181663235625 -0.337864194278343 -0.301546726113885 -0.265229258582469 -0.228911791409039 -0.192594324330872 -0.156276857249865 -0.119959390127096 -0.083641922995769 -0.0473244558953368 -0.0110069888181399 0.02531047825526
-0.953754728100321 -0.95230634894742 -0.9465421099481 -0.932030816733684 -0.907834150821787 -0.874673116353285 -0.836413132075795 -0.79653577551841 -0.753842844729389 -0.706614870285269 -0.655727092356523 -0.602703428512106 -0.549746292923769 -0.501772086174434 -0.463213382547446 -0.433853464716668 -0.411315357246325 -0.3892303438716 -0.361691293591037 -0.328629157285699 -0.291434406307273 -0.251955192589713 -0.213870390396026 -0.180718551108203 -0.153646212255123 -0.132819262873103 -0.116873011881318 -0.104231498236719 -0.0940042611645024 -0.0854722149569237
-0.998243368473432 -0.975097199959349 -0.964354121430698 -0.966358200693461 -0.964913629951624 -0.94257984695874 -0.893477147268617 -0.818161478709497 -0.731370540407071 -0.649770733841638 -0.583561518614459 -0.541325618857034 -0.526768791166932 -0.524088922005986 -0.513722699921162 -0.480569891935699 -0.418547496556145 -0.353178359746011 -0.31060796658103 -0.28786651112886 -0.274705364705141 -0.261966827492436 -0.244856915140998 -0.219857301214254 -0.184188575460614 -0.138851335500346 -0.09922729425617 -0.0808879204336709 -0.0857825905674402 -0.112455158149322
-0.9803280922344 -0.94507538355318 -0.909822674946228 -0.874569966453086 -0.83931725809013 -0.804064549861617 -0.768811841746481 -0.733559133735795 -0.698306425894503 -0.663053718320442 -0.627801011169127 -0.592548304610494 -0.557295598792852 -0.522042893778 -0.48679018963394 -0.451537486539991 -0.416284784702353 -0.381032084323416 -0.345779385574073 -0.310526688503017 -0.275273993128393 -0.240021299420854 -0.204768607161087 -0.16951591608627 -0.134263225949521 -0.0990105364905248 -0.0637578473793217 -0.0285051583231392 0.00674753075239146 0.0420002198670383
-0.970128988519903 -0.938371197448785 -0.906613406268821 -0.87485561486581 -0.843097823076533 -0.81134003071212 -0.779582237530129 -0.74782444330507 -0.716066647932838 -0.684308851352472 -0.652551053554187 -0.620793254540994 -0.589035454320646 -0.557277652919879 -0.525519850375707 -0.493762046747292 -0.462004242081 -0.430246436349862 -0.398488629558191 -0.366730821908769 -0.334973013653991 -0.303215205060408 -0.271457396451177 -0.239699588123808 -0.207941780216627 -0.176183972782333 -0.144426165690337 -0.112668358783004 -0.080910551977816 -0.0491527452110355
-1.04928321945249 -1.06385338206547 -1.06647250022136 -1.0164424838749 -0.923422226642586 -0.814373896441729 -0.735115774731117 -0.718932987152219 -0.730121922535755 -0.725121141812072 -0.697926631120775 -0.651923732903786 -0.592765847314253 -0.535178605350241 -0.491798508434739 -0.457833308845525 -0.42694493278525 -0.404040751301261 -0.392126311956124 -0.375354423528575 -0.33316471010139 -0.254442371658728 -0.165854911790273 -0.0985455441243007 -0.0637780188379417 -0.0620697697447414 -0.0708324286550516 -0.066860468487331 -0.0475855285956594 -0.0155985399430216
-0.948136578407273 -0.962100975034908 -0.96891137903219 -0.967292551121097 -0.94792456891039 -0.903241442221532 -0.840737592839992 -0.772150405122532 -0.711128701747081 -0.668065814377844 -0.638421672302982 -0.613922854216644 -0.587589606205874 -0.557616843929304 -0.523591792662835 -0.485496246579863 -0.442598600494606 -0.390919082887077 -0.328367257201405 -0.263658193072403 -0.208208336682551 -0.171725149308026 -0.157080152599787 -0.161454650459059 -0.166105015413347 -0.152993245050869 -0.122828768576405 -0.0817294371475282 -0.038699358116414 -0.00346420288388748
-0.97367069964442 -0.940931956667789 -0.908193213678026 -0.875454470701944 -0.842715727814186 -0.809976985098233 -0.7772382426251 -0.744499500417514 -0.711760758317506 -0.679022016133644 -0.646283273721344 -0.613544530947736 -0.580805787684843 -0.548067043824266 -0.515328299267239 -0.482589553933937 -0.449850807768101 -0.417112060788786 -0.384373313046247 -0.351634564640221 -0.318895815682817 -0.286157066266585 -0.253418316405849 -0.220679566091701 -0.187940815300529 -0.155202064023338 -0.122463312324281 -0.0897245602905271 -0.0569858080281596 -0.0242470556479877
1.01575456353274 0.981027860355973 0.946301157168458 0.911574453965146 0.87684775071854 0.842121047401547 0.807394344011129 0.772667640557601 0.737940937080636 0.703214233626204 0.668487530236092 0.633760826951046 0.5990341238076 0.564307420825447 0.52958071800669 0.494854015299921 0.460127312632393 0.425400609899515 0.390673907002263 0.355947203895714 0.32122050054847 0.286493796931617 0.251767093026174 0.217040388829532 0.18231368439464 0.147586979799092 0.112860275163491 0.0781335705929988 0.0434068660879861 0.00868016162262691
1.07258041193874 1.03054289980326 0.988537225051233 0.946535356972805 0.904456717632997 0.862216829573658 0.819768164469103 0.777119748482121 0.734469876596936 0.692062952933214 0.65013854933098 0.608935029560345 0.568695450885834 0.529681644549629 0.492122141434694 0.456093497009466 0.421593800131389 0.38845924862847 0.356500092789739 0.325584683777742 0.295595897973405 0.266381943005757 0.237652351496225 0.20907999782238 0.180329798393964 0.151125001616558 0.121430141846957 0.0912975717253 0.0608896310739005 0.0303961565106178
0.998517813045139 0.965171235599157 0.931824658124928 0.898478080537705 0.865131502759115 0.831784924702429 0.798438346241125 0.765091767263892 0.731745187760054 0.698398607733835 0.665052027148439 0.631705445956813 0.598358864122473 0.565012281651216 0.531665698553358 0.498319114815016 0.464972530430326 0.431625945449688 0.398279359964284 0.364932774172152 0.331586188298047 0.298239602547302 0.26489301704757 0.231546431900611 0.198199847182291 0.164853262929662 0.131506679050411 0.0981600954274647 0.0648135119740593 0.0314669286110096
1.09231626415152 1.03137615305985 0.970867667041606 0.912614035694026 0.858736510046704 0.810980962751008 0.769293731512999 0.733361423164261 0.70363125598377 0.679939582791168 0.658918683121378 0.636399818188144 0.608891673335396 0.575612630427807 0.5372483369095 0.49764380602165 0.460784156140121 0.428055560382486 0.399783647784308 0.374650816311383 0.35092865616207 0.327109674149212 0.302570043543591 0.276258051822056 0.244526776827788 0.204289100163345 0.157292328102449 0.10617200725249 0.0522822208843534 -0.00334331356520226
-0.996178180794755 -0.960919093262701 -0.925675889944107 -0.89047884485436 -0.855382914050035 -0.820448060729655 -0.785729594618348 -0.75127570483934 -0.71711075158165 -0.683244846366569 -0.64965493497869 -0.616309671768428 -0.583179569370071 -0.550242573553381 -0.517482245625542 -0.484897175907935 -0.45249406036088 -0.42029698848623 -0.388326448300804 -0.356571128339746 -0.32501176726778 -0.29362691967244 -0.262386403832496 -0.231265633717291 -0.200271142367223 -0.169406903905072 -0.138635537712099 -0.107913229853381 -0.0772117878707857 -0.0465069246753791
-1.02432131439929 -0.987335841323984 -0.950350368297321 -0.913364895368891 -0.876379422629977 -0.839393950195148 -0.802408478230421 -0.765423006881462 -0.72843753616107 -0.691452066032718 -0.654466596395428 -0.617481127132107 -0.58049565813394 -0.543510189325209 -0.506524720627609 -0.469539251919377 -0.432553783069561 -0.395568313953885 -0.358582844478294 -0.321597374662936 -0.284611904556514 -0.247626434219494 -0.210640963759417 -0.173655493272053 -0.136670022759018 -0.0996845521881787 -0.062699081486575 -0.0257136105988418 0.0112718604191699 0.048257331483805
-0.919844720858559 -0.896455336337569 -0.872945438861771 -0.849375273597342 -0.825925805314819 -0.802749944440187 -0.779767664416867 -0.756829389514114 -0.733740284287095 -0.710215189205894 -0.685652908114366 -0.659373235699805 -0.630758315011501 -0.599439682546721 -0.565273178734296 -0.52876246628134 -0.490517620912535 -0.450926548144534 -0.410348027181947 -0.36924650218923 -0.328112833570799 -0.287471062094125 -0.247977949978895 -0.210398550654399 -0.175798360936146 -0.145001855588375 -0.117568977784041 -0.0927189207587427 -0.0695724095899375 -0.0472255523155461
0.987421743538972 0.954071889432512 0.920722035293167 0.88737218109402 0.854022326834458 0.820672472512958 0.787322618098045 0.75397276356174 0.720622908919988 0.687273054188413 0.653923199337416 0.620573344326092 0.58722348911589 0.55387363367766 0.52052377799842 0.48717392212043 0.453824066109383 0.420474210069458 0.387124354108411 0.353774498309853 0.320424642751353 0.287074787501198 0.253724932590543 0.220375078032124 0.187025223802136 0.153675369849682 0.120325516052022 0.0869756622900482 0.0536258085310078 0.0202759547637374
