-1.10498007090474 -0.927177124778062 -0.79150995217932 -0.838585953479758 -0.917068683429225 -0.865861458516282 -0.776770487805715 -0.764894698741286 -0.785600999706437 -0.771553964509037 -0.724340847714983 -0.662779574079682 -0.606132910218562 -0.575442990187137 -0.57877641072185 -0.570518251842777 -0.512610493715341 -0.450904233802734 -0.432621954322297 -0.426562559210213 -0.381919057832375 -0.275455887407828 -0.194223196568223 -0.215819232749848 -0.269748927194925 -0.269099555148357 -0.209381084059833 -0.111849328000729 -0.0183207953243759 0.0242478320454072
-1.00032826214561 -0.96382662668346 -0.927324991182829 -0.89082335554684 -0.854321719637848 -0.817820083340736 -0.781318446671265 -0.744816809697198 -0.70831517256342 -0.671813535409597 -0.635311898277416 -0.598810261184065 -0.56230862415809 -0.525806987273465 -0.489305350599876 -0.45280371414443 -0.416302077919536 -0.379800442021397 -0.343298806547148 -0.306797171513852 -0.270295536918557 -0.233793902743811 -0.197292268914171 -0.160790635343848 -0.124289001963678 -0.0877873687016785 -0.0512857354579944 -0.0147841021488186 0.0217175312175811 0.0582191646099182
-0.974000001552728 -0.943066482879595 -0.912115457163852 -0.881116013714697 -0.850044872548274 -0.818883157887519 -0.787621980075585 -0.756238840290148 -0.724646816926756 -0.692756534975254 -0.660533228584789 -0.627955784194335 -0.59500541402242 -0.561672633405789 -0.52795391639698 -0.493860268793501 -0.459405052390635 -0.424596521229771 -0.389434585465259 -0.353890887457159 -0.31793000261696 -0.281530988913404 -0.244730834544241 -0.207582749190382 -0.17014689823637 -0.132478061873662 -0.0946025238177447 -0.0565474169803013 -0.0183717675337698 0.019857425034223
-0.947341310582978 -0.914766264250781 -0.88219121793251 -0.849616171664449 -0.817041125561533 -0.784466079749357 -0.751891034317493 -0.719315989353306 -0.686740944971339 -0.654165901270479 -0.621590858259794 -0.589015815925896 -0.556440774222439 -0.52386573297124 -0.491290691947772 -0.458715650873961 -0.426140609499679 -0.393565567740139 -0.36099052556085 -0.32841548296316 -0.295840439957378 -0.263265396565459 -0.23069035285594 -0.198115308918926 -0.165540264884194 -0.132965220861408 -0.100390176840089 -0.0678151327883084 -0.0352400887084615 -0.00266504461152607
-1.01039466857936 -0.976563279098909 -0.942731889633894 -0.908900500168499 -0.875069110677308 -0.841237721133785 -0.807406331516537 -0.773574941795843 -0.739743551903517 -0.705912161759167 -0.672080771272036 -0.638249380348781 -0.604417988904733 -0.570586596889948 -0.536755204266973 -0.502923811013616 -0.469092417108168 -0.435261022515597 -0.401429627207168 -0.367598231192641 -0.333766834491402 -0.29993543712378 -0.26610403911389 -0.232272640483712 -0.198441241242925 -0.164609841410027 -0.130778441051089 -0.0969470402589889 -0.0631156391862553 -0.0292842380003299
-1.04817519293286 -1.01146943927595 -0.974763685602581 -0.938057931952473 -0.90135217840562 -0.864646425032211 -0.827940671822958 -0.791234918782872 -0.754529166053646 -0.717823413826375 -0.68111766235308 -0.644411911901014 -0.607706162709457 -0.571000414905785 -0.534294668554265 -0.497588923578611 -0.460883179854478 -0.424177437205824 -0.387471695474244 -0.350765954623561 -0.314060214648155 -0.277354475517248 -0.24064873709943 -0.203942999239998 -0.167237261791713 -0.130531524618422 -0.0938257876208695 -0.0571200507226572 -0.020414313901925 0.0162914228495531
-0.99600638824996 -0.961307867548245 -0.926609346819101 -0.8919108259991 -0.857212304926185 -0.822513783448489 -0.787815261553555 -0.75311673923572 -0.718418216377093 -0.683719692842848 -0.649021168542642 -0.614322643397254 -0.579624117327917 -0.544925590257689 -0.510227062109879 -0.47552853280696 -0.440830002263581 -0.406131470363918 -0.371432937043233 -0.336734402471589 -0.302035866877749 -0.267337330463146 -0.232638793319892 -0.197940255511259 -0.163241717094484 -0.128543178116585 -0.0938446385897223 -0.0591460985480348 -0.0244475581484152 0.0102509824215544
-1.01517522072523 -0.979446862234906 -0.943718503907738 -0.90799014588101 -0.872261788403235 -0.836533431743463 -0.800805076141646 -0.765076721823385 -0.729348368985954 -0.693620017811745 -0.657891668451955 -0.622163321049981 -0.586434975712562 -0.550706632399808 -0.514978291090211 -0.479249951982415 -0.443521615260313 -0.407793280828648 -0.372064948499876 -0.336336617996479 -0.300608289018443 -0.264879961258412 -0.229151634379659 -0.193423308067403 -0.157694982124019 -0.1219666564213 -0.0862383309915534 -0.0505100058722771 -0.0147816809612155 0.0209466438788256
-1.04616527264525 -1.00881584945483 -0.971466426349739 -0.934117003458525 -0.896767580946627 -0.859418159015828 -0.822068737976394 -0.784719318139525 -0.747369899711691 -0.710020482845557 -0.672671067583328 -0.635321653939591 -0.597972241899294 -0.560622831328818 -0.523273422090281 -0.48592401414731 -0.448574607464049 -0.411225201905213 -0.373875797309649 -0.336526393512163 -0.299176990346548 -0.261827587639013 -0.224478185185419 -0.187128782799319 -0.14977938039538 -0.112429977931614 -0.0750805754383188 -0.0377311729588364 -0.000381770516414185 0.0369676318707249
1.0039350458306 0.968594854175114 0.933243806537214 0.897875988915178 0.862508981078621 0.827162877636627 0.791844338784796 0.756550771351031 0.721256003105922 0.685927630427546 0.650531903181262 0.61503473460425 0.57940286451679 0.543606339071573 0.507618182218136 0.471420022761013 0.435000326594373 0.398366303115958 0.361531742112802 0.324518011425553 0.287348373408261 0.250049625807374 0.212662707938933 0.175231229126172 0.137795337151494 0.100387676906475 0.0630143432601947 0.0256724204342993 -0.0116504999168214 -0.0489691992805912
-1.02765768110345 -0.991098215476262 -0.954538750010856 -0.91797928486289 -0.881419820077491 -0.844860355679905 -0.808300891726387 -0.771741428268957 -0.735181965311691 -0.698622502852143 -0.662063040909723 -0.625503579509304 -0.588944118700696 -0.552384658633455 -0.515825199468759 -0.479265741314533 -0.442706284263739 -0.406146828402746 -0.36958737379776 -0.333027920440928 -0.296468468305882 -0.2599090173679 -0.22334956760885 -0.186790118974899 -0.150230671262839 -0.113671224251347 -0.0771117777960172 -0.0405523317657534 -0.00399288600577391 0.0325665596446234
-1.01535720684921 -0.980068292204511 -0.944779377514111 -0.909490462806419 -0.874201548173132 -0.838912633691878 -0.803623719320733 -0.768334805010856 -0.733045890805286 -0.697756976797369 -0.662468063189793 -0.627179150212579 -0.591890238096975 -0.556601327079115 -0.521312417395372 -0.486023509278167 -0.450734602978852 -0.415445698828444 -0.380156797110886 -0.344867897842158 -0.30957900097125 -0.274290106374544 -0.239001213637982 -0.203712322268095 -0.168423431744186 -0.133134541612801 -0.0978456517166699 -0.0625567619780456 -0.027267872341084 0.00802101724458358
-0.915067869350632 -0.89156315641091 -0.868336116439909 -0.845480143139857 -0.822585994697479 -0.799077585064867 -0.774214086771103 -0.747316676196016 -0.718119286545444 -0.686525162593651 -0.652702038562589 -0.616883771036135 -0.579302629078956 -0.540184531678884 -0.499765902888436 -0.458331537095689 -0.416153901820044 -0.373407786770607 -0.33033019642239 -0.287504672124309 -0.245601389443754 -0.205238453660115 -0.166825688900782 -0.130685670544598 -0.0970002601282134 -0.0657847427534423 -0.0365288116249411 -0.00862242936388906 0.0184177718452891 0.045043492427357
-1.04305715008452 -1.00736597791013 -0.971674805857461 -0.935983634021493 -0.900292462536099 -0.864601291564348 -0.828910121347185 -0.793218952130611 -0.757527784102973 -0.721836617410584 -0.686145452089267 -0.65045428814722 -0.614763125601934 -0.579071964508073 -0.543380804899447 -0.507689646689277 -0.471998489750997 -0.436307333919473 -0.400616178998933 -0.364925024709607 -0.329233870750726 -0.293542716836774 -0.257851562743229 -0.22216040831879 -0.186469253644017 -0.150778098831293 -0.115086943888427 -0.0793957888094366 -0.0437046336377633 -0.00801347842920185
0.995849788263472 0.961879400805149 0.927909013317815 0.893938625809716 0.859968238379577 0.825997851134595 0.792027464125374 0.758057077382981 0.724086690916933 0.690116304738922 0.656145918890888 0.622175533422332 0.588205148384119 0.554234763832557 0.520264379795203 0.486293996179165 0.452323612876136 0.418353229836618 0.384382847045559 0.350412464566905 0.316442082484345 0.282471700845316 0.248501319552221 0.214530938482737 0.180560557560652 0.14659017670081 0.112619795736148 0.078649414524503 0.0446790331052036 0.0107086515629499
-1.09782086292166 -1.05461971252025 -1.01147073402552 -0.968437339450032 -0.9256365279597 -0.883191596056683 -0.841197442434875 -0.799731982891062 -0.758833599441873 -0.718526863586348 -0.678820638533318 -0.639719860419065 -0.601249307652088 -0.563513127729761 -0.526605896341726 -0.490504532857834 -0.45514564530743 -0.420422252677629 -0.386217893476372 -0.352421773337138 -0.318924514674793 -0.285630208515146 -0.252496820327794 -0.219488346447835 -0.186539032228597 -0.153595312685916 -0.120682132467425 -0.0878315159553688 -0.0550252968386431 -0.0222327611328043
-0.994340971494892 -0.961004727925832 -0.92766848432979 -0.894332240676722 -0.860995996975494 -0.827659753250982 -0.794323509553189 -0.760987265949703 -0.72765102255333 -0.694314779447619 -0.660978536553895 -0.627642293752923 -0.594306050947823 -0.560969808131132 -0.527633565309421 -0.494297322455984 -0.460961079555836 -0.427624836674162 -0.3942885938576 -0.360952350998447 -0.327616107950415 -0.294279864563025 -0.260943620669037 -0.227607376123156 -0.19427113088461 -0.160934884955275 -0.127598638403082 -0.0942623913307951 -0.0609261439144331 -0.0275898963483314
-0.993018783203714 -0.958161515231835 -0.923306497109392 -0.888458316078638 -0.853627911178017 -0.818827352750239 -0.784066884558891 -0.749354492908679 -0.714690960847905 -0.680074990090031 -0.645504160265538 -0.610975770484161 -0.576491187217745 -0.54206804638656 -0.507726038044503 -0.473476799331525 -0.439331485761387 -0.405307379257025 -0.37142089927788 -0.337678889020226 -0.304085797614545 -0.270642691824027 -0.237337108942693 -0.204152456419771 -0.171069151794486 -0.138066713947224 -0.10512405703302 -0.072220932663816 -0.0393410470045448 -0.00646909485838669
-1.04348782533694 -1.00640687907653 -0.969325932831419 -0.932244986611248 -0.895164040440086 -0.858083094350401 -0.821002148393814 -0.78392120262693 -0.746840257107142 -0.709759311915853 -0.672678367229725 -0.635597423249237 -0.598516480174074 -0.561435538200755 -0.524354597495438 -0.487273658105996 -0.45019272002282 -0.413111783124641 -0.376030847251303 -0.338949912198775 -0.301868977752053 -0.264788043729602 -0.227707110083767 -0.190626176801529 -0.153545243874551 -0.116464311278779 -0.0793833789226055 -0.0423024467059274 -0.00522151456221515 0.0318594175666676
-0.94459191389262 -0.91213331017088 -0.87968252175724 -0.847250518884137 -0.814842000322206 -0.782461119941711 -0.750116123473222 -0.717815755451544 -0.685566663768109 -0.653375791836449 -0.621253361801851 -0.589210415492546 -0.557261942590948 -0.525438724196198 -0.493770777630261 -0.462269273689641 -0.430938006472298 -0.399770109807461 -0.368754627151311 -0.337874900736576 -0.307112847490119 -0.276450552913214 -0.245870776804773 -0.215354450768768 -0.184874519331781 -0.154405432963041 -0.123935652979763 -0.0934595530133322 -0.0629811451038402 -0.0325068508935536
-1.03118575241309 -1.00133478602589 -0.971392659339314 -0.941375017395404 -0.910199021096909 -0.876653028408177 -0.840108669679271 -0.80021377369378 -0.75713769058369 -0.711408100360364 -0.66446448120428 -0.617974260838193 -0.573440696413078 -0.531710362792792 -0.493210434260164 -0.457347165061033 -0.423444948020171 -0.39152165031507 -0.361638442723382 -0.333336236070673 -0.306025876194487 -0.279161894399888 -0.252373563862028 -0.22518333467248 -0.196511622718418 -0.165098316865022 -0.129563232093886 -0.0890356616971275 -0.0448028860925178 0.00130831752075545
-1.00486092268077 -0.970226693163701 -0.935592463706619 -0.900958234389599 -0.866324005335208 -0.831689776649552 -0.797055548330385 -0.762421320343478 -0.727787092635015 -0.693152865160699 -0.658518637933898 -0.6238844109824 -0.589250184312635 -0.554615957845613 -0.519981731477001 -0.485347505086499 -0.450713278554153 -0.41607905177735 -0.381444824677093 -0.346810597251506 -0.312176369517992 -0.27754214147938 -0.242907913080199 -0.208273684267487 -0.173639455056629 -0.139005225488237 -0.104370995635473 -0.0697367655793908 -0.0351025354000423 -0.000468305177231269
-0.95326096872946 -0.923243620271878 -0.893198483459263 -0.863116990521346 -0.832973538920296 -0.80273926056465 -0.772389259915965 -0.74190230374691 -0.711267835521576 -0.68046654864053 -0.649433459558836 -0.618092165495178 -0.586369642487079 -0.554206381847423 -0.521549216902628 -0.488356833757889 -0.454609169932772 -0.420359315825531 -0.385684529155795 -0.350685584049992 -0.315469133736251 -0.280130613144294 -0.24472058401022 -0.209276246116619 -0.173826224625673 -0.138388294617666 -0.102945405465692 -0.0674769593035727 -0.0319829950152255 0.00353128932790695
-1.0095631219153 -0.975631242924075 -0.941699715242414 -0.90776745348426 -0.873837951777962 -0.839914493099079 -0.805994936297605 -0.772073929505418 -0.738138702107501 -0.70417622321385 -0.670179839581435 -0.636144492378967 -0.602065576867006 -0.567940304673525 -0.533764992626787 -0.499530561988823 -0.465226594655881 -0.430842710627307 -0.396371292147897 -0.361815732341139 -0.327182177050196 -0.292477622167211 -0.25771246378025 -0.222897307599674 -0.18804019762912 -0.153149370128144 -0.118236392086704 -0.0833121920481369 -0.0483818140388946 -0.0134488309562074
-0.999423366569984 -0.963790785477713 -0.928158204374197 -0.892525623250009 -0.856893042038311 -0.821260460681454 -0.785627879215962 -0.749995297684153 -0.714362716057338 -0.678730134272358 -0.643097552199165 -0.607464969690987 -0.571832386625647 -0.536199802979329 -0.500567218746847 -0.464934633899164 -0.429302048417311 -0.393669462346445 -0.358036875740383 -0.322404288623473 -0.286771701012697 -0.251139112909727 -0.215506524254997 -0.179873934991126 -0.144241345130722 -0.108608754721019 -0.0729761638777867 -0.0373435727353242 -0.00171098143353636 0.0339216098862715
-0.988757347899701 -0.958192553318615 -0.927626320284564 -0.897028915815911 -0.866347106735134 -0.835520358551207 -0.804482431714948 -0.773168360364384 -0.741523978444514 -0.709505325169052 -0.677098461019594 -0.644296951794704 -0.611102180587215 -0.577546799667025 -0.54365674977351 -0.509399856346879 -0.474738233548265 -0.439669265721644 -0.404211336398939 -0.36843155568101 -0.33240921531095 -0.2962158247231 -0.259891764116791 -0.223464257080295 -0.186939029992675 -0.150317369572977 -0.113604301109411 -0.0768105230161368 -0.0399656876419525 -0.00310418581931811
-1.02488492420822 -0.988876122013684 -0.952867319764399 -0.916858517442775 -0.880849715173082 -0.844840913125183 -0.808832111509471 -0.772823310494592 -0.73681451004168 -0.70080571006981 -0.664796910537353 -0.628788111412504 -0.592779312665567 -0.556770514275288 -0.520761716191982 -0.484752918243793 -0.448744120213379 -0.412735321823618 -0.376726522797813 -0.340717722920749 -0.304708921992582 -0.268700119825426 -0.232691316279226 -0.196682511278313 -0.160673704956732 -0.124664897517973 -0.0886560892336166 -0.0526472803786007 -0.0166384711732255 0.0193703381758694
-0.975895490499486 -0.941879816588587 -0.907864142822526 -0.873848469378208 -0.83983279617704 -0.805817123036685 -0.771801449615349 -0.737785775580613 -0.703770100797018 -0.669754425131949 -0.635738748267201 -0.601723069838173 -0.567707389470381 -0.53369170674982 -0.499676021278209 -0.465660332759694 -0.431644640885177 -0.397628945190156 -0.363613245267828 -0.329597541097578 -0.295581832755338 -0.261566120408951 -0.22755040459391 -0.193534685952098 -0.15951896518331 -0.125503242930942 -0.0914875195548635 -0.0574717953405993 -0.0234560705598137 0.0105596545192942
-0.990981868729004 -0.904340055507982 -0.969458680490741 -1.0110156594427 -0.988384906543284 -0.907053372454723 -0.82226415535647 -0.781859022947212 -0.754318273485355 -0.701882367869952 -0.641193887002925 -0.602495941786912 -0.603475783995727 -0.611597228887881 -0.589613479256931 -0.53165872455192 -0.450275323622703 -0.400257326266894 -0.423223588767158 -0.465840502398603 -0.451036342184449 -0.338631847813772 -0.23601761763907 -0.242351161489725 -0.276287776439231 -0.240261439889048 -0.152323063308407 -0.0627969587608303 -0.0354841066192272 -0.137554654333856
-0.998445943273654 -0.963308362452579 -0.928170781657237 -0.893033200899207 -0.857895620168794 -0.822758039470056 -0.787620458883345 -0.75248287849604 -0.717345298347317 -0.682207718446075 -0.647070138728279 -0.611932559111663 -0.57679497952652 -0.541657399953396 -0.506519820370587 -0.471382240697146 -0.436244660820847 -0.401107080563587 -0.36596949975534 -0.330831918324255 -0.295694336223026 -0.260556753409575 -0.225419169862732 -0.190281585567888 -0.155144000515741 -0.120006414715223 -0.0848688282428862 -0.049731241210463 -0.0145936538027908 0.0205439337770175
0.96114136856303 0.929615866803064 0.898090365065331 0.866564863437015 0.835039362081729 0.80351386116723 0.77198836080141 0.740462861071073 0.708937362038514 0.677411863729195 0.645886366045743 0.61436086886008 0.582835372059895 0.551309875595965 0.519784379434476 0.488258883540175 0.456733387868476 0.425207892338905 0.393682396870005 0.362156901412273 0.330631405924194 0.299105910411843 0.267580415071648 0.236054920118996 0.20452942565475 0.173003931735585 0.141478438355954 0.10995294546551 0.0784274528969379 0.0469019604536813
-0.839244338567595 -1.02177734214429 -0.976684449060425 -0.948873680068758 -0.918879004609957 -0.830554356401753 -0.745407577582234 -0.728348678637368 -0.740242435024268 -0.730426200394455 -0.706172876205942 -0.689239250868362 -0.690475023600134 -0.677101536854834 -0.621912433587792 -0.563618915526215 -0.537445211475192 -0.498750099779463 -0.404890715766604 -0.301083073155883 -0.254507905264492 -0.296911807163298 -0.318304820937862 -0.225835198234866 -0.136940581930771 -0.16000080651632 -0.156875081709601 0.000389504093190354 0.152473723010786 0.0682403122906485
-0.98809136013847 -0.953957904984329 -0.919824449807169 -0.885690994605462 -0.85155753933743 -0.817424083915998 -0.783290628113157 -0.749157171674328 -0.715023714379593 -0.680890256029309 -0.646756796470269 -0.612623335560877 -0.578489873171871 -0.544356409223342 -0.510222943670454 -0.47608947655934 -0.441956007959731 -0.407822537944793 -0.373689066593259 -0.339555594002704 -0.305422120275412 -0.271288645535835 -0.237155169997089 -0.203021693902098 -0.168888217524335 -0.134754741128692 -0.10062126491518 -0.0664877890194421 -0.0323543133845031 0.00177916209476498
-1.00094671451612 -0.964669705845805 -0.928392697289427 -0.892115688983325 -0.855838681122958 -0.819561673868145 -0.783284667177027 -0.747007660954859 -0.710730655097024 -0.674453649521313 -0.638176644245019 -0.601899639310316 -0.565622634763093 -0.529345630664132 -0.493068627065611 -0.456791623970435 -0.42051462136897 -0.384237619250711 -0.347960617604988 -0.311683616421324 -0.275406615689291 -0.239129615374393 -0.202852615345852 -0.166575615471767 -0.130298615712022 -0.0940216160353698 -0.057744616354271 -0.0214676165881077 0.0148093832597549 0.0510863831649557
1.06445054892579 1.01229834316233 0.960942537760598 0.911451327481782 0.864156713753923 0.819120760471601 0.776061974728681 0.734836044029498 0.696190934320993 0.660873532113496 0.62873412772831 0.599398862439476 0.572402887576057 0.546917394687193 0.522000564863063 0.496622497137927 0.469831674039416 0.44107819412456 0.409988022970992 0.37648897820935 0.340584340483522 0.30230665054248 0.261805489555519 0.219317371114319 0.175309498079758 0.13020879403064 0.0840503761482734 0.0368455041747807 -0.0110981855069481 -0.059398962353832
-1.00016109436046 -0.96568962670767 -0.931218159024957 -0.896746691289551 -0.862275223444202 -0.827803755408614 -0.793332287044762 -0.758860818222059 -0.724389348897389 -0.689917879077739 -0.655446408883073 -0.620974938461591 -0.586503467964804 -0.552031997557441 -0.517560527392516 -0.483089057562948 -0.448617588152309 -0.414146119266864 -0.379674650989832 -0.345203183289551 -0.310731716105638 -0.276260249358624 -0.241788782892687 -0.207317316537751 -0.172845850143083 -0.138374383585235 -0.103902916830583 -0.0694314498833007 -0.034959982808927 -0.000488515688342479
-0.975569411609148 -0.943828026780761 -0.912064915175962 -0.880248193676922 -0.848353434951042 -0.816365080623193 -0.784295592362897 -0.752165426182454 -0.719998995420618 -0.687803072462401 -0.655509908551412 -0.623033124645908 -0.590279080881383 -0.557125094102288 -0.523463478123825 -0.489275577935245 -0.45457305365303 -0.419399794728522 -0.383799260358362 -0.347780959385512 -0.311345913064517 -0.274493004092298 -0.237212560935271 -0.19950065328548 -0.161384869967964 -0.122909786864971 -0.0841564089545695 -0.0452127111797102 -0.00615811924702928 0.0329300784459147
-1.00708688109354 -0.971937653335366 -0.936788425428215 -0.901639197255003 -0.866489968834658 -0.831340740230212 -0.7961915115451 -0.761042282879337 -0.725893054278847 -0.690743825761226 -0.655594597284837 -0.620445368793234 -0.585296140219721 -0.550146911456591 -0.514997682412069 -0.479848453099126 -0.444699223552719 -0.409549993790987 -0.374400763819512 -0.339251533610439 -0.304102303127553 -0.268953072351141 -0.23380384132748 -0.198654610128753 -0.163505378864774 -0.128356147640852 -0.0932069165066668 -0.0580576854867266 -0.022908454560498 0.012240776303813
-1.0213294878882 -0.986356313199235 -0.951383138557373 -0.916409964013417 -0.881436789526115 -0.846463615022245 -0.811490440392725 -0.776517265518325 -0.741544090275068 -0.706570914542377 -0.671597738218031 -0.636624561204397 -0.601651383427465 -0.566678204907716 -0.531705025720045 -0.496731846062507 -0.461758666154732 -0.426785486179476 -0.391812306308128 -0.356839126703457 -0.321865947526079 -0.286892768908372 -0.251919590869755 -0.216946413387268 -0.181973236381401 -0.147000059754088 -0.112026883389617 -0.0770537071800774 -0.0420805310664136 -0.00710735500178605
-1.03647972339069 -0.994134262791581 -0.951937160244418 -0.909877562052594 -0.86761780327315 -0.824940320693692 -0.782434769270428 -0.740849464799392 -0.700760148267341 -0.662647883914328 -0.626787603802882 -0.593402706951154 -0.562560060787312 -0.53370040637961 -0.50613679151915 -0.479297617248344 -0.45262247648125 -0.425480376367194 -0.397340351109748 -0.368142128894208 -0.3379431114013 -0.306870354334195 -0.275329529485839 -0.243699622230964 -0.211974256181694 -0.1800662729638 -0.147950748020282 -0.115642586882568 -0.0832537816185843 -0.0509205959303832
-0.977912545795978 -0.945394612919347 -0.912876679881964 -0.880358746512247 -0.847840812770692 -0.815322878647369 -0.782804944118572 -0.750287009138286 -0.717769073585035 -0.685251137351133 -0.652733200459512 -0.62021526296576 -0.587697324941425 -0.555179386521907 -0.522661447861773 -0.490143509128433 -0.457625570493003 -0.425107632128572 -0.392589694171916 -0.360071756612568 -0.327553819403252 -0.295035882500897 -0.262517945879249 -0.230000009536521 -0.19748207355198 -0.164964137998394 -0.132446202841484 -0.0999282680083195 -0.0674103333784195 -0.034892398819414
-1.00083596628635 -0.96586082348824 -0.930863638285642 -0.895813031326963 -0.860655524106951 -0.825343177310637 -0.789872307537871 -0.754272684591363 -0.718663635170468 -0.683171847666077 -0.647863900338593 -0.612791343915796 -0.578002829548719 -0.543535410081398 -0.509415936680383 -0.47564205210927 -0.442213892919647 -0.409170779218014 -0.376555833340605 -0.34438820298767 -0.312681042200468 -0.281431441069318 -0.250572233880804 -0.220020474158805 -0.189694348180137 -0.159518661658965 -0.129443565305928 -0.0994278828521028 -0.0694397851138635 -0.0394497796789068
-1.00528355091305 -0.97103222221771 -0.936780893399416 -0.902529564366151 -0.868278235051009 -0.834026905388896 -0.799775575296845 -0.765524244727759 -0.731272913795899 -0.69702158262906 -0.662770251247831 -0.628518919646 -0.594267587831779 -0.560016255871073 -0.525764923851782 -0.491513591892073 -0.457262260088578 -0.423010928421512 -0.388759596822571 -0.354508265145778 -0.320256933225739 -0.28600560091501 -0.25175426813795 -0.217502934844885 -0.183251601018211 -0.149000266671971 -0.11474893191475 -0.0804975968733277 -0.046246261652753 -0.0119949263526387
0.969578288215605 0.936692871514093 0.903807454773772 0.87092203787421 0.838036620674239 0.805151203025761 0.772265784773692 0.739380365776508 0.706494945953904 0.6736095252554 0.640724103688613 0.607838681275681 0.574953258029778 0.542067833928224 0.50918240895269 0.476296983138119 0.443411556524384 0.410526129117816 0.377640700936171 0.344755272076447 0.311869842655451 0.278984412801584 0.246098982689611 0.213213552475401 0.180328122192863 0.147442691841755 0.114557261407201 0.0816718308802411 0.0487864002902207 0.0159009696760607
-0.949861779008172 -0.916135000749118 -0.882408222508093 -0.848681444315286 -0.814954666268332 -0.781227888468585 -0.747501110964833 -0.713774333781149 -0.680047556895324 -0.646320780270164 -0.612594003854799 -0.57886722759494 -0.545140451458313 -0.511413675500696 -0.477686899786853 -0.443960124329418 -0.410233349130852 -0.376506574205023 -0.342779799552772 -0.309053025111399 -0.275326250802322 -0.241599476544482 -0.207872702246927 -0.174145927814314 -0.140419153143617 -0.106692378147369 -0.0729656028080084 -0.0392388271412558 -0.00551205122605362 0.0282147248428505
-0.8584073049122 -0.870622200259679 -0.883126543873276 -0.896405014991954 -0.901821830346849 -0.890611751829241 -0.862612184478815 -0.820450962804256 -0.769314996041864 -0.714965177161884 -0.662899259342722 -0.618549210814826 -0.585725945302827 -0.56175615850808 -0.540975412544694 -0.512238953201062 -0.467735656356204 -0.418469234577359 -0.376761365292924 -0.341390748687688 -0.307750340635538 -0.273365272780861 -0.244289379850048 -0.225904679200041 -0.21237721562798 -0.194128246652485 -0.157815853237902 -0.0928433454484455 -0.00335812630208988 0.102806377944751
-0.95154102938882 -0.918528636841134 -0.885516244328925 -0.852503851857567 -0.819491459415818 -0.786479066980042 -0.75346667449364 -0.720454281907692 -0.687441889236938 -0.654429496489272 -0.621417103581529 -0.588404710407776 -0.555392316844447 -0.522379922697445 -0.489367527763767 -0.456355131875344 -0.423342734907908 -0.390330336877467 -0.357317937840312 -0.324305537873611 -0.291293137059751 -0.25828073550067 -0.225268333376524 -0.192255930887072 -0.159243528232268 -0.126231125574201 -0.0932187229233083 -0.0602063202601596 -0.027193917597515 0.00581848504381803
-0.964844652262726 -0.936868035643036 -0.908810528467117 -0.880556607663062 -0.852021940585534 -0.823123353295302 -0.793751116250989 -0.763807666475225 -0.733270662848803 -0.702125692563107 -0.670314834193723 -0.637769289162285 -0.604427993294474 -0.570260820032167 -0.535276824638939 -0.499610852048961 -0.463428998795906 -0.426896578140834 -0.390153016528019 -0.353234976407187 -0.316153429229426 -0.278925987281993 -0.241596826196805 -0.204212875610661 -0.16680551783521 -0.129391401755852 -0.0919437898781451 -0.0544367217850667 -0.0168907317491057 0.0206620222848708
-0.965048321529209 -0.959203499216049 -0.951670504056877 -0.940080642728449 -0.922041897997569 -0.895712830250633 -0.861477634262331 -0.820090776520169 -0.771562175974626 -0.717100381253573 -0.663453007231505 -0.618752435344569 -0.588511487121554 -0.567764744461807 -0.547870914301235 -0.515963443351438 -0.463434378785964 -0.402935429850473 -0.349683688742673 -0.307898117396338 -0.279048145179264 -0.26371287736701 -0.2589101228662 -0.260111623387326 -0.260166148225275 -0.251427567961287 -0.226893130737597 -0.182102263924875 -0.122119734246538 -0.0543916432641853
-0.86565692487703 -0.979174994492338 -0.958116095109688 -0.868247512115578 -0.794137043621727 -0.798876607984991 -0.84085409181755 -0.860183117957366 -0.828584285890194 -0.738904846290276 -0.636891677938005 -0.581516566640317 -0.60129025626187 -0.602879322898232 -0.506112245498926 -0.405309282198397 -0.399940682981729 -0.435584886051622 -0.436063424751352 -0.39206202476886 -0.310982459878259 -0.210051994559111 -0.145799856112784 -0.161601936560206 -0.208918823978729 -0.220247260189857 -0.144143905935277 0.0256317545683207 0.130568862124421 -0.029031286208451
-0.996863295833811 -0.963083201567127 -0.9293031073012 -0.895523013078584 -0.861742919027344 -0.827962825266898 -0.794182731796566 -0.76040263857297 -0.726622545502038 -0.692842452477224 -0.659062359392781 -0.625282266143163 -0.591502172631752 -0.557722078797643 -0.523941984583184 -0.490161889908003 -0.45638179470837 -0.42260169900984 -0.388821602866925 -0.355041506360705 -0.321261409578897 -0.287481312595135 -0.253701215426702 -0.219921118081577 -0.186141020586855 -0.152360922960705 -0.118580825166466 -0.0848007271743228 -0.0510206290366876 -0.0172405308265265
-1.0152093937871 -0.980426175946494 -0.945642958224093 -0.910859740669794 -0.876076523361242 -0.841293306378829 -0.806510089786219 -0.771726873638261 -0.73694365797129 -0.702160442819389 -0.667377228226167 -0.632594014237609 -0.597810800875522 -0.563027588064983 -0.52824437575959 -0.493461164123742 -0.458677953405828 -0.423894743979398 -0.389111536186502 -0.35432833011803 -0.319545125802085 -0.284761923226424 -0.249978722217425 -0.215195522561333 -0.180412324045251 -0.145629126434375 -0.110845929405446 -0.0760627326534819 -0.0412795360350517 -0.00649633944711554
-0.976208583636577 -0.942146129815849 -0.911935427046738 -0.888118983067086 -0.87074293970896 -0.858330799557357 -0.845811874114762 -0.82789967933129 -0.80203874003006 -0.76678875158166 -0.72243908267354 -0.66971152032237 -0.610098782815094 -0.548177313519773 -0.488932493294654 -0.435901727877631 -0.391517618421753 -0.355241522861041 -0.325763778012572 -0.301661879444671 -0.281485112413478 -0.26331308931422 -0.243346731098482 -0.218123046846991 -0.187402089600692 -0.151718607283798 -0.111483083393395 -0.0672553255411951 -0.0203167022245587 0.027871027837743
-1.01746838291046 -0.982948055517574 -0.948427728047101 -0.913907400429486 -0.879387072543301 -0.844866744291529 -0.810346415726675 -0.77582608693265 -0.741305757969454 -0.706785428877535 -0.672265099643027 -0.637744770238485 -0.603224440648308 -0.568704110904273 -0.534183781064829 -0.499663451247748 -0.465143121577735 -0.430622792147913 -0.39610246302914 -0.361582134234797 -0.327061805763894 -0.292541477607526 -0.258021149725121 -0.223500822083821 -0.188980494713292 -0.154460167623802 -0.119939840685508 -0.0854195137598541 -0.0508991868135357 -0.0163788598395626
-0.992290624542687 -0.981037157330304 -0.951291033509616 -0.905563741664723 -0.85485953443789 -0.809082451275157 -0.765242914779531 -0.718987206849519 -0.673398663408675 -0.632485696753468 -0.596519970646976 -0.564838961718928 -0.537902054710512 -0.520656266808734 -0.513998080560052 -0.498134207502881 -0.455925505521157 -0.401539188888915 -0.35286854881652 -0.311404827869562 -0.274538756452433 -0.24187462484287 -0.221870962811995 -0.220730180406211 -0.226775969279678 -0.223314226442676 -0.1914583887222 -0.118139132399949 -0.0157485517597248 0.0969559044141492
0.994933157495932 0.959026045728706 0.923118934096619 0.887211822746203 0.851304711721851 0.815397601029239 0.779490490621338 0.743583380435463 0.707676270399039 0.671769160441369 0.635862050509192 0.599954940553602 0.564047830549791 0.528140720569346 0.49223361069464 0.456326500954812 0.420419391356034 0.384512281865847 0.348605172474558 0.31269806330217 0.276790954501109 0.240883846213285 0.204976738538534 0.169069631534332 0.133162525130781 0.0972554192248377 0.0613483137082518 0.0254412084737974 -0.0104658965764427 -0.0463730015380584
-1.04682314796841 -1.00618259609379 -0.965518432437306 -0.924921033353079 -0.884568040407177 -0.844637765004457 -0.805223932692912 -0.766422046943615 -0.728419308776804 -0.691391094325538 -0.655373782625009 -0.620369003435941 -0.586350911367431 -0.553183760422068 -0.520699517684918 -0.488710903177472 -0.457042146433102 -0.42558276209627 -0.394265777718136 -0.363132987365544 -0.332253376734261 -0.301675824214031 -0.271368778970506 -0.24127663779788 -0.211328017228612 -0.181457789610367 -0.151641630813388 -0.121863894883335 -0.0921028450449648 -0.0623352218178112
-1.03835275491759 -1.00028312953076 -0.962237729881129 -0.924236925357828 -0.886299434291166 -0.848444195221586 -0.81069267858888 -0.773074735477191 -0.73565120764872 -0.698480921066985 -0.661583647822741 -0.624969396538552 -0.588638390565609 -0.552551712169617 -0.516663868313666 -0.480942205835872 -0.445365237318895 -0.409943298448553 -0.374696463052445 -0.339651934422131 -0.304838698215161 -0.270276563201289 -0.235948630599089 -0.201829185967932 -0.167893959781552 -0.134112889106597 -0.100431292466998 -0.0667956425125857 -0.0331816469395017 0.000427677794533728
-0.987140124572984 -0.953855284258351 -0.92055749710107 -0.887236587118913 -0.853878780395578 -0.820471973616425 -0.787014343807541 -0.753506950636088 -0.719952103992819 -0.686350185749758 -0.652692615480443 -0.618968572183787 -0.585166698814976 -0.551273494154276 -0.51727151837579 -0.483129721403874 -0.448816233173356 -0.414309513910684 -0.379596453617223 -0.344687331102371 -0.309598272377531 -0.274345121589209 -0.238942595424304 -0.203406877163904 -0.167761143925446 -0.132028432212956 -0.0962242222404487 -0.0603635715777143 -0.0244674035076611 0.011441892258524
-1.00367543537596 -0.969048154610071 -0.93442087381522 -0.899793592872258 -0.86516631158959 -0.830539029766103 -0.795911747235047 -0.761284463868145 -0.726657179656639 -0.692029894632084 -0.657402608867776 -0.622775322447445 -0.588148035469208 -0.553520748088724 -0.518893460493012 -0.484266172936977 -0.449638885688291 -0.415011598997813 -0.380384313057371 -0.345757027839469 -0.311129743261784 -0.27650245924457 -0.241875175718395 -0.207247892621198 -0.172620609910078 -0.137993327539358 -0.103366045433079 -0.0687387635055604 -0.0341114816624922 0.000515800192589072
-1.07644834616167 -1.03644002243437 -0.996423534457268 -0.956405567352335 -0.916382033165338 -0.87635359583795 -0.836350699971682 -0.7964155122083 -0.756607306690747 -0.716981237045398 -0.677558867331191 -0.6383533642152 -0.599378534170305 -0.560650742892595 -0.522188234780005 -0.484014209814638 -0.4461460312258 -0.408572759647426 -0.37127808029402 -0.334252479297738 -0.297488143020145 -0.260977830923963 -0.224716594876527 -0.188699059002388 -0.152915844050349 -0.117350843261948 -0.0819650432254175 -0.0467141665063196 -0.0115557862328489 0.0235520618261421
-0.974689110805079 -0.942024324025397 -0.909341003754619 -0.876614563023723 -0.8437967770945 -0.810844564224739 -0.777759052425412 -0.744557523301082 -0.711277663077498 -0.677948026097697 -0.644540234552698 -0.611011677595513 -0.577317966430123 -0.543407600464387 -0.509237100961377 -0.474802188401151 -0.44009773527868 -0.405076022931599 -0.369689775664177 -0.333936080804535 -0.29782311643676 -0.26136924266336 -0.224633547660522 -0.187678937567895 -0.150542862305308 -0.113260653205237 -0.0758846234705746 -0.0384644869092811 -0.00102257787915896 0.036425614124528
-1.01953794870379 -0.983833325684818 -0.94812870272387 -0.912424079827398 -0.876719456983114 -0.841014834188054 -0.805310211495308 -0.7696055889765 -0.73390096672136 -0.698196344810095 -0.662491723266725 -0.626787102101228 -0.591082481294883 -0.555377860714204 -0.519673240166284 -0.48396861933532 -0.448263997922742 -0.41255937582181 -0.376854752984681 -0.34115012940728 -0.305445505096473 -0.269740880071497 -0.23403625440108 -0.198331628159661 -0.162627001395067 -0.126922374169088 -0.0912177466259982 -0.0555131189163604 -0.0198084911334136 0.0158961366439347
-1.07141147984924 -1.03371075660808 -0.996010033423121 -0.958309310375347 -0.920608587604715 -0.882907865251086 -0.84520714339498 -0.807506422086823 -0.769805701315989 -0.732104981069191 -0.69440426138354 -0.656703542308751 -0.619002823935325 -0.581302106516917 -0.543601390348207 -0.505900675724829 -0.468199962888324 -0.430499251862906 -0.392798542580439 -0.355097834820702 -0.317397128325454 -0.279696422854028 -0.241995718236057 -0.204295014300401 -0.166594310802533 -0.128893607509231 -0.0911929043058785 -0.0534922011208753 -0.0157914979360675 0.0219092052533364
-0.995419428140043 -0.961883787539485 -0.928348146990775 -0.894812506507138 -0.861276865988952 -0.827741225331386 -0.794205584521626 -0.760669943569348 -0.727134302482193 -0.693598661264115 -0.660063019906378 -0.626527378397068 -0.592991736701037 -0.559456094690188 -0.525920452231349 -0.492384809264011 -0.458849165740254 -0.425313521589875 -0.391777876765036 -0.358242231329646 -0.324706585375553 -0.291170938998233 -0.257635292307673 -0.224099645422522 -0.190563998481547 -0.157028351614131 -0.123492704891987 -0.0899570583507206 -0.0564214119391911 -0.0228857655845689
-1.02903202638577 -0.993596246783797 -0.958155418148569 -0.92270555030628 -0.887234073282433 -0.851724335152561 -0.816151935993 -0.78049217828703 -0.744726922144906 -0.708840317318396 -0.672819114498336 -0.636650714610332 -0.600323722839984 -0.563831561412867 -0.527168989151357 -0.490331294225058 -0.453317039888246 -0.416137360386652 -0.378804244067616 -0.341320524693457 -0.30368674738024 -0.265908901505586 -0.228014753493341 -0.190036581595149 -0.152002934327624 -0.113940296921993 -0.0758706312029767 -0.0378114179386914 0.000233262922663196 0.0382626816378658
-0.969399688476973 -0.935889434607992 -0.90237918075738 -0.868868926935838 -0.835358673097934 -0.801848419198299 -0.768338165247938 -0.734827911262443 -0.701317657219372 -0.667807403075473 -0.634297148742283 -0.600786894120035 -0.567276639128971 -0.533766383769355 -0.500256128057122 -0.466745871990864 -0.43323561558912 -0.399725358967557 -0.366215102269004 -0.332704845647801 -0.299194589261165 -0.26568433326695 -0.23217407782557 -0.19866382306134 -0.165153568951625 -0.131643315413762 -0.0981330622719076 -0.0646228093418154 -0.0311125564987858 0.00239769636699362
-0.944315340087248 -0.912113852270424 -0.879912364530157 -0.847710876923517 -0.815509389579144 -0.783307902611519 -0.751106416006915 -0.718904929689797 -0.686703443465601 -0.654501957153957 -0.622300470750325 -0.590098984294118 -0.557897497838311 -0.525696011490114 -0.493494525385345 -0.461293039720004 -0.42909155468239 -0.396890070369807 -0.364688586814596 -0.332487103880237 -0.300285621387993 -0.268084139188621 -0.235882657250852 -0.203681175565573 -0.171479694094311 -0.139278212793446 -0.107076731628126 -0.0748752505624587 -0.0426737695476321 -0.0104722885316037
-1.00680856494106 -1.00384256058376 -0.975568079753152 -0.913312995017792 -0.842846692364232 -0.792761036613324 -0.768496294505108 -0.765185128252204 -0.759881380038361 -0.731695109672793 -0.686040067495434 -0.634905926478899 -0.588481729119656 -0.549753996009598 -0.51856071864885 -0.48934829407504 -0.45662758553131 -0.420558915545346 -0.383051323104125 -0.347359253747219 -0.317073504652353 -0.293650925850595 -0.270012578786391 -0.238649504789337 -0.198868453316267 -0.150323387067804 -0.0872414135925075 -0.00479763070098355 0.0926140475959124 0.198295003237262
-1.00741679361523 -0.973178706038775 -0.938940618421971 -0.90470253071469 -0.870464442840076 -0.836226354761522 -0.801988266630144 -0.767750178660405 -0.733512091132427 -0.699274004304008 -0.665035918277992 -0.63079783311848 -0.596559748880915 -0.562321665586091 -0.528083583215573 -0.493845501628645 -0.459607420671347 -0.425369340259031 -0.391131260339693 -0.356893180922595 -0.322655102032316 -0.288417023672925 -0.254178945766446 -0.219940868219045 -0.185702790955484 -0.151464713894005 -0.117226636908149 -0.082988559881495 -0.0487504827824466 -0.0145124056006154
-0.955765636561105 -0.924145691340135 -0.892525746141819 -0.860905800934062 -0.829285855690874 -0.79766591037831 -0.76604596492449 -0.73442601927317 -0.702806073468564 -0.671186127616845 -0.639566181971549 -0.607946236823051 -0.576326292474998 -0.544706349284124 -0.513086407574638 -0.481466467487574 -0.449846529099077 -0.418226592408904 -0.386606657356509 -0.354986723716501 -0.32336679122228 -0.291746859624819 -0.26012692874539 -0.228506998437772 -0.196887068615481 -0.165267139196741 -0.133647210058869 -0.102027281076878 -0.0704073521574731 -0.0387874232152784
-0.957102244964679 -1.0054472653718 -0.983175558646069 -0.934461862380661 -0.893272615432832 -0.881126425711322 -0.879958876066684 -0.862908444104824 -0.80750821151124 -0.704983562236875 -0.596934485214873 -0.537554620623925 -0.557733998143059 -0.595148205452642 -0.579956908694204 -0.505470529852589 -0.392305756238899 -0.307153580625967 -0.303069050188296 -0.332489124245351 -0.322696240152835 -0.233481787688227 -0.154672966316106 -0.170667989055453 -0.214113313455762 -0.202387912108451 -0.14355257324211 -0.0707306651726779 -0.0266140609283038 -0.0562867597151895
-1.01044711579608 -0.976892692895437 -0.943338269981836 -0.909783847069524 -0.87622942417037 -0.842675001310818 -0.809120578577985 -0.775566156077641 -0.742011733929488 -0.70845731219844 -0.674902890716327 -0.64134846925671 -0.607794047601734 -0.574239625567887 -0.540685202999862 -0.507130779820829 -0.473576355968014 -0.440021931356403 -0.40646750592549 -0.372913079735047 -0.339358652874916 -0.305804225446728 -0.272249797599264 -0.238695369477869 -0.205140941166998 -0.171586512724462 -0.138032084162407 -0.104477655487181 -0.0709232267276245 -0.0373687979182017
-1.04791709215461 -1.00729855710846 -0.9666997343429 -0.926145098947678 -0.885671425423253 -0.845317635783042 -0.805118942681624 -0.765115677162659 -0.725372353184982 -0.685948513725956 -0.646859634921892 -0.608110176198837 -0.569712713417335 -0.531712288175927 -0.494163069843395 -0.457123273131493 -0.420634831516053 -0.384670508186245 -0.349184264780605 -0.314124027021803 -0.279436211653541 -0.245066126200159 -0.210954641308539 -0.177044216993117 -0.143288107616003 -0.109636351514078 -0.0760153285756447 -0.0423614144554247 -0.00867462632241016 0.0250291082758403
-0.98221660573071 -0.949676056318898 -0.917135506973163 -0.884594957757358 -0.852054408745866 -0.819513859995514 -0.786973311482377 -0.754432763161299 -0.721892214982963 -0.689351666890159 -0.656811118798285 -0.62427057061589 -0.591730022258733 -0.559189473671418 -0.526648924806188 -0.494108375616988 -0.461567826049178 -0.429027276012056 -0.396486725398349 -0.363946174070562 -0.331405621883643 -0.298865068732348 -0.266324514670662 -0.233783959799148 -0.201243404245469 -0.168702848145772 -0.136162291643047 -0.103621734871272 -0.0710811779215026 -0.0385406208740696
-0.962218221222081 -0.929989616836822 -0.897761012477537 -0.86553240820315 -0.833303804098771 -0.801075200269638 -0.768846596875298 -0.736617994092431 -0.704389392111911 -0.672160791099661 -0.639932191107597 -0.607703592159135 -0.575474994240615 -0.543246397190075 -0.51101780080304 -0.478789204853272 -0.446560609130853 -0.414332013512896 -0.382103417907904 -0.34987482226289 -0.317646226534496 -0.285417630685634 -0.253189034704299 -0.220960438580505 -0.188731842287258 -0.156503245809548 -0.1242746491973 -0.0920460525124295 -0.0598174557998782 -0.0275888591003434
-0.911489086527456 -0.885437109977584 -0.85933639434561 -0.833157491782685 -0.806855148407431 -0.780378360691261 -0.753668932549267 -0.72666799840645 -0.699321207283738 -0.671586062281528 -0.643462968222144 -0.614963055358395 -0.586092077561493 -0.55683428317627 -0.527168063307304 -0.497069885624538 -0.466507863878725 -0.435418619578503 -0.403735855396436 -0.371413090902922 -0.338408799892816 -0.304706186164219 -0.270387373528208 -0.235566296619276 -0.200385213352603 -0.164974610859918 -0.129389569858474 -0.093669089950569 -0.0578632526931732 -0.0220249101319249
-1.01856097935941 -0.983188787802273 -0.947822181220508 -0.912442508233665 -0.877027331824664 -0.841557283558388 -0.806029054964213 -0.770447718060888 -0.734835806860178 -0.699208703459505 -0.663535720305919 -0.627774652433874 -0.591879899845769 -0.555792282415795 -0.519449202524432 -0.482787972705527 -0.445753230339846 -0.408319002042434 -0.370476473502829 -0.332256077474244 -0.29369805847581 -0.2548333255809 -0.215655446079853 -0.176150306437089 -0.136310411596396 -0.0961428460519961 -0.0557063940204915 -0.0150743134500979 0.0256739425068947 0.0664573718971778
-1.04118958034191 -0.984993257979937 -0.927759897549595 -0.867736218146385 -0.806705524374429 -0.747798135070741 -0.695995840495291 -0.655907823697511 -0.628801367461726 -0.614291640448376 -0.608727255087481 -0.607640184751457 -0.606157139207282 -0.597783773800209 -0.577686600474407 -0.54929661199147 -0.517204746437349 -0.482377242378034 -0.444888780027854 -0.404872505714476 -0.362476182293899 -0.318167470876649 -0.273693625591338 -0.230526244838846 -0.187754711091014 -0.145123833395237 -0.107382343030149 -0.0790074947207349 -0.0583867147461289 -0.042384972274002
-1.00096938196477 -0.966307329341568 -0.931645276775466 -0.896983224240987 -0.862321171618514 -0.827659118778388 -0.792997065644943 -0.758335012165906 -0.723672958328591 -0.68901090412835 -0.654348849553098 -0.619686794588895 -0.585024739213868 -0.550362683374422 -0.515700627017682 -0.481038570125372 -0.446376512691184 -0.411714454722095 -0.377052396240731 -0.342390337319025 -0.307728278041236 -0.273066218484628 -0.238404158698495 -0.203742098723641 -0.169080038594904 -0.134417978339662 -0.0997559179614385 -0.0650938574658557 -0.0304317968907838 0.00423026371784482
-1.02466467046719 -0.98896246512662 -0.953260259786334 -0.917558054505988 -0.881855849381098 -0.846153644479966 -0.810451439726189 -0.774749235029069 -0.739047030385443 -0.703344825818164 -0.667642621366588 -0.631940417074203 -0.596238212982698 -0.560536009126572 -0.524833805536271 -0.4891316022332 -0.453429399254158 -0.417727196706558 -0.382024994699165 -0.346322793275542 -0.31062059246295 -0.274918392284719 -0.239216192748458 -0.203513993874309 -0.167811795748273 -0.132109598432695 -0.0964074018294551 -0.0607052057877699 -0.0250030101066767 0.010699185427332
-0.987204756094935 -0.952963403507846 -0.918722050833698 -0.884480698002257 -0.850239344983974 -0.815997991744029 -0.781756638185845 -0.747515284213571 -0.713273929796033 -0.679032574928869 -0.644791219650288 -0.610549864009143 -0.576308508030899 -0.542067151647464 -0.507825794793664 -0.473584437509535 -0.439343079876274 -0.405101722034488 -0.370860364124225 -0.336619006223879 -0.302377648396432 -0.268136290695385 -0.233894933136324 -0.199653575710142 -0.165412218346883 -0.131170860970344 -0.0969295035401799 -0.0626881460371292 -0.0284467884904076 0.00579456905865059
-0.962480669680838 -0.929390175262332 -0.896299680662304 -0.863209185759293 -0.830118690579138 -0.797028195192836 -0.763937699704698 -0.730847204221578 -0.697756708827166 -0.664666213629129 -0.631575718854209 -0.598485224758916 -0.5653947315703 -0.532304239397577 -0.499213748311566 -0.46612325834734 -0.433032769558548 -0.399942282108874 -0.366851796149623 -0.333761311672544 -0.300670828629497 -0.267580346934501 -0.234489866350227 -0.201399386604237 -0.168308907435023 -0.135218428620686 -0.102127950086841 -0.0690374717890357 -0.035946993655052 -0.00285651560572812
0.932645587293995 0.908187836659427 0.883546631299204 0.858390818270659 0.832031120917599 0.80375048173303 0.773078843520289 0.739649889129447 0.703265261287177 0.664214152537156 0.624567994814476 0.586843779902082 0.552981752346405 0.522615167747817 0.495026670541518 0.470403449448066 0.448829568878522 0.429072051720588 0.409675107611074 0.389608734706596 0.367949378293715 0.343767075482241 0.316106230674959 0.283852293753794 0.245280529224244 0.198997513989558 0.145545259920393 0.0861067834194112 0.022493684049865 -0.043325292834843
-1.00449331949632 -0.96593611259647 -0.927372771883741 -0.888775983357303 -0.850128988644169 -0.811430038004492 -0.772726860603142 -0.734088701401367 -0.695621389641214 -0.657427925655432 -0.619563409858786 -0.582070967686543 -0.544984353360521 -0.508299836248747 -0.472002793911444 -0.436072521531406 -0.40048239166927 -0.365188168774453 -0.330154106056076 -0.295396019873306 -0.260942617372819 -0.226816101284997 -0.193012656675034 -0.159508650333465 -0.126227193617365 -0.0930827176227208 -0.0600081878346245 -0.0269513933828333 0.00609911641334947 0.0391446021872338
-0.983700670812851 -0.94923065493575 -0.914760639236083 -0.880290623933974 -0.845820609193155 -0.811350595139254 -0.776880581801878 -0.742410569190445 -0.707940557329633 -0.673470546239873 -0.639000535909342 -0.604530526318152 -0.570060517445964 -0.535590509270633 -0.501120501768104 -0.46665049490849 -0.432180488654826 -0.397710482947683 -0.363240477716289 -0.328770472866968 -0.294300468300317 -0.259830463920639 -0.225360459647055 -0.190890455407173 -0.156420451147746 -0.121950446826744 -0.0874804424278598 -0.0530104379474052 -0.0185404334064377 0.0159295711677988
-1.0408328326325 -1.00588775414126 -0.970930571406983 -0.93595173894099 -0.900950235374146 -0.865926078118017 -0.830874915587426 -0.795790692870707 -0.760664910746981 -0.72548796373927 -0.69024826565543 -0.654933735124519 -0.619534760659554 -0.584051610309368 -0.548485504482807 -0.512831593492949 -0.477084387546365 -0.441241906519375 -0.405304726216123 -0.369280136482312 -0.33317710567403 -0.297006202976023 -0.260784400887656 -0.224529941551995 -0.188259742372293 -0.151988882487451 -0.115726412718777 -0.0794776701809996 -0.0432391654801184 -0.00700520259495253
-0.991079567060212 -0.961254883841731 -0.931368228637371 -0.901326840997306 -0.87106792062565 -0.840576162648325 -0.809996283724536 -0.779466792925604 -0.74894134743803 -0.718323716413106 -0.687502968746101 -0.65636449826828 -0.624822222103323 -0.59290415054458 -0.560602013969251 -0.52764832992027 -0.493703506497035 -0.458398726859051 -0.42141388353424 -0.38265293146408 -0.342075841193439 -0.299710333342491 -0.25585512883264 -0.210891245227356 -0.165257886357147 -0.119372779341436 -0.0735095581882691 -0.0278542042896767 0.0176138183149957 0.0629666749245738
-0.978190464099087 -0.945218831034079 -0.912247197990511 -0.879275565033929 -0.846303932354354 -0.813332300150903 -0.7803606685346 -0.747389037568525 -0.714417407212079 -0.681445777389512 -0.648474147988169 -0.61550251888617 -0.582530889978188 -0.549559261225126 -0.516587632621993 -0.483616004233989 -0.450644376140441 -0.417672748406963 -0.384701121095548 -0.351729494267428 -0.318757867983641 -0.285786242283163 -0.252814617116715 -0.219842992402426 -0.186871368016308 -0.153899743830894 -0.120928119746932 -0.0879564956885362 -0.0549848716450859 -0.0220132476222764
-0.967175814554783 -0.934909983119165 -0.902644151626435 -0.870378319997155 -0.838112488163555 -0.805846656110095 -0.773580824018457 -0.741314992129499 -0.70904916072354 -0.676783330059306 -0.644517500269682 -0.612251671456093 -0.579985843710854 -0.547720017089834 -0.515454191617992 -0.483188367233076 -0.450922543857127 -0.418656721436562 -0.386390899923388 -0.354125079267594 -0.321859259418663 -0.289593440334874 -0.257327622009686 -0.225061804427239 -0.192795987499242 -0.160530171093897 -0.128264354977828 -0.0959985389306058 -0.06373272288516 -0.0314669068127591
-0.94838170636438 -0.918651801198583 -0.888903742771036 -0.859106878380027 -0.829210284613863 -0.799162496089823 -0.768930150251086 -0.738488242938905 -0.707827100760957 -0.676937863854873 -0.645799595711674 -0.614388340660733 -0.582684274116231 -0.550684095831592 -0.518389181930267 -0.485803089676577 -0.452931077289133 -0.419783025662849 -0.386372766286357 -0.352725310346871 -0.318868463956245 -0.284833011336282 -0.250661649148568 -0.216395209337024 -0.182055152535132 -0.147651179864988 -0.113165325713601 -0.0785824715467581 -0.0439265538804712 -0.00923127299330503
-1.01713459434408 -0.979758052583512 -0.942381510758553 -0.905004968781451 -0.867628426574427 -0.830251884078056 -0.792875341296364 -0.755498798249119 -0.718122254955613 -0.680745711449742 -0.643369167824311 -0.605992624186849 -0.568616080645998 -0.531239537314862 -0.49386299430054 -0.456486451681671 -0.419109909497363 -0.381733367657066 -0.344356826032752 -0.306980284476144 -0.269603742833903 -0.232227200983526 -0.194850658925859 -0.157474116698901 -0.120097574365916 -0.0827210319694928 -0.0453444894442411 -0.00796794672264927 0.029408596163313 0.0667851391568056
0.95723777140506 0.922341636507136 0.887445501613574 0.852549366740741 0.81765323189346 0.782757097058699 0.747860962163561 0.712964827124683 0.678068691876672 0.643172556334817 0.608276420319153 0.573380283625899 0.538484146076887 0.503588007596387 0.468691868151225 0.433795727775993 0.398899586501777 0.364003444277852 0.329107301056219 0.294211156881575 0.259315011821794 0.224418865960488 0.189522719444235 0.154626572412629 0.119730424914376 0.0848342769818528 0.0499381286730052 0.0150419800637891 -0.0198541687233781 -0.0547503175544635
1.00687942945451 0.971314948510139 0.935750980417572 0.900174397125662 0.864552230595529 0.828849974825665 0.793046811951795 0.757146239020153 0.721235324581804 0.685411539060838 0.649730388868621 0.614236889413341 0.578968503528767 0.543932483751003 0.509132522750532 0.474588284033031 0.440329230738372 0.406408053708014 0.37287601286833 0.33975541678376 0.307061336178265 0.274800630123544 0.242947311082263 0.211466980028649 0.180324438592229 0.149474276606146 0.118831036062723 0.0883064354688132 0.0578409472302137 0.0273822322274562
1.02123225817606 0.985150933064201 0.949069607854057 0.912988282426768 0.876906956598526 0.840825630194383 0.80474430313979 0.768662975402891 0.732581647022197 0.696500318073169 0.66041898870869 0.624337659101002 0.58825632941338 0.552174999773241 0.516093670273913 0.480012340908228 0.443931011649962 0.407849682497185 0.371768353458811 0.335687024562849 0.299605695842084 0.263524367330129 0.22744303906391 0.191361711098965 0.155280383561967 0.119199056567647 0.0831177301118379 0.0470364041388465 0.0109550785057665 -0.0251262469521108
0.976381812578582 0.943075110689371 0.909768408681509 0.876461706409184 0.843155003703011 0.809848300386713 0.776541596279986 0.743234891244429 0.709928185313267 0.676621478570791 0.643314771133929 0.610008063127769 0.576701354683857 0.543394645959577 0.510087937132041 0.47678122843144 0.443474520071482 0.410167812146859 0.376861104704281 0.343554397717538 0.310247691142189 0.276940984918494 0.243634278925506 0.210327573033858 0.177020867141687 0.143714161168083 0.110407455088424 0.077100748901331 0.0437940426420856 0.0104873363551374
-1.0587083156151 -1.02158759129125 -0.984466866892779 -0.947346142291239 -0.910225417389426 -0.873104692107113 -0.835983966400709 -0.798863240238094 -0.761742513596389 -0.724621786446012 -0.687501058721344 -0.65038033034775 -0.613259601260425 -0.576138871433875 -0.539018140866716 -0.501897409614696 -0.464776677747483 -0.42765594533329 -0.390535212435241 -0.353414479097555 -0.316293745359729 -0.279173011260633 -0.242052276836645 -0.204931542117549 -0.167810807109235 -0.130690071816085 -0.0935693362603245 -0.0564486004793884 -0.0193278645536902 0.0177928714256116
-0.946410337944668 -0.914324799440113 -0.883741261836376 -0.855728820533319 -0.8306269140846 -0.808220364736343 -0.786805186350743 -0.764444369528008 -0.739757620204326 -0.711716938530246 -0.680146786177794 -0.645084740199366 -0.606643721194589 -0.565238023952011 -0.521497970119797 -0.476616614595663 -0.431909526981263 -0.388619602444466 -0.347644670689223 -0.30857497399762 -0.270673857796271 -0.233371555094794 -0.196765849234804 -0.161259190047371 -0.127805142989371 -0.0972276046124863 -0.0692806802218075 -0.0434192773216902 -0.0189713034601462 0.00476708380389908
-0.801734562582636 -0.880784275947029 -0.932902419475358 -0.911234002293735 -0.838033931264725 -0.753985862187512 -0.704378548871311 -0.718452755277179 -0.756652187963491 -0.771115771887288 -0.749560363002949 -0.688597300014186 -0.596049536297836 -0.524586483923225 -0.512893595247909 -0.498874025089871 -0.422634496456914 -0.333878302655681 -0.292462452402265 -0.289262245751709 -0.297907555593793 -0.297437081319886 -0.288524828327706 -0.273751534038979 -0.241689557965095 -0.184190226459213 -0.12022911115188 -0.0694453261019897 -0.0270079098044385 0.0180316181368783
0.970776194330208 0.936793911853654 0.902811629388571 0.868829346974555 0.834847064676051 0.80086478254889 0.766882500589603 0.732900218762256 0.698917936960373 0.664935655087306 0.630953373156283 0.596971091207997 0.562988809286028 0.529006527445503 0.495024245722365 0.461041964064286 0.427059682406914 0.393077400726073 0.359095119007411 0.325112837235711 0.291130555395539 0.257148273470574 0.223165991440948 0.189183709299467 0.155201427093186 0.12121914488008 0.0872368627075659 0.0532545806072968 0.0192722985584253 -0.0147099834730204
