-1.01160901924045 -0.958273969077435 -0.90609852304385 -0.856280010073403 -0.810642797548898 -0.770874700559467 -0.737490286570463 -0.710258157383205 -0.687136299766627 -0.665943786950326 -0.645754653038914 -0.625956672355756 -0.605930905341727 -0.58503155690774 -0.562441029203949 -0.536681368867439 -0.506345831473259 -0.470972863861385 -0.43070501081134 -0.387156017595907 -0.342307429611183 -0.297919042475839 -0.254863652698834 -0.213851050276261 -0.175825998262479 -0.141221894347725 -0.1081917017075 -0.0747286096540985 -0.0404671465617098 -0.00545217556999918
-1.1049172435657 -0.961631951105427 -0.868251375821294 -0.875671612893386 -0.896928290472356 -0.848246227248791 -0.796467471102449 -0.812976727873432 -0.83671210605404 -0.795417930969832 -0.704509992627197 -0.601321947202736 -0.520074034806363 -0.482532831281256 -0.494237472509742 -0.508270998797476 -0.478258988286749 -0.412453266043068 -0.332310651365745 -0.257481693566102 -0.20716537445846 -0.197362153052889 -0.231278397142433 -0.292145274406344 -0.296087243285709 -0.179915402219806 -0.0302941188788377 0.0512218676049881 0.0533696014823624 -0.0125409271502994
-0.964911900809572 -0.932839598728919 -0.900767296642176 -0.868694994547974 -0.836622692384324 -0.804550390059932 -0.77247808742692 -0.740405784358407 -0.708333480868102 -0.676261177013062 -0.644188872883146 -0.612116568576412 -0.580044264176126 -0.547971959706396 -0.515899655191066 -0.483827350712087 -0.4517550463492 -0.419682742115203 -0.387610437997604 -0.355538133949681 -0.323465829916157 -0.29139352586017 -0.259321221818517 -0.227248917854622 -0.195176614064758 -0.163104310530999 -0.131032007245798 -0.0989597041694813 -0.0668874012234994 -0.034815098319585
-0.994466948251752 -0.97080664158998 -0.946662200575295 -0.921453521584577 -0.894036716796156 -0.863334783065396 -0.829102040154342 -0.791512391745614 -0.751586754297434 -0.710392375182111 -0.668334812652703 -0.625654202682457 -0.582700456662037 -0.540262587651789 -0.499145486053112 -0.459778449961954 -0.422277543896709 -0.385881490371001 -0.349846265065763 -0.314374198335953 -0.279904209205029 -0.246923926044418 -0.216115814617414 -0.188053532515983 -0.162680667254928 -0.139851243583266 -0.119691105264038 -0.102168416568051 -0.0863488047831401 -0.0710722629514002
-1.06938372151047 -1.02845844655627 -0.987480469924894 -0.946521061892116 -0.905860139434141 -0.865768869358233 -0.826274771095437 -0.787204839601829 -0.747827619309809 -0.70735304946318 -0.66531509907502 -0.621328744600725 -0.575257825743296 -0.527961635196136 -0.480588347506215 -0.43444621164436 -0.390773335957224 -0.350367191870903 -0.313821499446457 -0.281355610205358 -0.253095283534176 -0.228860578124899 -0.207248749891177 -0.186860575853869 -0.167533720241026 -0.149419509642543 -0.132687032888513 -0.117394884701893 -0.103141921136904 -0.0894120635805822
-1.04879849609417 -1.00922390414245 -0.96964931219306 -0.930074720266884 -0.890500128397395 -0.850925536643322 -0.811350945151853 -0.77177635408323 -0.732201763561469 -0.692627173677714 -0.653052584427866 -0.61347799578401 -0.573903407698473 -0.534328820044525 -0.494754232704113 -0.455179645672932 -0.415605058959664 -0.376030472511191 -0.336455886269674 -0.296881300220182 -0.257306714358512 -0.217732128674013 -0.178157543130238 -0.138582957670522 -0.0990083721831228 -0.0594337865631195 -0.0198592007879716 0.0197153851376149 0.0592899711823277 0.0988645573082025
-1.03045178628519 -0.995686956206528 -0.960916172473305 -0.926136867021106 -0.891356005405788 -0.856577720583374 -0.821785281490293 -0.786951131226084 -0.752025273562339 -0.716952258388565 -0.681677259393872 -0.646145606217274 -0.6103070426077 -0.574128968753766 -0.53759065485953 -0.500701194751147 -0.463485543686572 -0.426002279028865 -0.38831211421861 -0.350450684901387 -0.312447357274025 -0.274333386319668 -0.236147582166727 -0.19793025528214 -0.159720162341713 -0.121546472688233 -0.0834015601235522 -0.0452720671488755 -0.00715850660375636 0.0309351410876648
-0.83835858836428 -1.04036339727745 -0.94025848876106 -0.905908557564566 -0.882381135724644 -0.764077945035614 -0.665534629035093 -0.701433394879701 -0.766908782458777 -0.740140485842522 -0.651036483091897 -0.567436823265549 -0.539307901440177 -0.54512149676469 -0.548663554399452 -0.526471299478447 -0.469723396165765 -0.415412984772293 -0.398635756698551 -0.401083131556798 -0.391095461012225 -0.341357143128685 -0.241928761564679 -0.107281056567897 -0.0321492091481496 -0.0845710073514316 -0.14553022660637 -0.0998525456037938 -0.0347852687007224 -0.0881811066707212
-0.976055577090883 -0.943799747702619 -0.911543918390241 -0.879288089173209 -0.847032260051165 -0.81477643102401 -0.782520602112477 -0.75026477333379 -0.718008944670305 -0.685753116088819 -0.65349728752878 -0.621241458922795 -0.588985630215019 -0.556729801395802 -0.524473972479512 -0.4922181435304 -0.459962314631244 -0.427706485889028 -0.395450657406613 -0.363194829246138 -0.330939001459561 -0.298683174086398 -0.26642734711638 -0.234171520518438 -0.201915694228068 -0.169659868187248 -0.137404042397295 -0.10514821685644 -0.0728923914912331 -0.0406365662102992
1.00094362716307 0.966829898378951 0.932727174757419 0.898754367078395 0.865019913237995 0.831637689119454 0.798753795438302 0.766584139371566 0.735591629109968 0.706111052088274 0.677717711703737 0.649797040344229 0.621758397400352 0.593106850273626 0.563419493523471 0.532465822330004 0.500067585977519 0.466063149546351 0.430332224518863 0.39290329218951 0.353842026305768 0.313204552199458 0.271008801539788 0.227328448737556 0.18249833283253 0.136894783996666 0.0907989323016934 0.0444393644200333 -0.00207030647289204 -0.0486452105759105
-0.985140501459402 -0.951730444848619 -0.918320388479371 -0.884910332552373 -0.851500277120454 -0.818090222203455 -0.784680167837125 -0.751270114048718 -0.717860060815576 -0.684450008077647 -0.651039955675186 -0.617629903423527 -0.584219851140338 -0.550809798652623 -0.517399745777247 -0.483989692281187 -0.450579637945586 -0.417169582658164 -0.383759526331451 -0.350349468870656 -0.316939410179159 -0.283529350202322 -0.250119289053431 -0.216709226899669 -0.183299163955893 -0.149889100448275 -0.116479036600574 -0.0830689726058263 -0.0496589085365751 -0.016248844435242
-1.12212076979747 -1.05093611384462 -0.980313148412102 -0.912795892935125 -0.850788031569497 -0.796484987692719 -0.751389476848456 -0.715662988268191 -0.684794813768519 -0.653892319814094 -0.621207368876683 -0.585777947429834 -0.547636478475843 -0.510793131131999 -0.479065937411282 -0.451526634794446 -0.426379997824181 -0.403109243823139 -0.381178542944513 -0.358697433883712 -0.333436797471693 -0.303397099884209 -0.267497148676184 -0.225350235945158 -0.178429250579966 -0.128634836804732 -0.0777190633934572 -0.0270736860671874 0.0232022162147295 0.0733327336833698
-0.973233464679712 -0.939993663921777 -0.906753863109003 -0.873514062228449 -0.840274261329893 -0.807034460470499 -0.773794659674262 -0.740554858968884 -0.70731505843005 -0.674075258131834 -0.640835458093866 -0.607595658322162 -0.574355858801939 -0.541116059435209 -0.507876260135703 -0.474636460947222 -0.441396661930501 -0.408156863083938 -0.37491706438733 -0.341677265808424 -0.308437467311949 -0.275197668884659 -0.241957870601388 -0.20871807254728 -0.175478274760609 -0.142238477250295 -0.108998679954687 -0.0757588827959702 -0.0425190857022348 -0.00927928860304622
-0.960748835314344 -0.934136397487338 -0.907463317741982 -0.880647442940284 -0.853553299277941 -0.82604638860578 -0.798049436061438 -0.769480430344576 -0.740181191116125 -0.710013367146492 -0.67899409268271 -0.647179373340968 -0.614620877353726 -0.581352923418529 -0.547407823653653 -0.512827213395245 -0.477641458738919 -0.4418265256003 -0.405352825088203 -0.368222949264194 -0.330447535428025 -0.292052263284844 -0.253122982161377 -0.2137742323969 -0.174175148759318 -0.134493517433304 -0.0948371358419922 -0.0552793855452485 -0.0158159734114168 0.0235768123640401
1.02107425017711 0.979868584899279 0.938612845236823 0.89736283129657 0.856130624644628 0.814999156619739 0.774378476191889 0.734782156612253 0.6968107506255 0.660947356843689 0.627118277854924 0.595110617241322 0.564691997189259 0.535552114302136 0.507314911723748 0.479419244342433 0.451394070529536 0.423313850843883 0.395307902492287 0.367179467085993 0.338650267337362 0.309324371625183 0.278335230993978 0.244762766922622 0.207943399961646 0.167579828186853 0.124583360703455 0.0800839547934217 0.0348775494163286 -0.0103234210488449
-0.939067671516004 -0.907236118958046 -0.875404566483098 -0.843573014145706 -0.811741462005507 -0.779909910116636 -0.748078358506132 -0.716246807173125 -0.6844152560322 -0.652583704970367 -0.620752153848896 -0.58892060252262 -0.557089050865649 -0.525257498829184 -0.493425946405039 -0.461594393670366 -0.429762840731471 -0.397931287725931 -0.366099734779924 -0.33426818194276 -0.302436629244532 -0.27060507671707 -0.23877352439915 -0.206941972318752 -0.175110420453726 -0.143278868759614 -0.111447317152857 -0.0796157655549928 -0.0477842139470242 -0.015952662324822
-1.03324800677938 -0.997837270866231 -0.96242653485852 -0.927015798615559 -0.891605061984189 -0.856194324848646 -0.820783587255214 -0.785372849289573 -0.749962111032916 -0.714551372561648 -0.679140633937518 -0.643729895218605 -0.608319156472905 -0.572908417808066 -0.537497679329314 -0.502086941092511 -0.466676203159192 -0.431265465662927 -0.395854728729462 -0.360443992381201 -0.325033256614716 -0.289622521410098 -0.25421178668151 -0.218801052334129 -0.18339031830309 -0.147979584537294 -0.112568851010747 -0.0771581176958938 -0.0417473845338504 -0.00633665145789863
-0.999501980563587 -0.965450217071093 -0.931398453469316 -0.897346689675029 -0.863294925610351 -0.829243161206238 -0.795191396423657 -0.761139631218318 -0.727087865494909 -0.69303609915503 -0.658984332138967 -0.624932564396678 -0.590880795894279 -0.556829026662529 -0.522777256771072 -0.488725486380459 -0.454673715648938 -0.420621944634636 -0.38657017336952 -0.352518401881041 -0.318466630195517 -0.284414858352949 -0.25036308644805 -0.21631131458545 -0.182259542854721 -0.148207771340354 -0.114156000121584 -0.0801042292442886 -0.0460524586261703 -0.0120006881528894
-1.00151368497978 -0.96679842440903 -0.932083163778951 -0.897367903043214 -0.86265264224537 -0.827937381443249 -0.793222120661921 -0.758506859885585 -0.723791598967727 -0.689076337736974 -0.654361076053214 -0.619645813784155 -0.584930550843027 -0.550215287325166 -0.515500023354999 -0.480784758991221 -0.446069494270979 -0.411354229210958 -0.376638963836627 -0.341923698229054 -0.30720843248321 -0.272493166691554 -0.237777900936509 -0.203062635297112 -0.168347369848881 -0.133632104641557 -0.0989168396252781 -0.0642015747284623 -0.0294863098922453 0.00522895493905799
-0.952940549312519 -0.91996688376252 -0.886993218244556 -0.85401955278774 -0.821045887355723 -0.788072221905928 -0.755098556436333 -0.722124890956422 -0.689151225481154 -0.656177560033239 -0.623203894660927 -0.590230229418856 -0.557256564400799 -0.524282899857086 -0.491309236055149 -0.458335573174267 -0.42536191136016 -0.392388250712461 -0.359414591279719 -0.326440932952236 -0.29346727558075 -0.260493619018283 -0.227519963126995 -0.194546307791844 -0.161572652979852 -0.128598998646847 -0.0956253446218169 -0.0626516907256752 -0.0296780368738606 0.00329561699455623
-0.982207452744602 -0.949984618265592 -0.917816192997301 -0.885742979432418 -0.853735585938695 -0.821750477753421 -0.789757741716956 -0.75773291624725 -0.72565972446953 -0.693518389219843 -0.661266947470229 -0.628857889726722 -0.596237002079494 -0.563323252955253 -0.530039327719945 -0.49634959715995 -0.462225289469094 -0.427623377050551 -0.392507257353951 -0.35688028380538 -0.320755798825037 -0.284163779732342 -0.247200743443597 -0.209975733560392 -0.172581360828605 -0.135097158225023 -0.0975667805057968 -0.0600175360580147 -0.0224472260131639 0.0151537253111692
-1.04339901557662 -1.00564232933096 -0.967867762670517 -0.930008914862485 -0.892046375476542 -0.853980200537786 -0.815841321590545 -0.777686141831064 -0.739642075544018 -0.70185312711856 -0.664458650273324 -0.627596836059315 -0.591382738211139 -0.5558388611978 -0.520976610620208 -0.486855545872481 -0.453545124927563 -0.421106246280465 -0.389578349799785 -0.358923600326372 -0.329084843944138 -0.300009113362647 -0.271660187794067 -0.244009993412485 -0.217046297737065 -0.190739795675148 -0.164977050341693 -0.139622084566192 -0.11453289182864 -0.0895659582716596
-0.98421101418371 -0.951517068727576 -0.91882180294046 -0.886123864841544 -0.853420523956997 -0.820707201793343 -0.787973306271552 -0.75520775568231 -0.722403523380736 -0.689555271403603 -0.656660361449852 -0.623716830133972 -0.590722680438269 -0.557675780816315 -0.524575344321903 -0.491426096938421 -0.458233958151209 -0.425004108523821 -0.391741002378585 -0.358446927994739 -0.325123632140747 -0.29177254254774 -0.258393810797525 -0.224988727646804 -0.191564416701188 -0.158128793882093 -0.124687111525234 -0.0912433609393912 -0.0577991529112911 -0.0243555030971475
-1.03099617361959 -0.993669764194502 -0.956340718136469 -0.919012518794336 -0.881696623438788 -0.844404954365785 -0.807143320050537 -0.769914676013273 -0.732716679775048 -0.695549012608091 -0.658424748788497 -0.621360310843331 -0.584378078589567 -0.547524261003836 -0.51084780870175 -0.474384809695186 -0.438161436046664 -0.402177058625007 -0.366421055854869 -0.330869637577924 -0.2954957214901 -0.2602703913937 -0.225157395516511 -0.190118642238141 -0.155116016119977 -0.120119781995234 -0.0851337496026643 -0.0501675537162043 -0.0152205843449926 0.0197103296930316
-0.961220833932278 -0.935891852846194 -0.910430899387044 -0.884688732407274 -0.858493926600868 -0.831695384372664 -0.804245503129378 -0.776115962826717 -0.747252078614473 -0.717589953771166 -0.687055208896164 -0.655570843919045 -0.623066505780956 -0.589498429469319 -0.554844705153614 -0.519144255685273 -0.482438219484153 -0.444715764561848 -0.406012290369513 -0.366600092524811 -0.326810690687034 -0.286941835110662 -0.247156198430922 -0.207566325730127 -0.168219329498184 -0.129132114491786 -0.0902661871271839 -0.0515726181074563 -0.0130161336234373 0.0254351262620998
-0.998780223048794 -0.964606122761408 -0.930340628154484 -0.895857227843273 -0.861095038749419 -0.826033439859816 -0.790747230115975 -0.755306086991818 -0.719663782136294 -0.683762071312378 -0.647610552564113 -0.61123578450581 -0.574698441399014 -0.538195660094205 -0.5019768502417 -0.466364050102236 -0.431630543294839 -0.397781966261262 -0.364760075405698 -0.332518754159381 -0.301014917710302 -0.270201244829027 -0.240013468616414 -0.210374449415688 -0.181172502209245 -0.152307289867782 -0.123758412176033 -0.0955103478897544 -0.0674871547347589 -0.039597785179373
-1.0121186153413 -0.977977380688293 -0.943836146116079 -0.90969491169217 -0.875553677351202 -0.841412442979666 -0.807271208404345 -0.773129973448938 -0.738988737984528 -0.704847501926229 -0.670706265317889 -0.636565028235543 -0.602423790734016 -0.568282552783286 -0.534141314312305 -0.500000075170755 -0.465858835201647 -0.431717594300577 -0.397576352400074 -0.36343510952782 -0.32929386573528 -0.295152621082132 -0.261011375660894 -0.226870129581521 -0.192728882990883 -0.158587636036156 -0.124446388828852 -0.0903051414637115 -0.0561638940040653 -0.0220226465053897
-0.976915878363847 -0.943498929354013 -0.910081980315256 -0.876665031214208 -0.843248082122095 -0.809831133137313 -0.776414184362332 -0.742997235895251 -0.709580287812605 -0.6761633401637 -0.642746392910494 -0.609329445993105 -0.575912499350075 -0.542495552913623 -0.509078606607406 -0.475661660327149 -0.442244713971513 -0.408827767478832 -0.375410820812712 -0.341993873998154 -0.308576927075511 -0.275159980100368 -0.241743033189244 -0.20832608646813 -0.174909140039972 -0.14149219398543 -0.108075248319057 -0.0746583030182352 -0.0412413579777509 -0.0078244130717423
-0.970113770893761 -0.93798243149887 -0.905851092087309 -0.873719752606867 -0.841588412899146 -0.809457072782479 -0.777325732088302 -0.745194390669722 -0.713063048453434 -0.680931705385519 -0.648800361416029 -0.61666901649601 -0.584537670593326 -0.552406323743128 -0.520274976033813 -0.488143627699478 -0.456012278996071 -0.423880930121226 -0.391749581220106 -0.359618232286283 -0.327486883275431 -0.295355534150039 -0.263224184899861 -0.231092835528165 -0.198961486065023 -0.166830136540311 -0.134698786956337 -0.102567437311572 -0.0704360876167109 -0.0383047378855015
-0.981484611900369 -0.948650471867948 -0.91581633178717 -0.882982191514613 -0.85014805089705 -0.817313909785544 -0.784479768058131 -0.751645625622547 -0.718811482478349 -0.685977338656718 -0.653143194223491 -0.620309049253173 -0.587474903825542 -0.554640758041479 -0.521806611998152 -0.488972465756785 -0.456138319365212 -0.423304172853662 -0.390470026263561 -0.357635879698731 -0.324801733278593 -0.291967587114656 -0.259133441286771 -0.226299295868587 -0.193465150940592 -0.160631006534668 -0.127796862481452 -0.0949627185851735 -0.0621285747457021 -0.029294430886815
1.00650911924621 0.972804968847014 0.939100818388396 0.905396667772336 0.871692516909292 0.837988365714082 0.80428421411047 0.770580062045267 0.736875909548516 0.703171756678538 0.669467603523531 0.635763450179164 0.602059296708848 0.56835514304696 0.534650989106427 0.500946834843401 0.46724268022638 0.433538525230021 0.399834369839613 0.366130214076806 0.332426057972344 0.298721901542125 0.265017744742672 0.23131358753686 0.197609429972362 0.163905272109397 0.13020111397358 0.096496955590892 0.0627927970233726 0.0290886383420768
-0.946625275065754 -0.919564682845734 -0.892422197526246 -0.865087787247176 -0.837474127061575 -0.809498555451523 -0.78107435770205 -0.752133605291173 -0.722687567665903 -0.692760425043318 -0.662348802751773 -0.631442437397441 -0.600030897435378 -0.568103078716168 -0.535646810064724 -0.502646324807743 -0.469087469066519 -0.43496613563892 -0.400296374830762 -0.365154820303076 -0.329633751555691 -0.293823102298804 -0.257803423084068 -0.221651899837689 -0.185441643142631 -0.149227202630403 -0.112992959469961 -0.0767110741801275 -0.0403749931417637 -0.00398348420124009
-0.97610674421574 -0.94349379403346 -0.911500437973777 -0.88139560447842 -0.853439804843291 -0.827415348307488 -0.802200153028712 -0.776537146398772 -0.749533683827303 -0.720466342087382 -0.688924155388031 -0.654574272297253 -0.61728525622198 -0.577731329924856 -0.536642169235894 -0.494163602898891 -0.450275839441655 -0.404880453614276 -0.358084184142739 -0.310893059434346 -0.264537930316726 -0.220292456040746 -0.179601529550226 -0.143761780150187 -0.113305548897512 -0.0882684674059714 -0.0674636177650245 -0.0494921072732435 -0.0333296935899612 -0.0180457969647008
-1.03511257798269 -0.997227447694471 -0.959362310102368 -0.9215286452702 -0.883710533152088 -0.845886412242888 -0.808039555310081 -0.77015850794609 -0.732248072770474 -0.694321661588173 -0.656410865918491 -0.61855182220933 -0.580781315917344 -0.54313872853421 -0.50566334738117 -0.468391487062709 -0.431354409330746 -0.394566137243697 -0.358031918462629 -0.321739137752722 -0.285670714155181 -0.249806657141722 -0.214115337906091 -0.178559594373731 -0.143091769674833 -0.107665294970331 -0.0722484483393714 -0.0368189219429211 -0.00137721735100605 0.0340704615140825
0.943496262565827 0.910917019891433 0.878344968714861 0.845788915257623 0.813255514867442 0.780751053523423 0.74828249060399 0.71585573876647 0.683471850384505 0.65113076680032 0.618832845514171 0.586578548065818 0.554367203154817 0.522193608119899 0.490052234137567 0.457940779096228 0.425857657309921 0.393800922083283 0.361769046796975 0.32976254614514 0.297782445150291 0.265829340547164 0.233902115919387 0.201998757931154 0.170115378720037 0.138248145676357 0.106395321728034 0.0745551355554594 0.0427235833113048 0.0108961030163122
-1.0122357546168 -0.975844911735357 -0.939454068825601 -0.903063225851546 -0.866672382733486 -0.830281539404826 -0.793890695895132 -0.757499852278178 -0.721109008708413 -0.684718165327634 -0.648327322146365 -0.611936479142311 -0.575545636306185 -0.539154793680732 -0.502763951324374 -0.466373109306194 -0.429982267696923 -0.39359142656321 -0.357200585959504 -0.32080974589552 -0.284418906369788 -0.248028067369462 -0.211637228836187 -0.175246390691939 -0.138855552825526 -0.102464715119568 -0.0660738774651161 -0.0296830397728969 0.0067077979760771 0.0430986357832223
-1.00717238421273 -0.971237237872889 -0.935302091543503 -0.899366945236591 -0.863431799036615 -0.827496653059058 -0.791561507471039 -0.755626362450195 -0.719691218164599 -0.683756074776642 -0.647820932435545 -0.611885791287236 -0.575950651435077 -0.540015512812157 -0.504080375317443 -0.46814523888369 -0.432210103440041 -0.396274968867398 -0.360339835017768 -0.324404701675825 -0.288469568609406 -0.252534435622422 -0.21659930266306 -0.180664169689058 -0.144729036552073 -0.108793903113299 -0.0728587693781605 -0.0369236353964035 -0.000988501250816014 0.0349466329675526
-0.972148409571778 -0.946487408926478 -0.920746248908614 -0.894780788814834 -0.868453066753504 -0.841648417863062 -0.81433918659051 -0.786522988157387 -0.758211511574795 -0.729397342140809 -0.699982576511819 -0.669846689183796 -0.638894785924073 -0.607134497585432 -0.574616918591998 -0.541464472567805 -0.507783565955235 -0.473545207270144 -0.438686510304726 -0.403144407883041 -0.366855787587115 -0.32974237369153 -0.291665237241095 -0.252504510901296 -0.21227722705011 -0.171086249815445 -0.129240870612431 -0.0870594928473313 -0.0446905406036963 -0.00223994313439991
-0.918500851031119 -0.893051610788038 -0.867504989188069 -0.841723193271129 -0.815581009987139 -0.788962812035851 -0.761778735206338 -0.73393483673144 -0.70529509652973 -0.675732889781557 -0.645201250028653 -0.613673125403095 -0.581130302567632 -0.547589922307708 -0.513094011742591 -0.477748789204164 -0.441693890805704 -0.405138432573455 -0.368277192797478 -0.331178118910119 -0.2938774506293 -0.256409556591291 -0.218801321105766 -0.181104446295778 -0.14347738986449 -0.10605916160239 -0.0688042240691624 -0.0316285071575467 0.00552164267668691 0.0426922748370107
-0.960788655082247 -0.936804572796693 -0.912741072998855 -0.888511063133168 -0.864087811695546 -0.839415753705061 -0.814263629221917 -0.788335857867022 -0.761255272462942 -0.732697642262003 -0.702632069033881 -0.671100987677596 -0.638145522774611 -0.603801557636177 -0.568105715384151 -0.531102819653039 -0.492834054294474 -0.453317843515947 -0.412595338955871 -0.370821361620472 -0.328179149857932 -0.284888836577067 -0.241318132929231 -0.197803306403505 -0.154407271597321 -0.111114024213397 -0.0678652372672178 -0.0246010226607886 0.0187024294705952 0.0620599094333145
-1.00546838775186 -0.970809800321509 -0.936151212862811 -0.901492625349966 -0.866834037775697 -0.832175450141489 -0.797516862465356 -0.762858274756366 -0.728199686971274 -0.693541099074158 -0.658882511110682 -0.624223923146909 -0.58956533524625 -0.55490674746151 -0.52024815984816 -0.485589572482918 -0.45093098543375 -0.416272398712349 -0.381613812307773 -0.346955226174805 -0.312296640259661 -0.277638054507384 -0.242979468858346 -0.208320883249331 -0.173662297607475 -0.139003711874686 -0.10434512606162 -0.0696865401971841 -0.0350279543145494 -0.000369368447950671
-1.01315612919157 -0.979444020178667 -0.945731911032793 -0.912019801587157 -0.87830769173576 -0.844595581407891 -0.810883470613203 -0.777171359376888 -0.743459247705954 -0.709747135616075 -0.676035023175782 -0.642322910466825 -0.608610797609704 -0.574898684879933 -0.541186572566038 -0.507474460853577 -0.473762349904723 -0.440050239891081 -0.406338130938609 -0.372626022981258 -0.338913915904973 -0.305201809596996 -0.27148970394976 -0.237777598855793 -0.204065494202826 -0.170353389874641 -0.136641285744013 -0.102929181699931 -0.0692170777072432 -0.0355049737497637
-1.04033884506964 -1.00189964182109 -0.963485870323163 -0.925125907838002 -0.886874857963792 -0.848791077559872 -0.810919210194168 -0.773297820054297 -0.735954867098061 -0.698917904532637 -0.662223462792504 -0.625910316618965 -0.590010462883766 -0.554528786980419 -0.519459101227646 -0.484778037123251 -0.450463748401702 -0.416517658565049 -0.382945974118318 -0.349750763810857 -0.316933061953093 -0.284474103069103 -0.252275922537551 -0.220230696168022 -0.188270360639178 -0.156348238606869 -0.124463435766616 -0.0926212120651081 -0.0608056614140397 -0.0289955862163547
0.956174000098626 0.92387627296481 0.891578545845812 0.859280818769494 0.826983091836359 0.794685365180416 0.762387638997034 0.730089913456428 0.69779218856681 0.665494464302967 0.63319674066797 0.600899017671962 0.568601295298227 0.536303573422615 0.504005851905825 0.471708130655384 0.439410409620112 0.407112688867178 0.374814968497511 0.342517248628748 0.310219529382702 0.277921810885606 0.245624093281367 0.21332637667824 0.181028661024199 0.148730946208143 0.116433232042978 0.0841355183273196 0.0518378048786211 0.019540091519047
-1.02035633087605 -0.980315897432948 -0.940309894493526 -0.900385578828757 -0.860591389623454 -0.820977252032509 -0.781597852677281 -0.742509696835433 -0.703771802943386 -0.665437678151972 -0.62753627131091 -0.590090391694645 -0.553111783719853 -0.516567932372147 -0.480417497613586 -0.444628098743085 -0.40917578099312 -0.374061333993562 -0.339276693109142 -0.304753632246639 -0.270408884948342 -0.236172181631205 -0.202025240210832 -0.167954946110056 -0.133916867281981 -0.0998678025877749 -0.0658007919906115 -0.0317172894252405 0.00238383638928421 0.0365043630378325
-1.05271206543444 -1.01542483967535 -0.978137613888834 -0.940850388046421 -0.903563162059608 -0.866275935850203 -0.828988709441279 -0.791701482900752 -0.754414256374657 -0.717127030038953 -0.679839804111193 -0.642552578819327 -0.605265354369369 -0.567978130879588 -0.530690908414183 -0.493403686908824 -0.456116466262013 -0.41882924635212 -0.38154202705442 -0.34425480825193 -0.306967589829604 -0.269680371670989 -0.232393153654018 -0.195105935648596 -0.157818717498152 -0.120531499071085 -0.083244280362155 -0.0459570614084623 -0.00866984229011887 0.0286173769020106
-1.00417823948875 -0.974142547362224 -0.94406465943 -0.913885266454895 -0.883574366658841 -0.853117077624752 -0.822529686920348 -0.7918013349094 -0.76078140315509 -0.729291886375065 -0.697184990705436 -0.66432047513693 -0.630592930002515 -0.596036271004128 -0.560714013334804 -0.524668744782996 -0.48792527185188 -0.450458203308104 -0.412235637137604 -0.373249825939991 -0.333499060968291 -0.29300906592286 -0.25191529429335 -0.210352135644002 -0.168339994048105 -0.125881046428329 -0.0830185465958198 -0.0398168709214862 0.00361619087317716 0.0471619957290299
-0.944773826414439 -0.915818545237904 -0.886867344235702 -0.857921400259673 -0.828979070250225 -0.800037352121857 -0.771090627596849 -0.742113733980593 -0.713005947103131 -0.683650321239583 -0.653940585920704 -0.623773139491165 -0.593050147694133 -0.561696845866778 -0.52965475908148 -0.496907501757454 -0.463443904206698 -0.429231570965484 -0.394254065224685 -0.358580010569298 -0.322299295682846 -0.285503047051579 -0.248287342372633 -0.210743708870665 -0.172940520669532 -0.134933770040777 -0.0967530749474892 -0.0584284945138353 -0.0200182268167398 0.0184124953286823
-1.03330012690376 -0.996960326634956 -0.960620526351868 -0.924280726060128 -0.887940925841531 -0.851601125808181 -0.815261326117262 -0.778921526934667 -0.742581728416058 -0.706241930699894 -0.669902133866066 -0.633562337979828 -0.597222543086427 -0.560882749151113 -0.5245429561065 -0.488203163834682 -0.451863372215722 -0.415523581172099 -0.379183790650348 -0.342844000650838 -0.306504211187393 -0.270164422240917 -0.233824633660615 -0.197484845277116 -0.161145056978419 -0.124805268665943 -0.0884654802374183 -0.0521256916190943 -0.0157859028549929 0.0205538859814212
-0.971428724698715 -0.939451728299514 -0.907474731969015 -0.875497735769422 -0.843520739720911 -0.811543743835496 -0.779566748134567 -0.747589752610062 -0.715612757126746 -0.683635761510618 -0.651658765559798 -0.619681769065435 -0.587704771846216 -0.555727773830973 -0.523750774983448 -0.491773775296879 -0.459796774785879 -0.427819773521066 -0.395842771595785 -0.363865769138293 -0.331888766285572 -0.299911763135202 -0.267934759627136 -0.235957755683714 -0.203980751314434 -0.172003746572038 -0.140026741595084 -0.108049736522046 -0.0760727314052539 -0.044095726275502
-1.02411062280513 -0.988218472843651 -0.952326322958029 -0.916434173216495 -0.880542023680165 -0.844649874407037 -0.808757725449764 -0.772865576875299 -0.736973428813128 -0.701081281382794 -0.665189134601517 -0.629296988460937 -0.59340484292482 -0.557512697845443 -0.521620553059109 -0.48572840844972 -0.449836263911116 -0.413944119329298 -0.378051974587671 -0.342159829567121 -0.306267684147901 -0.270375538222692 -0.234483391733886 -0.198591244665561 -0.162699097118829 -0.126806949232892 -0.0909148011822808 -0.055022653116908 -0.019130505052888 0.0167616430271151
-1.0061214937836 -0.972451579948426 -0.938781666141521 -0.905111752395302 -0.871441838730538 -0.837771925143014 -0.804102011540237 -0.770432097815517 -0.736762183893666 -0.703092269741723 -0.669422355464141 -0.635752441199727 -0.602082527057097 -0.568412613024098 -0.53474269906995 -0.50107278521013 -0.467402871481499 -0.433732957960188 -0.400063044725457 -0.366393131829811 -0.332723219319066 -0.299053307239998 -0.265383395643227 -0.23171348456904 -0.198043574012553 -0.164373663929044 -0.130703754159615 -0.0970338445368544 -0.0633639349734729 -0.029694025402212
-1.00707426638265 -0.971777398219668 -0.936480529972281 -0.901183661513083 -0.865886792677365 -0.830589923290886 -0.795293053178571 -0.759996182160807 -0.724699310040685 -0.689402436652107 -0.654105561969528 -0.618808686002539 -0.583511808769483 -0.548214930323712 -0.512918050778487 -0.477621170451712 -0.442324289690037 -0.407027408750445 -0.371730527847773 -0.336433647117938 -0.301136766677129 -0.265839886606006 -0.230543006843121 -0.195246127307074 -0.159949247978762 -0.124652368863592 -0.0893554900027301 -0.0540586114230898 -0.0187617330588227 0.0165351451791097
-1.01906576423267 -0.98337345822691 -0.947681152150204 -0.91198884596992 -0.876296539751192 -0.840604233571871 -0.804911927462898 -0.769219621456555 -0.733527315637377 -0.697835010082673 -0.662142704788597 -0.626450399731013 -0.590758094908813 -0.555065790413013 -0.519373486366013 -0.483681182923647 -0.44798888021964 -0.412296578265853 -0.376604277037946 -0.340911976488624 -0.305219676564853 -0.269527377227979 -0.233835078496869 -0.198142780380458 -0.162450482790431 -0.126758185620517 -0.091065888789875 -0.0553735922239153 -0.0196812958476326 0.0160110004140831
-1.00947894151059 -0.975020936282977 -0.940562931059916 -0.906104925817909 -0.87164692043645 -0.837188914786768 -0.802730908804035 -0.768272902427697 -0.733814895550353 -0.69935688806464 -0.664898879910185 -0.630440871038362 -0.595982861381175 -0.561524850793132 -0.527066839137211 -0.492608826387738 -0.458150812557421 -0.423692797701139 -0.389234781917504 -0.354776765437891 -0.320318748526863 -0.285860731422858 -0.251402714259802 -0.216944697116739 -0.182486679957671 -0.148028662716359 -0.113570645320634 -0.079112627719761 -0.0446546099546707 -0.0101965920892096
1.03962530233276 1.0037743686344 0.9679234348299 0.932072500816512 0.89622156653171 0.860370631929804 0.824519696992206 0.788668761698425 0.752817825993245 0.716966889812043 0.681115953087308 0.645265015750805 0.609414077736447 0.573563138986746 0.537712199483146 0.501861259354218 0.466010318750864 0.430159377766189 0.394308436491201 0.358457495066331 0.322606553644366 0.286755612382593 0.250904671456295 0.215053731035947 0.179202791254784 0.143351852190297 0.107500913734235 0.0716499757325461 0.0357990380337122 -5.18995131529692e-05
-1.01204821700709 -0.977195806501322 -0.942343396056025 -0.907490985715257 -0.87263857549034 -0.837786165372505 -0.802933755305354 -0.768081345239136 -0.73322893519831 -0.698376525230959 -0.66352411540544 -0.628671705795181 -0.593819296457181 -0.558966887382729 -0.524114478524837 -0.489262069749116 -0.454409660907582 -0.419557251885271 -0.384704842575791 -0.349852432874004 -0.315000022675088 -0.280147611914085 -0.245295200685484 -0.210442789118605 -0.175590377322632 -0.140737965387737 -0.105885553348183 -0.0710331412262464 -0.0361807290521627 -0.0013283168581557
-0.954001164807596 -0.921062167636516 -0.888123170427225 -0.855184173177886 -0.82224517586139 -0.789306178459014 -0.75636718101083 -0.723428183591243 -0.690489186353183 -0.657550189450959 -0.624611192965874 -0.591672196960977 -0.558733201494209 -0.525794206603083 -0.492855212306009 -0.459916218565416 -0.426977225320846 -0.394038232476265 -0.361099239919474 -0.328160247509188 -0.295221255096855 -0.26228226254365 -0.229343269749673 -0.196404276634539 -0.163465283157023 -0.130526289314733 -0.0975872952214634 -0.0646483010017816 -0.0317093067071438 0.0012296876292708
-1.05401549082547 -1.0105519906746 -0.967238477914698 -0.924255988358692 -0.88176634781562 -0.839914214513767 -0.798794786362275 -0.758488342566382 -0.719064947834864 -0.680565961256328 -0.642928133935166 -0.606062064979722 -0.569844626638101 -0.534017783717479 -0.498363854066914 -0.462961475143926 -0.427963791421936 -0.393525655829478 -0.359812698407849 -0.32703194919425 -0.29540078822486 -0.265105217847697 -0.236205729658126 -0.208688852143024 -0.182370772107966 -0.157020213774025 -0.132386392705571 -0.108231326189292 -0.0843877470578486 -0.0607060670303966
-1.0003526735421 -0.967297523249297 -0.934242372937857 -0.901187222624218 -0.868132072351817 -0.835076922166062 -0.802021772093237 -0.768966622151848 -0.735911472348404 -0.702856322688092 -0.669801173182788 -0.636746023846043 -0.603690874653636 -0.570635725430266 -0.537580575975233 -0.504525426137326 -0.471470275782503 -0.438415124795905 -0.405359973064703 -0.372304820465008 -0.339249666870162 -0.306194512211135 -0.273139356649403 -0.24008420038289 -0.207029043524796 -0.173973886176082 -0.140918728473476 -0.107863570554624 -0.0748084125250863 -0.0417532544823989
-0.953425213402223 -0.933152875842074 -0.913174764034247 -0.893421072149605 -0.873044826991198 -0.851131158273116 -0.827270774721418 -0.801305101122617 -0.773572847493061 -0.744358551940773 -0.713232779710606 -0.679587602831625 -0.642929887730513 -0.603225678424429 -0.56065513163767 -0.515795677332596 -0.469299331540363 -0.421719181329235 -0.373607751446262 -0.325614246316539 -0.27841204028467 -0.232697899012991 -0.189262153434775 -0.148654664268012 -0.110369846098632 -0.0736942656874369 -0.038138544626783 -0.00328437985119756 0.0312262851676681 0.0657364453238815
-1.02870259722168 -0.992995415998442 -0.957281092282709 -0.921557576063023 -0.885829961414907 -0.850107759338849 -0.814411004448225 -0.778759026854684 -0.743157815050077 -0.707611368848265 -0.672129074970958 -0.636721666866823 -0.601400432933078 -0.566178881361127 -0.531069593897189 -0.496079226712559 -0.461210846856962 -0.426459090468766 -0.391819243875147 -0.357297625069871 -0.322903309963347 -0.288643891178443 -0.254521028187844 -0.220530646964569 -0.186651672633131 -0.152859218503369 -0.11913015147493 -0.0854428408761622 -0.0517799121604197 -0.018125054812307
-1.05524398321608 -1.01604945062359 -0.976830602343577 -0.93756779502948 -0.898278359245512 -0.858996290999353 -0.819785274161736 -0.780710701828645 -0.74181511613401 -0.703133010721961 -0.664689536239482 -0.626507507584274 -0.588614439433505 -0.551056645582231 -0.513877524231043 -0.477090012084796 -0.4406882499964 -0.404621656906719 -0.368827455987042 -0.333238809242412 -0.297787863386305 -0.262406849879295 -0.227028339170332 -0.191595694393688 -0.156095110436555 -0.120528395519445 -0.0849169794432181 -0.0492847848505028 -0.0136460841706318 0.0219872627203853
-0.905217652154593 -0.883863091066952 -0.862493422730627 -0.840934174757377 -0.818749089553533 -0.7955089806871 -0.771074731578215 -0.745357536893904 -0.718179766436599 -0.689387879685887 -0.659013519694541 -0.627134625408631 -0.593878441734326 -0.559569437418196 -0.524508388364985 -0.488704075271746 -0.452108857039837 -0.414741400595514 -0.376721483263357 -0.338507015936336 -0.300640442899516 -0.263600833801582 -0.227613759745697 -0.19279912278168 -0.159107647291508 -0.126416798437385 -0.0944801821702451 -0.0630418666185073 -0.0319316278317799 -0.00100066883996853
-1.00642572893366 -0.971479762263566 -0.93653379556759 -0.901587828826671 -0.866641862070941 -0.831695895346563 -0.796749928714635 -0.761803962222638 -0.726857995848671 -0.691912029558775 -0.656966063340154 -0.622020097185305 -0.587074131080098 -0.552128164983916 -0.51718219885972 -0.482236232711278 -0.44729026656301 -0.412344300481139 -0.377398334536365 -0.342452368775495 -0.307506403239365 -0.272560437962042 -0.237614472950526 -0.20266850818897 -0.167722543597218 -0.132776579091921 -0.0978306146412703 -0.062884650226544 -0.0279386858298273 0.00700727856659241
-0.89471957206965 -1.03972274505513 -0.842411136150854 -0.757796563538554 -0.793909921288064 -0.852359804775247 -0.856046538711927 -0.765619156418895 -0.671429796316843 -0.661598952329212 -0.685617435290549 -0.658318635263174 -0.532237714105779 -0.410716920862535 -0.399025047283184 -0.459329968754277 -0.523989485317584 -0.549222011998926 -0.508579442473582 -0.4210869700306 -0.317138112862471 -0.224659129594372 -0.16170724058221 -0.138003992402606 -0.1397972747843 -0.14658536043 -0.134341710786182 -0.0879499002534788 -0.0314587663053949 0.00129153781634944
-1.00455922797771 -0.969773614315342 -0.934988000652691 -0.900202386963804 -0.865416773175102 -0.830631159223266 -0.795845545133636 -0.761059930962941 -0.726274316804783 -0.691488702720126 -0.656703088602495 -0.621917474303555 -0.587131859670564 -0.552346244533142 -0.517560628775851 -0.482775012520634 -0.447989395931956 -0.413203779106953 -0.37841816210364 -0.343632544890866 -0.308846927415186 -0.274061309627859 -0.239275691498947 -0.204490073009059 -0.169704454162188 -0.134918834987057 -0.100133215587937 -0.0653475960759733 -0.0305619765142744 0.00422364304606181
-1.01589251432501 -0.980643540775375 -0.945369968534159 -0.91004727142806 -0.87467846986586 -0.839265405840044 -0.803777661095857 -0.76818402344435 -0.732482365207043 -0.696671937645091 -0.660728423267692 -0.62462161239606 -0.588320888949571 -0.551794011240252 -0.515004440910205 -0.477900078529198 -0.44043109207917 -0.402572280263084 -0.36431405433737 -0.3256846450513 -0.286721738027358 -0.247467102435308 -0.20797884163403 -0.168313835492872 -0.128507735733912 -0.0885844366921232 -0.0485420313013237 -0.00837986660780001 0.0318718924911344 0.0721753766354096
-0.892164704242397 -0.898457599945803 -0.9028638063123 -0.903664381841137 -0.89826185816434 -0.884296709230391 -0.861239705120834 -0.82929500160146 -0.789770001041996 -0.744345102436231 -0.695089444670259 -0.644169351603256 -0.59356088991198 -0.544479097543543 -0.497969388062872 -0.455159706235821 -0.417177074308044 -0.385062293243493 -0.359364352094115 -0.338751213545563 -0.321420583691915 -0.30525450109271 -0.28687233416934 -0.262964766167176 -0.231770409765679 -0.192493360035535 -0.146651712178248 -0.0961576309010194 -0.0421855588030159 0.0142744920436044
-0.93818183844051 -0.905729916692898 -0.873277994988382 -0.840826073433907 -0.80837415217614 -0.775922231359861 -0.743470311082567 -0.711018391445337 -0.678566472610879 -0.646114554717176 -0.613662637741701 -0.581210721621799 -0.548758806299686 -0.516306891737061 -0.483854977895162 -0.451403064713901 -0.41895115211677 -0.386499239982924 -0.354047328212813 -0.321595416836409 -0.289143505916061 -0.256691595519562 -0.224239685736466 -0.191787776625824 -0.159335868102913 -0.126883960046058 -0.0944320523295497 -0.0619801448341848 -0.0295282374708075 0.00292366984222569
-0.984482137877877 -0.952263842197544 -0.920045546451115 -0.887827250541641 -0.855608954263445 -0.823390657410457 -0.791172359883757 -0.758954061681659 -0.726735763084286 -0.69451746444062 -0.662299166093281 -0.630080868383305 -0.597862571613169 -0.565644275931134 -0.533425981450527 -0.501207688299146 -0.468989396573323 -0.436771106229024 -0.404552817192665 -0.372334529412811 -0.340116242843566 -0.307897957414761 -0.275679672959139 -0.243461389290319 -0.2112431062425 -0.179024823651606 -0.14680654133987 -0.114588259150482 -0.0823699770241334 -0.0501516949258937
-0.996591259841469 -0.968047066637935 -0.93946260352403 -0.910789337616515 -0.881910663739646 -0.85267150176632 -0.822830944056514 -0.792178218482328 -0.760708922477289 -0.728442094818546 -0.695284170096292 -0.661113431853984 -0.625826529653916 -0.589393577133728 -0.551845715309339 -0.513384730634451 -0.474248397707589 -0.434647798268787 -0.394753186733221 -0.354598201075124 -0.314182325158493 -0.273487476889189 -0.232425310340538 -0.190918488276772 -0.149003972058287 -0.106751240411403 -0.0642455429299759 -0.0215714184335484 0.021205208223135 0.064023065676528
-0.9757136580248 -0.948088154948078 -0.920525891816777 -0.893054608408304 -0.865508828031168 -0.837670688964781 -0.80930600584105 -0.780184456381094 -0.750107494310378 -0.718919724682472 -0.686606581859005 -0.653188707528623 -0.618702674136727 -0.583248777155742 -0.546954005072843 -0.509988395407174 -0.47253362377439 -0.434774869144221 -0.396877626018105 -0.358925147670215 -0.320980127067912 -0.283086505962825 -0.245213221243672 -0.207280620335999 -0.169089697675603 -0.130449606527678 -0.0913214884647576 -0.0517320018802889 -0.011817884144034 0.0282566076301668
-1.02436563766501 -0.988751341792075 -0.953137045823701 -0.917522749694316 -0.881908453453872 -0.846294157176857 -0.810679860920383 -0.775065564745134 -0.739451268743442 -0.70383697300575 -0.668222677583289 -0.632608382517484 -0.596994087874492 -0.561379793819392 -0.52576550051814 -0.490151208041283 -0.454536916443198 -0.418922625808989 -0.383308336194303 -0.347694047506244 -0.312079759614781 -0.276465472384508 -0.240851185658523 -0.205236899284788 -0.169622613152229 -0.134008327163325 -0.0983940412338207 -0.0627797552984667 -0.0271654693547782 0.00844881658403824
-0.990173661152894 -0.95460950675349 -0.919097144493193 -0.883686762510552 -0.848436429029607 -0.813398199651559 -0.778592199400749 -0.744027112711624 -0.709697792235919 -0.67559746342898 -0.641726674743313 -0.608087805380712 -0.574684767860183 -0.541527607969577 -0.508625746154534 -0.475979968223007 -0.443585242003354 -0.411421898043217 -0.379470593616265 -0.347727930180997 -0.316194495242115 -0.284869021627069 -0.253742823454284 -0.222804148468859 -0.192036397631598 -0.161417193049008 -0.1309058881947 -0.100460593476182 -0.0700527156694352 -0.0396569856425597
-0.972441857065908 -0.937411336633913 -0.902380816228937 -0.867350295854207 -0.832319775485247 -0.797289255068157 -0.762258734459041 -0.727228213518405 -0.692197692214373 -0.657167170560798 -0.622136648646842 -0.587106126580494 -0.552075604497475 -0.517045082644438 -0.482014561270777 -0.446984040525923 -0.41195352049647 -0.376923001117643 -0.341892482304337 -0.306861964041511 -0.271831446331636 -0.236800929184229 -0.201770412636974 -0.166739896705546 -0.13170938128941 -0.096678866252001 -0.0616483514288491 -0.0266178366731124 0.00841267806363605 0.0434431928052192
-1.05111681668213 -1.01313781865216 -0.975158820621713 -0.937179822600796 -0.899200824579548 -0.861221826543706 -0.823242828481314 -0.785263830373063 -0.747284832167945 -0.709305833811697 -0.67132683526875 -0.633347836508205 -0.595368837477152 -0.557389838034623 -0.519410838014529 -0.481431837238344 -0.443452835536605 -0.405473832788542 -0.367494828913795 -0.329515823944959 -0.291536817942864 -0.253557810956281 -0.215578802985742 -0.177599794038532 -0.139620784197212 -0.101641773586959 -0.0636627624281565 -0.0256837509479286 0.0122952606948431 0.0502742723583378
-0.907464169826041 -0.880488603521443 -0.853490779400347 -0.826454581638899 -0.799352866001476 -0.772150528841061 -0.744791657276818 -0.717217683297752 -0.689380227606027 -0.661234470094786 -0.632739638707923 -0.603855973402022 -0.574539964197823 -0.544733101372704 -0.514382618918381 -0.483473725427292 -0.452004776347698 -0.419988739950436 -0.387448636384434 -0.354433080488414 -0.320997085773545 -0.28719630533013 -0.253088950565022 -0.218742619020602 -0.184259894464841 -0.149740696489011 -0.115239301752012 -0.080786834291353 -0.0463674505913713 -0.011953565248108
-0.951624768155088 -0.923613681902753 -0.895556851883657 -0.86739371107917 -0.839032818871235 -0.810382605506052 -0.781381858286295 -0.751980972218852 -0.722146416071013 -0.691862734647186 -0.661170703139832 -0.63012515433843 -0.598774365613818 -0.567140392662278 -0.535226003045427 -0.502983033460778 -0.470350177524496 -0.437264487391452 -0.403682302707979 -0.36963875454755 -0.335188671840424 -0.300389753937079 -0.265311181868873 -0.230021542204658 -0.194575561982409 -0.159018164189217 -0.123368915139533 -0.0876418487079121 -0.0518542256819467 -0.016024113577491
-1.02123799603034 -0.985553142982714 -0.949868289645492 -0.914183435683919 -0.878498580774644 -0.842813724561698 -0.807128866547215 -0.771444006233624 -0.735759143266452 -0.700074277394516 -0.664389408636705 -0.628704537079431 -0.593019662826675 -0.557334786052711 -0.52164990691391 -0.485965025424756 -0.450280141524573 -0.41459525499394 -0.378910365650593 -0.343225473619651 -0.307540579103074 -0.271855682382519 -0.236170784058409 -0.200485884726075 -0.164800984641705 -0.129116083912697 -0.0934311823904263 -0.05774627995645 -0.0220613768690775 0.0136235265191944
-1.00530954424049 -0.966913764972044 -0.928486324235886 -0.890022499646013 -0.851540223062167 -0.813058501507947 -0.774577988416623 -0.736110356041391 -0.697729705505461 -0.659540002289575 -0.621702240434564 -0.584391671121288 -0.547810759287267 -0.512270824896681 -0.478031788770537 -0.445039120130503 -0.413171111647052 -0.38235180138522 -0.352522653966204 -0.323649094841268 -0.295702539669194 -0.268658873495904 -0.242511858915882 -0.217253384442794 -0.192849964718493 -0.16924639641375 -0.146325978186847 -0.123948944184791 -0.101944768521991 -0.0801352353047019
-0.863810057061766 -1.14803415344393 -1.05863551458263 -0.963921868893958 -0.890182316102798 -0.797281531729661 -0.721405123168904 -0.701551609240987 -0.711650222596962 -0.713952081180521 -0.689065130275345 -0.622186522000112 -0.520257225365389 -0.477193476949306 -0.557090664833402 -0.617785515545281 -0.52504234847307 -0.382594516000937 -0.317611183696032 -0.313035736861395 -0.315755115734042 -0.284932518057334 -0.228836171600029 -0.168400337366094 -0.126118379274938 -0.114300733399377 -0.102967021510402 -0.0645323080327539 -0.0232842423079756 -0.0164786199068122
-0.978362550870056 -0.864427568128102 -0.996418409511524 -0.901394024562954 -0.763345605451408 -0.824266579058353 -0.901227068488667 -0.792014184235813 -0.642206290124163 -0.626493808404803 -0.68822414170476 -0.71290893774505 -0.627651834837847 -0.52592443365996 -0.503791962991483 -0.501326201660992 -0.446513460217318 -0.374991626041811 -0.335877860917502 -0.324554847401613 -0.322971648244913 -0.315756355764875 -0.298253180545782 -0.263902176506127 -0.187810652634445 -0.0612984939844733 0.0411313651992864 0.0487763778311976 -0.0106814053481436 -0.0849637841415834
0.934213458812815 0.912778721762722 0.890911170990467 0.868037092094898 0.843738170229842 0.817692791173308 0.789810743645069 0.76009237354548 0.728668852555479 0.695705909315823 0.661376674525966 0.625856129400031 0.589263378777626 0.551494022000275 0.512476813607963 0.472496634432604 0.432029869074185 0.391962790913058 0.353204500901213 0.316345521496815 0.281896730534576 0.250223587200269 0.221109876083903 0.194166123634842 0.168891498335616 0.144698934958626 0.120767791402586 0.0963946693446472 0.0715787224493958 0.0464947423782768
-0.940457859830138 -0.9100229251953 -0.879587990456925 -0.849153055564381 -0.818718120592039 -0.788283185624236 -0.75784825066016 -0.727413315682899 -0.696978380696272 -0.666543445721648 -0.636108510829858 -0.605673576104099 -0.57523864162032 -0.544803707425487 -0.514368773551645 -0.483933840000142 -0.45349890679924 -0.423063974115557 -0.392629042139566 -0.362194111018815 -0.331759180890123 -0.301324251850614 -0.270889323838654 -0.240454396757537 -0.210019470529053 -0.179584545057586 -0.149149620159394 -0.118714695637586 -0.0882797713307715 -0.0578448470864373
-0.98411328242141 -0.968396695188777 -0.950383519862181 -0.928175884589103 -0.901719421503973 -0.871428402875195 -0.83774815752016 -0.801090695875382 -0.761703698304891 -0.71977460687299 -0.675414240517543 -0.628714262394806 -0.579994634318504 -0.530488512732243 -0.481664366249274 -0.435018717531558 -0.391783050251923 -0.352100638077964 -0.31576333548806 -0.282245530208982 -0.250942243279597 -0.22130468967631 -0.193008860125666 -0.165937522721349 -0.140575779275433 -0.117359689686529 -0.0959268124809863 -0.0757403741542518 -0.056364774450407 -0.0373897064256928
-0.988707175158171 -0.954813096010695 -0.920919016900465 -0.887024937871833 -0.853130858828259 -0.819236779623273 -0.785342700051565 -0.751448619934112 -0.717554539255885 -0.683660457998102 -0.649766375962976 -0.615872292907973 -0.581978208622776 -0.548084123025949 -0.514190036093828 -0.480295947904956 -0.446401858572688 -0.412507768247405 -0.378613677092586 -0.34471958528708 -0.310825493013574 -0.276931400463196 -0.243037307860818 -0.20914321543103 -0.17524912336354 -0.141355031784726 -0.107460940602538 -0.0735668496763142 -0.0396727588893707 -0.00577866813101863
-0.97277710787654 -0.942233683977375 -0.911677729898019 -0.881075606819291 -0.850349201439789 -0.819423098679842 -0.788277150828941 -0.756896910769027 -0.725235466382692 -0.693240524455793 -0.660870732386591 -0.628087472726447 -0.594853758391671 -0.561139123758383 -0.526929471576601 -0.492269656632155 -0.457223045155845 -0.421868097122564 -0.386271323701012 -0.350436347091051 -0.314351067250331 -0.278015361399004 -0.241477015807235 -0.204800494795873 -0.168069065838485 -0.131353607713998 -0.0946566412700474 -0.0579646518751735 -0.0212683409128093 0.0154405362298881
-1.0662799217621 -1.02630381378662 -0.986408822346382 -0.946601491594037 -0.906725957075079 -0.866564877166018 -0.825817410174616 -0.784221588180539 -0.741754438419816 -0.698518384415319 -0.65487843968092 -0.611265265228245 -0.56810773593935 -0.525827582178025 -0.484781030223653 -0.445069434536251 -0.406751916915305 -0.369973540337524 -0.33485291068326 -0.301316864270213 -0.26924429502542 -0.238468985285863 -0.208644271028314 -0.179452031932701 -0.150868768851802 -0.12294342383875 -0.0957200825752656 -0.0691885539891991 -0.0431263963643273 -0.017258105323409
-1.0142548285237 -0.979926572434949 -0.945598316222364 -0.911270059804801 -0.876941803161763 -0.842613546289672 -0.808285289191963 -0.773957031886202 -0.739628774439463 -0.705300516913624 -0.670972259300274 -0.636644001573427 -0.60231574369621 -0.567987485588187 -0.533659227191742 -0.499330968584094 -0.465002709874756 -0.430674451167576 -0.396346192560786 -0.362017934135821 -0.327689675969916 -0.293361418145294 -0.25903316076413 -0.224704903909787 -0.190376647570425 -0.156048391699535 -0.121720136207118 -0.0873918809927546 -0.0530636259578269 -0.0187353710041663
-0.976953562298563 -0.944687885526312 -0.912422208361817 -0.880156530308296 -0.847890850792552 -0.815625169240779 -0.783359485153145 -0.751093798027827 -0.718828107281056 -0.686562412429307 -0.654296713471991 -0.622031010529252 -0.589765303730852 -0.557499593245025 -0.525233879243008 -0.492968161869563 -0.460702441359856 -0.428436718337127 -0.396170993465932 -0.363905267188001 -0.331639539889357 -0.299373811914149 -0.267108083439029 -0.234842354633522 -0.202576625806163 -0.170310897264265 -0.13804516917127 -0.105779441583012 -0.0735137142687665 -0.0412479869261718
-1.01601710058145 -0.979620714379452 -0.943239157695184 -0.906890693383089 -0.870584618754096 -0.834326793500686 -0.798118292385067 -0.761959858479755 -0.725855693028761 -0.689810362254949 -0.653826434125109 -0.617905977042012 -0.582053905336809 -0.546286517054165 -0.510623144955613 -0.475083876956621 -0.439686231301215 -0.404436692393701 -0.369338158894471 -0.334390220327973 -0.299591638934673 -0.264943034062379 -0.230452453488288 -0.196126000041123 -0.161954568326353 -0.127919790098709 -0.0939814539332446 -0.0600984868118222 -0.02624821252321 0.00758744594209688
1.01399023869524 0.975173951229804 0.936064399585398 0.89631582274885 0.85580016677426 0.814562909420334 0.773125948196952 0.732115523245828 0.692098825484873 0.653530189769496 0.616471575928913 0.580886850035795 0.546755318666351 0.514118050410956 0.482943221357383 0.452845675568849 0.423349706380256 0.393970736237803 0.364288440056979 0.334148373519134 0.303462562497086 0.272160357232947 0.240240405446016 0.207682897505543 0.1743248969034 0.140063691665089 0.105180594828043 0.0700146239759827 0.0347515898658853 -0.000460998451961202
0.915654469749482 0.910549553492167 0.911784086603495 0.921593300340998 0.927691743282986 0.915714873818569 0.87750247225928 0.811809294352787 0.73884567566888 0.679753270901881 0.637943431422117 0.612394932768916 0.601270359531794 0.599467532501016 0.599333220117325 0.586274745222618 0.549102081878971 0.497175254627999 0.443411001741768 0.394402865934597 0.35516359103137 0.327208667531819 0.29806457263507 0.256048817663337 0.206632063731792 0.157910796395832 0.111331649178781 0.0658082672988728 0.0167721947860541 -0.0412155496267996
1.03237887337844 0.996106131453599 0.959833389615046 0.923560647943181 0.887287906604772 0.851015165756818 0.8147424254309 0.778469685601485 0.742196946140001 0.705924206888452 0.669651467674152 0.633378728320749 0.597105988678399 0.560833248703306 0.524560508376451 0.488287767671867 0.452015026592159 0.41574228526117 0.379469543816048 0.343196802325929 0.306924060842944 0.270651319400612 0.234378577958008 0.198105836474997 0.161833094989057 0.125560353539187 0.089287612092857 0.0530148706099939 0.0167421290918792 -0.0195306124498671
0.946137894666312 0.915749356749693 0.88536081919024 0.854972282381684 0.824583746448934 0.794195211434758 0.763806677322183 0.733418144114731 0.70302961195764 0.672641081052202 0.642252551682204 0.611864024152061 0.581475498739348 0.55108697561429 0.520698454934247 0.490309936912473 0.459921421733886 0.429532909414161 0.399144399898658 0.36875589302071 0.338367388585646 0.307978886361434 0.277590385966608 0.247201886968569 0.216813388879637 0.186424891244931 0.156036393795851 0.125647896353334 0.0952593989101762 0.0648709015021409
-0.974925835863445 -0.942158626670231 -0.909391417527265 -0.876624208508957 -0.843856999678979 -0.811089791105903 -0.778322582888639 -0.745555375131903 -0.712788167933284 -0.680020961362302 -0.647253755383303 -0.614486549934346 -0.581719344943592 -0.548952140299626 -0.516184935904199 -0.483417731751293 -0.45065052788337 -0.417883324444578 -0.385116121595468 -0.352348919460526 -0.319581718155223 -0.286814517771627 -0.254047318308193 -0.221280119725937 -0.18851292192973 -0.155745724806176 -0.122978528224946 -0.0902113320522539 -0.0574441361574172 -0.0246769404105269
-1.02875509852238 -0.987399207946047 -0.9460430807789 -0.904735877131858 -0.863578509817319 -0.822692209846985 -0.782227728328291 -0.742334130645807 -0.703124219196909 -0.664687114548653 -0.627053472934038 -0.590239334502543 -0.554265281386849 -0.51917006365243 -0.485009698342838 -0.451891102481153 -0.419872255917135 -0.388764489827761 -0.358322471420509 -0.328320860697651 -0.298539315860157 -0.268808368530003 -0.239162044013185 -0.209673327329548 -0.180367548670318 -0.15124689439199 -0.122268630340746 -0.0933858455563543 -0.0645798423632451 -0.0358389764070126
-0.932432889539797 -0.90153390749947 -0.870634925421285 -0.839735943238365 -0.808836960899475 -0.77793797837178 -0.747038995680422 -0.716140012836583 -0.685241029737648 -0.65434204626053 -0.623443062314069 -0.592544077815083 -0.561645092688387 -0.53074610689078 -0.499847120393664 -0.468948133194875 -0.438049145299333 -0.407150156713869 -0.376251167432152 -0.3453521773933 -0.314453186522796 -0.283554194772133 -0.25265520219686 -0.221756208898154 -0.190857215055646 -0.159958220833928 -0.129059226258989 -0.0981602313477769 -0.0672612362196815 -0.0363622410197051
0.99632816806368 0.95993395704883 0.923537438694969 0.887158007598096 0.850895171862722 0.814863642150509 0.779158825843209 0.743864223013188 0.709035007775173 0.674705034254076 0.640851202573188 0.607436174355391 0.57441170815323 0.541685950237899 0.509167971318753 0.476814152139165 0.444611338745137 0.412620928359183 0.380910448405512 0.349497395938606 0.318386760420512 0.287577111058644 0.257041336041866 0.226752067983404 0.196706598212466 0.166900891784855 0.137300949946745 0.107861629239526 0.0785231711950524 0.049222163592794
