-0.924649751822973 -0.940697230452394 -0.982500054685434 -1.0102155248529 -0.973894261974395 -0.84936888221524 -0.725706661634969 -0.687596726716354 -0.688980945740969 -0.666291626466369 -0.616670092755236 -0.552434922496535 -0.489778936966266 -0.460391930988562 -0.484532437701413 -0.521236969950086 -0.525984749904233 -0.501247857323789 -0.458598396565445 -0.399015712782673 -0.320830961328138 -0.22873291251451 -0.152840796494489 -0.120772421259274 -0.124709446314044 -0.142626176769997 -0.131103648648448 -0.0617061556472521 0.012675708739701 0.0188197760695104
-1.06434004415525 -1.02713794435697 -0.989935844644538 -0.95273374508602 -0.915531645722239 -0.878329546570319 -0.841127447579787 -0.803925348700601 -0.766723249952046 -0.729521151352381 -0.692319052846441 -0.655116954360706 -0.617914855826937 -0.580712757198031 -0.543510658441564 -0.506308559562693 -0.469106460584199 -0.431904361561787 -0.394702262547745 -0.357500163547787 -0.320298064555981 -0.283095965549409 -0.245893866437208 -0.208691767137969 -0.171489667676056 -0.134287568089287 -0.0970854683635501 -0.0598833684817306 -0.0226812684666319 0.0145208316489624
-0.977766775589753 -0.945682379378064 -0.913597983216157 -0.881513587097483 -0.849429190985777 -0.817344794844324 -0.785260398664329 -0.753176002421415 -0.721091606000969 -0.689007209282469 -0.65692281221199 -0.624838414752256 -0.592754016880601 -0.560669618632789 -0.528585220038706 -0.496500821046312 -0.464416421575801 -0.432332021518257 -0.400247620769193 -0.368163219270981 -0.336078816977699 -0.303994413877097 -0.271910010091585 -0.239825605771346 -0.20774120104299 -0.175656796019991 -0.143572390786848 -0.11148798541355 -0.0794035799410224 -0.0473191744029229
-0.944169212387742 -0.913065733382201 -0.881957694005884 -0.850841296293971 -0.819708163013506 -0.788549180011914 -0.757356864726263 -0.726124330829899 -0.694845445351624 -0.663514791037066 -0.632129060143711 -0.600685472307005 -0.569181715134148 -0.537617348119347 -0.505991716840292 -0.47430143932162 -0.442542047665938 -0.4107074578408 -0.378791456148973 -0.346788926369121 -0.314695026648884 -0.282507499878332 -0.250234427917256 -0.217888070343818 -0.185487058639936 -0.153049762543838 -0.120587132915246 -0.0881078587929662 -0.055619000810653 -0.0231272125006746
-0.804176389156125 -1.04991014836286 -0.78098376971138 -0.722377135234997 -0.806881115946785 -0.823041482949032 -0.774612618721148 -0.712172054045881 -0.658381301542221 -0.624680402123208 -0.605539528041844 -0.591186384386125 -0.572007403207835 -0.539023924413929 -0.488101311783512 -0.433846116729144 -0.392513961755248 -0.368215566100253 -0.358008614524454 -0.342883557141615 -0.299814035403871 -0.219118282241259 -0.144492896495441 -0.119066753452268 -0.130319468262733 -0.146383888169217 -0.113655048914528 -0.00443296547656115 0.0836246187268803 0.0215205281680125
-1.00623592454743 -0.972435800985791 -0.938631776038913 -0.904817258457081 -0.870980457981008 -0.837107202123092 -0.803178988492031 -0.769179089819465 -0.735102209232501 -0.700946324538999 -0.666711081874376 -0.632396544455936 -0.597999634087419 -0.563504706918306 -0.528893565702025 -0.494150365262044 -0.45925792684994 -0.424191385359675 -0.388931228498206 -0.353487041582069 -0.317875684330193 -0.282115988155172 -0.246234671244249 -0.210257947055334 -0.174202123354345 -0.138081414017459 -0.101911563053875 -0.0657081903461419 -0.0294848891371969 0.00674525398992599
-0.950500604672457 -0.917988263618191 -0.88547592249803 -0.852963581221512 -0.820451239693091 -0.787938897848002 -0.755426555749693 -0.722914213500489 -0.690401871230025 -0.657889529089312 -0.625377187287579 -0.592864846048607 -0.560352505589559 -0.527840166101117 -0.495327827740841 -0.462815490560279 -0.430303154562524 -0.397790819662865 -0.365278485743013 -0.332766152638165 -0.30025382017189 -0.267741488160236 -0.235229156389171 -0.202716824669235 -0.170204492939353 -0.13769216117393 -0.105179829360907 -0.0726674974971538 -0.0401551656017099 -0.0076428336991561
-0.99827492113961 -1.00530671167975 -0.996576937473701 -0.968553686158222 -0.929685211921962 -0.886735452130808 -0.827750910307693 -0.745210141777687 -0.668037342917367 -0.624847264205311 -0.60657123147659 -0.594719714405401 -0.573092119146556 -0.53464359777734 -0.477425527141677 -0.410718437227582 -0.348274773075344 -0.310505486790251 -0.310386844832562 -0.324497864017395 -0.320318248748588 -0.276390041939549 -0.215504640541987 -0.165151145770874 -0.127360121855928 -0.0978358062813884 -0.072435666534844 -0.0476630553448789 -0.0224516364007192 0.00365734886824823
-0.94222295713938 -0.912081684688426 -0.881940412350554 -0.85179914025497 -0.821657868551266 -0.791516597394967 -0.761375326944954 -0.731234057342606 -0.701092788655951 -0.670951520963854 -0.640810254461898 -0.610668989374844 -0.58052772591732 -0.550386464263431 -0.520245204535897 -0.490103946692434 -0.459962690653419 -0.429821436354875 -0.399680183700044 -0.369538932445377 -0.339397682310633 -0.309256433043897 -0.279115184506564 -0.248973936572817 -0.218832689054689 -0.188691441740059 -0.158550194382341 -0.128408946779402 -0.0982676989413656 -0.0681264509314184
0.976552918592809 0.943748812755163 0.910944706875358 0.878140600895042 0.845336494710457 0.812532388232347 0.779728281474854 0.746924174474349 0.714120067252717 0.681315959831985 0.64851185224923 0.615707744545293 0.582903636763221 0.550099528954896 0.517295421164018 0.484491313392753 0.451687205611544 0.418883097705473 0.386078989546581 0.35327488104008 0.320470772099476 0.287666662670639 0.254862552828891 0.222058442674807 0.189254332280531 0.156450221692387 0.123646110881856 0.0908419998241851 0.0580378885845265 0.0252337772505078
-0.982839915555589 -0.9502631612114 -0.917686406797509 -0.88510965221867 -0.852532897397031 -0.819956142271968 -0.787379386834371 -0.7548026311196 -0.722225875289375 -0.689649119534115 -0.657072364032691 -0.624495608961085 -0.591918854483532 -0.55934210071729 -0.526765347749807 -0.494188595596282 -0.461611844216027 -0.429035093417043 -0.396458342976913 -0.363881592702834 -0.33130484240941 -0.298728091956867 -0.266151341387924 -0.233574590773536 -0.200997840115105 -0.168421089377365 -0.135844338447911 -0.103267587233928 -0.0706908357980999 -0.0381140842419807
-0.999604677805541 -0.966111980427166 -0.932628608071585 -0.899159000221367 -0.865693102298702 -0.832216280682003 -0.798710079634969 -0.765150716109379 -0.731496919924054 -0.697708479411497 -0.66376690409189 -0.629659133782337 -0.595374189004688 -0.560909413099779 -0.52626115276164 -0.4914134452781 -0.456347646684379 -0.421046697411449 -0.385500073441523 -0.349721808566007 -0.313732076028607 -0.277558530001476 -0.241258748370566 -0.204892746311808 -0.168500364447272 -0.132112092964051 -0.0957411948632053 -0.0593937954853575 -0.023064696715422 0.013254130425614
-0.9740579142859 -0.942368499925953 -0.910679085625612 -0.878989671427885 -0.847300257251513 -0.815610843021089 -0.783921428808891 -0.75223201475433 -0.720542601117648 -0.688853188161221 -0.657163776035128 -0.625474364861371 -0.593784954715351 -0.562095545486041 -0.530406137025291 -0.498716729222873 -0.46702732199077 -0.435337915291894 -0.403648509121646 -0.371959103554446 -0.340269698684469 -0.308580294591826 -0.276890891300378 -0.245201488790415 -0.213512086924207 -0.181822685532332 -0.150133284436608 -0.118443883480466 -0.0867544826025304 -0.0550650817652282
-1.01349034528223 -0.978093819711354 -0.942697294010681 -0.907300768046593 -0.871904241844787 -0.836507715476835 -0.801111189038485 -0.765714662624958 -0.730318136305178 -0.694921610143302 -0.659525084210701 -0.62412855858055 -0.588732033320725 -0.553335508477905 -0.517938984106333 -0.482542460311691 -0.447145937177305 -0.411749414645617 -0.376352892673396 -0.340956371415615 -0.305559851076791 -0.270163331824217 -0.234766813676272 -0.199370296589361 -0.163973780420898 -0.128577265010736 -0.0931807502274727 -0.0577842359384822 -0.0223877219774962 0.013008791830164
0.984156164526739 0.95025635021131 0.916356535821081 0.882456721316349 0.848556906684229 0.814657091883373 0.780757276731791 0.746857461003762 0.71295764443929 0.679057826748505 0.645158007556315 0.611258186466325 0.57735836314765 0.543458537531446 0.509558709595041 0.4756588792384 0.441759046361054 0.40785921093816 0.373959373013926 0.340059532833133 0.306159690690703 0.272259846898452 0.238360001835768 0.204460155904088 0.170560309525479 0.136660463086699 0.102760616812629 0.0688607708478371 0.0349609251774926 0.00106107974691854
-1.0369707054102 -1.0004573169486 -0.963943928466516 -0.927430539970182 -0.890917151522003 -0.854403763192038 -0.817890375024803 -0.781376987055134 -0.744863599304693 -0.708350211796314 -0.671836824570699 -0.63532343767302 -0.598810051151827 -0.56229666506919 -0.525783279480703 -0.489269894402523 -0.452756509841156 -0.416243125803926 -0.379729742288454 -0.343216359252728 -0.306702976644828 -0.270189594422689 -0.23367621258366 -0.197162831159336 -0.16064945027888 -0.124136070052525 -0.0876226904172336 -0.0511093112580252 -0.0145959324254243 0.0219174462386682
-0.993458030944739 -0.959769515144843 -0.926068450256453 -0.892337960418419 -0.858554048777948 -0.824691718648954 -0.790729095003833 -0.756648141673504 -0.72244305626451 -0.688112219928778 -0.653658514224181 -0.619085945810073 -0.584396647188378 -0.549585254231296 -0.514648261349908 -0.479597093740546 -0.444447093139843 -0.409214336660388 -0.37391425293097 -0.338558941269203 -0.303159668664909 -0.267728902219715 -0.23228390948247 -0.196840151276207 -0.161401061073451 -0.125965384659017 -0.0905251444173616 -0.0550728400503278 -0.0196096039296618 0.0158612734054147
-0.8782732613165 -0.857049575212013 -0.835864102879314 -0.814723815772594 -0.793547762084143 -0.772232579215272 -0.750673184665248 -0.728732186504211 -0.706144674987815 -0.682642251789024 -0.658070082064507 -0.632301721841861 -0.605247969860175 -0.576968595704503 -0.547549620398308 -0.517033099872725 -0.485448902777691 -0.452822113730669 -0.419195583496598 -0.384688011462791 -0.349437059172152 -0.31356574542469 -0.277138518048832 -0.240222309339502 -0.202952560429197 -0.165485663239004 -0.127993304006784 -0.0906149328300316 -0.0533457609280042 -0.0161449398003978
-1.00633580876782 -0.969292391771162 -0.93224897473613 -0.895205557611524 -0.858162140393032 -0.821118723091393 -0.784075305730646 -0.747031888326377 -0.709988470847056 -0.672945053250506 -0.635901635499081 -0.598858217556268 -0.561814799406688 -0.524771381119509 -0.487727962798125 -0.450684544598299 -0.413641126662309 -0.376597709026122 -0.339554291705522 -0.30251087474187 -0.265467458182919 -0.22842404205993 -0.191380626338198 -0.154337210969778 -0.117293795919741 -0.0802503811612533 -0.0432069666868508 -0.00616355247960037 0.0308798615346862 0.0679232754445107
-1.03238176522672 -0.996635541971982 -0.960879802102993 -0.925102981269962 -0.889296223349013 -0.853452663330621 -0.817570692436748 -0.781648764994175 -0.745680331517463 -0.70965762862642 -0.673573041174064 -0.637418991071711 -0.601189069432672 -0.564881544178224 -0.528493990280145 -0.492016534104239 -0.455439471788445 -0.418761227165212 -0.3819844625911 -0.345120666824603 -0.308183535224698 -0.271186578573559 -0.234142569346147 -0.197063403737544 -0.159958211130525 -0.122835633481491 -0.0857051298536637 -0.0485745761366457 -0.011444698418751 0.0256855646620293
-0.991840038415971 -0.955750972739396 -0.911151870671459 -0.861158353152163 -0.81607887088772 -0.785771680357305 -0.771101431365715 -0.767041655902511 -0.753995021370682 -0.716928542381552 -0.673637486966342 -0.650124186511249 -0.658690865831248 -0.656839323456432 -0.603734983217438 -0.519998196431952 -0.437466829947638 -0.371393885244999 -0.32972524179552 -0.30776315640177 -0.297648980199092 -0.288640122323318 -0.258458223912234 -0.190793992335874 -0.104750167891295 -0.0278724575088473 0.0139335982749697 0.00464339590298428 -0.0338840866585194 -0.0703189760623932
-1.00001593342144 -0.966326666176919 -0.932637399020336 -0.89894813203327 -0.865258865311964 -0.831569598936664 -0.797880332908953 -0.764191067184484 -0.730501801613852 -0.696812536035068 -0.663123270340869 -0.629434004437668 -0.595744738248222 -0.562055471760655 -0.528366204984177 -0.494676937946977 -0.460987670664006 -0.42729840307827 -0.393609135127383 -0.359919866799325 -0.326230598094666 -0.292541329035744 -0.258852059731964 -0.22516279030575 -0.191473520844519 -0.157784251425613 -0.12409498212109 -0.0904057129790523 -0.0567164439570691 -0.0230271749900773
-0.996367145799834 -0.958327583832609 -0.920241429483415 -0.882093410620425 -0.843970400028155 -0.805988969162696 -0.768282339250081 -0.730970869058524 -0.694106817755005 -0.657721662300725 -0.621831850435027 -0.586450072591785 -0.551575101718953 -0.517150040820793 -0.483122591263915 -0.44951451780803 -0.416376693955152 -0.383802364783413 -0.351882336921538 -0.320655291624499 -0.290146878803826 -0.260364252010289 -0.231240579351603 -0.202703565021107 -0.174733042997682 -0.14728960336625 -0.120204730850346 -0.0933024012465614 -0.0665056600050779 -0.0397623199894765
-1.03993463726951 -1.00370341920308 -0.967472201096635 -0.931240982880212 -0.895009764443724 -0.85877854567823 -0.822547326519503 -0.786316106915828 -0.750084886820806 -0.713853666194919 -0.677622445020864 -0.64139122328689 -0.605160001004136 -0.568928778275315 -0.532697555226093 -0.496466331982411 -0.460235108683274 -0.424003885519691 -0.387772662677622 -0.351541440270838 -0.315310218395059 -0.279078997106086 -0.242847776300027 -0.206616555825981 -0.170385335504721 -0.134154115185236 -0.0979228948577281 -0.0616916745432558 -0.0254604542450997 0.0107707660379047
-0.988388295346618 -0.953154907058221 -0.917921518866909 -0.882688130854517 -0.847454743105866 -0.81222135570847 -0.776987968757617 -0.741754582349202 -0.706521196573767 -0.671287811512474 -0.636054427214307 -0.600821043720207 -0.565587661054907 -0.53035427917831 -0.495120898039474 -0.459887517608901 -0.42465413783012 -0.389420758517328 -0.35418737948496 -0.318954000677759 -0.283720622073044 -0.248487243647708 -0.21325386537694 -0.178020487240321 -0.142787109236708 -0.1075537313561 -0.0723203535337849 -0.0370869757015615 -0.00185359783197062 0.0333797800922608
-0.884731560481352 -0.866822616131067 -0.848779481503507 -0.83037668550023 -0.81131996163148 -0.7913156409698 -0.77014124022824 -0.747551783307412 -0.723141137217666 -0.696560928429124 -0.667854978141262 -0.637165156235896 -0.604679069646881 -0.570767273516249 -0.53581716813533 -0.500100586184488 -0.463810479034277 -0.426939840426985 -0.389518374734664 -0.351922586476689 -0.314615680209269 -0.278062656415502 -0.24273569928606 -0.2089556221788 -0.176430571412759 -0.144747192310239 -0.113618793245431 -0.0828235862472003 -0.0522727349112353 -0.0219106407249276
-0.955843523098809 -0.924225011537171 -0.892743057600233 -0.861507146218409 -0.830544736461607 -0.799860728541389 -0.769451813096423 -0.739298773973861 -0.709326977427687 -0.679433299697946 -0.64945607456209 -0.619219000181926 -0.588568520543692 -0.557442062931359 -0.525793290319677 -0.493549825148795 -0.460641707160602 -0.427034685838564 -0.392703733259897 -0.357625002135269 -0.32177494033371 -0.285158468075758 -0.247894394987988 -0.210110169585002 -0.171853906527472 -0.133169683749127 -0.09416476612985 -0.0549531064671227 -0.0156122222826654 0.0237894777207416
-1.0069185010199 -0.970098862246246 -0.933279223487324 -0.896459584724337 -0.859639945934778 -0.822820307086223 -0.786000668110304 -0.749181028955858 -0.712361389676492 -0.675541750378229 -0.638722111271998 -0.601902472594951 -0.565082834584107 -0.528263197475945 -0.491443561459097 -0.454623926531367 -0.417804292641896 -0.380984659736021 -0.344165027755296 -0.307345396629942 -0.270525766287346 -0.233706136660296 -0.196886507703194 -0.160066879369285 -0.123247251585592 -0.0864276242720666 -0.049607997346612 -0.0127883707223632 0.0240312557045652 0.0608508820423141
-0.985783713148782 -0.951861999519897 -0.917940285940914 -0.884018572494928 -0.850096859238702 -0.816175146232462 -0.782253433576605 -0.748331721368966 -0.714410009656954 -0.680488298496602 -0.646566588028869 -0.612644878415943 -0.57872316983215 -0.544801462500371 -0.510879756608774 -0.476958052158118 -0.443036349088163 -0.409114647282086 -0.375192946620385 -0.34127124702946 -0.307349548447178 -0.273427850801625 -0.239506153981755 -0.205584457854778 -0.171662762240081 -0.137741066951477 -0.103819371828315 -0.0698976767396681 -0.035975981647963 -0.00205428653896523
-1.0139963724144 -0.978089520088042 -0.942182667779216 -0.906275815495738 -0.870368963278336 -0.834462111192027 -0.798555259366074 -0.762648407934121 -0.726741556983109 -0.690834706577057 -0.654927856735025 -0.619021007464831 -0.583114158768689 -0.547207310626398 -0.511300463028195 -0.475393616028474 -0.439486769689602 -0.403579924041675 -0.367673079082961 -0.331766234716716 -0.295859390822437 -0.259952547293014 -0.224045704074903 -0.188138861131653 -0.152232018441641 -0.116325175972008 -0.080418333630136 -0.0445114913238114 -0.00860464902221287 0.0273021932901333
1.02235189873076 0.986447397627423 0.950542896438653 0.914638395032082 0.878733893256787 0.842829391005175 0.806924888361529 0.771020385466895 0.735115882497507 0.699211379597575 0.663306876748023 0.627402373888953 0.591497870951052 0.555593367827352 0.519688864402507 0.483784360565328 0.447879856235052 0.411975351448462 0.376070846288415 0.340166340904519 0.304261835463066 0.268357330117777 0.232452824972077 0.196548320109813 0.160643815586815 0.124739311441082 0.0888348076673226 0.0529303042314659 0.0170258010276189 -0.0188787020680663
-1.0224356320338 -0.98668870460538 -0.95093846909138 -0.915189410223088 -0.879445533722918 -0.843704414203559 -0.807938380847683 -0.772112704127146 -0.736189665100563 -0.700132867984578 -0.663914199041181 -0.627507615043701 -0.590893668935049 -0.554079298336467 -0.517079268792206 -0.479913272860223 -0.442602776477327 -0.405171412082047 -0.367640581634971 -0.330020598683218 -0.292319004670536 -0.254543769522142 -0.216704577089112 -0.17881092287835 -0.140869835094193 -0.102888156634892 -0.0648744564769249 -0.0268373215446648 0.011216315524146 0.0492799356634234
-1.03340481966906 -0.993623679645624 -0.953874197682068 -0.914216961984187 -0.874736037227611 -0.835497145476302 -0.79646916187772 -0.757606484942767 -0.718902453552626 -0.680382433120214 -0.642160954815112 -0.604374841246068 -0.567140199688888 -0.530490276087622 -0.494439042074046 -0.45900623336261 -0.424207726952369 -0.390038200898151 -0.356487893389686 -0.323550482100523 -0.29122050457517 -0.259489476973432 -0.228336829916296 -0.197722630871293 -0.16754158023095 -0.137679377461667 -0.108051085400356 -0.0785822178154647 -0.0492107288310696 -0.0198776826601562
-1.05966252864496 -1.01978365861188 -0.979878741120474 -0.939932457409423 -0.899943038553499 -0.859921083300516 -0.819913111254317 -0.779974976587689 -0.740163950893176 -0.700575620162555 -0.661457410564793 -0.623094708313151 -0.585727724734957 -0.549415971613806 -0.514147745963618 -0.479807185263355 -0.446265784060916 -0.413448624714917 -0.381282962944542 -0.349651160100524 -0.318424353941487 -0.28747998348964 -0.256720692821536 -0.22607513667111 -0.195550807347469 -0.165157483625224 -0.134835252565833 -0.10452097894521 -0.0742083301102455 -0.0439051740505776
1.01639128806974 0.981380988916429 0.946370689740429 0.911360390464781 0.876350090981886 0.841339791203158 0.806329491146696 0.771319190852158 0.73630889033873 0.701298589640019 0.666288288867788 0.631277988153336 0.596267687622674 0.561257387380649 0.526247087532565 0.491236788206711 0.456226489508865 0.421216191431754 0.386205893912339 0.351195596777577 0.316185299826921 0.281175002903377 0.246164706024167 0.211154409235521 0.176144112525475 0.141133815858734 0.106123519164859 0.0711132223856493 0.0361029255470166 0.00109262869589724
-0.984178826028035 -0.951184632824726 -0.918190439599119 -0.885196246350536 -0.852202053099293 -0.819207859872945 -0.786213666707015 -0.753219473646904 -0.720225280769544 -0.6872310881748 -0.65423689602271 -0.621242704488357 -0.588248513741087 -0.555254323927315 -0.522260135166729 -0.489265947495056 -0.456271760911166 -0.423277575350462 -0.390283390731272 -0.357289206967103 -0.324295023970249 -0.291300841669639 -0.258306660060717 -0.225312479147828 -0.192318298904412 -0.159324119276635 -0.126329940132476 -0.0933357613284579 -0.060341582753461 -0.0273474043044553
-0.956214551974662 -0.923562765496891 -0.890910978968121 -0.858259192362803 -0.825607405653036 -0.792955618808645 -0.760303831792691 -0.72765204457694 -0.69500025717471 -0.662348469603063 -0.629696681852445 -0.597044893906653 -0.564393105752027 -0.531741317385085 -0.499089528815306 -0.466437740093852 -0.433785951298968 -0.401134162575544 -0.368482374059253 -0.335830585782223 -0.3031787977507 -0.270527009981624 -0.237875222534722 -0.205223435464619 -0.172571648762739 -0.139919862394003 -0.107268076280506 -0.0746162903370259 -0.0419645044918811 -0.00931271867677548
-1.0507438455438 -1.01321518254067 -0.975686519716574 -0.938157857301875 -0.900629195505692 -0.863100534526992 -0.825571874545358 -0.78804321577118 -0.750514558557462 -0.712985903262329 -0.675457250121767 -0.637928599341228 -0.600399951053693 -0.562871305102279 -0.525342661244145 -0.487814019182481 -0.450285378576644 -0.412756738964603 -0.375228099939797 -0.337699461438922 -0.30017082348449 -0.262642186120044 -0.225113549473247 -0.187584913654935 -0.150056278624503 -0.112527644274494 -0.0749990103814852 -0.0374703767141066 5.82568748504044e-05 0.0375868905115531
-0.947286826662405 -0.924758255545815 -0.897200821510669 -0.874166446517332 -0.844161745099849 -0.798893876544537 -0.763917486573147 -0.760299375044892 -0.757307471933405 -0.721619303561486 -0.661349651534178 -0.594972611277085 -0.54280279068052 -0.532516847493634 -0.570685226193725 -0.572091468311841 -0.467563701046444 -0.343895297211892 -0.298610471623554 -0.316191561484931 -0.352860434596557 -0.366960878633923 -0.32532436077234 -0.218894158599994 -0.12657311185674 -0.116400655873915 -0.12500304619712 -0.0835964210934118 -0.0331696295013964 -0.0421546980275695
-1.04708317143022 -1.00926409049733 -0.971445009623353 -0.933625928889246 -0.895806848359866 -0.857987768078424 -0.820168688017633 -0.782349608133082 -0.744530528382388 -0.706711448714735 -0.668892369043559 -0.631073289273359 -0.593254209328879 -0.555435129215846 -0.517616048958727 -0.479796968575977 -0.441977888072787 -0.404158807407304 -0.36633972652953 -0.328520645403917 -0.290701563998534 -0.252882482304153 -0.215063400402381 -0.177244318405222 -0.139425236455454 -0.101606154656738 -0.0637870729254939 -0.0259679911551554 0.0118510906655493 0.0496701725240679
-1.00018464582758 -0.964959876827282 -0.929441012880671 -0.893669690833276 -0.858358316397908 -0.824349657133327 -0.792337159114782 -0.762821266222819 -0.735679735042665 -0.710552645608098 -0.6867520590424 -0.663508031741235 -0.639930886440814 -0.614652011239547 -0.586321919065411 -0.55414655680244 -0.517630723857836 -0.476919195775411 -0.432436674994549 -0.385087595400338 -0.335896323739292 -0.285766460232167 -0.235118538996707 -0.18421673301562 -0.133182836834504 -0.0821466299652444 -0.0314122102219734 0.0187954919644136 0.0687425339982259 0.118817720242574
-0.985245686574526 -0.952742589163014 -0.920245101307165 -0.887757365249208 -0.855321768689529 -0.822976975850857 -0.790708511587138 -0.758505166956137 -0.72642193719969 -0.694518599107022 -0.662807851472854 -0.631290623593286 -0.599929374203837 -0.568532679797717 -0.536882621675068 -0.504809182606066 -0.472158215942546 -0.438791155892922 -0.404607727478271 -0.369645238113718 -0.333975390812905 -0.297654794853972 -0.260679684573053 -0.22304123265285 -0.184770740104313 -0.14593645963076 -0.10671432237671 -0.0672859130862792 -0.0277477524607656 0.0118249048092364
-1.0008291111722 -0.967556319744891 -0.934283528413349 -0.90101073728672 -0.867737946489984 -0.834465156121727 -0.801192366159135 -0.767919576558849 -0.734646787316737 -0.701373998415118 -0.668101209742872 -0.634828421165523 -0.601555632563138 -0.568282843873965 -0.535010055049606 -0.501737266036909 -0.468464476795064 -0.435191687337399 -0.401918897700125 -0.368646107956839 -0.335373318190488 -0.302100528457877 -0.268827738711245 -0.2355549488796 -0.202282158903595 -0.169009368737056 -0.135736578374867 -0.102463787832338 -0.0691909971654421 -0.0359182064403189
1.00317970905157 0.968428142533698 0.933676576014033 0.898925009468563 0.864173442849848 0.829421876101361 0.794670309153669 0.759918741932002 0.725167174353151 0.690415606343633 0.6556640378773 0.620912468939842 0.586160899508095 0.55140932952348 0.516657758940096 0.481906187798175 0.447154616143149 0.412403043955137 0.377651471210553 0.342899897936322 0.308148324171996 0.273396749960587 0.238645175358935 0.203893600410404 0.169142025090599 0.13439044938289 0.0996388733694584 0.0648872971521945 0.0301357208130092 -0.0046158555711814
-1.00572851907144 -0.972153150148326 -0.938577781186832 -0.905002412163388 -0.871427043035388 -0.837851673752496 -0.804276304252469 -0.770700934456158 -0.737125564228672 -0.703550193464678 -0.66997482223282 -0.636399450645235 -0.602824078808789 -0.569248706809256 -0.535673334721526 -0.502097962598029 -0.468522590491773 -0.434947218480535 -0.401371846645274 -0.367796475054909 -0.334221103775348 -0.300645732861259 -0.267070362322328 -0.233494992159704 -0.19991962238535 -0.166344252993102 -0.132768883893488 -0.0991935149811942 -0.0656181461708541 -0.0320427773820894
-1.0579523697577 -1.01334872067293 -0.968888435175767 -0.924720926746577 -0.880888786760188 -0.837419043196064 -0.794383292557811 -0.751876530029429 -0.710042776992362 -0.669018067403267 -0.628857459322224 -0.58959576683517 -0.551275544788627 -0.513970311071467 -0.477750853044199 -0.442646072911523 -0.408667624345019 -0.3758000520396 -0.343995924004027 -0.313107010479128 -0.28295988226375 -0.253410492026645 -0.224432319916199 -0.196003534269843 -0.168003528701567 -0.140271218921496 -0.112582383747736 -0.0847470991340466 -0.0567757664688202 -0.028728868499108
-1.02552378596411 -0.98823903130876 -0.950954276697949 -0.913669522134196 -0.876384767631761 -0.839100013187759 -0.801815258718968 -0.764530504109715 -0.727245749194859 -0.689960993806109 -0.65267623781206 -0.615391481090529 -0.578106723544018 -0.540821965173782 -0.503537206014983 -0.466252446139674 -0.428967685635692 -0.391682924617121 -0.35439816318149 -0.317113401333868 -0.279828639056204 -0.242543876341581 -0.205259113227604 -0.167974349776444 -0.130689586104007 -0.0934048223261978 -0.0561200585051721 -0.0188352946815368 0.0184494691365523 0.055734232949052
-1.06205406099837 -1.02002425132483 -0.978398741620657 -0.937462914706525 -0.897114660093425 -0.856922761807308 -0.815527075243657 -0.771966310421992 -0.727803524488435 -0.684897211289694 -0.643763264348216 -0.60458192710538 -0.567587768945852 -0.533232663027426 -0.501844729168828 -0.47303977005937 -0.446290070536095 -0.421206161156389 -0.397223187058111 -0.372936505980684 -0.346731528813916 -0.317112654369311 -0.28306023314514 -0.243807716268436 -0.199125005694514 -0.149347947682326 -0.0965397148770858 -0.042863065912867 0.0108482230070837 0.0640926212872265
-1.0062647761968 -0.971626016592844 -0.93698725694473 -0.902348497186543 -0.867709737275977 -0.833070977194921 -0.798432216998443 -0.763793456775549 -0.729154696677841 -0.694515936847028 -0.659877177322689 -0.62523841811887 -0.590599659242636 -0.555960900673132 -0.521322142375775 -0.486683384288986 -0.452044626342217 -0.417405868456061 -0.382767110573803 -0.348128352738372 -0.313489595017609 -0.278850837473869 -0.244212080147582 -0.209573323052508 -0.174934566117658 -0.140295809261685 -0.105657052446546 -0.0710182956487085 -0.0363795388593752 -0.00174078207343051
-1.01063425375664 -0.976883173268719 -0.946973972616303 -0.922904880954185 -0.903409553545693 -0.886228595337238 -0.868394983899035 -0.846507677458762 -0.816137184250152 -0.774071891637962 -0.723000153504981 -0.66708531536351 -0.610001880807489 -0.553468985757423 -0.499243203177308 -0.451186221878562 -0.412404104238036 -0.380875291046892 -0.353593723005143 -0.328742962033871 -0.304803975359426 -0.280189632321364 -0.253040410712064 -0.222325928414016 -0.190604755217334 -0.160044318817515 -0.127658526623966 -0.0899918317866843 -0.0468643907041312 0.00108471441311892
-0.975087211246928 -0.942029122775584 -0.908971034278292 -0.875912945750088 -0.842854857224426 -0.809796768749952 -0.776738680397683 -0.743680592255303 -0.710622504454822 -0.677564417124784 -0.644506330335546 -0.611448244142921 -0.578390158592699 -0.545332073690584 -0.512273989432313 -0.47921590581384 -0.446157822803636 -0.413099740260023 -0.380041658012299 -0.346983575883807 -0.313925493696405 -0.280867411295929 -0.247809328624153 -0.214751245640656 -0.181693162280331 -0.14863507850768 -0.115576994430325 -0.0825189101811294 -0.0494608258507936 -0.0164027415194751
-0.902562525595742 -0.872588040296695 -0.842613554992957 -0.812639069725568 -0.782664584536151 -0.752690099460394 -0.722715614509682 -0.692741129700217 -0.662766645091791 -0.632792160754237 -0.602817676753961 -0.572843193156512 -0.54286871002552 -0.512894227416934 -0.48291974537227 -0.452945263882966 -0.422970782944169 -0.392996302615937 -0.363021822971588 -0.33304734407257 -0.303072865977361 -0.273098388729065 -0.24312391230929 -0.213149436674696 -0.183174961743668 -0.153200487411587 -0.123226013520096 -0.0932515399074649 -0.0632770664521934 -0.0333025930428385
-0.948725160067529 -0.918469995606028 -0.888247067629255 -0.858051112633691 -0.827814374071073 -0.797448160468506 -0.766842533699302 -0.735904333696214 -0.704628759283526 -0.673022428690965 -0.641049278878507 -0.608662576488688 -0.575796154413799 -0.542306110545156 -0.50803291637608 -0.47283227280888 -0.436607604665774 -0.399438003039613 -0.361426506593381 -0.322596277999964 -0.282950510934723 -0.242497843476312 -0.201268691316563 -0.159319281068186 -0.116787305414259 -0.0738253556607451 -0.0305641515348005 0.0128808008505311 0.0564329782598474 0.100025603177157
-1.03470914593593 -0.999806367737194 -0.964903589618155 -0.930000811669894 -0.895098033990013 -0.860195256677649 -0.825292479831541 -0.79038970353773 -0.755486927831856 -0.720584152758675 -0.685681378449783 -0.650778605058486 -0.615875832726167 -0.580973061546499 -0.546070291564918 -0.51116752268163 -0.476264754745866 -0.441361987548216 -0.406459220883552 -0.37155645462254 -0.336653688654793 -0.301750922875008 -0.266848157198217 -0.231945391569864 -0.19704262603671 -0.162139860660182 -0.127237095459066 -0.0923343304260858 -0.0574315654923437 -0.022528800573539
-1.00236488419171 -0.968251891325868 -0.934138898421098 -0.900025905464557 -0.865912912487842 -0.831799919507442 -0.797686926434983 -0.763573933154894 -0.72946093954768 -0.695347945480919 -0.661234950774417 -0.627121955236039 -0.593008958706267 -0.558895961156067 -0.524782962582269 -0.490669962954688 -0.456556962261875 -0.422443960594332 -0.38833095806276 -0.354217954756718 -0.320104950760474 -0.285991946152111 -0.251878940984964 -0.21776593532524 -0.183652929315383 -0.149539923104682 -0.115426916793563 -0.0813139104541862 -0.0472009040945146 -0.0130878977064616
1.0724547269008 1.02231794915017 0.974372774789286 0.93073624693326 0.890494036067588 0.852856260803527 0.820562204885026 0.794817944916593 0.767167563812284 0.72975269946727 0.686767203391645 0.64541798049923 0.611203415951464 0.582787815900241 0.557355742385521 0.533006860009079 0.507072024145915 0.47289175070213 0.425176956344142 0.368110500248529 0.308243227219411 0.251511385751295 0.201392839100235 0.159772849562272 0.124624660831855 0.0945945731081481 0.0749331312107539 0.0704860298955303 0.0778753190429065 0.0916671373144544
-1.04977292046159 -1.00752553847448 -0.965264223686803 -0.92296366898728 -0.880631932922172 -0.838332503389465 -0.796317220036463 -0.754870825226554 -0.714221320438122 -0.674537652080997 -0.635809287175769 -0.597980822895721 -0.561003663578416 -0.524856442218534 -0.489511088488736 -0.454885490116491 -0.420877993072238 -0.387362818243502 -0.354238576303246 -0.321525562149086 -0.289274491734802 -0.257533751639409 -0.226342410942854 -0.195718593659605 -0.165605961041291 -0.135927386076777 -0.106597051466705 -0.0775220614104204 -0.048589896390277 -0.0196831309593836
-1.01357761775662 -0.977631214909758 -0.941686578114131 -0.905745581783932 -0.869810603936031 -0.833884316077631 -0.797970060074585 -0.762070915738859 -0.726188244308211 -0.69032277585615 -0.654474434373391 -0.618642942329953 -0.582828070807756 -0.547029785336335 -0.51124830760729 -0.475484689512866 -0.439739782315602 -0.404012804558545 -0.368302244429645 -0.332605301415944 -0.296918852829257 -0.261239886219333 -0.225565830087667 -0.189894421540585 -0.154224191152013 -0.118554069269631 -0.0828837918685512 -0.04721327997909 -0.011542389224956 0.0241290411217937
-0.941191213077389 -0.908741956352643 -0.876292699644612 -0.843843442973889 -0.811394186300726 -0.778944929568014 -0.746495672709558 -0.714046415665236 -0.681597158408307 -0.649147900937576 -0.616698643320651 -0.584249385642335 -0.551800127989009 -0.519350870453349 -0.486901613109448 -0.454452355950787 -0.422003098969667 -0.389553842234289 -0.35710458580083 -0.324655329601471 -0.292206073537395 -0.259756817517131 -0.227307561478599 -0.194858305370382 -0.16240904915431 -0.129959792812911 -0.0975105363982529 -0.0650612799686472 -0.0326120235378329 -0.000162767108406598
-1.00685613062347 -0.972828255080147 -0.93880037950802 -0.904772503853766 -0.870744628082616 -0.836716752173891 -0.802688876144712 -0.768661000008372 -0.734633123725039 -0.700605247258291 -0.666577370638463 -0.63254949391258 -0.598521617154912 -0.564493740548709 -0.530465864290955 -0.496437988524593 -0.4624101133491 -0.428382238744126 -0.394354364662656 -0.360326491070833 -0.326298617938089 -0.2922707452262 -0.258242872866312 -0.224215000778517 -0.19018712886931 -0.15615925705824 -0.122131385330654 -0.0881035136854425 -0.0540756421098605 -0.0200477705882532
-0.952312334029339 -0.923900127475841 -0.894978196210681 -0.865033426324083 -0.833801854083425 -0.801180161239264 -0.767458461297733 -0.733104169286806 -0.69890047456625 -0.665568969463737 -0.633269083846761 -0.602019706967771 -0.571802503398738 -0.542450238989725 -0.513700567351325 -0.485059591858178 -0.456036997446272 -0.426388345532955 -0.395893028403113 -0.364179885330441 -0.330840117335837 -0.295502191366457 -0.257943638074495 -0.218107422840709 -0.17644918625507 -0.133540664633844 -0.0899053019892607 -0.0459925333424368 -0.00200405005406544 0.0419203924302658
-1.0814826581332 -1.02714128482678 -0.973400271137159 -0.920998763178513 -0.870478872119235 -0.822254894669581 -0.776426904653016 -0.733024931110239 -0.692113046837679 -0.653759463382886 -0.618014903542169 -0.584925717924027 -0.554434680332688 -0.526070257355301 -0.499281604472383 -0.473614939954999 -0.44851850638413 -0.422951580789854 -0.395922008758372 -0.367120875651286 -0.336410076774045 -0.303798711054534 -0.269884691910377 -0.235372210276319 -0.200801752665863 -0.166505577628717 -0.132146736280657 -0.0973331467473386 -0.0621214026278507 -0.0266802663896432
-1.0251326080508 -0.987905568716303 -0.950678529313733 -0.913451489831523 -0.87622445034002 -0.838997410911773 -0.801770371546212 -0.764543332245809 -0.727316293098328 -0.690089254204522 -0.652862215631799 -0.615635177439231 -0.578408139663068 -0.541181102248258 -0.503954065111097 -0.466727028144569 -0.429499991239932 -0.392272954304861 -0.35504591727425 -0.317818880175437 -0.280591843058873 -0.243364805981215 -0.206137769023949 -0.168910732253107 -0.131683695648082 -0.0944566591658511 -0.0572296227603627 -0.0200025863872113 0.0172244499883978 0.0544514863988565
-0.961307072617436 -0.930859145868854 -0.900411218998809 -0.869963291912248 -0.839515364595503 -0.809067437066078 -0.77861950938479 -0.748171581632577 -0.717723653927537 -0.687275726401314 -0.656827799202569 -0.626379872484217 -0.595931946366967 -0.565484020842694 -0.535036095875969 -0.504588171450981 -0.474140247556189 -0.443692324177517 -0.413244401287775 -0.382796478809863 -0.3523485566542 -0.321900634757363 -0.291452713160556 -0.261004791924192 -0.230556871080887 -0.200108950640331 -0.169661030548304 -0.139213110732871 -0.108765191115133 -0.0783172716144518
-0.987534034916353 -0.95462010848415 -0.921706182056448 -0.888792255591677 -0.855878328992857 -0.822964402170601 -0.790050475121312 -0.757136547861584 -0.724222620402999 -0.691308692755571 -0.658394764928051 -0.625480836928877 -0.592566908778315 -0.559652980543955 -0.526739052300777 -0.493825124106009 -0.460911195990694 -0.427997267898895 -0.395083339773633 -0.362169411640738 -0.32925548354674 -0.296341555532729 -0.263427627618035 -0.230513699795668 -0.197599771975121 -0.164685844057101 -0.131771915990678 -0.098857987751532 -0.0659440593734355 -0.0330301309046818
-0.999403477495127 -0.965013066977302 -0.930622656433869 -0.896232245908694 -0.861841835356287 -0.827451424685962 -0.793061013715608 -0.758670602259595 -0.724280190209627 -0.689889777472335 -0.655499363936717 -0.621108949487361 -0.586718534014243 -0.552328117428874 -0.517937699666354 -0.483547280734583 -0.449156860642563 -0.414766439330894 -0.380376016759677 -0.345985593035417 -0.311595168301225 -0.27720474269977 -0.242814316371983 -0.208423889476009 -0.174033462240611 -0.139643034883761 -0.10525260750966 -0.0708621801775903 -0.0364717528809043 -0.00208132559647591
-0.970328780083419 -0.936680748677419 -0.903032717121622 -0.869384685291657 -0.835736653095332 -0.80208862047583 -0.768440587485684 -0.734792554223086 -0.701144520859525 -0.667496487580486 -0.633848454554151 -0.600200421944375 -0.566552389894108 -0.532904358462687 -0.499256327698155 -0.465608297686986 -0.431960268505913 -0.398312240154256 -0.364664212613269 -0.331016185869348 -0.297368159910178 -0.263720134695109 -0.230072110070153 -0.196424085864405 -0.16277606195261 -0.129128038221941 -0.0954800145636236 -0.0618319908888548 -0.0281839671846625 0.00546405654296711
-0.8972059306387 -0.896822738826317 -0.893962795718726 -0.886411174078031 -0.871707520967539 -0.848062514135405 -0.816616379767943 -0.779099434261946 -0.736672806417951 -0.690490870300325 -0.64225016862499 -0.593782786270758 -0.54671653161887 -0.501862107060286 -0.459736158109719 -0.420496208767173 -0.384127332415747 -0.350283921485618 -0.318438644900305 -0.28766795850962 -0.25694926489495 -0.225622410353048 -0.194477016042152 -0.164669318709075 -0.137372242593465 -0.113531272346194 -0.0931654467701983 -0.0758526653809262 -0.0603327163918026 -0.0451358601907468
-1.02200202923497 -0.987748733837902 -0.953518849278966 -0.91932241465754 -0.885103746581984 -0.850783952294152 -0.816257024060906 -0.78142569405401 -0.746254769039839 -0.710728192049568 -0.674844376578943 -0.638605353739853 -0.602011615790324 -0.565057499572915 -0.527727040642501 -0.489969224818683 -0.451736178444419 -0.413027639691375 -0.37386455862282 -0.334305121039735 -0.294416821677531 -0.254263144283245 -0.213891528650427 -0.173349381774915 -0.13270002341519 -0.0919954608895689 -0.0512265389930835 -0.0103766499029642 0.0305394621514779 0.0714992149279116
-0.978779787214902 -0.944830334151611 -0.910880881139489 -0.876931428214672 -0.842981975388977 -0.80903252267851 -0.775083070140882 -0.741133617827932 -0.70718416572693 -0.673234713810589 -0.639285262057975 -0.605335810449742 -0.571386358967629 -0.537436907597712 -0.503487456331641 -0.46953800517903 -0.435588554147488 -0.40163910321864 -0.367689652367416 -0.333740201567935 -0.299790750794113 -0.265841300018772 -0.231891849210349 -0.197942398343507 -0.163992947422175 -0.130043496474568 -0.0960940455967786 -0.0621445948744605 -0.0281951442836218 0.00575430622714054
-1.01497585500492 -0.980569532323818 -0.946156694442277 -0.911729180321582 -0.87727118581709 -0.842764838008931 -0.808191631982265 -0.773533957389119 -0.738778414143958 -0.703915403550216 -0.668946322204781 -0.6338753155279 -0.598708206805705 -0.56345753078787 -0.528136719294461 -0.492756080963572 -0.457325398379722 -0.421855473095106 -0.386355431553899 -0.350826680800518 -0.315268698029439 -0.279682243838988 -0.24407321244289 -0.208448230979126 -0.172811724667312 -0.137167257186016 -0.101517147967978 -0.0658632342951463 -0.0302066690921262 0.00545156580581406
-0.991044238921451 -0.956371229601807 -0.921698220286026 -0.887025210921526 -0.85235220144362 -0.817679191815442 -0.783006182123518 -0.748333172459093 -0.713660162808888 -0.678987153145745 -0.644314143491502 -0.609641133880248 -0.574968124349487 -0.540295114950381 -0.505622105735882 -0.470949096752446 -0.436276088016319 -0.401603079429413 -0.366930070881334 -0.332257062326816 -0.297584053736875 -0.26291104508469 -0.228238036352093 -0.193565027519429 -0.158892018552443 -0.124219009408164 -0.0895460000233635 -0.054872990357788 -0.0201999804833291 0.0144730295000842
-0.984090028596799 -0.949392144060063 -0.914694259572066 -0.879996375175921 -0.845298490847513 -0.810600606560015 -0.775902722342982 -0.741204838230088 -0.706506954215103 -0.67180907025872 -0.637111186229234 -0.602413301971841 -0.567715417343909 -0.533017532251503 -0.498319646626795 -0.463621760457689 -0.428923873722807 -0.394225986307909 -0.359528098117374 -0.324830209222927 -0.290132319738127 -0.255434429781384 -0.220736539490503 -0.1860386489967 -0.15134075838543 -0.116642867739741 -0.0819449771788122 -0.0472470867987531 -0.0125491965672586 0.0221486935800801
-1.01118751676544 -0.975130010815217 -0.93907250482291 -0.903014998781822 -0.866957492746735 -0.830899986784969 -0.794842480952515 -0.758784975328825 -0.722727470098512 -0.686669965460726 -0.65061246156762 -0.614554958559593 -0.578497456564023 -0.5424399556562 -0.506382455873392 -0.470324957152871 -0.434267459369296 -0.398209962246866 -0.3621524654946 -0.326094968911262 -0.290037472318049 -0.253979975550435 -0.217922478500995 -0.181864981093368 -0.145807483318342 -0.109749985199948 -0.0736924868280322 -0.0376349883043765 -0.00157748971269308 0.0344800088678234
-0.960920172948261 -0.928905361053128 -0.896890549160395 -0.864875737325506 -0.832860925669456 -0.800846114311152 -0.7688313032956 -0.736816492648484 -0.704801682392109 -0.672786872562135 -0.640772063251031 -0.608757254565465 -0.576742446587045 -0.544727639297134 -0.512712832631363 -0.480698026442684 -0.448683220561051 -0.416668414807106 -0.38465360903051 -0.352638803206326 -0.320623997340963 -0.288609191459425 -0.256594385661087 -0.224579580043225 -0.192564774620333 -0.160549969366322 -0.128535164175518 -0.0965203589463177 -0.0645055536729586 -0.0324907483736396
-0.986065906047707 -0.952840040767534 -0.919614175531628 -0.886388310417987 -0.853162445516967 -0.819936580912255 -0.786710716648507 -0.753484852755056 -0.720258989238966 -0.687033126098245 -0.65380726331692 -0.620581400875525 -0.587355538748896 -0.554129676889067 -0.520903815215319 -0.487677953538702 -0.454452091671226 -0.421226229536972 -0.388000367097158 -0.354774504349474 -0.321548641300727 -0.288322777939348 -0.255096914180243 -0.22187104993577 -0.188645185181608 -0.155419319928897 -0.122193454267297 -0.0889675883076477 -0.0557417221669768 -0.022515855963859
-0.923480103806986 -0.944860315831399 -0.905540352998921 -0.866623845468781 -0.853284579554616 -0.864744590424081 -0.832348752506473 -0.709258113263054 -0.603775573021312 -0.619648719131834 -0.687262034171376 -0.693659224523237 -0.572620475535712 -0.44487188841708 -0.431843930940603 -0.470838621279496 -0.474024835842843 -0.437167333583265 -0.376837862213155 -0.309240241940471 -0.250486311097063 -0.212380489271117 -0.189497521076164 -0.171679594388834 -0.147068345112821 -0.10843244150174 -0.0687492331818224 -0.0434503986380368 -0.0375762504176736 -0.0535692595836039
-1.05526353305073 -1.01778584025178 -0.980308147303354 -0.942830454095089 -0.9053527606501 -0.867875067026269 -0.830397373287056 -0.792919679508364 -0.755441985810286 -0.717964292289957 -0.680486598908495 -0.643008905593016 -0.60553121228274 -0.568053518965315 -0.530575825647657 -0.493098132365332 -0.455620439161951 -0.418142746084649 -0.380665053176934 -0.343187360464275 -0.305709667967634 -0.268231975707372 -0.230754283701463 -0.193276591949239 -0.155798900377881 -0.118321208903495 -0.0808435174700604 -0.0433658260372554 -0.00588813459967847 0.0315895568393423
-0.990589597503166 -0.957101891864551 -0.923614186238558 -0.890126480633842 -0.856638775094174 -0.823151069675053 -0.789663364443802 -0.756175659463095 -0.722687954765184 -0.689200250378683 -0.655712546348061 -0.622224842721754 -0.588737139517725 -0.555249436632057 -0.521761733924037 -0.488274031227646 -0.454786328397153 -0.421298625393273 -0.387810922205917 -0.35432321883533 -0.320835515284339 -0.287347811552104 -0.253860107623098 -0.220372403503368 -0.186884699299941 -0.153396995109369 -0.119909290885333 -0.0864215865623164 -0.0529338821408945 -0.019446177638166
-0.977709261922855 -0.94431264618642 -0.910916030393143 -0.877519414495831 -0.844122798501387 -0.810726182419636 -0.777329566217985 -0.743932949821837 -0.71053633303099 -0.677139715627294 -0.643743097446431 -0.610346478337541 -0.576949858193048 -0.543553237078527 -0.510156615096876 -0.47675999232715 -0.443363368844711 -0.409966744734011 -0.376570120054557 -0.343173494757011 -0.309776868764824 -0.276380242033476 -0.242983614646562 -0.209586986700409 -0.176190358214171 -0.142793729211816 -0.109397099813768 -0.0760004701534506 -0.0426038403198278 -0.00920721039074906
-0.964296307397906 -0.933077145156012 -0.901814799290583 -0.870454218778657 -0.838906933693774 -0.807081064426488 -0.774904511538924 -0.742325225617471 -0.709351577174029 -0.676005389466673 -0.642301876812686 -0.608254601294151 -0.573872982069906 -0.539149866605814 -0.504071926096733 -0.468617698346463 -0.432751694050982 -0.396390448866004 -0.359448609199257 -0.321881239506762 -0.283653508756613 -0.244743335282528 -0.205179634880704 -0.165035854606602 -0.124512569090251 -0.0838209358548973 -0.0430873164220931 -0.00239357700738468 0.0382716013960146 0.0789428341004746
-0.970794790040976 -0.940968741762733 -0.911080254055484 -0.88106435403322 -0.850891736269031 -0.820526217380475 -0.789868434703862 -0.758814390139276 -0.727304723123122 -0.69529841169372 -0.662783150760718 -0.629753814451601 -0.596224820289104 -0.562288759376977 -0.528049159409629 -0.49357512086309 -0.458902650961801 -0.423969811142228 -0.38870133248493 -0.353066570434828 -0.317046036527931 -0.280628966092417 -0.243839489625127 -0.206706694098217 -0.169244597216417 -0.131478502224098 -0.0934939237916138 -0.0553828005299535 -0.017202555386663 0.0209980176065726
-1.00799210003115 -0.972291726335699 -0.93659135262131 -0.900890978890282 -0.865190605229824 -0.829490231752572 -0.793789858587972 -0.758089485844587 -0.72238911353064 -0.686688741608234 -0.650988369955325 -0.615287998428835 -0.579587626900671 -0.543887255302681 -0.50818688357344 -0.472486511618483 -0.436786139350161 -0.401085766741153 -0.365385393796744 -0.329685020592328 -0.293984647220824 -0.258284273771975 -0.222583900322802 -0.186883526933476 -0.151183153609492 -0.11548278035569 -0.0797824072289897 -0.0440820342791196 -0.00838166147496019 0.0273187112348193
1.010279069519 0.975236645027459 0.940194220500672 0.905151795896244 0.87010937113184 0.835066946112396 0.800024520731854 0.764982094876259 0.729939668411043 0.694897241212323 0.659854813219579 0.624812384388129 0.589769954672626 0.554727524025063 0.519685092415958 0.484642659892603 0.449600226522522 0.414557792377406 0.379515357532549 0.344472922073485 0.309430486088308 0.274388049668029 0.239345612915328 0.204303175939704 0.169260738866284 0.134218301821369 0.0991758649203508 0.0641334282448613 0.0290909917523904 -0.00595144463060637
-0.963287080250795 -0.930168277783966 -0.897049475338399 -0.863930672951464 -0.830811870713398 -0.797693068738639 -0.764574267185552 -0.73145546618164 -0.698336665687029 -0.665217865605182 -0.632099065780306 -0.598980266041789 -0.565861466228305 -0.532742666215658 -0.499623865892724 -0.466505065163541 -0.433386263943423 -0.400267462177631 -0.367148659831267 -0.334029856918854 -0.300911053467271 -0.26779224953463 -0.234673445303968 -0.201554640977898 -0.168435836712406 -0.135317032624847 -0.102198228724672 -0.0690794249854728 -0.0359606213452815 -0.00284181773324255
-1.03676919909876 -1.00097324371133 -0.965177288307408 -0.929381332901197 -0.893585377632655 -0.857789422674908 -0.821993468208041 -0.786197514378971 -0.750401561194983 -0.714605608629307 -0.678809656658599 -0.643013705260369 -0.607217754400984 -0.571421804002242 -0.535625853957823 -0.499829904093517 -0.464033954242994 -0.428238004339336 -0.39244205433537 -0.356646104163522 -0.320850153751116 -0.285054203033335 -0.249258251976813 -0.213462300564399 -0.177666348812372 -0.1418703967429 -0.106074444368287 -0.0702784917149666 -0.0344825388757385 0.00131341404000379
-0.916352222591632 -0.885760433309101 -0.855168644138372 -0.824576855200922 -0.793985066595188 -0.763393278405972 -0.732801490686564 -0.702209703438465 -0.671617916487544 -0.641026129621161 -0.610434342648292 -0.579842555383314 -0.549250767647298 -0.51865897928809 -0.488067190145087 -0.457475399997119 -0.426883608650635 -0.39629181608312 -0.365700022338198 -0.335108227553022 -0.304516431888122 -0.273924635478432 -0.243332838356477 -0.212741040547327 -0.182149242148625 -0.151557443274116 -0.120965644029383 -0.090373844514998 -0.0597820448196272 -0.0291902450289642
-1.01596229105918 -0.980556878275564 -0.945151465412564 -0.9097460523912 -0.874340639310864 -0.838935226313892 -0.803529813536011 -0.768124401086334 -0.732718988974131 -0.697313577232295 -0.661908166088045 -0.62650275581718 -0.591097346685467 -0.555691938918539 -0.52028653271111 -0.484881128174358 -0.449475725385574 -0.414070324370055 -0.378664925127098 -0.343259527604006 -0.307854131735083 -0.272448737415209 -0.237043344381568 -0.201637952303383 -0.166232560735728 -0.130827169256426 -0.095421777648436 -0.060016385786009 -0.0246109937034273 0.010794398525019
-1.03793048487168 -1.00136608324588 -0.964801681457204 -0.92823727938726 -0.89167287698838 -0.855108474251207 -0.818544071248864 -0.781979668076075 -0.745415264831462 -0.708850861594258 -0.672286458362224 -0.635722055112753 -0.599157651815465 -0.562593248408887 -0.526028844833656 -0.489464441069925 -0.452900037123851 -0.416335633066069 -0.379771228972499 -0.343206824875721 -0.306642420797478 -0.270078016744739 -0.233513612665369 -0.196949208530619 -0.16038480446438 -0.123820400608494 -0.0872559970239745 -0.0506915937284733 -0.014127190647019 0.0224372123185147
-0.911141968420667 -0.897358717267163 -0.881354096116054 -0.861176295908634 -0.836790528913923 -0.809108599923916 -0.780911662494794 -0.754962730755853 -0.732082912364656 -0.712132195610936 -0.693067997784836 -0.672372093426601 -0.647756096097575 -0.617850975443497 -0.581601978632281 -0.538292106836139 -0.487576186748219 -0.43025859314111 -0.368119603764073 -0.305693560193615 -0.248203319963055 -0.199995706968654 -0.161913410558434 -0.133698983823494 -0.114198569375485 -0.101997854028959 -0.0955371118895477 -0.0931753134472641 -0.0930916274385841 -0.0934202721615985
-1.04515694312915 -1.00796831752326 -0.970779692003596 -0.933591066636476 -0.896402441469062 -0.859213816538522 -0.822025191861167 -0.784836567435635 -0.74764794321073 -0.710459319129541 -0.673270695162121 -0.636082071285265 -0.598893447478196 -0.561704823729857 -0.524516200046886 -0.487327576496999 -0.450138953146125 -0.412950329991956 -0.375761707010784 -0.338573084161538 -0.301384461398801 -0.26419583868684 -0.227007216028633 -0.189818593430729 -0.152629970875217 -0.115441348345685 -0.0782527258561673 -0.041064103418458 -0.0038754810049483 0.0333131414218215
-1.0085813464476 -0.969772962751362 -0.931015020954333 -0.892347617415539 -0.853823895466287 -0.815496648229886 -0.77740422102536 -0.739592585494333 -0.702152666373098 -0.66518226849462 -0.628761763983888 -0.592967166788889 -0.557857504261359 -0.523423857368 -0.489641324080358 -0.456489016774381 -0.423932220798484 -0.391876898986546 -0.360227037614323 -0.32893803923961 -0.297978160490712 -0.267303154534667 -0.236818760693453 -0.206421529500599 -0.176021270180905 -0.145546683127682 -0.11498877471702 -0.0843591202658891 -0.0536892648719968 -0.0230157460782364
1.02057410672512 0.982552205087884 0.940786701961398 0.894546245926089 0.848241641045409 0.805584848447096 0.762350302033015 0.71525637318585 0.672734710437437 0.643336695163784 0.62437936296844 0.610371163011832 0.595834567449971 0.575348140421177 0.544374856272717 0.501859238205326 0.447806151105194 0.382980277746863 0.310312940785725 0.240642204512214 0.186782818625522 0.158293018997709 0.151704986192294 0.157826646980357 0.157594968271753 0.134301579733566 0.0905277219229985 0.0328676334387061 -0.035322065844969 -0.111494160734763
1.01762921061475 0.982835560982484 0.948041911254546 0.913248261324039 0.878454611073043 0.843660960384088 0.80886730915251 0.774073657294648 0.739280004798032 0.704486351680232 0.669692698007797 0.634899043859518 0.600105389282311 0.565311734195586 0.530518078518944 0.495724422300248 0.460930765662172 0.42613710889835 0.391343452316579 0.356549796110348 0.32175614044457 0.286962485452845 0.252168831143525 0.217375177487347 0.182581524429845 0.147787871894083 0.112994219738441 0.0782005678159075 0.0434069160225799 0.0086132642653329
1.00516023962735 0.985203896108064 0.962648355316284 0.934030477984937 0.897731423142824 0.853075442081292 0.801314856845998 0.744867951096904 0.688888784196891 0.638362763555365 0.594864913064932 0.559117660738993 0.531279641031515 0.50925431415872 0.490211494659942 0.4706415886047 0.447629712802216 0.421319235490322 0.392359471650545 0.360365271810594 0.32469287038472 0.285254933868017 0.244189857078936 0.203607572733252 0.163278436812675 0.122630872010822 0.082065144602981 0.0419778594729522 0.001779132356894 -0.0393675432959452
0.979978279055848 0.946340735284867 0.912703191461637 0.879065647529398 0.845428103394426 0.811790558972323 0.77815301425297 0.744515469264414 0.710877924113099 0.677240378923814 0.643602833816313 0.609965288909094 0.576327744310294 0.542690200086607 0.509052656281319 0.475415112885539 0.4417775698966 0.408140027388919 0.374502485446332 0.340864944113281 0.307227403424357 0.273589863383954 0.239952323875677 0.206314784750679 0.17267724585111 0.139039707020075 0.105402168113521 0.0717646290228378 0.0381270897683453 0.00448955040259493
-1.02828927923469 -0.987671760752463 -0.947077655608326 -0.906485833303159 -0.865862997108946 -0.825183429571338 -0.784463896559558 -0.743756402329703 -0.703211421361801 -0.662995600646841 -0.623241806995737 -0.584074462174386 -0.545582511071246 -0.507712991065022 -0.470399729851255 -0.433665623902579 -0.397565116193548 -0.36218976692931 -0.327642758255921 -0.294036642852502 -0.261486316031434 -0.230103397736536 -0.199986406437362 -0.171167826946109 -0.143429110919794 -0.116491886745269 -0.0900895228838962 -0.0639879047144148 -0.0380712452105746 -0.0122533392448773
-0.977643463688702 -0.948371324283139 -0.919108081826645 -0.889822221694489 -0.860421749679344 -0.830796430027992 -0.800823540386264 -0.770387242527351 -0.73941172133484 -0.707843567299834 -0.675678970233081 -0.642926519775244 -0.609609972391478 -0.575813751844923 -0.54162301105159 -0.507065152240998 -0.472153324745852 -0.436901416998107 -0.401315397610711 -0.365368816821334 -0.329027120273831 -0.292267807886244 -0.255116596673386 -0.217607974066883 -0.179763292068873 -0.141595741831076 -0.103099006533055 -0.0642818482452602 -0.0252328525738682 0.013939438991014
-0.988331113396058 -0.954913388469576 -0.921495663509352 -0.888077938506127 -0.854660213471228 -0.82124248838824 -0.787824763109202 -0.754407037456755 -0.720989311267477 -0.687571584377015 -0.654153856603348 -0.62073612776004 -0.587318397663343 -0.553900666140274 -0.520482933058043 -0.487065198433874 -0.453647462331163 -0.42022972484797 -0.386811986094011 -0.353394246190967 -0.319976505263507 -0.286558763484172 -0.253141021216984 -0.219723278817945 -0.1863055364195 -0.152887794083169 -0.119470051810352 -0.0860523095883714 -0.0526345674083675 -0.0192168252624334
0.943752687078011 0.91138078648741 0.879008885490862 0.846636983949876 0.81426508249564 0.781893181945163 0.749521283089066 0.717149386638812 0.684777493015627 0.652405602573903 0.620033715690919 0.587661832749681 0.555289954010675 0.522918079244322 0.490546208162506 0.45817434073303 0.425802477066009 0.393430617584876 0.361058762687666 0.328686912357486 0.296315066473715 0.263943224813022 0.231571386741235 0.199199551511358 0.166827718335936 0.134455886425884 0.102084055026064 0.0697122235096464 0.0373403917290869 0.00496855965666288
