-1.03149501917639 -0.994288971976609 -0.957082924806009 -0.919876877681668 -0.882670830716481 -0.845464784047401 -0.808258737811796 -0.771052692097047 -0.733846646790199 -0.696640601742167 -0.65943455685971 -0.622228512063547 -0.585022467299944 -0.547816422617361 -0.510610378100909 -0.473404333880097 -0.436198290069999 -0.398992246683546 -0.361786203723765 -0.324580161256198 -0.287374119362016 -0.250168078093634 -0.212962037388439 -0.175755997155785 -0.138549957307932 -0.101343917764201 -0.064137878469246 -0.0269318393658249 0.0102741996362281 0.04748023863531
-1.01478308373383 -1.02507682392639 -0.914872526399769 -0.854893340883558 -0.863441248654421 -0.909724682608978 -0.91899905057664 -0.834854019637927 -0.718169318944987 -0.643677542965196 -0.624232685355229 -0.657219089569079 -0.722726165488615 -0.731663588707199 -0.621142795032956 -0.502261995421559 -0.484525325547828 -0.497073844815614 -0.451985391718267 -0.37344799737809 -0.313677241074625 -0.306277128179154 -0.310405368429907 -0.276806801378735 -0.197021081464992 -0.0854377910632991 -0.00705140940182281 -0.0089104547873251 -0.0156747049873987 0.0785932473651561
-1.00927938653328 -0.974321718078873 -0.939364049596276 -0.904406381008213 -0.869448712189308 -0.834491043014272 -0.799533373406282 -0.764575703340756 -0.729618032953609 -0.694660362405738 -0.659702691797465 -0.624745021213969 -0.589787350736371 -0.554829680429548 -0.519872010358792 -0.4849143406073 -0.449956671242214 -0.414999002248542 -0.380041333592119 -0.345083665244202 -0.310125997177402 -0.275168329342601 -0.24021066160375 -0.205252993842309 -0.170295326096706 -0.13533765842132 -0.100379990777367 -0.0654223231106452 -0.0304646553984474 0.00449301237405891
-1.03176765705048 -0.993826413272045 -0.955885169535996 -0.917943925871777 -0.880002682307441 -0.842061438886191 -0.804120195713213 -0.766178952926262 -0.728237710731369 -0.690296469318394 -0.652355228744249 -0.614413989032608 -0.576472750186691 -0.538531512127914 -0.500590274770002 -0.462649038077718 -0.424707802042224 -0.386766566709226 -0.34882533215223 -0.310884098501394 -0.272942865901037 -0.235001634451307 -0.19706040407566 -0.159119174628167 -0.121177945862037 -0.0832367175391802 -0.0452954895571727 -0.00735426184773698 0.0305869656564782 0.0685281930225926
-1.01326397690557 -0.978954420780189 -0.944644864646962 -0.910335308428731 -0.87602575201758 -0.841716195316874 -0.807406638305878 -0.773097080972343 -0.738787523262074 -0.704477965121092 -0.670168406538224 -0.635858847513 -0.601549288061229 -0.567239728263848 -0.532930168225157 -0.498620608077788 -0.464311047925935 -0.430001487731684 -0.395691927441685 -0.361382367082942 -0.327072806702549 -0.292763246361973 -0.258453686180164 -0.224144126256568 -0.189834566555118 -0.155525007000636 -0.121215447497 -0.0869058879596579 -0.0525963283712641 -0.0182867687312753
-0.992634741300296 -0.960066932161801 -0.927472346667471 -0.894833879697227 -0.862090055717319 -0.829167702098324 -0.795991228241809 -0.762503487703379 -0.728723528623792 -0.69467269625876 -0.660305329738652 -0.625559016662501 -0.590367264418837 -0.554647259554187 -0.518333613006885 -0.481446954124516 -0.444037592854908 -0.406188543137612 -0.367986080557286 -0.32949682328727 -0.290782475148079 -0.251890612601481 -0.212812302674281 -0.173523270272977 -0.133994381257836 -0.0942091161146116 -0.0542062728772584 -0.0140397135124573 0.0262317618304011 0.0665481184562482
-0.998182446814767 -0.964658749988959 -0.931135053153476 -0.897611356274898 -0.864087659335659 -0.830563962317727 -0.797040265185327 -0.763516567882911 -0.729992870293559 -0.696469172322123 -0.662945474021923 -0.629421775483392 -0.595898076793546 -0.562374378025718 -0.528850679235428 -0.495326980420597 -0.461803281556208 -0.428279582583073 -0.394755883448426 -0.361232184159372 -0.327708484737981 -0.294184785204657 -0.260661085573137 -0.227137385866609 -0.193613686152731 -0.160089986504118 -0.126566286968752 -0.0930425875744855 -0.0595188882932831 -0.0259951890831394
-0.915015878421759 -0.893447273422032 -0.871566880580253 -0.849005988743556 -0.825170518468627 -0.799518011596557 -0.77193786339652 -0.742449248076226 -0.711158602169469 -0.67821136697072 -0.643821740491089 -0.608221109920845 -0.571636488108943 -0.534277390539087 -0.496332365495932 -0.457923589833196 -0.419111983890374 -0.379779813380992 -0.339873978679679 -0.299778573431428 -0.259986989598824 -0.220959580483774 -0.183024544745473 -0.146461411018893 -0.111487182484835 -0.0783156377007583 -0.047210182184936 -0.0182818104525486 0.00901775395439882 0.0354016052371956
-1.04510242790828 -1.00834421992844 -0.971586011833232 -0.934827803468597 -0.898069594697468 -0.861311385400596 -0.824553175513022 -0.787794964974278 -0.751036753687575 -0.714278541578124 -0.677520328695485 -0.640762115120301 -0.604003900939327 -0.567245686263765 -0.530487471211278 -0.493729255900908 -0.456971040438224 -0.420212824873509 -0.383454609247453 -0.346696393617671 -0.309938178046008 -0.273179962584867 -0.236421747248877 -0.199663532053162 -0.162905317052598 -0.126147102279391 -0.0893888876353405 -0.0526306730109496 -0.0158724583819393 0.0208857562546639
-1.06032503044831 -0.99936013328918 -0.940368867598433 -0.88741106952176 -0.842764048965336 -0.806905799055242 -0.774899572036706 -0.741122966773573 -0.702625709485022 -0.657958336007566 -0.609002493291729 -0.558472606066538 -0.509233199124754 -0.464749197514066 -0.428479964152579 -0.403262213185122 -0.389936160401774 -0.381978676946879 -0.371594426195007 -0.353262585087353 -0.322030958956768 -0.274988512230445 -0.21738884571293 -0.157507971782274 -0.107546912733165 -0.0764058872337612 -0.0558568895294467 -0.0352796256356771 -0.0116128730709664 0.0163148227704071
-0.934174670401911 -0.917094375741643 -0.899968969216557 -0.882161963832691 -0.862594815212345 -0.840328329056759 -0.815422768766671 -0.788189544583651 -0.758945196413086 -0.727949838350385 -0.695232751587224 -0.660765509089346 -0.62458427556518 -0.586983582693907 -0.54845528267331 -0.510022142804825 -0.472693180703147 -0.436891500132355 -0.402754351378888 -0.369861484669264 -0.337653275215014 -0.305444060378244 -0.272044026123337 -0.236346527804755 -0.198081749735001 -0.157246120398554 -0.114064216009784 -0.0689341843710265 -0.0227203119066023 0.0235965803036708
-0.997749029117291 -0.962753876511177 -0.927758723917466 -0.892763571342682 -0.857768418764111 -0.8227732661185 -0.787778113209691 -0.752782959818968 -0.717787805770305 -0.682792650939355 -0.647797495365817 -0.612802339130398 -0.577807182313972 -0.542812024998084 -0.507816867265884 -0.472821709206271 -0.437826550911081 -0.402831392478156 -0.367836233995527 -0.332841075505984 -0.297845917041006 -0.262850758611386 -0.227855600145168 -0.192860441563237 -0.157865282840562 -0.122870123972394 -0.0878749649810062 -0.0528798058978305 -0.0178846467638978 0.0171105123773609
-0.958618556536771 -0.924955969145931 -0.891293381907454 -0.857630794976466 -0.82396820844864 -0.79030562237743 -0.756643036706893 -0.722980451335801 -0.689317866091198 -0.655655280793535 -0.621992695308606 -0.588330109513545 -0.554667523296415 -0.521004936589012 -0.487342349348296 -0.453679761588149 -0.420017173339612 -0.386354584645428 -0.352691995584914 -0.319029406371977 -0.285366817254169 -0.25170422845233 -0.218041640080433 -0.184379052193227 -0.150716464715433 -0.117053877550594 -0.0833912906475867 -0.0497287039580961 -0.0160661173997234 0.017596469118452
-0.998246470780296 -0.962735732229137 -0.927224993671432 -0.891714255090745 -0.856203516435558 -0.820692777649959 -0.785182038695563 -0.749671299541017 -0.714160560165572 -0.678649820546934 -0.643139080645995 -0.607628340419452 -0.572117599838634 -0.536606858933421 -0.50109611777718 -0.465585376558665 -0.430074635500889 -0.394563894848502 -0.359053154795105 -0.323542415308467 -0.2880316762999 -0.252520937673141 -0.217010199301623 -0.181499461062532 -0.145988722878357 -0.110477984703398 -0.0749672465739081 -0.0394565085332139 -0.00394577057098744 0.0315649673365132
-0.977109535092765 -0.94448019528424 -0.911850855543471 -0.879221515937837 -0.846592176466292 -0.813962837101375 -0.78133349777837 -0.748704158432018 -0.716074819032152 -0.683445479535945 -0.650816139814858 -0.618186799718922 -0.585557459098852 -0.552928117808102 -0.520298775730379 -0.487669432867653 -0.455040089260696 -0.422410744987198 -0.389781400123856 -0.35715205470646 -0.324522708760575 -0.291893362311744 -0.259264015385427 -0.22663466800687 -0.194005320200572 -0.161375971998785 -0.12874662346555 -0.0961172746718063 -0.0634879256843283 -0.0308585765688461
-0.983582805110197 -0.94975418159499 -0.915925557933558 -0.882096933986446 -0.848268309621692 -0.814439684749796 -0.780611059443589 -0.746782433829129 -0.712953808083046 -0.679125182381766 -0.645296556850328 -0.611467931600923 -0.577639306709066 -0.543810682103567 -0.509982057676291 -0.476153433318037 -0.442324808929496 -0.408496184451989 -0.374667559829591 -0.34083893497676 -0.307010309800547 -0.273181684224747 -0.239353058240134 -0.205524431861278 -0.171695805130975 -0.137867178113826 -0.104038550933432 -0.0702099237137098 -0.0363812965208423 -0.00255266940657837
-1.03706144961904 -0.993684681632475 -0.950408906389207 -0.907309812846641 -0.864436242291201 -0.821867095273362 -0.77982835707076 -0.738596040277783 -0.698499182028658 -0.659822520986304 -0.622620577388582 -0.586890316867089 -0.552603101599614 -0.519627879948725 -0.487809927761973 -0.457002244642071 -0.42706178991294 -0.39785363802817 -0.369247931120547 -0.341126966909991 -0.3133760820132 -0.285921961685433 -0.258856685736172 -0.232290574809972 -0.206241518337437 -0.180675167469972 -0.155440651456143 -0.130374301484087 -0.105377778403056 -0.0803690754775809
-1.01860498389946 -0.983228928556476 -0.94785287325214 -0.912476818027529 -0.877100762943787 -0.841724708053658 -0.806348653356198 -0.770972598823054 -0.73559654436992 -0.70022048991821 -0.664844435468173 -0.629468381039768 -0.59409232666632 -0.558716272434616 -0.523340218437112 -0.487964164735479 -0.452588111386538 -0.417212058458513 -0.381836005989152 -0.346459953882904 -0.311083902010891 -0.275707850245132 -0.240331798461224 -0.204955746560502 -0.169579694543679 -0.134203642425279 -0.0988275901756955 -0.0634515377669253 -0.0280754852215119 0.00730056742536487
-0.942034685124313 -0.908772564681845 -0.875510444218258 -0.842248323695525 -0.808986203054017 -0.775724082233682 -0.742461961194401 -0.709199839884474 -0.675937718185961 -0.642675595953015 -0.609413472994412 -0.576151349107582 -0.54288922414761 -0.509627098200197 -0.476364971403171 -0.443102843872238 -0.40984071569419 -0.376578586862259 -0.34331645736974 -0.310054327303722 -0.276792196774741 -0.243530065902345 -0.210267934842122 -0.177005803726457 -0.143743672558882 -0.11048154131909 -0.0772194100202875 -0.0439572786827048 -0.0106951473211682 0.0225669840508476
0.986504021234797 0.951890976630607 0.917277932120885 0.882664887787688 0.84805184365991 0.813438799744834 0.778825756016466 0.744212712456764 0.709599669112768 0.674986626046871 0.640373583317817 0.60576054098343 0.571147499081524 0.536534457569855 0.501921416395999 0.467308375546856 0.43269533501464 0.398082294773467 0.363469254785722 0.328856214984938 0.294243175297437 0.259630135672276 0.225017096149462 0.190404056775429 0.155791017531384 0.121177978389066 0.0865649393475612 0.0519519004077181 0.0173388615500754 -0.0172741772499054
-0.949096984581298 -0.91551680172544 -0.881936618831941 -0.848356435851016 -0.814776252790759 -0.781196069689333 -0.747615886647274 -0.714035703743166 -0.680455520905414 -0.646875338034633 -0.613295155070458 -0.579714971962279 -0.546134788700965 -0.512554605443307 -0.478974422354828 -0.445394239470073 -0.411814056780196 -0.378233874233771 -0.344653691788115 -0.31107350947811 -0.277493327358024 -0.24391314545624 -0.210332963697593 -0.176752781990762 -0.143172600283344 -0.109592418534467 -0.0760122367104693 -0.0424320547893226 -0.00885187278833933 0.0247283092653339
0.978978493535688 0.945256231827242 0.911533970078702 0.877811708237309 0.84408944619886 0.810367183872941 0.776644921275735 0.742922658473662 0.709200395627473 0.675478132899254 0.641755870362071 0.60803360806674 0.574311346036378 0.540589084183324 0.506866822398797 0.473144560600337 0.439422298708773 0.405700036631782 0.371977774301178 0.338255511758478 0.304533249072626 0.270810986300145 0.237088723447887 0.203366460506395 0.169644197450652 0.135921934260114 0.102199670947696 0.0684774075376869 0.0347551440664099 0.0010328805731963
-0.927536071049881 -0.92591558892481 -0.921411961308663 -0.910156970677399 -0.890887634351718 -0.863548057003566 -0.830305457865129 -0.793020404430648 -0.750103742682354 -0.700298849171199 -0.647128944235032 -0.595312209158429 -0.549413133165303 -0.513381437236925 -0.48917164938221 -0.471372293963288 -0.45309103176982 -0.428878072948352 -0.394835447913145 -0.351829918792413 -0.301919430642857 -0.247654739800202 -0.193557847716264 -0.144165030394291 -0.102098416927148 -0.0695669249867411 -0.0490407734714984 -0.0415704909056619 -0.042266543090197 -0.0447543801452502
1.05307026082846 1.01743091440776 0.981791567904056 0.946152221202944 0.910512874143888 0.874873526579785 0.839234178463408 0.803594829774975 0.767955480504603 0.732316130638774 0.696676780139532 0.661037428962809 0.625398077074827 0.589758724482963 0.554119371207719 0.518480017280958 0.482840662740027 0.447201307632862 0.41156195199529 0.375922595804142 0.340283239021496 0.30464388165358 0.269004523883224 0.233365165916397 0.197725807875038 0.162086449852864 0.12644709191475 0.0908077340986713 0.0551683763638465 0.0195290186498057
-0.993926258787575 -0.960059288078087 -0.926192317323459 -0.892325346414069 -0.858458375185759 -0.824591403471403 -0.790724431146556 -0.756857458119353 -0.722990484385565 -0.689123509959269 -0.655256534840129 -0.621389559024205 -0.587522582518906 -0.553655605377043 -0.519788627660394 -0.485921649421224 -0.452054670729064 -0.418187691732044 -0.384320712610742 -0.350453733596951 -0.316586754935268 -0.282719776845507 -0.248852799448363 -0.214985822826166 -0.181118847006896 -0.147251871980156 -0.113384897636386 -0.0795179238310681 -0.0456509503790153 -0.0117839770848743
0.952775780084362 0.919763784340977 0.886751788625893 0.853739792972433 0.820727797416243 0.787715801979374 0.754703806627153 0.721691811274888 0.688679815694513 0.655667819637741 0.622655822918755 0.589643825367357 0.556631826834617 0.523619827256685 0.490607826609379 0.457595824942107 0.424583822332939 0.391571818901007 0.358559814787925 0.325547810184177 0.292535805292465 0.259523800283746 0.226511795201993 0.193499790035544 0.160487784677163 0.127475779028754 0.0944637731243355 0.0614517670320455 0.0284397608243869 -0.00457224542504672
-0.976156284390935 -0.941396315459355 -0.906636346518414 -0.871876377524914 -0.837116408471198 -0.802356439356639 -0.767596470173195 -0.732836500911247 -0.698076531562289 -0.663316562096339 -0.628556592396403 -0.593796622323731 -0.559036651745645 -0.524276680553738 -0.489516708661942 -0.454756736049257 -0.41999676272442 -0.385236788750023 -0.350476814197025 -0.315716839115974 -0.280956863552316 -0.24619688753997 -0.211436911066744 -0.176676934130814 -0.141916956817931 -0.107156979226462 -0.0723970014176637 -0.0376370234439434 -0.00287704535941529 0.0318829327813791
-1.0010721673329 -0.965383465281028 -0.929694763190412 -0.894006060984059 -0.858317358552283 -0.822628655764955 -0.786939952442847 -0.751251248395979 -0.715562543440436 -0.679873837421036 -0.64418513029146 -0.6084964220326 -0.572807712641998 -0.537119002183786 -0.501430290729618 -0.46574157831465 -0.430052864954166 -0.394364150620461 -0.358675435294113 -0.322986719031847 -0.287298001909419 -0.251609284003504 -0.215920565394437 -0.180231846158416 -0.144543126351413 -0.108854406021108 -0.0731656852022123 -0.0374769639486922 -0.0017882424044923 0.0339004792639482
-1.03037757813537 -0.992358525953523 -0.954386140879029 -0.916468567404588 -0.878493380960049 -0.840357815402708 -0.802118307362504 -0.763863032579595 -0.725647920462367 -0.687543678591707 -0.649712373570294 -0.612338911756256 -0.575588109594089 -0.539544423873763 -0.50427049803724 -0.469822081788978 -0.436237973739563 -0.403496061861612 -0.371565941573034 -0.340444948710893 -0.310137354217038 -0.280644638826416 -0.251957122446358 -0.224025147189061 -0.19665030481379 -0.169614687013187 -0.14277113556634 -0.116009107599324 -0.0892937715397255 -0.0626092236405125
-1.02920375871663 -0.993117120501907 -0.957030482354231 -0.920943844372093 -0.884857206741678 -0.8487705696386 -0.812683933108492 -0.776597297144703 -0.740510661661437 -0.704424026572967 -0.668337391872995 -0.632250757575081 -0.596164123659103 -0.560077489970219 -0.523990856328018 -0.487904222584555 -0.451817588588964 -0.415730954146236 -0.37964431906807 -0.343557683237126 -0.307471046553802 -0.271384408953116 -0.235297770508548 -0.199211131333052 -0.163124491559002 -0.127037851320963 -0.0909512107428256 -0.0548645699340089 -0.0187779289567063 0.0173087121386949
-0.990278009404923 -0.955994683049971 -0.921711356653159 -0.887428030169186 -0.85314470354925 -0.818861376752477 -0.784578049773197 -0.750294722621011 -0.716011395331419 -0.681728067921918 -0.647444740312119 -0.613161412397162 -0.578878084065974 -0.544594755182644 -0.510311425641267 -0.476028095480806 -0.441744764792412 -0.4074614337311 -0.373178102465583 -0.338894771155474 -0.304611439958113 -0.270328109011342 -0.236044778375009 -0.201761448097849 -0.167478118262144 -0.133194788917503 -0.0989114599493179 -0.0646281312143575 -0.0303448026191133 0.00393852591749206
-1.01670514401717 -0.975713164674404 -0.934794210460927 -0.894032756862694 -0.853550328243999 -0.813467405915506 -0.773863250095034 -0.734792530770753 -0.696252778105093 -0.658223475107016 -0.62066905599736 -0.58355019279993 -0.546838115556099 -0.510546286377509 -0.474703576001177 -0.439358257595346 -0.404591038580684 -0.370592960956305 -0.337537512205548 -0.305417627170192 -0.274181102531624 -0.243758593190577 -0.214012186925152 -0.184781214538427 -0.155882546056008 -0.127151119765991 -0.0985166077839134 -0.0699360508535298 -0.0413812304040437 -0.0128276130360196
1.02777126113952 0.992025544314012 0.956279827406878 0.920534110358228 0.884788393112832 0.849042675614004 0.813296957794569 0.777551239573683 0.741805520826304 0.706059801434957 0.670314081356607 0.634568360566832 0.598822639078914 0.563076917056949 0.527331194694281 0.491585472150445 0.455839749549407 0.420094026906675 0.384348304204455 0.348602581400198 0.312856858445165 0.277111135306552 0.241365412015296 0.205619688613565 0.169873965124719 0.134128241572751 0.0983825180030064 0.0626367944568773 0.0268910709385905 -0.00885465255691803
-1.04286738558306 -1.00619614759736 -0.969524909365559 -0.932853670664303 -0.896182431484503 -0.859511191899292 -0.822839952096409 -0.786168712268173 -0.749497472510613 -0.712826232898884 -0.676154993520912 -0.639483754467822 -0.602812515856305 -0.566141277905335 -0.529470040832023 -0.492798804743743 -0.456127569736739 -0.419456335972469 -0.38278510358506 -0.346113872534102 -0.30944264273555 -0.272771414087903 -0.236100186419829 -0.19942895956193 -0.16275773342237 -0.126086507924493 -0.0894152829748045 -0.0527440584640738 -0.0160728342369562 0.0205983898734207
-0.975356748291365 -0.962178595190567 -0.942992490304671 -0.91619572261546 -0.884117430980383 -0.849314843917253 -0.811325698709692 -0.770348148650084 -0.732241502300053 -0.701923374686056 -0.674883451424625 -0.644254435779813 -0.604390049993386 -0.554528092217976 -0.496658816891359 -0.438898227681043 -0.389555581187982 -0.351587396517199 -0.32542829121103 -0.306778014057002 -0.290152596653942 -0.270323585857117 -0.243084589547562 -0.206619229975675 -0.167649125843541 -0.134075483048635 -0.10997985981832 -0.0975451447237207 -0.09517919538113 -0.100346111668131
-0.985051280416729 -0.947225905235638 -0.909425174737236 -0.871650832046078 -0.833843890666688 -0.795941565023377 -0.757926602839613 -0.719832453158785 -0.681849837004791 -0.644194437201604 -0.607024511793007 -0.570483962627733 -0.534703623873101 -0.499762058970778 -0.465705120560076 -0.432500088796546 -0.400088843420651 -0.368390234996286 -0.337315765777356 -0.306770573954392 -0.276658206702078 -0.246880502363388 -0.217332463954444 -0.187905670125199 -0.158484837387788 -0.128973471396727 -0.099357096513901 -0.0696476571448182 -0.0398807591621201 -0.0100979238052318
-0.970068701361337 -0.937561032861231 -0.905053364358757 -0.872545695847963 -0.840038027345052 -0.807530358870931 -0.775022690443173 -0.742515022052172 -0.710007353582934 -0.677499684921019 -0.644992016059568 -0.612484347018623 -0.57997667783862 -0.547469008641574 -0.514961339592035 -0.482453670943094 -0.449946002956437 -0.417438335839587 -0.384930669755584 -0.352423004743729 -0.319915340812384 -0.287407677940423 -0.254900015988777 -0.222392354779661 -0.189884694098392 -0.157377033745985 -0.124869373623161 -0.0923617136578464 -0.0598540537870857 -0.0273463939502013
-1.03117254734534 -0.994684763708051 -0.958196980170737 -0.921709196827039 -0.885221413745393 -0.848733630975467 -0.812245848517056 -0.775758066346507 -0.739270284396244 -0.702782502589824 -0.666294720859268 -0.629806939138715 -0.593319157357671 -0.556831375427115 -0.520343593284859 -0.483855810994581 -0.447368028621132 -0.410880246108201 -0.374392463370337 -0.337904680326712 -0.301416896897654 -0.264929113017555 -0.228441328677076 -0.191953543896477 -0.155465758758159 -0.118977973377568 -0.0824901879402027 -0.0460024026100404 -0.00951461739490381 0.0269731677364219
1.02354852927055 0.987572996145533 0.95159746297726 0.915621929734059 0.879646396402184 0.843670862959148 0.807695329329577 0.771719795418086 0.735744261102129 0.699768726271988 0.663793190896421 0.627817654963806 0.591842118485055 0.555866581561217 0.519891044293751 0.483915506695621 0.447939968744978 0.411964430369215 0.375988891490866 0.340013352063787 0.30403781204967 0.268062271430251 0.232086730267458 0.196111188636904 0.160135646588756 0.124160104192372 0.0881845616193319 0.0522090190320456 0.0162334764540304 -0.0197420661259203
-0.99224635013526 -0.957341906165606 -0.922437462207158 -0.887533018266255 -0.852628574184707 -0.817724129733252 -0.782819684562866 -0.747915238342844 -0.713010790935532 -0.678106342257314 -0.643201892247701 -0.608297440851978 -0.573392988001172 -0.538488533569257 -0.503584077469066 -0.46867961982592 -0.433775160822511 -0.398870700658511 -0.36396623955143 -0.329061777773132 -0.294157315609072 -0.259252853304261 -0.224348390941931 -0.189443928557931 -0.154539466160349 -0.119635003765361 -0.0847305414492526 -0.0498260792773695 -0.0149216172111988 0.0199828448137381
-1.04683660062508 -0.993390373386988 -0.940839475718112 -0.890116943559134 -0.840591643389874 -0.791911423508762 -0.746404228949523 -0.706726355348246 -0.674167404015166 -0.648813071293952 -0.627300127987856 -0.605403113515026 -0.579713744703027 -0.55009244801709 -0.517185172422949 -0.481511247250693 -0.443546978683079 -0.403723199949182 -0.362683839273053 -0.321970677812326 -0.283349959958028 -0.248225202175341 -0.216549009226062 -0.188000304212154 -0.162614195299627 -0.140409682686347 -0.120985149633553 -0.103775093605051 -0.087979085811545 -0.0727379659004619
-1.01156086579725 -0.976102135604362 -0.940643405449478 -0.905184675429038 -0.869725945666728 -0.834267216273281 -0.798808487280391 -0.76334975867925 -0.727891030378101 -0.692432302262594 -0.656973574210971 -0.621514846099618 -0.586056117812843 -0.550597389266624 -0.515138660378276 -0.479679931038777 -0.444221201145679 -0.408762470649181 -0.373303739535071 -0.337845007878867 -0.302386275778517 -0.266927543349064 -0.231468810773923 -0.196010078232593 -0.160551345820545 -0.12509261359003 -0.0896338815044468 -0.0541751495102759 -0.0187164175751669 0.0167423143279378
0.971775077881352 0.945744483539372 0.91822153122625 0.888013869915634 0.854973334403722 0.819679559192709 0.784579191786256 0.752016284746991 0.722057497871966 0.694288885459195 0.668651472576128 0.645175026982567 0.623371829542075 0.600684213533244 0.574414169622566 0.543372265613113 0.507115303712527 0.466676446610151 0.423320258264721 0.377760547230826 0.330573433212019 0.282405920819021 0.234188554291216 0.186859736235259 0.141105763098205 0.0975657581559848 0.056942258159626 0.0196304496163657 -0.015267295416819 -0.0489718084955158
-0.992404585542832 -0.958405348799067 -0.924406111995105 -0.890406875000265 -0.856407637504018 -0.822408399159911 -0.78840915965763 -0.754409918718267 -0.720410676152391 -0.686411431818113 -0.652412185674238 -0.618412937704744 -0.584413687859661 -0.550414435953234 -0.516415181832402 -0.48241592561066 -0.448416667484863 -0.414417407718726 -0.380418146609837 -0.346418884524412 -0.312419621845821 -0.278420358923642 -0.244421095972267 -0.210421833131921 -0.176422570381327 -0.142423307663071 -0.108424044936693 -0.0744247821730799 -0.0404255193715403 -0.00642625653848763
-0.953158802964888 -0.92158258166588 -0.890006360285599 -0.85843013880977 -0.826853917243258 -0.795277695580766 -0.763701473757188 -0.732125251705635 -0.700549029411888 -0.668972806894171 -0.637396584247805 -0.605820361587383 -0.57424413903624 -0.542667916752671 -0.511091694905346 -0.479515473669485 -0.447939253203569 -0.416363033592554 -0.384786814890787 -0.353210597103671 -0.321634380224375 -0.290058164239109 -0.258481949106246 -0.226905734755364 -0.195329521028692 -0.163753307754471 -0.132177094792315 -0.100600882023273 -0.0690246693827383 -0.0374484568196918
-0.995162429941015 -0.961676968616229 -0.928191507291339 -0.894706045968419 -0.861220584585595 -0.827735123081667 -0.794249661462066 -0.760764199733587 -0.727278737841834 -0.693793275713553 -0.660307813261253 -0.626822350393879 -0.593336887037454 -0.559851423186293 -0.526365958863386 -0.492880494138118 -0.459395029116776 -0.42590956400684 -0.392424099021903 -0.358938634298798 -0.325453169955175 -0.291967706093156 -0.258482242752774 -0.224996779929421 -0.191511317502025 -0.158025855327182 -0.124540393288624 -0.0910549312931213 -0.0575694693124621 -0.0240840073346878
-1.05595628844527 -1.01772989860285 -0.97950350889592 -0.941277119436722 -0.903050730285562 -0.864824341491054 -0.826597953106959 -0.788371565212315 -0.750145177982108 -0.711918791600477 -0.673692406192228 -0.635466021867337 -0.597239638698605 -0.559013256610151 -0.520786875504796 -0.482560495348861 -0.444334116087478 -0.40610773751752 -0.367881359408691 -0.329654981570283 -0.291428603821484 -0.253202225972894 -0.214975847800752 -0.17674946909204 -0.138523089711073 -0.100296709599746 -0.0620703289329532 -0.0238439479279482 0.0143824332615701 0.0526088144977924
-0.970456668914369 -0.936997983477103 -0.903539298067756 -0.870080612669436 -0.836621927239722 -0.803163241731688 -0.769704556105923 -0.736245870348117 -0.702787184536839 -0.669328498749496 -0.635869812965958 -0.602411127141712 -0.568952441232453 -0.535493755194698 -0.502035068976519 -0.468576382491383 -0.435117695654957 -0.401659008426317 -0.368200320793919 -0.334741632820311 -0.301282944586565 -0.2678242561622 -0.23436556757053 -0.20090687881824 -0.167448189891706 -0.133989500774245 -0.100530811457235 -0.0670721219502133 -0.0336134323272852 -0.000154742678698201
-1.10898515373473 -1.06882165660526 -1.02867212401409 -0.988560846122245 -0.948527347026033 -0.908610376157399 -0.868830350355625 -0.829200620223868 -0.789724604013458 -0.750404538393954 -0.711247866059653 -0.672263331211039 -0.633454111795718 -0.594801120749786 -0.556280125201743 -0.517868574061212 -0.479542455724015 -0.441270234749636 -0.40302327901249 -0.36479209348304 -0.326571967405764 -0.288359631239449 -0.250157580300111 -0.211968924953908 -0.173793470910311 -0.135629844262701 -0.0974752572967685 -0.059326587725292 -0.0211807887770822 0.0169651674400422
-1.01920861826082 -0.984739702239732 -0.950263775990334 -0.915773415711955 -0.881265795837485 -0.846741259862184 -0.812208229297226 -0.777674363065063 -0.743136191717323 -0.708585840299853 -0.674008940206182 -0.639389499416761 -0.604710152721972 -0.569948042151925 -0.535083043584909 -0.500111461052212 -0.465034239930028 -0.429854462821183 -0.394571854713894 -0.359170572911308 -0.323630882795307 -0.287936721411075 -0.252086712457007 -0.216083911311751 -0.179934413421768 -0.143649071923252 -0.10725473064353 -0.0707820359687299 -0.0342608538290396 0.0022791449593359
1.04293040494019 1.00711808296323 0.971305760922246 0.935493438715812 0.899681116222566 0.863868793346269 0.828056470111168 0.792244146577351 0.756431822827768 0.720619498919337 0.68480717478198 0.648994850313875 0.613182525414253 0.577370199986572 0.541557873939878 0.505745547201341 0.469933219706845 0.434120891408996 0.398308562274608 0.362496232310586 0.32668390153386 0.290871569981509 0.255059237771217 0.21924690504877 0.183434571991752 0.147622238761704 0.111809905424188 0.0759975720177528 0.0401852385688503 0.00437290510091165
-1.02095996217935 -0.984680045157696 -0.948400128064103 -0.912120210819955 -0.87584029342779 -0.839560375925811 -0.803280458413727 -0.767000541016926 -0.730720623902022 -0.694440707215231 -0.658160790979957 -0.6218808751889 -0.585600959807163 -0.549321044689442 -0.513041129647082 -0.476761214428407 -0.440481298769262 -0.404201382418585 -0.367921465149622 -0.331641546819758 -0.295361627307408 -0.259081706513917 -0.222801784432333 -0.1865218610972 -0.150241936617336 -0.11396201114043 -0.0776820848953897 -0.0414021581253774 -0.00512223104935603 0.0311576961197615
-0.99668725646084 -0.963957061242803 -0.931208666944407 -0.898412307607094 -0.865546898044288 -0.832594390722091 -0.799540207945335 -0.766368346366242 -0.733053630187869 -0.699569625970313 -0.665894042150994 -0.63200562263666 -0.597880695408277 -0.563485924743673 -0.528789092262379 -0.493772112653892 -0.458427597935967 -0.422776816369435 -0.386847870541105 -0.350667544098632 -0.314262290954879 -0.27765951050952 -0.240890384109472 -0.203985500205833 -0.16696929371918 -0.129867661760532 -0.0927185037331857 -0.0555562222233931 -0.0183892302569428 0.0187805565304923
-1.00478737696244 -0.9701331625065 -0.935478948105336 -0.9008247338024 -0.866170519582959 -0.831516305452415 -0.796862091554909 -0.762207878055626 -0.727553665065187 -0.692899452678622 -0.658245240983162 -0.623591030064085 -0.58893681998576 -0.554282610728903 -0.51962840221607 -0.484974194220811 -0.450319986520551 -0.415665779057209 -0.381011571834627 -0.346357364939834 -0.311703158480659 -0.277048952543799 -0.242394747131421 -0.207740542229546 -0.173086337844145 -0.138432133977732 -0.103777930599054 -0.0691237276512653 -0.0344695250089279 0.000184677470544235
-1.03178027009872 -0.967258423149712 -0.903329057062108 -0.841790672474547 -0.787511657531348 -0.744905956702157 -0.713499852252234 -0.691181359003967 -0.674173084212641 -0.658507920876371 -0.641125312531715 -0.619191340349838 -0.590636971431329 -0.556452716594467 -0.518449182354011 -0.478657814292933 -0.438678735401537 -0.39816593923122 -0.356607961103112 -0.314777632856173 -0.273768860458818 -0.234881410183103 -0.20023848951564 -0.171706617980266 -0.149302122035176 -0.132651667330255 -0.121673469347795 -0.116140297574075 -0.114951587678915 -0.116788441878022
-0.97472755904671 -0.940734120244224 -0.906740681417889 -0.872747242472893 -0.838753803067518 -0.804760362807285 -0.770766921333576 -0.736773478345684 -0.702780033738673 -0.668786587470452 -0.634793139554549 -0.60079969001839 -0.566806238891245 -0.532812786209742 -0.498819332040393 -0.464825876561882 -0.430832419980706 -0.39683896250244 -0.362845504335416 -0.328852045699906 -0.294858586819169 -0.260865127896114 -0.226871669052247 -0.192878210375504 -0.158884751900934 -0.124891293661168 -0.0908978357320492 -0.0569043781646674 -0.0229109208678717 0.0110825362850477
-0.98018453905528 -0.947409346064271 -0.914627254873628 -0.881822072070272 -0.848982563639436 -0.816094764979964 -0.783128829746814 -0.750049784972385 -0.716818032942729 -0.683401004827265 -0.64979887207524 -0.616019991205855 -0.582074105947928 -0.547976508868727 -0.513737249831993 -0.479339859048906 -0.444759784430833 -0.40996666434247 -0.374934694577639 -0.339662110193357 -0.304153156062436 -0.268417897712444 -0.232489683289968 -0.196406814031573 -0.160204120914702 -0.123912885452502 -0.0875536615600401 -0.0511441177173817 -0.0147011082626526 0.0217587160015058
-1.01118524976368 -0.977039323910507 -0.942893398174889 -0.908747472695629 -0.87460154754953 -0.840455622795809 -0.806309698485364 -0.772163774680817 -0.738017851500019 -0.703871929052468 -0.669726007359035 -0.635580086418434 -0.601434166210809 -0.567288246642035 -0.53314232760813 -0.498996409039952 -0.464850490894158 -0.430704573195767 -0.396558655974806 -0.362412739213008 -0.328266822880026 -0.294120906949068 -0.259974991407541 -0.225829076225204 -0.191683161287019 -0.157537246463456 -0.123391331651832 -0.0892454167754189 -0.0550995018344751 -0.0209535868485031
-0.984567104949781 -0.951619800723202 -0.918672496476586 -0.885725192222892 -0.852777888019237 -0.819830583931333 -0.786883280015112 -0.753935976329553 -0.720988672955614 -0.688041369967894 -0.655094067393567 -0.62214676524795 -0.589199463534397 -0.556252162208412 -0.52330486120546 -0.490357560428719 -0.457410259794738 -0.424462959305867 -0.391515658981225 -0.358568358821218 -0.325621058821569 -0.292673758958472 -0.259726459129993 -0.226779159209227 -0.193831859047504 -0.16088455852919 -0.127937257692547 -0.0949899566167989 -0.0620426553911017 -0.0290953541070946
0.9621208126984 0.929415444546577 0.896710076387718 0.864004708260136 0.831299340259618 0.798593972507047 0.765888605166216 0.733183238391797 0.700477872259048 0.667772506813661 0.635067142062477 0.602361778002625 0.569656414644201 0.536951052049174 0.504245690260077 0.471540329189824 0.438834968717819 0.406129608719049 0.373424249060403 0.340718889580787 0.308013530112109 0.275308170529034 0.24260281087724 0.209897451245117 0.177192091720891 0.144486732370517 0.111781373171047 0.0790760140796814 0.0463706550631018 0.0136652960903629
-0.994499713396316 -0.961320029580642 -0.928341947119133 -0.895600449419006 -0.862755414775184 -0.829452137969735 -0.795652684845601 -0.761500798370486 -0.727550158950244 -0.694345709188826 -0.661987503044412 -0.63046437231374 -0.599733790401832 -0.569627797146843 -0.539937997165431 -0.510419687755128 -0.48075300827834 -0.450353773676088 -0.418657895267786 -0.385445994307797 -0.350584869534222 -0.313980102179617 -0.275692403454351 -0.235836519153085 -0.194588203429835 -0.152143829582473 -0.108721239124933 -0.0645443755573055 -0.0198401221082652 0.0251639030613704
-0.993241592711424 -0.995219429201578 -0.992193994974811 -0.980324231132968 -0.955629696000027 -0.915798642937479 -0.86533348823475 -0.809620579659471 -0.750767827964157 -0.690741981212249 -0.634223573726007 -0.586571586392397 -0.551876584285822 -0.529155469230427 -0.515181632165738 -0.502828083743049 -0.485109291930491 -0.459505934251767 -0.425438802904877 -0.385622939229434 -0.343596946850453 -0.302504903783583 -0.263912785607012 -0.227715539848445 -0.188702104271122 -0.142569586684583 -0.0937537848480394 -0.0478596935252572 -0.00643040554853371 0.0300064617327001
-1.06685240836331 -1.02942806951724 -0.992003730700013 -0.95457939197448 -0.917155053424733 -0.879730715130749 -0.842306377134814 -0.804882039456443 -0.767457702061733 -0.730033364916053 -0.692609028035276 -0.6551846914479 -0.617760355160587 -0.580336019092659 -0.542911683145032 -0.505487347232328 -0.468063011312582 -0.430638675503761 -0.393214339949728 -0.355790004737993 -0.318365669941973 -0.280941335611233 -0.243517001699914 -0.206092668126536 -0.168668334762552 -0.131244001473976 -0.0938196681521263 -0.0563953347212215 -0.0189710012117778 0.0184533323191152
-0.994882752100727 -0.929329897467515 -0.885988927158437 -0.892812487845865 -0.904629253411463 -0.873033137392789 -0.809802984741696 -0.740644409975151 -0.686785174456288 -0.662973015550088 -0.662513427782764 -0.673351344970834 -0.681540294760889 -0.665568180119806 -0.61023762211403 -0.533175738887998 -0.457745598576439 -0.397429572197252 -0.359801537491628 -0.338682096210754 -0.324453531108316 -0.310090265558989 -0.298935285421392 -0.289208272703008 -0.248267131522821 -0.153169073542194 -0.0506303184804969 0.00800869604006427 0.0225696688439593 0.00566483286732645
-0.997506953250685 -0.962375127212685 -0.927243301270859 -0.892111475531627 -0.856979650118052 -0.82184782513292 -0.786716000581249 -0.751584176449285 -0.716452352745955 -0.681320529452038 -0.646188706413056 -0.611056883440717 -0.575925060362275 -0.540793237067182 -0.505661413488135 -0.470529589668633 -0.435397765693396 -0.40026594170124 -0.365134117833516 -0.330002294187641 -0.294870470850045 -0.259738647898718 -0.22460682537789 -0.189475003307688 -0.154343181645605 -0.119211360312146 -0.0840795391425185 -0.0489477179787968 -0.0138158967758381 0.0213159244833057
-1.04529229286553 -1.0094000598022 -0.973507826765868 -0.937615593762108 -0.901723360734347 -0.865831127629326 -0.829938894469189 -0.794046661298524 -0.758154428176313 -0.722262195172139 -0.686369962383606 -0.650477729915321 -0.614585497880618 -0.578693266427736 -0.5428010357246 -0.506908805982979 -0.471016577377564 -0.435124349890904 -0.399232123455614 -0.363339897996712 -0.327447673437316 -0.291555449685065 -0.255663226585669 -0.21977100396156 -0.183878781603986 -0.147986559329503 -0.11209433708708 -0.0762021148589832 -0.0403098926282636 -0.00441767037816702
-0.979980846008461 -0.951090833199716 -0.922097445508575 -0.89289454670999 -0.863411690718338 -0.833598761469271 -0.803451272844115 -0.772982554871749 -0.742231572225588 -0.711234523859228 -0.679990911202458 -0.648491061304115 -0.616719208108363 -0.584635213140662 -0.552198698211408 -0.519392698689414 -0.486202857335938 -0.452601832923598 -0.418557295786518 -0.384029946493492 -0.348978743171984 -0.313364210645759 -0.277153140523787 -0.240340064642681 -0.2030242089644 -0.165320915859424 -0.127305299206967 -0.089046889139958 -0.0506331092974753 -0.0121558566951318
-1.02129112232911 -0.985964185759315 -0.950637249218754 -0.915310312728096 -0.879983376256826 -0.844656439785075 -0.809329503386747 -0.774002567168279 -0.73867563127247 -0.703348695827489 -0.668021760866621 -0.632694826399432 -0.597367892403751 -0.562040958730476 -0.526714025214827 -0.491387091756256 -0.456060158260368 -0.420733224593133 -0.385406290627138 -0.350079356301057 -0.314752421570086 -0.279425486417926 -0.244098550942294 -0.208771615252184 -0.173444679387705 -0.138117743373743 -0.102790807243191 -0.067463871031515 -0.0321369347764496 0.00319000148370158
0.969786995943778 0.938131430266531 0.906475864630778 0.874820299068825 0.843164733671275 0.811509168538848 0.779853603754427 0.748198039427351 0.716542475790615 0.68488691308723 0.653231351476594 0.621575791097203 0.589920232030092 0.558264674126453 0.526609117189331 0.494953561059026 0.463298005571223 0.43164245050589 0.39998689566171 0.368331340967938 0.336675786386478 0.305020231859106 0.273364677247105 0.241709122420257 0.210053567362844 0.178398012091174 0.146742456635179 0.115086901028092 0.0834313453027387 0.0517757894918399
-0.958832743198994 -0.926354670852486 -0.893876598400534 -0.86139852578008 -0.828920452971462 -0.796442379960007 -0.763964306707589 -0.731486233180244 -0.699008159384093 -0.666530085333611 -0.634052011036598 -0.601573936499181 -0.569095861727102 -0.536617786724538 -0.50413971150259 -0.471661636101597 -0.439183560565464 -0.406705484923095 -0.374227409192516 -0.341749333363231 -0.30927125741761 -0.276793181318766 -0.244315104952767 -0.211837028217862 -0.179358951138055 -0.146880873784952 -0.114402796294802 -0.0819247187937264 -0.0494466413026859 -0.0169685638163516
-0.998644103835791 -0.964445711103653 -0.930247318290411 -0.896048925319538 -0.861850532058062 -0.827652138354886 -0.793453744042837 -0.759255348939285 -0.725056952815848 -0.69085855546515 -0.656660156809615 -0.622461756804118 -0.588263355418524 -0.554064952682657 -0.519866548641591 -0.485668143341428 -0.451469736875146 -0.417271329522185 -0.383072921571828 -0.348874513166247 -0.314676104410841 -0.280477695387808 -0.246279286086559 -0.212080876491775 -0.177882466662006 -0.143684056691594 -0.10948564674419 -0.0752872369640634 -0.0410888273486465 -0.00689041785866428
-0.9926835078734 -0.956575204508246 -0.920550077509753 -0.884733645890224 -0.849530841888444 -0.815346511581853 -0.782305743176016 -0.750412152475585 -0.719463223553429 -0.689193176382843 -0.659289306270616 -0.629427177356908 -0.599314351487528 -0.568786381330861 -0.537699354926051 -0.505863510972684 -0.473097849625713 -0.439302266201119 -0.404416861054689 -0.368461659540387 -0.331476668261725 -0.293519695575646 -0.254719756852822 -0.215186966960685 -0.174884631739978 -0.133768546477156 -0.0919112732682291 -0.0494347296166373 -0.00654148784599608 0.0365457160150354
0.958899952980579 0.935351943186509 0.906931715442979 0.873057369570658 0.836138197746933 0.798609008072422 0.760015479983963 0.719516196239444 0.677610481544732 0.635134003359323 0.59292705820926 0.551831099887218 0.512867209033099 0.477774973675701 0.448241603908957 0.425026290698435 0.408208195996023 0.396074384827239 0.385652012622155 0.370720693355423 0.344248155637839 0.300956995365152 0.242589277572915 0.175073808921474 0.114066893430545 0.0734637542541347 0.0503877937240556 0.0384044290621431 0.0336189578725222 0.0327716478548907
-1.00295500689981 -0.967046128272408 -0.931137249597819 -0.895228370836144 -0.85931949201827 -0.823410613184455 -0.787501734341648 -0.751592855472383 -0.71568397649483 -0.679775097313968 -0.643866217846368 -0.6079573380115 -0.572048457744952 -0.536139577046791 -0.500230695956011 -0.46432181460284 -0.42841293313375 -0.392504051668966 -0.356595170300799 -0.320686289036171 -0.284777407860652 -0.24886852673957 -0.21295964555727 -0.177050764210711 -0.141141882728278 -0.105233001175948 -0.0693241196386456 -0.0334152381862259 0.00249364319067092 0.0384025245212089
-0.938215321642546 -0.906875978924218 -0.875536636120213 -0.844197293137261 -0.812857949936272 -0.781518606488108 -0.75017926274927 -0.718839918687451 -0.687500574329484 -0.656161229689867 -0.624821884674626 -0.593482539162665 -0.562143193040824 -0.530803846227674 -0.499464498676671 -0.468125150449095 -0.436785801615777 -0.405446452177939 -0.374107102133165 -0.342767751534082 -0.311428400447083 -0.280089048937433 -0.248749697065896 -0.217410344880743 -0.186070992384769 -0.154731639582306 -0.123392286529308 -0.0920529332947212 -0.0607135799478443 -0.0293742265580632
-1.0174382136395 -0.980831527425792 -0.944224841158923 -0.907618154843528 -0.871011468548558 -0.83440478235082 -0.797798096294221 -0.761191410412691 -0.724584724733151 -0.687978039279571 -0.651371354071143 -0.614764669125864 -0.578157984451794 -0.541551300017253 -0.504944615780379 -0.46833793169832 -0.431731247759664 -0.395124564079744 -0.358517880786964 -0.321911197935269 -0.285304515559992 -0.248697833658996 -0.212091152080286 -0.175484470661863 -0.138877789351583 -0.102271108122701 -0.0656644269402256 -0.0290577457735148 0.00754893538241435 0.0441556165261309
-0.964013918277732 -0.931063255354153 -0.898112592316158 -0.865161929075789 -0.832211265597916 -0.79926060187976 -0.76630993799514 -0.733359274018306 -0.700408609948646 -0.667457945786527 -0.634507281611096 -0.601556617521195 -0.568605953591655 -0.535655289801257 -0.502704626089361 -0.46975396233369 -0.436803298413339 -0.40385263427452 -0.370901969894067 -0.337951305304166 -0.305000640550843 -0.272049975691799 -0.239099310831427 -0.206148646071622 -0.173197981457602 -0.140247317018788 -0.107296652778099 -0.0743459887396648 -0.04139532483897 -0.0084446609943364
1.0067672842666 0.97401824755182 0.941269210785264 0.908520173911564 0.875771136933751 0.843022099877979 0.810273062804501 0.777524025781013 0.744774988870893 0.712025952137126 0.679276915645434 0.646527879462223 0.613778843636694 0.581029808149226 0.548280772950919 0.515531737944571 0.482782703040886 0.450033668230489 0.417284633525843 0.384535598946865 0.351786564515335 0.319037530235802 0.286288496043903 0.253539461870086 0.220790427692947 0.188041393514217 0.155292359380013 0.122543325330589 0.0897942913383687 0.0570452573588175
-0.961976226945447 -0.928493630208522 -0.895011033504723 -0.861528436850371 -0.828045840243118 -0.7945632436696 -0.76108064709105 -0.727598050496944 -0.694115454015126 -0.660632857777783 -0.627150261796097 -0.593667666050998 -0.560185070499712 -0.526702475004653 -0.493219879433738 -0.459737283771717 -0.426254688051113 -0.392772092378714 -0.359289496844256 -0.325806901395007 -0.292324305942619 -0.258841710413439 -0.225359114792599 -0.191876519091956 -0.158393923371492 -0.124911327691701 -0.0914287320670166 -0.0579461364980177 -0.0244635409759327 0.00901905451034776
-1.02215357565563 -0.986175762634778 -0.950197949566789 -0.91422013641818 -0.878242323202924 -0.842264509973579 -0.80628669688959 -0.770308884130089 -0.734331071846059 -0.69835326016988 -0.662375449187668 -0.626397638973973 -0.59041982957752 -0.554442020943729 -0.518464212987456 -0.482486405604621 -0.446508598702279 -0.410530792250987 -0.374552986219422 -0.33857518050527 -0.302597374988466 -0.266619569565578 -0.230641764199709 -0.194663958875446 -0.158686153596773 -0.122708348375965 -0.0867305432390549 -0.050752738206522 -0.0147749332628538 0.0212028716164597
-1.00755476517049 -0.970329444559004 -0.933122603328879 -0.895944646136127 -0.858812894546349 -0.821752659327847 -0.784814291150141 -0.748056913462648 -0.711549700933176 -0.675349100134401 -0.639450594040093 -0.60383442472429 -0.568475800320006 -0.533329793196139 -0.498355102524187 -0.463545070450165 -0.428902912451078 -0.394436694353377 -0.360154889873343 -0.326062753937117 -0.292164736773302 -0.258465665016343 -0.224971870924036 -0.191684490489141 -0.158582369020918 -0.125638234205347 -0.0928226339187905 -0.060106007809899 -0.0274605424260895 0.00514113896052887
-1.00194913407359 -0.965060898811444 -0.928194407019694 -0.891378169618218 -0.854608857772734 -0.817884372868118 -0.781239376920036 -0.744728152293586 -0.708446702120798 -0.672491251908021 -0.636917195891938 -0.601769720491819 -0.567079069692973 -0.532815717744876 -0.498933123274108 -0.465376452151483 -0.432125942781018 -0.399310416455276 -0.367089940603561 -0.335600984313593 -0.304974117087691 -0.275314422332684 -0.246625039073432 -0.218872492416914 -0.191978796180546 -0.165835045758984 -0.14025317414542 -0.115041054291773 -0.0900694813863621 -0.0652249811766037
-1.00176151953923 -0.988574944383881 -0.972168395483129 -0.948229717985969 -0.915702632348962 -0.874402794510565 -0.824377727029271 -0.767567845374738 -0.713253270041251 -0.670291441304677 -0.63850937354261 -0.615476474658069 -0.596921136852326 -0.57120768951964 -0.528572836424953 -0.474106841622925 -0.416371366804056 -0.362960103912457 -0.320011435101731 -0.288810473109821 -0.269429013320757 -0.261109389202734 -0.259776086560598 -0.259587134472131 -0.250952582770196 -0.225464106229345 -0.183187858635827 -0.126894479500593 -0.0616980722217079 0.00670139383098593
1.00743862377509 0.98678050586535 0.965285006132007 0.940318164397384 0.902445956673744 0.844813060358828 0.777679022202363 0.714325988614894 0.663011635298249 0.628914704259195 0.60992267343299 0.602100204737012 0.599580907173834 0.58877417808681 0.558030122365843 0.511185886746247 0.456677075127862 0.405846078223204 0.368143392660721 0.34254515191992 0.325408898693073 0.311244954966194 0.287174759900273 0.243566372748905 0.191163215961152 0.144975194977093 0.116702784005429 0.113339199103271 0.126358054952746 0.143353065892236
-1.03717508391003 -0.999297480229347 -0.961419876569282 -0.923542272917506 -0.885664669186394 -0.847787065293164 -0.809909461249721 -0.772031857065663 -0.734154252646689 -0.696276647898209 -0.658399042828373 -0.620521437471014 -0.582643831861154 -0.544766226038559 -0.506888620002233 -0.469011013583383 -0.431133406606706 -0.393255799038646 -0.355378190887652 -0.317500582188437 -0.27962297298228 -0.241745363294623 -0.203867753087557 -0.165990142331154 -0.128112531090765 -0.09023491945365 -0.0523573074994143 -0.0144796953030913 0.0233979170709264 0.0612755295609063
-0.983400801730171 -0.950603453352097 -0.917806104988667 -0.885008756685564 -0.85221140855719 -0.819414060720327 -0.786616713232576 -0.753819366135126 -0.721022019462707 -0.688224673222641 -0.655427327319072 -0.622629981630348 -0.589832636057007 -0.557035290588348 -0.524237945226062 -0.491440599932661 -0.458643254692211 -0.425845909614174 -0.393048564817494 -0.36025122033364 -0.327453876172208 -0.294656532303582 -0.261859188541282 -0.229061844673206 -0.196264500541632 -0.163467156037916 -0.130669811195339 -0.0978724660870422 -0.0650751208036807 -0.0322777754402861
-0.979546082687482 -0.946507725198192 -0.913469367709682 -0.880431010218035 -0.847392652752401 -0.814354295331449 -0.781315937898851 -0.748277580381915 -0.715239222717482 -0.6822008648489 -0.64916250673601 -0.616124148342772 -0.583085789611477 -0.550047430397713 -0.517009070536489 -0.483970709867178 -0.450932348270548 -0.417893985788571 -0.384855622518649 -0.351817258618716 -0.318778894261839 -0.285740529634787 -0.25270216497915 -0.219663800521674 -0.186625436374909 -0.153587072597335 -0.120548709145337 -0.0875103459454824 -0.0544719829071628 -0.0214336199354753
-0.953675363589475 -0.936639741623661 -0.916318382224728 -0.890109074005082 -0.853629927584578 -0.8041010893764 -0.746930526959617 -0.689603753604287 -0.639728644178544 -0.603279813982241 -0.579576478444023 -0.566274003024739 -0.560020106904237 -0.553431924138385 -0.538706812561106 -0.510393610242535 -0.465956484282952 -0.412169437667 -0.357368545151905 -0.306828332700859 -0.265057939078547 -0.235132371152774 -0.214390108203835 -0.197643627841585 -0.175337928581621 -0.139126096125758 -0.0898610440149608 -0.0303240835832799 0.0381897105020215 0.114756822740378
-1.036017840883 -0.995986494690567 -0.955972625293246 -0.915996720132654 -0.876091873637337 -0.836294434449057 -0.796641161075525 -0.757185255481241 -0.718045283591914 -0.679336467133166 -0.641095287069061 -0.603338539173277 -0.566075538883218 -0.529285680291221 -0.492936967983148 -0.456981769864046 -0.421372433077673 -0.386076858403437 -0.351063327630641 -0.316286092952522 -0.281695899163297 -0.247230777437813 -0.212777904473439 -0.178227426989673 -0.143532226272029 -0.108678975256762 -0.0737267789170848 -0.0387413814178408 -0.00374265165344161 0.03126101029931
-1.0221873575845 -0.984678630236581 -0.947169902935943 -0.909661175764106 -0.872152448702683 -0.834643721703818 -0.797134994701671 -0.75962626764253 -0.722117540539179 -0.684608813402871 -0.647100086172259 -0.609591358767845 -0.572082631111105 -0.534573903127418 -0.497065174746107 -0.459556445908372 -0.422047716542133 -0.384538986510305 -0.347030255684882 -0.30952152403916 -0.272012791571763 -0.234504058305864 -0.196995324362841 -0.159486589888775 -0.121977855030357 -0.0844691199193639 -0.0469603846272867 -0.00945164920883668 0.0280570862881219 0.0655658218174361
-1.02316799851465 -0.986828992024934 -0.950489985626649 -0.914150979437817 -0.877811973459978 -0.841472967660152 -0.805133961983733 -0.768794956408579 -0.732455951064019 -0.696116946110824 -0.659777941684045 -0.623438937912308 -0.587099934895354 -0.550760932617391 -0.514421931033619 -0.478082930098731 -0.441743929786404 -0.405404930146754 -0.369065931209067 -0.332726932842867 -0.296387934877739 -0.260048937151101 -0.223709939531689 -0.187370941928515 -0.151031944380361 -0.114692946933799 -0.0783539495367947 -0.0420149521243358 -0.00567595467810758 0.0306630428085301
-0.989947055751618 -0.954259924277779 -0.918573140430434 -0.882890393619005 -0.847217484202174 -0.811560062125864 -0.775921064735685 -0.740301179458239 -0.704694806644413 -0.669099853327541 -0.633534540346468 -0.598022166991418 -0.562585965181768 -0.5272488973535 -0.492029568966281 -0.456929427057902 -0.421945879410417 -0.387077335204807 -0.35232017527318 -0.317661665653213 -0.283086793683972 -0.248582211914616 -0.214141233734654 -0.179758716070014 -0.145429029151936 -0.1111471230793 -0.0769107541162184 -0.0427162733181672 -0.00855160474084008 0.0255974343100154
-0.999567837140702 -0.968490731285375 -0.937405367203893 -0.906298454174229 -0.875128962589758 -0.843850519520256 -0.812423117625704 -0.780811647308061 -0.748994224347008 -0.716947656127352 -0.6846302910767 -0.651995862883357 -0.619004945642624 -0.585645475077799 -0.551904865590222 -0.517741084665421 -0.483114433555593 -0.448023995495428 -0.412484151116023 -0.376531688651614 -0.340208998237224 -0.303546073228315 -0.266523319862113 -0.229121234691442 -0.191370262649761 -0.153321160525286 -0.115055984144637 -0.0766561783570471 -0.0381694450637943 0.000364949570830298
-1.06256464450715 -1.02092041416307 -0.979325728911313 -0.937844387333403 -0.896477446987747 -0.855201733212335 -0.813959883486636 -0.772716640975983 -0.731559359447699 -0.690606870568452 -0.6499813070003 -0.609805626654149 -0.570188634624193 -0.531182524737793 -0.492828664430582 -0.45518172683813 -0.41829127267369 -0.382173107261324 -0.346819063192776 -0.31215883751973 -0.278106593408852 -0.244573635054695 -0.211459830763348 -0.178675535839038 -0.146184489467011 -0.113950160292209 -0.0818815509173264 -0.0498886334898323 -0.0179397243785155 0.0139822739925038
-0.982568129227501 -0.949474911717791 -0.916381694287632 -0.883288476988155 -0.850195259774766 -0.817102042600791 -0.784008825506978 -0.750915608570035 -0.717822391923094 -0.684729175653744 -0.65163595961097 -0.618542743584101 -0.585449527356661 -0.552356310688929 -0.519263093350948 -0.486169875175048 -0.453076656023826 -0.419983435818666 -0.386890214511653 -0.353796992118904 -0.320703768672544 -0.287610544201591 -0.254517318722632 -0.221424092268772 -0.188330864951633 -0.155237636939911 -0.12214440855208 -0.089051180092453 -0.0559579516589156 -0.0228647232977461
0.999569096544797 0.964498570121009 0.929428043804494 0.894357517676201 0.859286991803426 0.824216466256125 0.789145941128593 0.75407541651038 0.719004892447732 0.683934368954161 0.648863845955544 0.613793323355847 0.57872280102486 0.543652278695661 0.508581756054593 0.473511232737744 0.438440708409092 0.403370182894422 0.368299656079357 0.333229127927087 0.298158598420189 0.263088067554609 0.228017535379755 0.192947001993614 0.157876467635018 0.122805932584458 0.087735397148214 0.0526648615918119 0.0175943259919712 -0.0174762096217902
0.987951896348789 0.953183730644224 0.918409679964358 0.883625199687486 0.848827236646961 0.81401299792046 0.7791792401079 0.744322998247593 0.709442871609181 0.674537584284934 0.639604795426306 0.604641897949545 0.56964641626494 0.534616400758932 0.499550883720854 0.464452299075456 0.429324036254605 0.394169905083239 0.358993088756337 0.323793843555987 0.288571694036054 0.253326515577078 0.218059586866291 0.182772645938593 0.14746786491286 0.112147664966334 0.0768150294257489 0.0414732173018956 0.00612602819228734 -0.0292226031588813
-1.03740346341829 -0.99583206760622 -0.954412160399335 -0.913354599222684 -0.872855577039006 -0.833217384585682 -0.795181368160971 -0.759433970459533 -0.726002964200763 -0.694651977009252 -0.66474672610564 -0.63555345110958 -0.606397784469924 -0.57684292995231 -0.546588979189648 -0.515646003967131 -0.484012224883786 -0.451328477641679 -0.417236630765795 -0.381740068969744 -0.344932556014293 -0.3069044379403 -0.267732389908983 -0.227434049308345 -0.185804573313167 -0.142624051829117 -0.0978347858986407 -0.0515128095919863 -0.00410687795383516 0.0438410737275239
-1.00766264934102 -0.974014945323433 -0.94036724130758 -0.906719537341355 -0.873071833379194 -0.839424129350427 -0.805776425177402 -0.772128720805383 -0.738481016278275 -0.704833311652706 -0.671185606937571 -0.637537902129828 -0.603890197213488 -0.570242492120771 -0.536594786786766 -0.502947081209829 -0.469299375417741 -0.435651669492705 -0.402003963520462 -0.36835625754649 -0.334708551606202 -0.301060845744905 -0.267413140047497 -0.233765434584251 -0.200117729327356 -0.166470024219525 -0.132822319183662 -0.0991746141477283 -0.0655269090797375 -0.0318792039577139
-0.867626949924461 -0.85951803320945 -0.85146861336621 -0.843180881460366 -0.833797093296041 -0.82229999788759 -0.807594252351809 -0.788645645007846 -0.764742580881817 -0.735439301603068 -0.701030778506888 -0.661997165355049 -0.619092866488708 -0.574169288566539 -0.529061836340302 -0.484444904616569 -0.440687988529773 -0.398101994470968 -0.35704176100363 -0.318096444124296 -0.281913779187769 -0.248903370250946 -0.218522296179115 -0.189997997002586 -0.162591882603386 -0.135723602508881 -0.109411794976064 -0.0837841405983812 -0.0588055005854329 -0.0344000313008606
