-1.01907207211253 -0.983463943123486 -0.947855813957482 -0.912247684442376 -0.876639554463252 -0.841031423901474 -0.805423292566286 -0.769815160254276 -0.734207026783529 -0.698598892026566 -0.662990756052182 -0.627382618978234 -0.591774480935185 -0.556166342103921 -0.520558202687955 -0.484950062930899 -0.449341923066134 -0.41373378324601 -0.378125643585039 -0.342517504127413 -0.30690936489974 -0.27130122593314 -0.235693087276759 -0.200084948963444 -0.16447681094283 -0.128868673157708 -0.0932605356067221 -0.0576523982879345 -0.0220442611412298 0.0135638759080521
-0.934851652011066 -0.92301828757016 -0.910028128541791 -0.894347475902509 -0.875076215485864 -0.851763691461377 -0.825123496485461 -0.796271993306452 -0.766772376553469 -0.737840506560701 -0.708856074601826 -0.67873972968539 -0.646460510473886 -0.611181014245579 -0.572422876304033 -0.530950325438226 -0.487702917554689 -0.443078923544736 -0.397421686862892 -0.351396126231746 -0.305747554190906 -0.261179093708994 -0.218225109470712 -0.177475447085535 -0.139910634145964 -0.106472831489333 -0.0775600509492853 -0.0530727271883037 -0.0314651351879177 -0.0108300100094186
-0.961384513078014 -0.931597555481063 -0.901853466915354 -0.872183098770546 -0.842580138419892 -0.81300987258547 -0.783361149401061 -0.753514094087453 -0.723390378801757 -0.692917098861809 -0.662001495292031 -0.630545845543486 -0.598469080989191 -0.565756748689957 -0.532422300874322 -0.498524194753939 -0.464119045965277 -0.429211098860951 -0.39380084109625 -0.357926104821012 -0.321634058308708 -0.284978876607498 -0.248042761864289 -0.210902555164486 -0.173585626248736 -0.136110086191507 -0.0985064827473227 -0.0608087275413153 -0.0230517510010079 0.0147292617454791
-0.960017391510584 -0.930999869939222 -0.90193998511451 -0.872835247810896 -0.843700977788398 -0.814547907456174 -0.785350610834386 -0.756067893583203 -0.726631646311808 -0.69696400629431 -0.6669750125155 -0.63657167938784 -0.605673474908313 -0.57424968141199 -0.5422786036314 -0.509724821550816 -0.476540623992147 -0.44264285987611 -0.40795144256598 -0.372433983096471 -0.33607001692015 -0.298878427207557 -0.261035488001096 -0.222746948177567 -0.184179065079472 -0.14546423853249 -0.106638929829309 -0.0677194793511147 -0.0287376823660839 0.0102708021358608
-1.02935942374564 -0.990319225719614 -0.951311690336589 -0.912373302729693 -0.87353623556309 -0.834827670929274 -0.796259141103013 -0.757843949458144 -0.719618133582501 -0.681613389887647 -0.64382131586605 -0.60622348428041 -0.568803497259315 -0.53155307439492 -0.4944634436386 -0.457515748915037 -0.420698528644814 -0.384039983258798 -0.347576089178767 -0.311334264779832 -0.275339788925437 -0.239609952462051 -0.204130094168234 -0.168878972254666 -0.133840974728411 -0.0989985330739477 -0.0643206228890071 -0.0297711999458079 0.00469240339874864 0.03911451064159
-1.00038136438552 -0.966659856927139 -0.932938349406976 -0.899216841722277 -0.86549533372278 -0.831773825267571 -0.798052316300631 -0.764330806793196 -0.730609296740639 -0.696887786156058 -0.663166275099331 -0.629444763642029 -0.59572325185612 -0.562001739815153 -0.528280227577641 -0.49455871514036 -0.460837202500069 -0.427115689715185 -0.393394176835152 -0.359672663811871 -0.325951150572855 -0.292229637046137 -0.258508123161817 -0.22478660886136 -0.191065094129617 -0.157343578986301 -0.123622063547197 -0.0899005479350651 -0.0561790322044814 -0.0224575163929783
-1.00422746252938 -0.968902474972014 -0.933577487438532 -0.898252500010851 -0.862927512834908 -0.827602526030863 -0.792277539551742 -0.756952553322189 -0.721627567320439 -0.686302581537088 -0.650977595958613 -0.615652610570453 -0.580327625355733 -0.545002640288309 -0.509677655326341 -0.474352670374488 -0.43902768532474 -0.403702700071937 -0.368377714520509 -0.333052728610409 -0.297727742290472 -0.262402755543741 -0.227077768490104 -0.191752781251948 -0.156427793824837 -0.121102806185333 -0.0857778183608407 -0.050452830394992 -0.0151278423454937 0.0201971457264283
-0.949743109798416 -0.916221119342503 -0.883856619214657 -0.853848127801973 -0.827114241154585 -0.804072417690957 -0.783415487639836 -0.76335078670258 -0.741868300660702 -0.717285793842193 -0.689449494680798 -0.658587747636697 -0.624831120685918 -0.587919075867857 -0.547298907926774 -0.501640348363007 -0.450322871398603 -0.396342485386358 -0.343224856706098 -0.292997749715032 -0.247314453264707 -0.207238539914914 -0.171474717058401 -0.138546754215867 -0.108613534586863 -0.0818643559944199 -0.0569750610766514 -0.0324875262476423 -0.00792121821028316 0.0169599987603338
-1.01313027497583 -0.977611899118008 -0.94209352335633 -0.906575147796688 -0.87105677254759 -0.835538397719512 -0.80002002342817 -0.764501649787874 -0.728983276902054 -0.693464904852848 -0.657946533648107 -0.622428163277107 -0.586909793726714 -0.551391424974142 -0.515873056972953 -0.480354689591756 -0.444836322698236 -0.409317956241331 -0.373799590179501 -0.338281224428026 -0.302762858891393 -0.267244493488108 -0.231726128192752 -0.196207762985806 -0.160689397815249 -0.125171032644182 -0.0896526675286682 -0.0541343025255115 -0.0186159376014986 0.0169024272990876
-0.936122581904893 -0.904087329844871 -0.87205207771301 -0.840016825472743 -0.807981573206659 -0.775946321034198 -0.743911069103071 -0.711875817561985 -0.679840566535368 -0.647805316148304 -0.615770066552787 -0.583734817907534 -0.551699570339976 -0.519664323852394 -0.487629078429478 -0.455593834110706 -0.423558590926663 -0.391523348817564 -0.359488107679076 -0.327452867319057 -0.295417627523414 -0.263382388060761 -0.23134714863055 -0.199311908978547 -0.167276669104936 -0.135241429081984 -0.103206189015885 -0.0711709489982314 -0.0391357090282975 -0.0071004690822759
-1.08698965780347 -1.03389394412792 -0.981303121520082 -0.929817507146469 -0.879877471008813 -0.831776493769766 -0.785380445900471 -0.740417188275943 -0.696490153578184 -0.65336251832425 -0.611560862564419 -0.571802617232276 -0.53470524447589 -0.500486331301279 -0.46912511102858 -0.440047277376483 -0.412902160788203 -0.388787178206513 -0.368506433679475 -0.350242693176724 -0.331523388148291 -0.309823884823146 -0.282411288546011 -0.247035076149027 -0.203582471298256 -0.152646981266979 -0.0955095009234448 -0.0336142500804708 0.0316286392658254 0.0988175570735008
-1.04152551929557 -1.00505310407335 -0.968580688896007 -0.932108273813339 -0.895635858832516 -0.859163443964554 -0.822691029278473 -0.786218614844863 -0.749746200682598 -0.713273786805454 -0.676801373258525 -0.640328960094733 -0.603856547351966 -0.567384135007979 -0.530911723045692 -0.49443931152884 -0.457966900517157 -0.421494489973569 -0.385022079832662 -0.34854967001248 -0.312077260426935 -0.275604851003166 -0.23913244172123 -0.202660032564275 -0.166187623474883 -0.129715214394538 -0.0932428053008939 -0.0567703961811754 -0.0202979870247228 0.0161744221785946
-1.0300071526843 -0.981475537903841 -0.938350206930758 -0.906154508859273 -0.883025192959877 -0.863467762588725 -0.83484933726837 -0.786879357761025 -0.725774933621161 -0.661477255724195 -0.602316171437068 -0.556218692249597 -0.529478819875069 -0.521858516920626 -0.527854678994886 -0.527435972818491 -0.50089007816567 -0.444308955912942 -0.362372933697124 -0.278311525093903 -0.219991540163689 -0.20660717912727 -0.222662202846967 -0.244432384771545 -0.249971988054021 -0.22475388899649 -0.1821469267931 -0.140140462271168 -0.107309979898629 -0.0898774950535733
-0.985072895631633 -0.951818976864449 -0.918565058182849 -0.885311139722709 -0.852057221643835 -0.8188033040678 -0.785549386939307 -0.752295470176389 -0.719041553767269 -0.685787637707784 -0.652533721954056 -0.619279806452277 -0.586025891110866 -0.552771975687156 -0.519518059915204 -0.48626414358706 -0.453010226515533 -0.41975630853848 -0.38650238954478 -0.35324846960235 -0.319994548823869 -0.286740627344068 -0.253486705385881 -0.220232783162037 -0.186978860756244 -0.1537249382046 -0.120471015481799 -0.0872170925625227 -0.0539631694828138 -0.0207092462940568
-1.04427274470525 -1.00369856587565 -0.96304056177493 -0.922194135149617 -0.881039276651194 -0.839513486828792 -0.797799717917165 -0.756159635902933 -0.714924310094549 -0.674411147822433 -0.634813505183051 -0.596293725464378 -0.558994459867909 -0.522979591249206 -0.488305019247621 -0.455073478983596 -0.423359122403365 -0.393074933275236 -0.364073368580332 -0.336125946328965 -0.308983949788746 -0.282421600410029 -0.256304872374144 -0.230518576464407 -0.20493111714109 -0.179422291468357 -0.153933873248975 -0.128431578538352 -0.102914915663853 -0.0773918410208292
-0.965579228364077 -0.933138533725975 -0.900697839107455 -0.868257144559106 -0.835816450204744 -0.803375756163585 -0.770935062463227 -0.73849436909214 -0.70605367597391 -0.673612983042804 -0.64117229034071 -0.608731597936415 -0.5762909059255 -0.543850214510694 -0.511409523906857 -0.478968834270219 -0.446528145715565 -0.414087458250523 -0.381646771857887 -0.349206086528261 -0.316765402254206 -0.284324719000475 -0.251884036620602 -0.21944335493024 -0.187002673704747 -0.154561992731345 -0.122121311885008 -0.0896806310777909 -0.0572399502823133 -0.024799269486337
-0.983534092509547 -0.95048509243697 -0.91742988838048 -0.884360132225481 -0.851255757703136 -0.818098761725481 -0.784891112082296 -0.751641160199398 -0.718362821169003 -0.685074424559384 -0.651806394176654 -0.618592177386387 -0.585464058977543 -0.552449673432629 -0.519576646579484 -0.48687721993371 -0.454382880012472 -0.422117477651416 -0.390096881136285 -0.358312664234706 -0.326750327084781 -0.295392994192739 -0.264214287537328 -0.233180639524997 -0.202239226800508 -0.171340023969969 -0.140463453246559 -0.109598672642801 -0.0787393357615178 -0.0478802201031066
-1.01662295036159 -0.978802345560293 -0.94094534604016 -0.903047174728747 -0.865160808083784 -0.827349297278837 -0.789658238820621 -0.752118709256861 -0.714721159966175 -0.677458337490816 -0.640372794196694 -0.603519533905636 -0.56696247568767 -0.530801199605637 -0.49514223446039 -0.460084243012025 -0.425703692038898 -0.391996130433173 -0.358925211782388 -0.326407926341752 -0.294349598533391 -0.262659699168519 -0.231264284614701 -0.200094658222004 -0.169086525714156 -0.138182141081525 -0.107345549007376 -0.0765503166890653 -0.0457863106874341 -0.0150474724041938
-0.967022431595266 -0.937161611073275 -0.907277706266673 -0.877308184203985 -0.84713045580793 -0.816621831735431 -0.785719277686054 -0.754368641271981 -0.722491642713202 -0.690008851352048 -0.656860360412383 -0.622991144088453 -0.588361042417539 -0.552989358809043 -0.516907968738485 -0.48013957257373 -0.442722445341035 -0.404766335807905 -0.366367611418064 -0.3274976405789 -0.288096541938709 -0.248114756471483 -0.207544014453982 -0.16640038905031 -0.124756035671179 -0.0826902262970997 -0.0402546169411731 0.00249485258452387 0.045457491304603 0.0885214204528482
0.984496011693762 0.951999350755091 0.919496560999253 0.886963328214895 0.854366008761977 0.821664943164863 0.788805738034227 0.755731798077701 0.722392454304433 0.688744299227815 0.654767045076705 0.620446184008827 0.585775405925457 0.550781191702093 0.515499595568285 0.479972174195586 0.44423663425651 0.408309779985416 0.372205477805631 0.335946745334507 0.299558887987902 0.263071389352907 0.226530445701556 0.189985394584734 0.153481425983799 0.117054924820075 0.0807112033442814 0.0444431843482705 0.00822530545902679 -0.0279726169876816
-1.03016404601616 -0.939257923492807 -0.8850974105741 -0.906642694129674 -0.935136126898456 -0.900181941809346 -0.832549726681827 -0.776073617638988 -0.72568058912774 -0.668486112599218 -0.609266809197635 -0.557214587490471 -0.519088428823013 -0.491915605651765 -0.466769971619525 -0.420643414003037 -0.345874842465465 -0.31027322258172 -0.368610976724738 -0.448044298547802 -0.443825324524288 -0.300166490184929 -0.157121427289893 -0.146987368384045 -0.175194752921593 -0.130613840608203 -0.0627409652460409 -0.0309032926042688 0.0268747577764674 0.202894452912651
0.990663364845351 1.00863735482141 1.00825613764013 0.977174780957557 0.916506353799145 0.834741716912298 0.756424896562736 0.704153449812881 0.676685891393621 0.666558753577355 0.665259681134059 0.664014096958098 0.65477992288302 0.63244507649909 0.594928612015473 0.549344134360224 0.502798384305172 0.453176095278343 0.397893627543514 0.341715856051274 0.291244784423908 0.25123499448904 0.219051380895632 0.191244151173995 0.168494451558493 0.149941550246076 0.12442626457998 0.0810741405990191 0.0204480899780381 -0.0540296341991112
-0.976368549236872 -0.943082699735702 -0.909796850382421 -0.876511001298774 -0.84322515252448 -0.809939304058553 -0.7766534558192 -0.743367607708703 -0.710081759646436 -0.676795911564954 -0.643510063432447 -0.610224215226013 -0.576938366943404 -0.54365251866499 -0.510366670465493 -0.477080822314425 -0.443794974135826 -0.410509125777048 -0.377223277081265 -0.343937427951637 -0.310651578306319 -0.277365728083342 -0.244079877300235 -0.21079402600511 -0.177508174288911 -0.144222322253982 -0.110936470005438 -0.0776506176408952 -0.0443647652251917 -0.0110789128149717
0.972447546602456 0.941904257734591 0.911381700458548 0.880895768756156 0.850427631458245 0.819944600902399 0.789393288604227 0.758720266771413 0.727892651201929 0.696878840145491 0.665631818068514 0.634100715991591 0.602211897056153 0.569800652887005 0.536712662557707 0.50292622645348 0.468460175381152 0.43336284052231 0.397697970604706 0.361561484165978 0.325057342196236 0.288287767236699 0.251348028033011 0.214322683756963 0.177260409080487 0.140191780112576 0.103110863210322 0.066005272984891 0.028873326815639 -0.00828398222602844
-0.983762775129268 -0.949452568288247 -0.915139178719583 -0.880822981679903 -0.846501210618581 -0.812172275353754 -0.777842432985872 -0.743518141038552 -0.709198811445756 -0.674884625011981 -0.640585883613525 -0.606315419394637 -0.572086149943373 -0.537911334623018 -0.50380511936064 -0.469784854563212 -0.435866549061075 -0.402057640898137 -0.368362361306508 -0.334780685057528 -0.301311522807342 -0.267952136983128 -0.234693197096174 -0.201522312138067 -0.168421441937464 -0.135371642997586 -0.10235600768282 -0.0693597656185357 -0.0363746596128559 -0.00339406076959021
1.0308927358345 0.999422459804422 0.967671073824765 0.93531698178923 0.902394897521718 0.869002739768862 0.835134937038019 0.800699370003228 0.765361218244524 0.728828468993642 0.691223041183103 0.652770336670628 0.613697519597478 0.574238803239088 0.534650022666057 0.495266450995469 0.456409572048006 0.418266274412259 0.381001250645674 0.34482500441321 0.309959492156709 0.276586105985972 0.244723980682661 0.214429659445518 0.186071576469762 0.159933038578088 0.135644952106638 0.112667624007835 0.09043136418577 0.0683589832824554
-0.968698784599911 -0.938048629034517 -0.90746126106206 -0.877054427493748 -0.846987575637633 -0.817399723411412 -0.788306470674531 -0.759696770257453 -0.731576404932983 -0.703902597447583 -0.676421500500006 -0.648826499277077 -0.620779262181385 -0.591814590478567 -0.561542813539507 -0.530003240293021 -0.497296809844217 -0.463342002445452 -0.428023461156187 -0.391272939117038 -0.353033966988908 -0.313318056915964 -0.272408646975406 -0.230627646474464 -0.18817892370743 -0.145239214689466 -0.101994767332167 -0.0586113326795845 -0.0151631624091734 0.0282983666432605
-1.08093774474492 -1.03470027501206 -0.988510744525717 -0.94247058658882 -0.896741529571156 -0.851493882258176 -0.806871980031112 -0.763029552486764 -0.720183879488432 -0.678530214630306 -0.63811215616364 -0.598935388503959 -0.560969598824893 -0.524040485332498 -0.487964815849864 -0.452667625635772 -0.418116939146969 -0.384344470196379 -0.351361590972885 -0.31903461781303 -0.287193603090274 -0.255666642680724 -0.224274006471065 -0.192852839444559 -0.161315612960197 -0.129605291458165 -0.0977114853277177 -0.0656471307746825 -0.0334718213221109 -0.00125681482236034
-0.975589090575932 -0.942800930944154 -0.910012771337718 -0.877224611733537 -0.844436452031925 -0.811648292118884 -0.778860131899758 -0.746071971310478 -0.713283810389961 -0.680495649203508 -0.64770748781896 -0.614919326304793 -0.58213116471585 -0.549343003052452 -0.516554841303409 -0.483766679466019 -0.450978517543194 -0.41819035555181 -0.385402193513116 -0.352614031451875 -0.319825869393728 -0.287037707351368 -0.254249545285673 -0.22146138315648 -0.188673220971243 -0.155885058750705 -0.123096896521144 -0.0903087343005212 -0.0575205720679996 -0.0247324097930436
-0.999794793231252 -0.966098186723696 -0.932401580195281 -0.898704973675284 -0.865008367125709 -0.83131176047324 -0.797615153570564 -0.763918546263761 -0.730221938446477 -0.69652533003854 -0.662828721016938 -0.62913211137295 -0.595435501111418 -0.561738890291433 -0.528042278985222 -0.494345667263286 -0.460649055175127 -0.426952442687957 -0.393255829754172 -0.3595592163492 -0.325862602454226 -0.29216598805215 -0.258469373132746 -0.224772757719147 -0.19107614196108 -0.157379526024145 -0.123682910010846 -0.0899862939903991 -0.0562896779619543 -0.0225930619071455
-1.03577595088536 -1.00009125030303 -0.964406549682978 -0.928721849019468 -0.893037148455986 -0.857352448171032 -0.82166774833394 -0.785983049094286 -0.750298350531768 -0.71461365269369 -0.678928955567672 -0.64324425912641 -0.607559563335026 -0.571874868128351 -0.536190173423319 -0.500505479095582 -0.46482078501389 -0.429136091060653 -0.393451397138202 -0.357766703214869 -0.322082009275487 -0.28639731531109 -0.250712621337515 -0.215027927377395 -0.179343233455724 -0.143658539579547 -0.107973845681723 -0.0722891516909249 -0.0366044575932592 -0.000919763389192565
-0.964943836020338 -0.931832924494307 -0.898722013095322 -0.865611101919977 -0.83250019107949 -0.799389280695057 -0.766278370913168 -0.733167461860864 -0.70005655356211 -0.666945645989115 -0.633834739010139 -0.600723832467456 -0.567612926219342 -0.534502020188067 -0.501391114322676 -0.468280208615296 -0.435169303084268 -0.402058397809716 -0.368947492861741 -0.335836588208587 -0.302725683793034 -0.269614779558969 -0.236503875454706 -0.203392971430568 -0.170282067440494 -0.137171163453028 -0.104060259491538 -0.070949355583633 -0.037838451719077 -0.00472754787817288
0.938820372426025 0.908334435983929 0.87784849943773 0.847362562669732 0.81687662565056 0.786390688372908 0.755904750829401 0.725418813017234 0.694932874951938 0.664446936663785 0.633960998223682 0.603475059712694 0.572989121217412 0.542503182846538 0.512017244708688 0.481531306890011 0.451045369433533 0.420559432232254 0.390073495166285 0.359587558214219 0.329101621379272 0.298615684670226 0.268129748118143 0.23764381174215 0.207157875491356 0.176671939299869 0.146186003111813 0.115700066883642 0.0852141306111066 0.0547281942997792
-1.05350025874347 -1.01589007453732 -0.978279890490865 -0.94066970680715 -0.903059523674519 -0.865449341287279 -0.827839159878318 -0.790228979670293 -0.752618800806364 -0.715008623385687 -0.677398447410887 -0.639788272860461 -0.602178099663382 -0.564567927550541 -0.526957756238269 -0.48934758558274 -0.451737415498081 -0.414127245990371 -0.376517077064987 -0.338906908632534 -0.301296740579923 -0.263686572803732 -0.2260764052392 -0.18846623783478 -0.150856070553118 -0.113245903354283 -0.0756357361738208 -0.0380255689536786 -0.000415401685914511 0.0371947656248852
-1.01965996143536 -0.98338563116972 -0.947111300859751 -0.910836970453037 -0.874562639878432 -0.838288309070749 -0.802013978007357 -0.765739646667697 -0.729465314996936 -0.693190982942665 -0.65691665049645 -0.620642317660845 -0.584367984447788 -0.548093650906725 -0.511819317096401 -0.475544983075231 -0.439270648906791 -0.402996314675616 -0.36672198047049 -0.330447646376219 -0.294173312476616 -0.257898978837228 -0.221624645450522 -0.185350312299121 -0.149075979399336 -0.112801646753765 -0.0765273142764782 -0.0402529818702136 -0.00397864948091368 0.0322956829346783
-0.988878131852623 -0.955243047568098 -0.921607963302135 -0.887972879091991 -0.854337794974116 -0.820702710992563 -0.787067627222598 -0.753432543733695 -0.719797460540933 -0.686162377639376 -0.652527294998402 -0.618892212580967 -0.58525713034901 -0.551622048260387 -0.517986966277664 -0.484351884386324 -0.450716802566259 -0.41708172075209 -0.383446638858378 -0.349811556764695 -0.31617647434187 -0.282541391494524 -0.24890630826245 -0.215271224724185 -0.181636140978073 -0.148001057111369 -0.114365973147169 -0.0807308890987652 -0.0470958050043745 -0.0134607209084468
-0.993379866754707 -0.957886728773955 -0.922393590746851 -0.886900452616984 -0.851407314372469 -0.815914176004242 -0.780421037470008 -0.744927898709257 -0.709434759621859 -0.673941620114345 -0.638448480159516 -0.60295533974674 -0.56746219885418 -0.531969057415185 -0.496475915344616 -0.460982772528205 -0.425489628860078 -0.38999648429706 -0.354503338825058 -0.319010192483603 -0.283517045325632 -0.248023897417864 -0.212530748882134 -0.177037599837211 -0.14154445033448 -0.106051300409139 -0.0705581500990417 -0.0350649994536398 0.000428151433884994 0.0359213024594178
-0.987231248354852 -0.953030494647695 -0.918829740830168 -0.884628986776535 -0.850428232482736 -0.816227477990514 -0.78202672340313 -0.747825968811636 -0.713625214196735 -0.679424459498905 -0.645223704608074 -0.611022949401533 -0.576822193769075 -0.542621437650501 -0.508420681016447 -0.47421992391089 -0.440019166400412 -0.40581840856868 -0.371617650510104 -0.33741689234497 -0.303216134200034 -0.269015376188457 -0.234814618369014 -0.200613860794793 -0.166413103550509 -0.132212346701226 -0.0980115902017566 -0.0638108339735235 -0.0296100779146407 0.00459067808260529
1.00678981797111 0.971369917912697 0.935950017868519 0.900530117895492 0.865110218136577 0.829690318747187 0.794270419846489 0.758850521544387 0.723430623949992 0.688010727162808 0.652590831244729 0.617170936248242 0.581751042215595 0.546331149148063 0.510911257030836 0.475491365825721 0.440071475509739 0.404651586144151 0.369231697781488 0.333811810355119 0.298391923768623 0.262972037918138 0.22755215267003 0.192132267899923 0.156712383550225 0.121292499578255 0.0858726159341873 0.0504527325639215 0.0150328494034145 -0.0203870336138629
-1.01626968833365 -0.982031135305267 -0.947792582274886 -0.913554029233767 -0.879315476208024 -0.845076923207416 -0.810838370141425 -0.776599816892278 -0.742361263333472 -0.708122709361098 -0.673884154970379 -0.63964560018132 -0.605407044980461 -0.571168489220484 -0.536929932733558 -0.502691375403665 -0.468452817141467 -0.43421425791253 -0.399975697703205 -0.365737136528064 -0.331498574408735 -0.297260011395568 -0.263021447653805 -0.228782883383224 -0.194544318806848 -0.160305754115331 -0.126067189346603 -0.0918286245056291 -0.0575900596182528 -0.0233514947155359
-0.986740712061591 -0.952925939644446 -0.919111167173829 -0.885296394615676 -0.851481622052596 -0.817666849592845 -0.783852077330585 -0.750037305342395 -0.716222533648613 -0.682407762237173 -0.648592991022618 -0.614778219901145 -0.580963448784872 -0.547148677649601 -0.513333906462697 -0.479519135094085 -0.445704363402482 -0.411889591299205 -0.378074818700259 -0.344260045487788 -0.310445271535467 -0.276630496746886 -0.242815721145272 -0.209000944792078 -0.175186167782018 -0.141371390219054 -0.107556612210875 -0.0737418338651602 -0.0399270552858189 -0.00611227657581797
-0.985933459973188 -0.952541622525037 -0.919149785041572 -0.885757947512103 -0.852366109905526 -0.818974272184319 -0.785582434305708 -0.752190596234313 -0.718798757969594 -0.685406919533285 -0.652015081001384 -0.618623242463454 -0.585231404029301 -0.551839565889712 -0.518447728239003 -0.485055891204628 -0.451664054882759 -0.418272219311315 -0.384880384506087 -0.351488550452615 -0.318096717128877 -0.284704884506523 -0.251313052531906 -0.217921221149272 -0.184529390319761 -0.151137559975842 -0.117745729918427 -0.0843538999484267 -0.0509620699983228 -0.0175702400334894
1.03029107846181 0.995034519422419 0.959777960291211 0.92452140096989 0.889264841434896 0.854008281694527 0.818751721809777 0.783495161834074 0.748238601737899 0.712982041463455 0.677725480922797 0.642468920020439 0.607212358687465 0.571955796961233 0.536699234888768 0.501442672449472 0.466186109598877 0.430929546264652 0.39567298240301 0.360416418112189 0.325159853525938 0.289903288764063 0.254646723890623 0.219390158941027 0.184133593891858 0.148877028730661 0.113620463547672 0.0783638984397604 0.0431073334276315 0.00785076851295187
-1.02155305407384 -0.989209745256081 -0.956882216336137 -0.924583114455555 -0.892310151326938 -0.860054441717031 -0.827795648038072 -0.795496808629944 -0.763065917897599 -0.730409708627013 -0.697484911063172 -0.664260754815816 -0.630708407352808 -0.596806787574485 -0.562540914585083 -0.527912456871941 -0.492930745779699 -0.457619114699099 -0.421994577524816 -0.386034868121145 -0.349707900344788 -0.312978143367039 -0.275796287617553 -0.238129729109996 -0.200026464935709 -0.161560491017781 -0.122829197528629 -0.083928113781043 -0.0449219313999652 -0.00586763258837692
-0.977762424749191 -0.946951200125384 -0.916149325221284 -0.885375644890247 -0.85473045903622 -0.824306458611626 -0.794084443712197 -0.764011510018039 -0.734011826403463 -0.703982574408599 -0.673735913042652 -0.643062745682101 -0.611778044842382 -0.579793059594787 -0.547059332920967 -0.513593306888172 -0.479423078495995 -0.444558465387794 -0.408997866760573 -0.372712287382167 -0.335665883413116 -0.297830528329934 -0.259208964873034 -0.219830690700814 -0.179801353879714 -0.139244826269702 -0.0982817244968035 -0.0570312029021404 -0.0156098219211687 0.0258665064870732
-1.02930925638295 -0.99351460431227 -0.957719952249652 -0.921925300185197 -0.886130648080364 -0.850335995921818 -0.814541343825694 -0.778746691944616 -0.742952040447708 -0.707157389475664 -0.671362739038982 -0.635568089115609 -0.599773439699622 -0.563978790849613 -0.528184142618596 -0.492389494972758 -0.456594847841157 -0.420800201091166 -0.385005554608351 -0.349210908412736 -0.31341626255796 -0.277621617098851 -0.241826972094993 -0.206032327584313 -0.170237683513357 -0.134443039804195 -0.0986483963723612 -0.0628537531364603 -0.0270591100339099 0.00873553299316925
-0.939867002967211 -0.905465965024238 -0.880673510853887 -0.895241840354899 -0.902493634986311 -0.855161092250884 -0.780043992265968 -0.714454064893147 -0.663683256356333 -0.625783119809803 -0.601863419766935 -0.593798473580884 -0.600993707903046 -0.612978986577778 -0.613253497243219 -0.571069285519677 -0.47154092080097 -0.377480209592778 -0.347567271350149 -0.346258240213741 -0.314453253995614 -0.21720967965656 -0.116213800752308 -0.0763445079873911 -0.0786222040666376 -0.0858750313301241 -0.0720205786586312 -0.0213927079267191 0.0510990735566384 0.122901347123864
-1.03873528171906 -1.0026972787931 -0.966659275831195 -0.930621272796183 -0.894583269583484 -0.858545266102316 -0.822507262384505 -0.786469258532249 -0.750431254806616 -0.71439325146692 -0.678355248606567 -0.64231724627749 -0.606279244545667 -0.570241243533264 -0.534203243380619 -0.498165244244588 -0.462127246252582 -0.42608924939773 -0.390051253643497 -0.354013258968979 -0.317975265357179 -0.281937272795187 -0.245899281286424 -0.209861290829901 -0.17382330139065 -0.137785312899862 -0.101747325187359 -0.0657093380569225 -0.0296713513095679 0.00636663525438402
-1.033485154418 -0.997052684213457 -0.960620213930429 -0.924187743511988 -0.887755272892885 -0.851322802025561 -0.814890330941516 -0.778457859714396 -0.742025388507373 -0.705592917515579 -0.66916044697246 -0.632727977121045 -0.596295508187073 -0.559863040327147 -0.52343057366755 -0.486998108282422 -0.450565644225605 -0.414133181521877 -0.377700720166163 -0.341268260063044 -0.304835801094512 -0.268403343157582 -0.231970886209343 -0.195538430218458 -0.159105975139812 -0.122673520891883 -0.0862410672613167 -0.0498086140225134 -0.013376161032725 0.0230562918300837
-1.02256001299004 -0.987570411459407 -0.952580809877902 -0.917591208212502 -0.882601606434931 -0.847612004534742 -0.812622402568072 -0.777632800594647 -0.742643198621961 -0.707653596628257 -0.672663994526998 -0.637674392215451 -0.602684789600568 -0.567695186628039 -0.532705583269873 -0.497715979564607 -0.462726375562268 -0.427736771292322 -0.392747166779832 -0.35775756205283 -0.322767957140091 -0.287778352078387 -0.252788746936481 -0.217799141787082 -0.182809536686694 -0.147819931673429 -0.112830326728056 -0.0778407218187915 -0.042851116920989 -0.00786151201178589
0.975866335546689 0.942111727827656 0.908357120154373 0.874602512550921 0.840847905022306 0.807093297588962 0.773338690352097 0.739584083415824 0.70582947681511 0.672074870574771 0.638320264748175 0.604565659395831 0.570811054578079 0.537056450354594 0.503301846764763 0.469547243767468 0.435792641293719 0.402038039243533 0.368283437523488 0.334528836097398 0.300774234943385 0.26701963406274 0.233265033549433 0.199510433508108 0.16575583399345 0.132001235015875 0.0982466364587019 0.0644920381820339 0.0307374400802268 -0.00301715794380124
-1.04988752016913 -1.01344566180297 -0.977075672542287 -0.940865126342333 -0.904862939597553 -0.869095878255166 -0.833540764034295 -0.798146482425762 -0.762800118235284 -0.727379491520157 -0.691787164029102 -0.655931882933696 -0.619716866354516 -0.583023216208145 -0.545748612667165 -0.507879165132153 -0.469419765206527 -0.430362004077072 -0.390696019045388 -0.350419432288974 -0.309531737204304 -0.268028488925451 -0.225889489536888 -0.183114079561073 -0.139795506321994 -0.0960403747069384 -0.0519148130548501 -0.00748223231731092 0.0371643495552065 0.0819245128625068
-0.998541392800463 -0.962488903727357 -0.926436414738047 -0.890383925935566 -0.854331437511236 -0.818278949673257 -0.782226462609029 -0.74617397649304 -0.7101214914689 -0.674069007642068 -0.638016524996241 -0.601964043484674 -0.565911563030779 -0.529859083438571 -0.493806604499928 -0.45775412607755 -0.421701648042664 -0.38564917022978 -0.349596692482058 -0.313544214713969 -0.27749173685781 -0.241439258870051 -0.205386780803847 -0.169334302713764 -0.133281824563337 -0.0972293463145773 -0.0611768680144413 -0.0251243897178468 0.010928088573395 0.046980566870749
-1.02260401301385 -0.980245925056399 -0.938388705539948 -0.89751256693962 -0.857941535925512 -0.819873789809022 -0.783160294271773 -0.747531377526845 -0.7125820295429 -0.677947961413187 -0.643563106973692 -0.609435955746092 -0.575587561333747 -0.542089233666772 -0.508965379108305 -0.476002533426852 -0.442945138086559 -0.409607127928776 -0.375792803844845 -0.341198437548862 -0.305493293460612 -0.268330806242379 -0.229301091526457 -0.188097075495966 -0.144886245567336 -0.100005356877998 -0.0539936742160583 -0.00737731876044028 0.039572672397366 0.0866490331877278
-0.990834853464227 -0.95621041975246 -0.921585985998762 -0.886961552138365 -0.852337118092173 -0.817712683771866 -0.783088249066542 -0.748463813885289 -0.713839378239714 -0.679214942167721 -0.644590505709857 -0.609966068907335 -0.575341631792382 -0.540717194361297 -0.506092756580168 -0.47146831833019 -0.436843879472085 -0.402219439869588 -0.367594999421925 -0.332970558167279 -0.298346116178568 -0.263721673515959 -0.229097230188597 -0.194472786224288 -0.159848341776497 -0.125223897023301 -0.0905994521155579 -0.0559750071745804 -0.0213505622307085 0.0132738827084609
-1.03035437256175 -0.989511797686854 -0.949611879763503 -0.91208551517454 -0.878429062061243 -0.849296100598493 -0.821903637337131 -0.792919029660071 -0.760247611902551 -0.722598083822895 -0.680654629919452 -0.635595305875574 -0.588810429827246 -0.54253936972099 -0.499295842232724 -0.46184190914542 -0.432095483063473 -0.408349534769924 -0.388013454651124 -0.368587253328034 -0.34759359648027 -0.323118584775113 -0.295502058830511 -0.264945534210814 -0.228843486315312 -0.184500316355529 -0.131667168956992 -0.0710580098576932 -0.0047913458314876 0.0646631810888063
-0.990676161501282 -0.956529147087961 -0.922382132725793 -0.888235118459898 -0.854088104296373 -0.819941090218111 -0.785794076154241 -0.751647062031329 -0.717500047819473 -0.68335303348132 -0.649206018906212 -0.615059003965164 -0.580911988547728 -0.546764972617626 -0.512617956140282 -0.478470939013777 -0.444323921112994 -0.410176902287375 -0.376029882395278 -0.341882861356161 -0.307735839104763 -0.273588815592574 -0.239441790838103 -0.205294764879823 -0.171147737769034 -0.137000709586886 -0.102853680521102 -0.0687066507944243 -0.0345596206631181 -0.000412590391828354
-0.970537066481475 -0.939006718430617 -0.907542824634151 -0.876217590465304 -0.845048455068472 -0.814033058755096 -0.783144612733627 -0.752349715122668 -0.721612940784402 -0.690887679131757 -0.660084601037061 -0.629103697737492 -0.597852263282748 -0.566266802972613 -0.534290331527308 -0.501862690098699 -0.468928243023518 -0.4354526209463 -0.401420075603983 -0.366868076795323 -0.33184739883453 -0.296415832382084 -0.260659233483552 -0.224675286133319 -0.188580920735974 -0.152478501133375 -0.116392878506254 -0.0803264208738942 -0.0442690762708843 -0.00820768773564216
-0.984894283609349 -0.95152750035903 -0.918158715710603 -0.884793580608968 -0.851438201852846 -0.818095804537228 -0.784757631088365 -0.751411029150666 -0.718039749909906 -0.684621121050803 -0.651110372712498 -0.617457210647741 -0.583615876220794 -0.54955875324198 -0.515265117702032 -0.480723671867261 -0.445922850864858 -0.410840594989963 -0.375457449027503 -0.339774870553598 -0.303799545342168 -0.267542357099001 -0.231030981257369 -0.194297748581778 -0.157376819434214 -0.120300910591366 -0.083095134891276 -0.045785047310006 -0.00840557531435369 0.0290060105061996
1.01822654730958 0.983087963320742 0.947949379244741 0.912810794914634 0.877672210140726 0.842533624739582 0.80739503857553 0.772256451539863 0.737117863583969 0.701979274682991 0.666840684847003 0.631702094094808 0.596563502434813 0.561424909833823 0.52628631626042 0.491147721731877 0.456009126264233 0.420870529819894 0.385731932355598 0.350593333859028 0.315454734325604 0.280316133765193 0.245177532245458 0.210038929851709 0.174900326682071 0.13976172286436 0.10462311863236 0.0694845142182061 0.0343459097414793 -0.000792694706379479
-1.03572968326516 -0.993377319947271 -0.951278147971392 -0.909716926052464 -0.868857219608105 -0.828832197756766 -0.789774637717572 -0.751783198614061 -0.714820459086765 -0.678816656983952 -0.643708747467856 -0.609435365029201 -0.575969990037574 -0.543425486378001 -0.51189008742124 -0.481214120965542 -0.451195719032523 -0.421662136109777 -0.392480459937249 -0.363647988798312 -0.335194573612194 -0.30711608713628 -0.279272489480578 -0.251489955137979 -0.223595428780288 -0.195454580996128 -0.167087215862467 -0.138553846087778 -0.10992368541821 -0.0812681228593294
-1.00352627715998 -0.968413259996112 -0.933300242690759 -0.898187225125491 -0.863074207228935 -0.8279611889312 -0.792848170121249 -0.757735150716505 -0.722622130789358 -0.687509110424222 -0.652396089598646 -0.617283068263462 -0.582170046380113 -0.547057023952494 -0.511944000997748 -0.476830977543556 -0.441717953615086 -0.406604929216924 -0.371491904375516 -0.336378879225347 -0.301265853927908 -0.266152828673794 -0.231039803770013 -0.195926779506537 -0.160813755988768 -0.125700733245081 -0.0905877111803011 -0.0554746896583604 -0.0203616685031645 0.0147513524713875
-1.06216265780121 -1.01860221955082 -0.97191611128798 -0.901026317814108 -0.828530005824086 -0.778681561531642 -0.738689067332394 -0.695303138678695 -0.670490827067953 -0.684085010286098 -0.712165435228094 -0.719873566066163 -0.68463138112285 -0.632982915321978 -0.594455607187295 -0.561388453040956 -0.519131565221201 -0.462267962332186 -0.390717624676448 -0.316515473084118 -0.254725163517225 -0.214767395301401 -0.183491041216673 -0.150339089114599 -0.13770281367845 -0.160886141869736 -0.17389532293121 -0.129010017150072 -0.0329012067100556 0.0941622957309688
-1.05704737428578 -1.01521049547219 -0.97341302354524 -0.93175873521119 -0.890300383104175 -0.849063754119605 -0.808017796270137 -0.767133378386178 -0.726445891451884 -0.686009390845567 -0.645888067368422 -0.606148645677366 -0.566865833992641 -0.528146274787798 -0.4901080682118 -0.452883210861953 -0.41658710615265 -0.3812548883183 -0.346888559620966 -0.313437863613341 -0.280839479170772 -0.249020429336892 -0.217869113828473 -0.187260352023618 -0.157053265272607 -0.127116513444659 -0.0973726085125874 -0.0677602631971714 -0.0382291411074737 -0.00873164357462686
-0.990075517813862 -0.9567696926817 -0.92346386754902 -0.890158042384413 -0.856852217165337 -0.823546391864201 -0.790240566424335 -0.756934740790656 -0.723628914943506 -0.690323088860736 -0.657017262474824 -0.6237114357069 -0.590405608497917 -0.557099780868112 -0.523793952852882 -0.490488124468986 -0.457182295724803 -0.423876466613821 -0.390570637141096 -0.357264807372838 -0.323958977390548 -0.290653147276961 -0.257347317119766 -0.224041487013195 -0.190735657072717 -0.157429827390232 -0.124123997942121 -0.090818168672154 -0.0575123395091547 -0.0242065103782125
-1.01052327384435 -0.975504940103584 -0.940486606256352 -0.90546827219737 -0.870449937855602 -0.835431603234165 -0.800413268598548 -0.76539493428655 -0.730376600662854 -0.695358268046402 -0.660339936546288 -0.625321606219143 -0.59030327710634 -0.555284949188216 -0.520266622436179 -0.485248296846969 -0.450229972379591 -0.415211648816785 -0.380193325945214 -0.345175003743494 -0.310156682238229 -0.275138361451874 -0.240120041390279 -0.205101722036378 -0.170083403298041 -0.135065085045369 -0.100046767072464 -0.0650284491858551 -0.0300101313178047 0.00500818656799339
-1.03381540896537 -0.995163602855571 -0.956541155705577 -0.917982985811388 -0.87952688488053 -0.841216108169024 -0.803112891715347 -0.765276980784627 -0.727739176766144 -0.690513453004213 -0.653575414539126 -0.616891074335173 -0.580430098240039 -0.544176763635006 -0.508111095342544 -0.472181496416299 -0.436338537361024 -0.400573080254721 -0.364889723835967 -0.329307721912379 -0.293849992058832 -0.258535010743102 -0.223363490004568 -0.188328693193753 -0.153411853334138 -0.118587916409286 -0.0838187105700987 -0.0490683061383588 -0.0143228599520157 0.0204259495219389
-0.962147738367018 -0.964807650321501 -0.945708382818492 -0.96361472623159 -0.938558858134649 -0.802592864569658 -0.674581078250887 -0.669492706415262 -0.699904207718053 -0.662014707807181 -0.588906748882839 -0.547883727283291 -0.575597909621565 -0.586097043609765 -0.500962017193892 -0.394510798156478 -0.35484963065527 -0.372500784512349 -0.411803321390001 -0.429947444647 -0.382336143066239 -0.252322136066352 -0.135057065608927 -0.117394034366858 -0.141193065315327 -0.135206099489872 -0.120745829865176 -0.125664806099264 -0.111414252644379 -0.0228450626513204
1.0048828008894 0.969143813649201 0.93341618871782 0.897716118016052 0.862055049898416 0.82644306873978 0.790889546562701 0.75540774310713 0.720027181334929 0.684778932032821 0.649683994065082 0.614760848315375 0.580027418535012 0.545499399945908 0.511191732744375 0.477118565553739 0.44328684263321 0.409675482358528 0.376252544522474 0.342970680469485 0.309778689431911 0.276627380927536 0.243475605615882 0.210289192444726 0.177053842373132 0.143762680195917 0.110418654039635 0.0770280674599355 0.0436008223970996 0.0101477203875675
-0.940996673231181 -0.913244819011092 -0.885408226311235 -0.857394690744324 -0.829051777322401 -0.800258786617578 -0.771082192042922 -0.741650002455138 -0.712149195644527 -0.682726653174233 -0.653309902765176 -0.623771633677718 -0.593993838311598 -0.563895721624053 -0.53340956939163 -0.502482778110619 -0.471053982116616 -0.439011656382687 -0.406219234062875 -0.372490140397656 -0.337625298649116 -0.301454613977219 -0.26392391913344 -0.225011294244014 -0.184707881342686 -0.143087785890307 -0.100543905148636 -0.0574940220442463 -0.0141366703620531 0.0293844283984411
-1.02469066280285 -0.988682149365102 -0.952673635958027 -0.916665122650636 -0.880656609522097 -0.844648096633794 -0.808639583965848 -0.77263107146224 -0.736622559003678 -0.700614046447501 -0.664605533620853 -0.628597020343333 -0.59258850644514 -0.556579991798894 -0.52057147628628 -0.484562959782827 -0.448554442180135 -0.412545923440233 -0.376537403529297 -0.34052888235966 -0.304520359830194 -0.268511835865731 -0.232503310494942 -0.196494783763288 -0.160486255679546 -0.124477726306498 -0.0884691959596289 -0.0524606649965048 -0.0164521336903015 0.0195563977069016
-0.997720090318556 -0.964409111347404 -0.931101904289872 -0.897795816282742 -0.864483449748965 -0.831150134460645 -0.79775685430033 -0.764260450600926 -0.730625540386335 -0.696823608014337 -0.66284583148721 -0.628688312218358 -0.594346956404435 -0.559816889375092 -0.525095353723139 -0.49018884196103 -0.455099158606043 -0.419800106275119 -0.384267288671964 -0.348511515747677 -0.312552399015205 -0.276410997722557 -0.240114162057986 -0.203691292604575 -0.167176200584478 -0.13060290611136 -0.09400185422585 -0.0573978152914037 -0.0207964360358191 0.0158014177220202
0.984306980369218 0.95159273175915 0.918844362685991 0.886045619246912 0.85318612222 0.820248243768885 0.787179486918438 0.753916152092779 0.720384598451784 0.686523392776738 0.652329873598808 0.617816072386636 0.582993766160472 0.547873714147003 0.512466247506394 0.476781002926272 0.44082457489125 0.404592083546401 0.368080053875865 0.331302104559559 0.294276127701346 0.257025518822318 0.219595687112476 0.18203519902742 0.14438323641623 0.106674217149391 0.0689328877895257 0.0311783645417629 -0.00658308651087218 -0.0443484118158809
-0.99853012963332 -0.9635759016708 -0.928621673692637 -0.893667445712623 -0.858713217790849 -0.823758989965982 -0.78880476214466 -0.753850534219478 -0.71889630615887 -0.683942077944471 -0.648987849534882 -0.614033620882946 -0.579079391954089 -0.544125162764074 -0.509170933344984 -0.474216703743856 -0.439262474017083 -0.404308244243541 -0.369354014489199 -0.334399784745924 -0.299445554987056 -0.264491325173815 -0.229537095218949 -0.194582865044952 -0.159628634661788 -0.124674404102802 -0.0897201734073891 -0.0547659426137961 -0.0198117117496194 0.0151425191602069
-1.00156024661301 -0.964826050949142 -0.928090210113038 -0.89133205767603 -0.854525551647983 -0.817651219261102 -0.780721240198393 -0.743757212986772 -0.706786759077992 -0.669848892870564 -0.633022177625182 -0.596395063818092 -0.560065943666125 -0.52417297634847 -0.488843771338279 -0.454123972322197 -0.420029922349393 -0.386542727705641 -0.353623613173462 -0.321189514285763 -0.289146294263046 -0.257405522229605 -0.225901590924893 -0.194575557904098 -0.163372316370172 -0.132239269200978 -0.101130022326266 -0.0700074328523395 -0.0388651595398399 -0.00770456156299357
-1.09037212709816 -1.04050675956936 -0.990876312532234 -0.941950208883237 -0.894316076999376 -0.848553549060227 -0.805092066975066 -0.764201244807216 -0.725661575506477 -0.689137032782314 -0.654314634496374 -0.620887159548355 -0.588560901833443 -0.557096215228803 -0.526226428683225 -0.495522711450056 -0.464612733191793 -0.433512324902985 -0.402315714368428 -0.371042555201838 -0.339693857474164 -0.308262572735492 -0.276709418452462 -0.244973401731119 -0.212938922318565 -0.180413312507509 -0.14695024213202 -0.112194652759655 -0.0764102353505576 -0.0400153682130187
-1.03801924107106 -0.978619691664758 -0.920346801704284 -0.865356445034784 -0.817177614949697 -0.778458757877631 -0.746953013339589 -0.719704418504238 -0.695815908038507 -0.674617631631313 -0.654289701561271 -0.632724720754422 -0.607799084891615 -0.577324360672941 -0.539533441811623 -0.494409359054183 -0.443026234340935 -0.389072417354061 -0.336501761737336 -0.287715909239036 -0.244728448633559 -0.208795716798615 -0.178145043025151 -0.15073109638767 -0.126446912681669 -0.10543264637129 -0.0868785598742642 -0.0697861660477142 -0.0533518715527358 -0.0368208065014181
1.05671419314069 1.00688985083312 0.964362304087201 0.930682935347047 0.902366319368502 0.875338907784953 0.848211467428253 0.818856366302417 0.77950806190164 0.724471655265076 0.661972732121537 0.603716999372251 0.557820333832091 0.51803929197052 0.477414613587884 0.440483092153457 0.413305335962242 0.396541158943222 0.387962563643563 0.379191101449202 0.360310710955767 0.323469084005626 0.269068925428103 0.20175462169983 0.134882272899725 0.081586836082005 0.045406982599808 0.0265211274673738 0.0212629460444249 0.0250049287770546
-0.993336941006777 -0.959774098219384 -0.926211255395917 -0.892648412441565 -0.859085569205173 -0.825522725550024 -0.79195988145349 -0.758397036930601 -0.724834192032926 -0.691271346821955 -0.657708501362324 -0.624145655719456 -0.590582809974953 -0.557019964275132 -0.523457118778826 -0.489894273630209 -0.456331428967184 -0.422768584917215 -0.389205741579981 -0.35564289895444 -0.322080057014373 -0.288517215725194 -0.254954375018859 -0.2213915348225 -0.187828695077426 -0.154265855734052 -0.120703016765035 -0.0871401781327862 -0.0535773397364689 -0.0200145014594355
-0.883675233982635 -0.954767776906743 -0.988903416244354 -0.975434725538794 -0.931144177831744 -0.87611256032287 -0.816184017345416 -0.755677844099956 -0.707050582122806 -0.680588813917945 -0.669762039524258 -0.663835488364354 -0.651430343921629 -0.618591605922608 -0.560217207585511 -0.509192999852204 -0.492913203123389 -0.478817597911473 -0.430892451059492 -0.359264414621294 -0.285595236953432 -0.227059249786553 -0.18288111834768 -0.149495986999922 -0.130130583154369 -0.124633858073583 -0.112552075378064 -0.0744716289534088 -0.015442121387688 0.0533710425554113
-0.960372606715605 -0.926827442154552 -0.893282277545784 -0.859737112865721 -0.826191948095494 -0.792646783223289 -0.759101618260797 -0.725556453210793 -0.692011288016899 -0.658466122609009 -0.624920956921244 -0.591375790888787 -0.55783062445413 -0.524285457589003 -0.490740290298571 -0.457195122692483 -0.42364995489316 -0.390104786969608 -0.356559618965735 -0.32301445087847 -0.289469282692996 -0.255924114398783 -0.222378946002428 -0.188833777513923 -0.155288608939675 -0.121743440289457 -0.0881982715900831 -0.0546531028671738 -0.0211079341245243 0.0124372346395254
-0.991633985287189 -0.958253713387731 -0.92487412464705 -0.891506213419255 -0.858175843058277 -0.824909195666745 -0.791718859342239 -0.758615076489093 -0.725612300743682 -0.69272507806956 -0.659964112506943 -0.627339147615213 -0.594860684833193 -0.562542257117482 -0.530394440298811 -0.498412950186675 -0.466591454727143 -0.434930290433822 -0.403429313576166 -0.372079790879501 -0.340870841683119 -0.309787923197311 -0.278801844116372 -0.247888198834432 -0.217056373060966 -0.18631760483363 -0.155656750187469 -0.125051731937373 -0.0944791220202073 -0.0639151546533328
-0.915764214649476 -0.915633824221927 -0.915451462054219 -0.913876839314286 -0.903219529331584 -0.876115272881199 -0.832854618359223 -0.776720796595446 -0.715312960533456 -0.655948923163495 -0.600505215548635 -0.549498048270154 -0.504148173016782 -0.468494505907057 -0.445280001111097 -0.429245600575534 -0.413676820186066 -0.39403948380814 -0.367579569568394 -0.336483364658458 -0.304172233536212 -0.273349331807774 -0.243844979672215 -0.214322160978517 -0.181647349582337 -0.142513562706508 -0.0947165010358573 -0.037363025407871 0.0262980461913563 0.091982406488577
1.00236868885467 0.968372236074585 0.934375783147717 0.900379329953074 0.866382876505517 0.832386422856401 0.798389969067189 0.764393515195034 0.730397061269737 0.696400607307514 0.66240415329759 0.628407699222438 0.594411245062417 0.560414790789422 0.526418336366794 0.492421881732133 0.458425426809629 0.424428971495583 0.390432515689556 0.356436059332049 0.322439602373796 0.288443144781694 0.254446686587275 0.220450227837782 0.186453768578668 0.152457308855902 0.118460848719319 0.0844643882287025 0.0504679274797562 0.0164714665771656
-0.960964968582576 -0.945976341355347 -0.93028570183682 -0.912756707350011 -0.890525489874028 -0.860967218807233 -0.824140738568921 -0.780929114186106 -0.732828618095756 -0.681544133372801 -0.629001778234078 -0.577182979681902 -0.528566326621726 -0.487619055571568 -0.458038252972248 -0.438451757343235 -0.42578523034028 -0.41522487408563 -0.402033566376947 -0.383520347247065 -0.357505797287613 -0.32259932687335 -0.280565665511554 -0.233965718275815 -0.185389773372452 -0.137475109586473 -0.0930175848849222 -0.0538522087170808 -0.0178120172791413 0.0182704465459757
-1.01916460011745 -0.981658282455496 -0.944154275140968 -0.906660716531457 -0.869189491974713 -0.83176140717447 -0.794429202268239 -0.757247710934704 -0.720248206583468 -0.683454765931637 -0.646886239195413 -0.610560169965769 -0.574487513031221 -0.538652867970438 -0.503032271322618 -0.467593862678914 -0.432304990952684 -0.397137739294151 -0.362067809708956 -0.327080645387534 -0.292164124816518 -0.257307464337519 -0.22250523171205 -0.187749456736714 -0.153016665928564 -0.118279970960781 -0.0835143274106136 -0.0487020695736708 -0.013853202714929 0.0210153501582931
-0.972027915765256 -0.938033958411185 -0.90404000105488 -0.870046043718501 -0.836052086530849 -0.802058129628226 -0.768064173070289 -0.734070216914084 -0.700076261282841 -0.666082306302789 -0.632088352045941 -0.598094398570761 -0.564100445919825 -0.530106494072178 -0.496112543010882 -0.462118592798617 -0.428124643491477 -0.39413069503962 -0.36013674735588 -0.326142800309754 -0.292148853759901 -0.258154907587787 -0.224160961766099 -0.190167016284082 -0.156173071105998 -0.12217912617978 -0.0881851814130375 -0.0541912367155527 -0.0201972920461378 0.0137966526241382
-0.973633353134284 -0.942204252631494 -0.910740525346362 -0.879205489415405 -0.847561670050398 -0.815777945996168 -0.783849403054501 -0.751777793870612 -0.719565331406479 -0.687212319933459 -0.654710968643667 -0.622051462959406 -0.58922398849676 -0.556218731646933 -0.523027110051476 -0.489645465578217 -0.456078297803308 -0.422357812909923 -0.388518625136862 -0.354577274338404 -0.320545781772693 -0.286436117695005 -0.252260048349129 -0.218030170987868 -0.183762610911561 -0.149473386786262 -0.115174562693358 -0.0808752384134326 -0.0465766111085165 -0.0122779022860028
-1.00492429533045 -0.969043901030679 -0.933163506656513 -0.897283112141732 -0.861402717473599 -0.82552232266258 -0.789641927758467 -0.753761532784463 -0.717881137618087 -0.682000742124032 -0.646120346261383 -0.610239950012824 -0.574359553376984 -0.538479156416279 -0.502598759203564 -0.466718361789674 -0.43083796422585 -0.394957566586973 -0.359077168922745 -0.323196771158504 -0.287316373188497 -0.251435974925325 -0.215555576354987 -0.179675177505994 -0.143794778503496 -0.107914379480046 -0.0720339805011628 -0.0361535815981774 -0.000273182732699946 0.03560721615109
-0.988968860303666 -0.954669784520646 -0.920370708829995 -0.886071633349756 -0.851772558188802 -0.817473483443214 -0.783174409167081 -0.748875335371647 -0.714576261938754 -0.680277188738184 -0.645978115720879 -0.611679042858071 -0.577379970137076 -0.543080897609544 -0.50878182534111 -0.474482753388999 -0.440183681818966 -0.405884610739269 -0.371585540254394 -0.337286470411225 -0.302987401242242 -0.268688332769462 -0.23438926497304 -0.20009019781066 -0.165791131191984 -0.13149206499969 -0.0971929990565545 -0.0628939331953524 -0.0285948673487428 0.00570419852564321
-0.980625101362608 -0.945932760330466 -0.911240419269913 -0.876548078212795 -0.841855737245281 -0.807163396453492 -0.772471055869054 -0.737778715519784 -0.703086375472745 -0.668394035803767 -0.633701696584484 -0.599009357885486 -0.56431701976789 -0.529624682254938 -0.494932345349084 -0.460240009007489 -0.425547673203659 -0.390855338021768 -0.356163003554328 -0.321470669816539 -0.286778336804276 -0.252086004482972 -0.217393672696297 -0.182701341283671 -0.148009010189285 -0.113316679367978 -0.0786243487124274 -0.0439320181180853 -0.00923968755366534 0.0254526429938032
-1.04628389358973 -0.991482311165726 -0.941092000605837 -0.893076646395866 -0.848670395949983 -0.808849576662945 -0.770288772923497 -0.730724806164849 -0.6964451890041 -0.673940076498039 -0.661959502278327 -0.657318469620344 -0.654377696291087 -0.637680758024022 -0.594768870947218 -0.534990954800673 -0.472147435076871 -0.416037056666297 -0.373356028382465 -0.342392095332972 -0.319330886698939 -0.300149402872429 -0.279990129089273 -0.255167325809254 -0.227516869544196 -0.198699017342026 -0.164149932343061 -0.1189737326767 -0.0631704503362847 0.00203590421885906
-0.98732113690939 -0.952427763269408 -0.917534389507244 -0.882641015501855 -0.847747641141949 -0.812854266361985 -0.777960891269688 -0.74306751599938 -0.708174140618514 -0.673280765173207 -0.638387389691084 -0.603494014195149 -0.568600638709299 -0.533707263261012 -0.498813887879767 -0.463920512599472 -0.429027137464302 -0.394133762555065 -0.359240387956946 -0.324347013735983 -0.289453639953434 -0.254560266640312 -0.219666893706671 -0.18477352104391 -0.149880148589779 -0.114986776297554 -0.0800934041362665 -0.045200032076494 -0.0103066600792374 0.0245867118968966
-0.947341543621134 -0.918099590949214 -0.888831745007262 -0.859524881587439 -0.830159411920982 -0.800705701853254 -0.771100400247032 -0.741266313506876 -0.711104595187043 -0.680525539198579 -0.649497653729973 -0.618004000539078 -0.586041361398833 -0.553661398142551 -0.520923511701538 -0.487863179338705 -0.454508253549134 -0.420880011424967 -0.387000613147076 -0.352902326654205 -0.318619946824564 -0.284192686787212 -0.249677432674611 -0.215132448358871 -0.180603835667295 -0.146127750214305 -0.111712724807618 -0.0773574921998541 -0.0430492077299483 -0.00877213238341439
-1.04544941730243 -1.00528307696113 -0.965159951846502 -0.925113645864366 -0.885202552395555 -0.845486146479386 -0.806003440314134 -0.766796105071454 -0.727936910657571 -0.689501002214121 -0.651541927089815 -0.614107833185132 -0.577232353114976 -0.540891058351956 -0.505046249996912 -0.4696652088059 -0.434720412555236 -0.400200147447061 -0.366092519606101 -0.332369106421588 -0.298997353098884 -0.265932241593903 -0.233078900864776 -0.200340291012748 -0.167660549709317 -0.134994582513679 -0.102299188965562 -0.0695440235183469 -0.0367482662995021 -0.00394347885501572
0.987465382614107 0.953696886261873 0.919928389641839 0.886159892499263 0.852391394694318 0.81862289614201 0.78485439686173 0.751085896907876 0.717317396370473 0.683548895329414 0.649780393788423 0.616011891732183 0.582243389164643 0.548474886166822 0.514706382841308 0.480937879299887 0.447169375684571 0.413400872249054 0.379632369253935 0.345863866875732 0.312095365269944 0.278326864562818 0.244558364763589 0.210789865831971 0.177021367646611 0.143252870051377 0.109484372832084 0.0757158757881493 0.0419473788314407 0.0081788819019408
0.956791746582618 0.926491736945879 0.896209245435831 0.865944728473429 0.835672633268045 0.805364015126082 0.775002370953664 0.744570786058373 0.714038257753908 0.683370837639314 0.652536882448918 0.621505325200866 0.590241456175246 0.558695994699923 0.526825781059226 0.494626710315556 0.462104329549204 0.429263739133941 0.396106838777301 0.3626231722284 0.328799194246746 0.294626935321228 0.260120728858253 0.22531491216942 0.190301535269596 0.155176084105671 0.119990075649379 0.0847797790452519 0.0495644411041665 0.0143590530535857
-0.977246012407019 -0.94392210392429 -0.910598195285151 -0.877274286380924 -0.843950377190602 -0.810626467727546 -0.777302558054928 -0.743978648240129 -0.710654738317573 -0.677330828310743 -0.64400691823233 -0.610683008092326 -0.577359097917891 -0.544035187804841 -0.510711277864501 -0.477387368201558 -0.444063458937258 -0.410739550265704 -0.377415642373371 -0.344091735343362 -0.310767829232938 -0.277443924074513 -0.244120019801113 -0.210796116297141 -0.177472213351892 -0.144148310739295 -0.110824408266922 -0.0775005057852955 -0.0441766032831034 -0.0108527007835729
-0.988145012778903 -0.960049336683485 -0.932049970111051 -0.904227945354612 -0.876579734809583 -0.849033319179617 -0.821327272298891 -0.793185643584414 -0.764463791653994 -0.735050511507165 -0.704837034469562 -0.673715200948349 -0.641592988226184 -0.608442921087713 -0.574258840603409 -0.539055305485082 -0.502873239983214 -0.465838312861643 -0.428083776528801 -0.389688473458132 -0.350717643639333 -0.311245466038884 -0.271381875530382 -0.231245299555675 -0.190952379922482 -0.150613845554151 -0.110318559470682 -0.0701313210285732 -0.030042540833636 0.00997596769598618
-1.02096128636076 -0.986101869392237 -0.951242452396786 -0.916383035350185 -0.881523618235726 -0.846664201044149 -0.811804783788457 -0.776945366498839 -0.742085949251985 -0.707226532126512 -0.672367115162254 -0.637507698389352 -0.602648281822258 -0.567788865412683 -0.532929449100306 -0.498070032839421 -0.463210616595067 -0.428351200360641 -0.3934917841243 -0.358632367824904 -0.323772951388983 -0.288913534740653 -0.254054117794377 -0.219194700462676 -0.184335282659982 -0.149475864345244 -0.114616445653578 -0.0797570267480689 -0.0448976077275176 -0.0100381886746526
