-0.975624397978678 -0.942594226963592 -0.909564056099649 -0.876533885556443 -0.843503715443583 -0.810473545853192 -0.777443376867464 -0.744413208571832 -0.711383041074619 -0.678352874457527 -0.645322708672881 -0.612292543640664 -0.579262379281268 -0.546232215516736 -0.513202052319621 -0.480171889862862 -0.447141728336552 -0.414111567799002 -0.381081408269827 -0.348051249745631 -0.315021092217264 -0.281990935680735 -0.248960780152688 -0.215930625613422 -0.182900471877222 -0.149870318720866 -0.116840165937129 -0.0838100133442471 -0.0507798608463051 -0.0177497083688488
-0.991457816297029 -0.958855692093804 -0.926253567891439 -0.893651443709789 -0.861049319575679 -0.828447195527996 -0.795845071646909 -0.76324294799323 -0.730640824509064 -0.698038701117346 -0.665436577783039 -0.632834454481614 -0.60023233124162 -0.567630208303927 -0.535028085931378 -0.502425964262402 -0.469823843391428 -0.437221723361286 -0.404619604181204 -0.372017485777591 -0.339415368056155 -0.306813250924776 -0.274211134300039 -0.241609018086965 -0.209006902135631 -0.176404786305002 -0.143802670544574 -0.111200554830091 -0.0785984391517757 -0.0459963235034693
-0.978902011191201 -0.945567901650011 -0.912233792074428 -0.878899682481407 -0.845565572955698 -0.812231463592561 -0.77889735446151 -0.745563245611583 -0.712229137035678 -0.678895028706229 -0.64556092056998 -0.612226812567251 -0.578892704622263 -0.545558596594829 -0.512224488342939 -0.478890379781679 -0.445556270836215 -0.412222161414936 -0.378888051444962 -0.345553940945102 -0.312219829957088 -0.278885718542667 -0.245551606843647 -0.212217494990131 -0.178883382985354 -0.145549270810061 -0.112215158481912 -0.0788810460298315 -0.0455469334908823 -0.0122128209041627
-1.01599262163241 -0.980922942115587 -0.945853262763807 -0.910783583716132 -0.875713905047682 -0.840644226818392 -0.805574549091401 -0.770504871891124 -0.735435195083893 -0.700365518506162 -0.66529584203296 -0.63022616554896 -0.59515648896058 -0.56008681226122 -0.525017135443063 -0.489947458406431 -0.454877781061969 -0.419808103453475 -0.38473842565933 -0.349668747763095 -0.314599069849626 -0.279529391972234 -0.244459714058048 -0.209390036031628 -0.174320357933426 -0.139250679821996 -0.104181001712392 -0.0691113236057447 -0.0340416454909938 0.00102803264596941
-0.958150756542362 -0.924868386506332 -0.891586016462082 -0.858303646442191 -0.825021276559013 -0.791738906922469 -0.758456537552975 -0.725174168451745 -0.691891799632694 -0.658609431122745 -0.625327062988156 -0.592044695305019 -0.558762328112747 -0.525479961304047 -0.492197594742547 -0.458915228322278 -0.42563286195536 -0.392350495595861 -0.359068129219187 -0.325785762844122 -0.2925033965003 -0.259221030216147 -0.22593866401527 -0.192656297920845 -0.159373931959161 -0.126091566146066 -0.0928092004525474 -0.0595268348411226 -0.0262444692852926 0.00703789623869555
-0.891723045663677 -0.902449512834034 -0.900730331692723 -0.872620805832707 -0.830846921076104 -0.791051028813689 -0.753870260481694 -0.717637930088854 -0.686477301888428 -0.663467631243075 -0.641722187708526 -0.611862744388777 -0.568079861823768 -0.518839250297213 -0.475220807938352 -0.444486034514754 -0.43088723480662 -0.430458332006343 -0.436194177806178 -0.437151719485624 -0.421403428220992 -0.380329862133489 -0.318543927123908 -0.245297234640348 -0.175163870540543 -0.121165630715471 -0.0847926767794558 -0.0646323218880999 -0.0591921196387781 -0.0669596837393081
-0.998960864048914 -0.962815663458471 -0.92667046271739 -0.890525261682018 -0.854380060243913 -0.818234858322911 -0.782089655916756 -0.745944453049368 -0.709799249771443 -0.673654046141729 -0.637508842224403 -0.601363638085 -0.565218433790641 -0.529073229414788 -0.492928025038938 -0.456782820770363 -0.420637616707343 -0.38449241288641 -0.348347209298549 -0.312202005814322 -0.276056802274178 -0.239911598522899 -0.203766394422579 -0.167621189860039 -0.131475984803685 -0.095330779261323 -0.059185573316777 -0.0230403670747579 0.0131048393524941 0.0492500458508567
-0.910193582052008 -0.954857296329156 -0.976802739425127 -0.967088172349692 -0.926238373298259 -0.859375586042549 -0.780545399473919 -0.708206245059043 -0.669544579446251 -0.681335629969596 -0.709981681524373 -0.709291783396183 -0.648891808551615 -0.561674924681188 -0.491021632812826 -0.45899447260014 -0.468863808053321 -0.4700492619832 -0.415988726168676 -0.330043909460284 -0.253057474976466 -0.213503414801264 -0.190381036881121 -0.157886229130792 -0.120475883475874 -0.0902690093365125 -0.07977208210018 -0.0977188587869578 -0.137364756980021 -0.18809560940332
-1.01447472049486 -0.977375158944465 -0.937656674343561 -0.893517672217627 -0.843053991699341 -0.785744667313184 -0.726704081543648 -0.671936968763885 -0.625374122941687 -0.590113975537877 -0.567999448390768 -0.560559585933044 -0.566812914858111 -0.575735890902254 -0.573987965995926 -0.549002647803364 -0.494139175276873 -0.425685656787247 -0.362363574336248 -0.309699035031027 -0.269919302255079 -0.24467164000336 -0.233283314716659 -0.231772179492799 -0.225238431611895 -0.199742165401953 -0.15610071920025 -0.0988016139613334 -0.0322558570995522 0.0391446723557925
-1.08320597550119 -1.05007159376866 -1.01690167579847 -0.983225623402248 -0.948402455678068 -0.911842091803056 -0.873328433984053 -0.832718957510758 -0.789791446974589 -0.744460224527232 -0.697265453259718 -0.648903756497913 -0.600083240865101 -0.551557946174231 -0.504190133745278 -0.459229017736661 -0.417766756823143 -0.37988033490644 -0.345255883392436 -0.313031298476742 -0.282207417552399 -0.251918564385102 -0.221833008231161 -0.19174190798392 -0.16139403559424 -0.130568587233736 -0.0992088428995043 -0.067333844534885 -0.0351015980427103 -0.00270485031568508
-1.00653178801581 -0.969830829489567 -0.933129870978713 -0.896428912475732 -0.859727954007887 -0.823026995600155 -0.786326037233592 -0.749625078883301 -0.712924120544493 -0.676223162184332 -0.639522203637657 -0.602821244706232 -0.566120285201572 -0.529419324974214 -0.492718363860256 -0.456017401599044 -0.419316437922347 -0.382615472628404 -0.345914505581658 -0.309213536844915 -0.27251256653057 -0.235811594779245 -0.199110621844461 -0.16240964797982 -0.12570867332634 -0.0890076980171385 -0.0523067222662953 -0.0156057462864585 0.021095229796424 0.0577962058780789
-0.983776132419814 -0.964092313236669 -0.944395868750165 -0.924056476725248 -0.901918214545414 -0.876802320326655 -0.847964275496416 -0.814952858193084 -0.778055790087382 -0.73775985687823 -0.694609156845013 -0.649162116412233 -0.602081905549089 -0.554450668403572 -0.507418217442295 -0.461986064227574 -0.419029795101379 -0.379069596428615 -0.342347529851753 -0.308348558100604 -0.276368369176816 -0.245610604866603 -0.214910722094448 -0.183429214922775 -0.151994910827523 -0.121616925284421 -0.0923571923548492 -0.0640213877426538 -0.0363373351358826 -0.00901339521863453
-0.985138927330625 -0.952172910721286 -0.919206894219221 -0.886240877892541 -0.853274861702652 -0.820308845601076 -0.787342829606514 -0.754376813754203 -0.721410798078364 -0.688444782593269 -0.655478767234412 -0.622512751917593 -0.58954673656235 -0.556580721103165 -0.52361470549489 -0.490648689758924 -0.457682673941263 -0.424716658119759 -0.391750642370896 -0.358784626733838 -0.325818611238415 -0.292852595924108 -0.259886580868992 -0.226920566137272 -0.193954551699074 -0.160988537487039 -0.128022523377932 -0.0950565092603927 -0.0620904951264306 -0.0291244809938974
-1.00715183429141 -0.980212180548663 -0.953447628139251 -0.927043766187261 -0.900897083585088 -0.874779242976601 -0.848251702243256 -0.820816104114148 -0.791945035471328 -0.761181837003585 -0.728381920473672 -0.69347871541284 -0.656483376769335 -0.61771796115939 -0.577577925697512 -0.536441427823295 -0.494648565254939 -0.452404496499971 -0.409865122454541 -0.367124252779967 -0.324260174328859 -0.281344532181587 -0.23842240432956 -0.195573571856803 -0.153043195306765 -0.111060895213859 -0.0696287526169233 -0.02867340933404 0.0119527102041714 0.0524157359139563
-1.00833433803905 -0.97292466601538 -0.937514994031484 -0.902105322131096 -0.866695650337359 -0.831285978673112 -0.795876307180566 -0.7604666358834 -0.725056964711786 -0.689647293565216 -0.654237622313956 -0.61882795082097 -0.583418278969926 -0.548008606727315 -0.512598934051354 -0.477189260784325 -0.441779586763173 -0.40636991191943 -0.370960236213504 -0.335550559626722 -0.300140882145638 -0.264731203790513 -0.229321524716422 -0.193911845111643 -0.158502165162439 -0.12309248503939 -0.0876828048523504 -0.0522731246771592 -0.0168634445143111 0.0185462356545354
-1.01734615579749 -0.983353071468265 -0.949356225772927 -0.915343717792063 -0.881289798538106 -0.847166469707645 -0.812950583802048 -0.778620380046091 -0.744154793753392 -0.70953744196983 -0.674769972581469 -0.639858541184421 -0.604810450562157 -0.569637592247598 -0.53435260222069 -0.498966505500033 -0.46349065267104 -0.427939307547718 -0.392322159226935 -0.356627684708408 -0.320839057967562 -0.284940213826644 -0.248918130495187 -0.212768327256241 -0.176517444299648 -0.140197896055876 -0.103834073011107 -0.0674458554879137 -0.0310431070987072 0.00536681272164036
-1.0528792220105 -1.00552865106512 -0.958967458880807 -0.913778848861231 -0.870119241222078 -0.828013421632877 -0.787386420766535 -0.748190535820933 -0.710586885090453 -0.674774756184647 -0.640897292877248 -0.60908360298303 -0.57933672474908 -0.551155418151725 -0.523863479622848 -0.49658912968732 -0.468549725893272 -0.439514749788885 -0.409315111159625 -0.377475308740038 -0.34344323850194 -0.306731740640404 -0.267113432243533 -0.224533709385578 -0.179369307192345 -0.132196962627154 -0.0839620809518071 -0.0355516287383667 0.0127498504985667 0.0608084190087572
-0.894243853502396 -0.917172882888709 -0.928008519856238 -0.922291212525606 -0.901810138442928 -0.867941404634913 -0.814160106625152 -0.737452104794829 -0.65674733045861 -0.593037275413001 -0.553615602448377 -0.542351517103581 -0.557022961272382 -0.571042822268249 -0.560147783596126 -0.53373476810716 -0.503919028980716 -0.460028901362822 -0.392336821380466 -0.317678547117806 -0.259530667148292 -0.233845239301975 -0.22647619843531 -0.219152748191201 -0.20720329033193 -0.187984599189202 -0.153367741253011 -0.096057099854649 -0.0175760335323067 0.0783473553741025
-1.00083696521112 -0.966128826839463 -0.931420688501923 -0.896712550229355 -0.86200441205684 -0.827296274034291 -0.792588136266735 -0.757879998844336 -0.723171861742708 -0.688463724899979 -0.653755588218887 -0.619047451593325 -0.584339314905874 -0.549631177993867 -0.51492304072379 -0.480214903123988 -0.44550676526181 -0.41079862719876 -0.37609048897452 -0.341382350547342 -0.30667421185512 -0.271966072850634 -0.237257933546208 -0.202549793964188 -0.167841654107459 -0.133133513990027 -0.0984253736898532 -0.0637172332923677 -0.0290090928489266 0.0056990475976323
1.04240813470003 1.00530635740107 0.968204579989855 0.931102802282298 0.894001024116002 0.85689924537261 0.819797466088211 0.782695686344465 0.745593906250875 0.708492125899148 0.671390345281966 0.634288564367253 0.597186783128433 0.560085001560927 0.522983219703922 0.485881437749658 0.448779655897995 0.411677874226191 0.374576092772484 0.337474311541633 0.300372530530028 0.263270749748394 0.226168969264813 0.189067189136592 0.151965409320582 0.114863629741722 0.0777618502977741 0.0406600708952132 0.00355829150255204 -0.0335434878961874
-0.965168884117243 -0.931074323043268 -0.896979761836298 -0.862885200371876 -0.828790638544481 -0.794696076225137 -0.760601513172107 -0.726506949128402 -0.692412383888771 -0.658317817303385 -0.624223249392358 -0.590128680218289 -0.556034109837512 -0.521939538281296 -0.487844965591433 -0.453750391876865 -0.41965581727031 -0.385561241932415 -0.351466666040771 -0.317372089812791 -0.283277513475845 -0.249182937211123 -0.215088361015096 -0.180993784853023 -0.146899208750018 -0.112804632742325 -0.0787100568508335 -0.0446154810815391 -0.0105209053962074 0.0235736702544533
1.02582870067704 0.990507065380822 0.955185429986265 0.919863794429216 0.884542158691459 0.84922052278719 0.813898886814337 0.778577250878016 0.743255615028373 0.707933979302942 0.672612343743772 0.637290708394044 0.601969073283763 0.566647438390245 0.531325803695292 0.496004169251336 0.46068253512381 0.425360901359498 0.39003926798859 0.354717634993528 0.319396002344822 0.284074370003703 0.248752737894307 0.213431105910791 0.178109473864524 0.142787841595213 0.107466209138723 0.0721445765729526 0.0368229439477692 0.00150131130603363
-1.00343335113105 -0.967337639817666 -0.931250587986052 -0.895190006818964 -0.859169044296888 -0.823200374491544 -0.787299439041852 -0.751482307570949 -0.715764794071616 -0.680174574770958 -0.644787030463742 -0.609689468086645 -0.574965653721431 -0.540685190030194 -0.506897139352424 -0.473582566156862 -0.440698041589126 -0.4081701613731 -0.375925032419636 -0.3439167818092 -0.312106541664663 -0.280460118248768 -0.24896201438374 -0.217592117301285 -0.186293155311546 -0.155009682084759 -0.123730711653101 -0.0924566490098291 -0.061189002630598 -0.0299295568616598
1.01016365212983 0.975903705101397 0.941643758136233 0.907383811265144 0.873123864392803 0.838863917405276 0.804603970240345 0.770344022853193 0.736084075216898 0.701824127309525 0.667564179111181 0.633304230602484 0.599044281757067 0.564784332520616 0.530524382828171 0.496264432600126 0.462004481768129 0.427744530323467 0.393484578257199 0.359224625499812 0.324964671966651 0.290704717614182 0.256444762563349 0.222184806976912 0.187924851020401 0.153664894850599 0.119404938586527 0.0851449823223901 0.0508850260908992 0.0166250699093901
-1.04037676789465 -1.00487887647445 -0.96936656778773 -0.933823681409513 -0.898237994673949 -0.862596529667731 -0.82687934972861 -0.791061180271798 -0.755102353771285 -0.718962245960402 -0.682610798551077 -0.646020594749882 -0.609170801567936 -0.572066921234519 -0.53471999999691 -0.497136924956213 -0.459324410400591 -0.421292638512616 -0.383057987051576 -0.3446581481892 -0.30613614270033 -0.267537288983934 -0.228916095935486 -0.190321168421328 -0.151768304694768 -0.113262920415753 -0.074801707483815 -0.0363773119635446 0.00202507965984053 0.0404221457959647
0.995481460643601 0.960231842566596 0.924982224454421 0.889732606277975 0.854482987996729 0.819233369561542 0.78398375090023 0.748734131920535 0.713484512472953 0.678234892402832 0.642985271592177 0.607735649932161 0.572486027359426 0.537236403992519 0.501986779965028 0.466737155288818 0.431487529943462 0.396237903901099 0.360988277134208 0.325738649624091 0.290489021354251 0.255239392312597 0.219989762504643 0.184740131961744 0.149490500800981 0.114240869182895 0.078991237356113 0.0437416055482641 0.00849197381489096 -0.026757657831485
-0.977106613422099 -0.941899894509127 -0.906693175679656 -0.871486457024749 -0.836279738524211 -0.801073020132882 -0.765866301817003 -0.730659583567011 -0.695452865458728 -0.660246147559213 -0.625039429815096 -0.589832712142903 -0.554625994448329 -0.519419276593772 -0.484212558436564 -0.449005839857092 -0.413799120790281 -0.37859240136615 -0.343385681758723 -0.308178962122951 -0.272972242609013 -0.23776552333576 -0.202558804296711 -0.167352085466224 -0.132145366867344 -0.0969386485068687 -0.0617319302779381 -0.0265252120648426 0.00868150616985958 0.0438882244440429
-0.978073698754656 -0.944633200721284 -0.911192702838328 -0.877752205231646 -0.844311707979153 -0.810871211151018 -0.777430714834384 -0.743990219091404 -0.710549723867271 -0.677109229113634 -0.643668734924894 -0.610228241431142 -0.576787748750897 -0.543347256956385 -0.509906766105229 -0.476466276242915 -0.443025787407556 -0.409585299619904 -0.376144812884033 -0.342704327154656 -0.309263842374147 -0.275823358460286 -0.242382875232482 -0.208942392495015 -0.175501910090016 -0.142061427884104 -0.108620945803979 -0.0751804637958433 -0.0417399818237963 -0.00829949985641438
-1.04286677784651 -1.00396437128812 -0.965076235509963 -0.926204960447899 -0.887360221252582 -0.84855368296004 -0.809797884932999 -0.77110979853473 -0.73252324880399 -0.694076059457005 -0.6558051952444 -0.617747406175398 -0.579934715174799 -0.54238023682971 -0.505090199599258 -0.468062195768326 -0.431290683461168 -0.394766220333729 -0.358476686573304 -0.322403152960857 -0.286524987925777 -0.250821480949525 -0.215271605721869 -0.179850272371696 -0.144516452576065 -0.109229983538017 -0.0739701030163566 -0.0387235847059785 -0.00348794549035741 0.031736611949886
-0.985828265335993 -0.952084053447432 -0.918339841418696 -0.88459562907729 -0.850851416221828 -0.817107202657691 -0.783362988246232 -0.749618772888852 -0.715874556591175 -0.682130339405466 -0.648386121466347 -0.614641902929026 -0.58089768393981 -0.547153464609387 -0.513409245051041 -0.479665025424064 -0.445920805847044 -0.412176586229741 -0.378432366467331 -0.344688146605483 -0.310943926727487 -0.277199706922126 -0.243455487300158 -0.209711267953757 -0.175967048878802 -0.142222830048709 -0.10847861144336 -0.0747343930361364 -0.0409901747679512 -0.00724595657160039
-1.03844115581877 -1.00218663755087 -0.965932119255214 -0.929677600938084 -0.893423082645805 -0.857168564431123 -0.820914046332421 -0.784659528408213 -0.748405010811897 -0.71215049368586 -0.67589597703354 -0.639641460823638 -0.603386945016076 -0.56713242953566 -0.53087791432406 -0.494623399425527 -0.458368884920504 -0.422114370931637 -0.385859857562239 -0.349605344796109 -0.313350832587165 -0.277096320872902 -0.240841809525116 -0.204587298396632 -0.168332787330079 -0.132078276179507 -0.095823764854832 -0.0595692533058442 -0.0233147415859489 0.0129397702255446
-0.989849283719402 -0.954524677152918 -0.919190397456219 -0.883839863184089 -0.848479271426786 -0.813122049254085 -0.777797765118346 -0.742537052417126 -0.707358662946188 -0.672276999470176 -0.637300950231052 -0.602438024840106 -0.567695238333061 -0.533077627443367 -0.498589836280655 -0.464236916761539 -0.430023933781996 -0.395955596348469 -0.362033677441958 -0.328248561831249 -0.294587787232069 -0.261036969190644 -0.227574034575186 -0.194176546242527 -0.160828299682008 -0.127514733640168 -0.0942216272598315 -0.0609369364921966 -0.0276569841256727 0.0056198153420283
0.991803367135436 0.956130471558955 0.920457575911494 0.884784680092181 0.849111783954949 0.813438887343999 0.777765990109804 0.742093092126831 0.706420193359245 0.670747293794707 0.635074393425178 0.599401492243695 0.563728590281633 0.528055687723727 0.492382784768733 0.456709881518128 0.421036978016436 0.385364074177641 0.349691169896713 0.3140182651231 0.278345359819864 0.242672453968435 0.206999547623703 0.17132664087107 0.135653733844527 0.0999808266753926 0.0643079194356796 0.0286350121730928 -0.00703789510260635 -0.0427108023911416
-0.992598749070057 -0.957421360283799 -0.922243971547939 -0.887066582866763 -0.851889194181981 -0.816711805433749 -0.781534416618582 -0.746357027742664 -0.711179638794499 -0.676002249766142 -0.640824860681521 -0.605647471572531 -0.570470082473113 -0.535292693425378 -0.500115304480077 -0.464937915714346 -0.429760527230054 -0.394583139201631 -0.359405751761404 -0.324228364800738 -0.289050978150752 -0.253873591651193 -0.21869620517631 -0.183518818624394 -0.148341431955407 -0.113164045151082 -0.0779866582185669 -0.0428092711739513 -0.00763188404366294 0.027545503143285
-1.03137366097805 -0.994939102597078 -0.958504544056027 -0.92206998522868 -0.8856354261405 -0.849200866866191 -0.812766307525728 -0.776331748248927 -0.739897189159694 -0.703462630371078 -0.667028071958623 -0.630593513988493 -0.594158956521219 -0.557724399594785 -0.521289843245289 -0.484855287523826 -0.448420732464346 -0.411986178017207 -0.375551624092631 -0.339117070523868 -0.302682517124926 -0.266247963719582 -0.229813410170679 -0.193378856367684 -0.156944302267477 -0.120509747852259 -0.0840751931381092 -0.047640638159091 -0.0112060829873391 0.0252284722954946
-1.00058430390487 -0.965839969315289 -0.931074902916228 -0.896269598322886 -0.861397021496609 -0.826429718109239 -0.791346080328454 -0.756131882252117 -0.720796579202992 -0.685353621868519 -0.649808761169945 -0.614165823086969 -0.578426187595863 -0.542581450659188 -0.506619480934554 -0.470523021873461 -0.434274963992177 -0.397863911272138 -0.361279635864694 -0.324510869135691 -0.287546082254598 -0.250382471129253 -0.213052130620979 -0.175596100048447 -0.138056297606254 -0.100469772797769 -0.0628532214855426 -0.025216788145849 0.0124352346493317 0.0501000173040923
-0.995785982322139 -0.960566545058138 -0.925347929544981 -0.890130938018148 -0.854914697865076 -0.819697282020724 -0.784474220458188 -0.749240455273471 -0.713991120016089 -0.678722227223252 -0.643433113929451 -0.608123948293498 -0.572794440658301 -0.537442470103169 -0.502065320459717 -0.466659725832382 -0.431222710022522 -0.395753005346344 -0.36025048655311 -0.324717889609459 -0.289158665786375 -0.253576900366676 -0.217979214680529 -0.182372268171319 -0.146760336687956 -0.111146582727014 -0.0755320989702 -0.0399174104302054 -0.00430284125852603 0.0313113346086411
-0.954808641552508 -0.932511939093818 -0.910146076943021 -0.887796902031129 -0.86547561801838 -0.842945788597203 -0.819055060859565 -0.792528130035896 -0.762513800510926 -0.728486379495434 -0.690798076350088 -0.650020575973029 -0.606763692783591 -0.561789759285877 -0.515820242628259 -0.46926063045141 -0.422439277342274 -0.375691985180557 -0.329505478625873 -0.284962726164686 -0.243295757240172 -0.205431469378254 -0.171076232435833 -0.139748946224881 -0.111439158046679 -0.0860948098790123 -0.0630267749163612 -0.0414604489976076 -0.020916387322533 -0.00098893493114403
1.01957586921635 0.98469945131137 0.94982303339854 0.914946615454596 0.880070197443344 0.845193779320513 0.81031736102246 0.775440942488039 0.740564523685469 0.705688104604051 0.670811685288058 0.635935265795502 0.601058846186882 0.566182426532639 0.53130600691457 0.496429587449968 0.461553168240151 0.426676749287052 0.391800330605558 0.35692391236175 0.322047494759508 0.287171077979012 0.252294662105635 0.217418247187298 0.182541833216923 0.147665420148096 0.112789007832067 0.0779125960871159 0.0430361847019772 0.00815977345799951
-0.906010402663605 -0.891542148361464 -0.876898056276845 -0.861708252349315 -0.845276078225753 -0.826963365167721 -0.806692687188208 -0.784419279554594 -0.75966827980041 -0.731973914845974 -0.701336866892582 -0.667874431961777 -0.631802368000346 -0.593730280656041 -0.554345814166191 -0.514254919425453 -0.473981065289783 -0.433799485803 -0.393849618473485 -0.353975949480003 -0.313949227168918 -0.273780955303993 -0.234445659318592 -0.196966036392259 -0.161594449019652 -0.128313168430974 -0.0967944354834993 -0.0666113421924617 -0.0372504155778669 -0.00817654141091339
-1.01823009235137 -0.98492275477305 -0.951607251716539 -0.918265343414892 -0.884841642201065 -0.851265846034912 -0.817445143283977 -0.783302988084045 -0.748850407236174 -0.714119598861194 -0.67913987369376 -0.643939820621978 -0.60854041604738 -0.572932186425182 -0.537098271616788 -0.50102271505466 -0.464681937467452 -0.428020965197532 -0.390980415106884 -0.353514660522231 -0.315581513886484 -0.277155865569214 -0.238280917646639 -0.199025060693898 -0.159489127575166 -0.119768225328901 -0.0799021154016648 -0.0399184479158823 0.000148226710665559 0.0402616329863589
-0.955757202331358 -0.96986529777975 -0.96736464495305 -0.918625127332437 -0.842226228792508 -0.768267344621491 -0.724717915368719 -0.726947754008657 -0.742058117955214 -0.733735764303567 -0.700278004434547 -0.648634788300392 -0.588601213848896 -0.541352971010063 -0.522184988409235 -0.511488557470892 -0.485860142454704 -0.441620536161966 -0.383066477300214 -0.326674159660329 -0.29196464080403 -0.291141603770907 -0.307139233512027 -0.316735548287413 -0.301353397681405 -0.249413576964804 -0.172683832829905 -0.0869584942877301 -0.000791268202704148 0.0790742940973964
0.95695656596604 0.926104548297246 0.895252530712273 0.864400513285402 0.833548496048115 0.802696479014174 0.77184446216928 0.740992445501815 0.710140429038945 0.679288412814617 0.648436396851108 0.617584381167777 0.586732365771719 0.555880350620956 0.525028335659864 0.494176320827305 0.463324306053239 0.432472291237548 0.401620276305313 0.3707682613125 0.33991624634779 0.309064231477103 0.278212216675297 0.247360201894126 0.216508187083999 0.185656172198921 0.154804157208639 0.123952142096216 0.0931001268822442 0.0622481115966962
-0.983386406757787 -0.95107627628353 -0.91876614594634 -0.886456015881472 -0.854145886215219 -0.821835757053169 -0.789525628427055 -0.757215500358945 -0.724905372906114 -0.692595246086609 -0.66028511972637 -0.627974993603307 -0.59566486749021 -0.563354741139395 -0.531044614311377 -0.498734486819952 -0.466424358491968 -0.434114229153199 -0.401804098660853 -0.369493966998952 -0.337183834183219 -0.30487370022515 -0.27256356511932 -0.24025342885035 -0.207943291379969 -0.1756331527379 -0.14332301324872 -0.111012873271727 -0.0787027330102378 -0.0463925926285731
-0.938052641331292 -0.907777189489844 -0.877501737642279 -0.847226285825687 -0.816950834156622 -0.786675382756193 -0.756399931684281 -0.726124480975227 -0.695849030622451 -0.665573580596699 -0.635298130818955 -0.605022681197759 -0.574747231671472 -0.544471782297726 -0.514196333152287 -0.483920884264177 -0.453645435656041 -0.423369987371747 -0.393094539449801 -0.362819091886013 -0.332543644665519 -0.302268197763659 -0.27199275111657 -0.241717304654018 -0.211441858319481 -0.181166412054188 -0.150890965776677 -0.120615519421184 -0.0903400730074319 -0.060064626576515
-1.01910651240897 -0.984442368231739 -0.949778223987713 -0.915114079612546 -0.880449935081706 -0.845785790385521 -0.811121645533943 -0.776457500560988 -0.741793355577306 -0.707129210710217 -0.672465066077086 -0.637800921792788 -0.603136777955268 -0.568472634594745 -0.533808491733878 -0.499144349432807 -0.464480207742933 -0.429816066643219 -0.395151926078421 -0.3604877859289 -0.32582364605892 -0.291159506339925 -0.256495366672081 -0.22183122697157 -0.187167087189944 -0.152502947310479 -0.117838807407997 -0.0831746675608184 -0.0485105277696916 -0.0138463880159742
-0.962400752239461 -0.931075508292954 -0.899785538647556 -0.86855431193918 -0.837386233979927 -0.806273229268426 -0.775176359873238 -0.744042616425537 -0.712793566237026 -0.68135159108646 -0.649667753940269 -0.617700288061806 -0.58541398593206 -0.552799876902578 -0.519862313413698 -0.48663270339036 -0.453142982734768 -0.419400143773578 -0.385408096036713 -0.351183361442714 -0.316745615007276 -0.282108983085344 -0.247265397388858 -0.212208035793247 -0.176957255470903 -0.141537741072447 -0.105964307864452 -0.0702550994664908 -0.0344514422941771 0.00139954153786512
-1.00204543629335 -0.968247912395973 -0.934450388524547 -0.900652864707838 -0.866855341044474 -0.833057817658398 -0.799260294704954 -0.765462772332338 -0.731665250628739 -0.697867729649348 -0.664070209377356 -0.630272689777952 -0.596475170831354 -0.562677652577896 -0.528880135067815 -0.495082618330853 -0.461285102385305 -0.427487587224188 -0.393690072811781 -0.359892559022706 -0.326095045709171 -0.292297532730544 -0.258500019974828 -0.224702507332097 -0.190904994672058 -0.157107481874171 -0.123309968877268 -0.0895124556587815 -0.0557149422911565 -0.021917428870592
-1.0254709710449 -0.987257597760194 -0.949059110078212 -0.910877692254107 -0.872707456101646 -0.834548147505451 -0.79643012107493 -0.758393851934633 -0.720489688544911 -0.682766162965052 -0.645254668314304 -0.6079823129769 -0.570970476509297 -0.534217623156838 -0.497713089494477 -0.461432616726739 -0.425349252108346 -0.389438862465247 -0.353681726202302 -0.318072948468789 -0.282611341100093 -0.247295699158045 -0.212124750610256 -0.177095292266523 -0.142196463399583 -0.107414471524362 -0.072731454661587 -0.038126726267882 -0.00357237103764055 0.0309613335253003
-1.00466129031784 -0.97194547317292 -0.939249315193318 -0.906571176190037 -0.873899544679164 -0.841210010774631 -0.808436442276662 -0.775508071671993 -0.742377312507101 -0.709009008606895 -0.675394543850276 -0.641531937129639 -0.6074108169221 -0.572987250043653 -0.538219799877066 -0.503110577733333 -0.467665212290402 -0.431859853765799 -0.395667129872839 -0.359075056768399 -0.322075497720246 -0.284667343893016 -0.246877598038817 -0.208739235241993 -0.170281008328354 -0.131532611300664 -0.0925317251280416 -0.0533235083255724 -0.0139750426258439 0.0254411094341798
1.03654215384793 1.00074551392487 0.964949489180048 0.929155134545065 0.893364110230965 0.857577980649751 0.821797321737824 0.786022444837437 0.75025359138986 0.714491210944647 0.678736655385465 0.642991502179513 0.607257340691626 0.571535807877196 0.535828195926699 0.50013437038037 0.464453834771838 0.428786071258546 0.393130606713381 0.357487168247195 0.32185553303033 0.28623540334528 0.250626181923142 0.215027182210108 0.17943766006415 0.143856590992674 0.108281886689043 0.0727113809201641 0.0371436595611531 0.00157749651417918
-0.880564317445886 -0.866099454720006 -0.851490867932636 -0.836282415769941 -0.819863111970344 -0.801603277000694 -0.780953303189304 -0.757518672053102 -0.731445150002021 -0.703053842695449 -0.672826927897593 -0.641286851398862 -0.608851426372478 -0.575519935522901 -0.541193495010023 -0.505799085284227 -0.469288850475416 -0.431689725141087 -0.393082357212361 -0.353687457687282 -0.313760753330623 -0.273643915291332 -0.23402239225505 -0.195564299242988 -0.158524639081939 -0.122976037103718 -0.0886747208546476 -0.055300064694495 -0.0225404280222886 0.00991358350312701
-0.986783338693556 -0.949962925560806 -0.913120652046798 -0.87624097201594 -0.839361646775374 -0.802539890073861 -0.765857417983905 -0.72939791789503 -0.693228460141101 -0.65739215389051 -0.621852880705403 -0.586554715246362 -0.551463859718319 -0.516635026503594 -0.482139575221231 -0.448026944259771 -0.414346071483976 -0.381165813893987 -0.348553614833104 -0.31655134388188 -0.285194477180183 -0.254502621112879 -0.224431903044842 -0.194918734463258 -0.165884142364574 -0.137240188160385 -0.108878455413646 -0.0806918658658694 -0.052599171821442 -0.0245255832254716
-1.0152011868786 -0.980009317281729 -0.944817447664273 -0.909625578067999 -0.874433708541095 -0.839241839115581 -0.804049969752404 -0.768858100369867 -0.733666230786782 -0.698474360818478 -0.663282490365846 -0.628090619351168 -0.59289874769651 -0.557706875323084 -0.5225150021671 -0.487323128225628 -0.452131253512861 -0.416939378050633 -0.381747501877987 -0.346555625095182 -0.311363747817781 -0.276171870160536 -0.240979992234971 -0.205788114130222 -0.170596235849117 -0.13540435737721 -0.100212478717272 -0.0650205998863046 -0.0298287209410066 0.00536315805199695
-1.03836262077835 -1.00169624421501 -0.965029867556644 -0.928363490700673 -0.891697113530499 -0.855030735947163 -0.818364357936257 -0.781697979490831 -0.745031600549213 -0.708365221035198 -0.671698840869186 -0.635032459970723 -0.598366078274469 -0.561699695775523 -0.525033312497779 -0.488366928519851 -0.451700543948901 -0.415034158951546 -0.378367773684697 -0.341701388206967 -0.3050350025524 -0.268368616738598 -0.231702230717409 -0.19503584444797 -0.158369457984313 -0.121703071393457 -0.0850366846994468 -0.0483702979185908 -0.0117039110792017 0.0249624757874057
-0.981142548258195 -0.946871786025652 -0.912590040439045 -0.878287748607701 -0.843980030892814 -0.809691332200884 -0.775458712367759 -0.741323459198446 -0.707331157445238 -0.67352734156658 -0.639953047898238 -0.606648188245311 -0.573646169505159 -0.540954378944207 -0.508564976805574 -0.476435234870101 -0.444515436909647 -0.412762803122395 -0.381141484476771 -0.349636418595829 -0.318237739766278 -0.286932886710859 -0.25569851589643 -0.224511428803248 -0.193359789221046 -0.162235997083228 -0.131138034588395 -0.100064336789367 -0.0690095678906474 -0.0379674493846572
-0.893916503259151 -0.907777406684566 -0.921287015139723 -0.929548252285987 -0.922082962233568 -0.890974336438093 -0.844132035287992 -0.792149218066753 -0.740526570705264 -0.69303325610994 -0.65160481844189 -0.617718397175899 -0.592430081213705 -0.575111757164851 -0.562960755928503 -0.546160387854515 -0.51613170254489 -0.476260727159556 -0.432213809929217 -0.386813605809755 -0.342171846438348 -0.300179810051764 -0.261846961285139 -0.227949517739681 -0.199212522482524 -0.175029073115876 -0.149515659916323 -0.116832327005848 -0.0765899412136375 -0.0297620750456794
-1.03366905936829 -0.996282799699218 -0.958896539992589 -0.92151028021283 -0.884124020296398 -0.846737760164885 -0.809351499708416 -0.771965238848257 -0.734578977661721 -0.697192716267626 -0.659806454794784 -0.6224201933745 -0.585033932139272 -0.547647671226344 -0.510261410783437 -0.472875150995426 -0.435488892020735 -0.398102633874843 -0.360716376545281 -0.323330120050735 -0.285943864417679 -0.248557609641511 -0.21117135559331 -0.173785102118142 -0.13639884908135 -0.0990125963555099 -0.0616263438218688 -0.024240091376962 0.0131461610301974 0.0505324134374769
-1.05178255284329 -1.0155968038806 -0.979411054792619 -0.9432253054147 -0.907039555605784 -0.870853805263988 -0.834668054420566 -0.798482303121167 -0.762296551335875 -0.726110799017114 -0.689925046122222 -0.653739292609765 -0.617553538469517 -0.58136778381609 -0.545182028785014 -0.508996273470677 -0.472810517962964 -0.436624762374928 -0.400439006812545 -0.364253251330341 -0.32806749596998 -0.291881740774219 -0.255695985790187 -0.219510231049627 -0.183324476518349 -0.147138722129746 -0.110952967753477 -0.0747672132709215 -0.0385814586740809 -0.00239570398260931
1.00455629122343 0.969028717946594 0.933501144643575 0.897973571294063 0.862445997859559 0.826918424310653 0.791390850672467 0.755863276994168 0.720335703366564 0.684808129860539 0.649280556425636 0.61375298298106 0.57822540944219 0.542697835709078 0.507170261676038 0.471642687229741 0.436115112249634 0.400587536593902 0.365059960131913 0.329532382799029 0.294004804547108 0.258477225384293 0.222949645543858 0.18742206528184 0.15189448472018 0.116366903949916 0.080839323072539 0.0453117421728405 0.00978416125833737 -0.0257434196827715
-0.989835699138432 -0.955803767195936 -0.921771835241549 -0.887739903254946 -0.853707971253454 -0.819676039266688 -0.785644107335781 -0.751612175502209 -0.7175802437973 -0.683548312216474 -0.649516380621664 -0.61548444884143 -0.581452516715427 -0.547420584127675 -0.513388650977666 -0.479356717182399 -0.44532478269074 -0.411292847561507 -0.377260911867424 -0.343228975626899 -0.309197038844757 -0.275165101541261 -0.241133163798419 -0.207101225725473 -0.173069287478853 -0.139037349208442 -0.105005410990734 -0.0709734728687127 -0.0369415348247097 -0.00290959682589298
-0.987702440801816 -0.954677870303527 -0.9216532997615 -0.888628729147969 -0.855604158530882 -0.822579588030289 -0.789555017878934 -0.756530448332778 -0.72350587962795 -0.690481311958555 -0.65745674537044 -0.62443217987239 -0.591407615462024 -0.558383052092324 -0.525358489714522 -0.49233392831751 -0.459309367905763 -0.42628480850842 -0.393260250133166 -0.360235692677189 -0.327211136010058 -0.29418657999573 -0.26116202447573 -0.228137469305426 -0.195112914417988 -0.162088359768012 -0.129063805317994 -0.0960392510338611 -0.0630146968873518 -0.0299901428516594
-0.96751314295363 -0.93272707168214 -0.897941000359814 -0.86315492893964 -0.828368857394576 -0.793582785722948 -0.758796714004598 -0.724010642321177 -0.689224570680078 -0.654438499076183 -0.619652427528589 -0.584866356062447 -0.550080284709687 -0.515294213529349 -0.480508142582233 -0.445722071909069 -0.410936001560521 -0.376149931647065 -0.341363862275169 -0.306577793475458 -0.271791725259594 -0.237005657638765 -0.202219590622255 -0.167433524209245 -0.132647458360419 -0.0978613930285576 -0.0630753281733297 -0.0282892637398683 0.00649680039172904 0.0412828643576234
-1.02051045006473 -0.984264128712054 -0.948017807370971 -0.911771486027449 -0.875525164599274 -0.839278843006967 -0.803032521250169 -0.766786199359274 -0.730539877408604 -0.69429355547614 -0.658047233610601 -0.621800911853391 -0.585554590244306 -0.549308268816709 -0.513061947594266 -0.476815626568266 -0.440569305724795 -0.404322985061482 -0.368076664579174 -0.331830344280051 -0.295584024166627 -0.259337704238575 -0.223091384484216 -0.186845064873869 -0.150598745317192 -0.114352425731058 -0.0781061061218408 -0.041859786512464 -0.00561346690255263 0.0306328527140932
-1.00958387480247 -0.975185878567912 -0.940787882219815 -0.906389885628232 -0.871991888685308 -0.837593891317582 -0.803195893567102 -0.7687978954858 -0.734399897049632 -0.700001898211107 -0.665603898904903 -0.631205899061244 -0.596807898642175 -0.562409897737035 -0.528011896449417 -0.493613894812653 -0.459215892823193 -0.424817890400238 -0.390419887467036 -0.356021884040287 -0.321623880160052 -0.287225875880402 -0.252827871311434 -0.218429866554223 -0.184031861617721 -0.149633856497058 -0.115235851224207 -0.080837845842099 -0.0464398404006616 -0.0120418349515722
-0.984507837765345 -0.951435613295396 -0.918363388871436 -0.885291164555348 -0.852218940441071 -0.819146716645148 -0.786074493342477 -0.753002270706174 -0.719930048843846 -0.68685782782022 -0.653785607593995 -0.620713388097367 -0.587641169245887 -0.554568950888549 -0.521496732860211 -0.488424515005765 -0.455352297183256 -0.422280079293327 -0.389207861267704 -0.356135643119873 -0.323063424883759 -0.289991206599632 -0.256918988333142 -0.223846770161378 -0.190774552181824 -0.157702334474637 -0.124630117030267 -0.0915578998067694 -0.0584856827223164 -0.0254134656851107
-1.04751167964123 -1.00417352532869 -0.96083318914235 -0.917470897491038 -0.874044138866621 -0.830546996349166 -0.787142669288483 -0.744069244874777 -0.70169524539011 -0.66038606641952 -0.620364161668105 -0.581816249370977 -0.544855423694104 -0.509300282526875 -0.474906559239652 -0.441473025403259 -0.408831668455481 -0.376904301101463 -0.345631922778263 -0.314942454583231 -0.284760548028793 -0.254972964891675 -0.225314908005825 -0.195501468436435 -0.165318849116479 -0.134619017420743 -0.103445886623484 -0.0718997067242627 -0.0401141287243864 -0.00823115387559944
-1.01882049592398 -0.984655747134468 -0.950477203188746 -0.916278041260543 -0.882057638185209 -0.847815021117131 -0.813541618825253 -0.779226716650804 -0.744858624609595 -0.710424292288971 -0.675906202887815 -0.641285723007898 -0.606546072754534 -0.57167788624721 -0.536674752169283 -0.501534663445406 -0.466257922755318 -0.43084966755779 -0.39531787603295 -0.359677054467323 -0.32394334117403 -0.288134984936362 -0.252278676418266 -0.216403203042539 -0.180537297386689 -0.144705425116165 -0.108915039093454 -0.0731663002159622 -0.0374472143237203 -0.00174274849241765
1.02161192477198 0.949267696487593 0.901609385733688 0.881898685802131 0.883221660074411 0.893350764809829 0.888979657689298 0.849964879985785 0.779893305918841 0.691088115810799 0.607087381448532 0.554232897485046 0.548857382032255 0.5672572470377 0.579279197412821 0.569007416089008 0.529562378010724 0.475972248154784 0.42425596333699 0.372487857696752 0.314256114704377 0.246621269151753 0.180533261117087 0.127527672695743 0.087593248765397 0.0573118446694498 0.0311845948318757 0.00482874051666567 -0.0195933287327023 -0.0382829363028783
-1.01558626341167 -0.979750784678999 -0.94391530589192 -0.908079827044763 -0.872244348232511 -0.83640886954578 -0.800573390957059 -0.764737912379207 -0.728902433604693 -0.693066954420743 -0.657231474714002 -0.621395994395967 -0.585560513370376 -0.549725031509917 -0.51388954867257 -0.478054064688526 -0.442218579373666 -0.406383092514416 -0.370547603936352 -0.334712113651118 -0.298876621716877 -0.263041128232708 -0.227205633461372 -0.191370137706351 -0.155534641270354 -0.119699144457382 -0.0838636475773883 -0.0480281508773386 -0.0121926543462992 0.0236428420911384
-1.03219692729716 -0.997133376780806 -0.962069826223952 -0.927006275586402 -0.891942724921423 -0.856879174320365 -0.821815623933456 -0.786752073912385 -0.751688524355828 -0.716624975336885 -0.681561426879382 -0.646497878994825 -0.611434331668997 -0.576370784784789 -0.541307238205084 -0.506243691815629 -0.471180145516756 -0.43611659924427 -0.401053052938845 -0.365989506525156 -0.330925959923877 -0.295862413065056 -0.260798865916228 -0.225735318455336 -0.190671770664467 -0.155608222547342 -0.120544674190062 -0.0854811256910289 -0.0504175771154492 -0.0153540285202328
-1.04533608930728 -1.00672010783824 -0.968039500844897 -0.929274071618689 -0.89059692419138 -0.85224852896192 -0.814545521057642 -0.777798073201224 -0.742214343768347 -0.707873877464821 -0.674443778663967 -0.641488041655985 -0.608608233705603 -0.575556213975651 -0.542155961022685 -0.508369639080043 -0.474138898682659 -0.439185149895058 -0.403227274100353 -0.366194278426392 -0.328067701437208 -0.288811519482827 -0.248319460057238 -0.206518727265608 -0.163540680513868 -0.119598215655266 -0.0750262190315714 -0.0301531038525268 0.0148405996887626 0.0598113321533506
0.980078089841893 0.946860634871236 0.913643179757869 0.880425724378491 0.847208268623662 0.813990812393328 0.78077335561113 0.747555898200052 0.714338440056749 0.681120981121828 0.647903521538029 0.614686061498626 0.581468601195617 0.548251140815886 0.515033680524405 0.481816220403607 0.448598760525766 0.415381301005046 0.382163841953319 0.348946383431401 0.315728925487343 0.282511468145486 0.249294011335336 0.216076554968555 0.182859098980262 0.1496416433002 0.11642418781314 0.0832067324087761 0.0499892770414638 0.0167718216817225
-1.0144226766573 -0.978332356926104 -0.942242037254434 -0.906151717651094 -0.870061398011716 -0.833971078217119 -0.797880758202036 -0.761790437907019 -0.725700117241976 -0.689609796114357 -0.653519474452424 -0.61742915218964 -0.58133882927953 -0.545248505755868 -0.509158181695677 -0.473067857268731 -0.43697753264842 -0.400887207929843 -0.364796883171509 -0.328706558363846 -0.292616233480262 -0.256525908500669 -0.220435583430988 -0.184345258300886 -0.148254933208995 -0.112164608242257 -0.0760742833718828 -0.0399839585458872 -0.00389363373522 0.0321966910834351
-0.982530360164819 -0.949095976594121 -0.915661593014678 -0.88222720943181 -0.848792825941056 -0.815358442640425 -0.78192405954759 -0.748489676656008 -0.715055293942614 -0.681620911374872 -0.648186528898873 -0.614752146455367 -0.581317763980483 -0.547883381391866 -0.514448998600744 -0.481014615511161 -0.447580232020732 -0.414145848008558 -0.380711463376082 -0.347277078132637 -0.313842692314529 -0.280408305957928 -0.246973919098463 -0.213539531765215 -0.180105143961618 -0.146670755699468 -0.113236367049661 -0.0798019781063272 -0.046367588997447 -0.0129331998594633
-1.02151249168075 -0.9846161230113 -0.947721229478233 -0.910838278777132 -0.873997083548508 -0.837238787640939 -0.800630514790331 -0.764248389045749 -0.728178555821578 -0.692496550288172 -0.657225445274448 -0.622375198023963 -0.587948454910773 -0.553918618830919 -0.520257867636545 -0.486962722482223 -0.454025361858353 -0.421396250296236 -0.389026948938487 -0.356915119332078 -0.32506994812507 -0.293506240725386 -0.262261277580398 -0.231359865236955 -0.200754439600369 -0.170377741091111 -0.140156098831833 -0.110022297153214 -0.0799413525158862 -0.0498863394129659
-0.989440235690156 -0.943381612634567 -0.897632120525717 -0.853045507928878 -0.810553904617155 -0.77091997569551 -0.73415014638852 -0.700131647611074 -0.669031172919703 -0.640939656758505 -0.615365534480214 -0.59167161666472 -0.569051883241958 -0.546024991542027 -0.521224079183967 -0.494415527542409 -0.465660171355009 -0.435063415055945 -0.40282766802268 -0.369498789709283 -0.335708502088978 -0.301897529353708 -0.267742604570302 -0.232704937056763 -0.196147632260891 -0.15747003170407 -0.116314525072188 -0.072598932232666 -0.0270997456145382 0.0191918742127574
1.00707114209327 0.973603787277561 0.940124511303607 0.906617021512954 0.87306396552176 0.83945004053004 0.805769201798624 0.772021185392578 0.738219592533107 0.704378097832436 0.670496804310748 0.636572422090214 0.602599205174345 0.568561583092 0.534443156087904 0.500234031744877 0.465925379523516 0.431506109057426 0.396965092247682 0.362293309892237 0.327482270013265 0.292528853911938 0.257451436005426 0.222273394214098 0.187016627355113 0.151701271805603 0.116341893285803 0.0809513052907185 0.0455408830713393 0.0101216423176528
-0.975652537810556 -0.94788380756706 -0.920039448974429 -0.892079575543563 -0.863921304944367 -0.835492049413318 -0.806803395294181 -0.777882460132867 -0.748734312176559 -0.719343613698379 -0.689635452373913 -0.659520022229364 -0.628889084749113 -0.597560671250256 -0.56534307993596 -0.532079406720954 -0.497662400971581 -0.462148628149049 -0.425646077979192 -0.38830462115146 -0.350284598596208 -0.311732312492312 -0.272737910012739 -0.233390211264417 -0.193828883096037 -0.1541964739102 -0.114596211583364 -0.0751033052745114 -0.0357202097988483 0.00356880861436476
-0.977808342566146 -0.945072306679474 -0.912336270708642 -0.879600234526456 -0.846864198003809 -0.81412816104071 -0.781392123655531 -0.74865608587195 -0.715920047616504 -0.683184008804951 -0.6504479694071 -0.617711929406268 -0.584975888786121 -0.552239847531725 -0.51950380561982 -0.486767762992446 -0.45403171960175 -0.421295675475011 -0.388559630662539 -0.355823585231636 -0.323087539253856 -0.290351492790479 -0.257615445861699 -0.224879398490839 -0.192143350754837 -0.159407302738953 -0.126671254508132 -0.0939352061198104 -0.0611991576216953 -0.0284631090590623
-1.01060273064933 -0.964200346437663 -0.923440347095354 -0.892618480888826 -0.872600286598034 -0.861825272759499 -0.852459036422485 -0.835922317251271 -0.806930336857467 -0.762711106166741 -0.70724931141365 -0.646218807659976 -0.585787494352723 -0.534099448479796 -0.496953105539095 -0.46878815752762 -0.441858957527984 -0.411037246466175 -0.372824695833009 -0.327625311535249 -0.276818683083644 -0.223485686360129 -0.177512342731371 -0.147401678995089 -0.129319598188449 -0.116809985909096 -0.10526578175713 -0.0912391933654081 -0.0740704464953538 -0.0537967714405315
-1.00196257019811 -0.964980328344249 -0.927998086464247 -0.891015844502791 -0.854033602428586 -0.81705136021328 -0.780069117816275 -0.743086875191668 -0.706104632284589 -0.669122389031047 -0.632140145339547 -0.595157901111714 -0.558175656281832 -0.521193410914828 -0.48421116510502 -0.447228918933651 -0.410246672472475 -0.37326442576838 -0.336282178890708 -0.299299932023486 -0.262317685379413 -0.225335439156501 -0.188353193494016 -0.151370948501141 -0.11438870422548 -0.0774064606694304 -0.0404242177161386 -0.00344197521445186 0.0335402670047401 0.0705225091150365
-0.987493638842419 -0.951457788866163 -0.915436751684151 -0.879461592315978 -0.843590272277286 -0.807883566381972 -0.772386606140892 -0.737134115487232 -0.702134831346508 -0.667387997113079 -0.632880869064316 -0.598597706698346 -0.564523646549892 -0.530647333300073 -0.496962340836737 -0.463478451728252 -0.430201230101594 -0.397103157637639 -0.364147337000594 -0.331292437234099 -0.298496018976648 -0.265722661612644 -0.232965019510107 -0.200223215977094 -0.167499175098174 -0.134793918638936 -0.102103058312527 -0.0694214429332436 -0.0367462797724065 -0.00407536571559256
1.04975936287642 1.01137568838766 0.972999640406839 0.934639854055099 0.896304889194198 0.858002538741351 0.819737603094979 0.781513435723257 0.743330594892181 0.705189538755792 0.667093120222493 0.629044790889278 0.591048895437395 0.553113350885125 0.515244833348755 0.47744148299959 0.439700996784026 0.402027834693835 0.364428058067424 0.326907370584385 0.289471386509605 0.252124775297267 0.214868427158734 0.177701629749664 0.140621039745726 0.103618439685244 0.0666687465371564 0.029746143748997 -0.00716125374794162 -0.0440618481514268
-0.971641095456595 -0.938293340129037 -0.904945584834687 -0.87159782962845 -0.838250074528863 -0.804902319526516 -0.771554564536573 -0.738206809468772 -0.704859054286581 -0.671511298956248 -0.638163543401409 -0.604815787535048 -0.571468031284488 -0.538120274634403 -0.504772517563642 -0.47142475997037 -0.438077001763589 -0.40472924297632 -0.371381483677916 -0.33803372395905 -0.304685963915721 -0.271338203619016 -0.237990443040367 -0.204642682150119 -0.171294921013941 -0.137947159708207 -0.104599398256806 -0.0712516366754888 -0.0379038749999312 -0.00455611327079112
-0.996939185955638 -0.962063117637442 -0.928928232438675 -0.899017632277491 -0.87178055545281 -0.845637366027155 -0.816926794736675 -0.782156846579904 -0.740594256931291 -0.692755425614804 -0.641396679876589 -0.589834328818339 -0.541101100965826 -0.497095402541145 -0.459211580686935 -0.42796206853169 -0.403395601164759 -0.384588035533082 -0.369958287369797 -0.356270385695247 -0.339874637851578 -0.317471767280381 -0.287164161821034 -0.248238091105929 -0.203313687541732 -0.155301491844045 -0.10493981518993 -0.0524833050824355 0.00157581613291502 0.0566859323999774
-0.985350636035102 -0.951026863334519 -0.916703090662001 -0.88237931810979 -0.848055545833829 -0.813731773969703 -0.779408002507846 -0.745084231394363 -0.710760460543175 -0.676436689856916 -0.642112919225248 -0.607789148534595 -0.573465377706435 -0.539141606802467 -0.504817835923649 -0.470494065187743 -0.436170294706966 -0.401846524554547 -0.36752275478048 -0.333198985380817 -0.29887521633812 -0.26455144762179 -0.230227679148577 -0.195903910808199 -0.161580142434915 -0.127256373901919 -0.0929326052936094 -0.0586088367217382 -0.0242850681962806 0.0100387002982333
-1.04813846128322 -1.00955300642941 -0.970981603674028 -0.93244562371591 -0.893967371877906 -0.85556248612742 -0.817219000386058 -0.778935267448729 -0.740778519649364 -0.702827302593613 -0.665136535434999 -0.627755230714015 -0.590726718069663 -0.554071595534996 -0.517810298218909 -0.48198534113962 -0.446632878898421 -0.411741544519558 -0.377284250625809 -0.343218549811098 -0.309498154662136 -0.276073614908958 -0.242882828854907 -0.20987055448667 -0.177021639951028 -0.144329256766666 -0.111779779779791 -0.079352134406568 -0.047002245015459 -0.014680285712999
-1.00891243266664 -0.974713624311985 -0.94051481611072 -0.906316008182279 -0.872117200577666 -0.837918393353398 -0.803719586656461 -0.76952078064342 -0.73532197541867 -0.701123171063297 -0.666924367617301 -0.632725565110413 -0.598526763534731 -0.564327962731843 -0.530129162513186 -0.495930362720143 -0.461731563207279 -0.427532763851965 -0.39333396456692 -0.359135165383447 -0.324936366362496 -0.290737567549454 -0.256538768927453 -0.222339970464941 -0.18814117213388 -0.153942373907261 -0.119743575758669 -0.0855447776633616 -0.0513459796026837 -0.017147181559501
-1.0133668216511 -0.979015862671325 -0.944664903658879 -0.910313944557937 -0.875962985263187 -0.841612025676261 -0.807261065776055 -0.772910105584443 -0.738559145217958 -0.704208184826182 -0.669857224596256 -0.635506264724707 -0.601155305385488 -0.566804346662245 -0.532453388604136 -0.498102431212655 -0.463751474443958 -0.429400518120511 -0.395049562040618 -0.360698606039648 -0.326347649962229 -0.291996693675715 -0.257645737138346 -0.223294780330726 -0.188943823232037 -0.154592865824625 -0.120241908104943 -0.0858909500909217 -0.0515399918722969 -0.0171890335567581
-1.03977837409288 -1.00276478506802 -0.965751196082494 -0.928737607198924 -0.891724018493805 -0.854710430043359 -0.817696841908845 -0.780683254138177 -0.743669666740853 -0.706656079701922 -0.669642492947061 -0.632628906387104 -0.595615319929376 -0.558601733467172 -0.5215881469095 -0.48457456024225 -0.447560973450117 -0.410547386436107 -0.373533799105601 -0.336520211455153 -0.299506623504111 -0.262493035297923 -0.225479446986435 -0.188465858729945 -0.151452270626165 -0.114438682729897 -0.0774250949869013 -0.0404115073249725 -0.00339791970909721 0.0336156678864406
-1.0550297536394 -1.00322210266335 -0.951360573206632 -0.899562581261825 -0.848924861710795 -0.800775675130644 -0.756390065990149 -0.716644074175127 -0.680870937347893 -0.648133003148464 -0.617951861351162 -0.589963912263891 -0.563808974346135 -0.539140538663716 -0.515498436473277 -0.491954187188401 -0.467456727071598 -0.44093297162413 -0.41158857197146 -0.379766142497108 -0.346092538399107 -0.310908284411247 -0.273408583410352 -0.232572567896724 -0.187660410721554 -0.138369349703461 -0.0858638421798857 -0.0315424624421724 0.0237269669215551 0.0792093112489772
-0.99864282513101 -0.964259673711861 -0.929877178104599 -0.895495611375387 -0.861111560081981 -0.826719768526911 -0.79231129850023 -0.757877652112446 -0.723415775268387 -0.688924371722608 -0.654403732834258 -0.619854546863634 -0.585276091535675 -0.55066200243388 -0.516005158171336 -0.48130105162092 -0.446546286727506 -0.411739297464171 -0.376880530094185 -0.341976650013403 -0.307035877400825 -0.272065305696707 -0.23706752138633 -0.202044341813654 -0.16699901471234 -0.131935527641045 -0.0968593970687165 -0.0617759380638663 -0.02668813118298 0.00840162664546393
-1.02496480060793 -0.988275611781814 -0.951586422992181 -0.914897234185687 -0.878208045198579 -0.841518855861181 -0.804829666090513 -0.768140475839296 -0.731451285116352 -0.694762093967378 -0.658072902529454 -0.621383710962511 -0.584694519407001 -0.548005327925476 -0.511316136556713 -0.474626945322306 -0.437937754238917 -0.401248563320669 -0.364559372562822 -0.32787018188773 -0.291180991199518 -0.254491800395879 -0.217802609348765 -0.1811134179668 -0.144424226331021 -0.107735034566605 -0.0710458428028669 -0.0343566511443598 0.00233254040754714 0.0390217318772808
-1.0322428465433 -0.996610367838709 -0.960977889237069 -0.925345410845602 -0.88971293279511 -0.854080455190891 -0.818447978012639 -0.782815501174056 -0.747183024450473 -0.711550547616495 -0.675918070582188 -0.640285593291487 -0.604653115731099 -0.569020638058822 -0.533388160452306 -0.497755682997503 -0.462123205750567 -0.426490728740143 -0.390858251964741 -0.355225775329845 -0.31959329871768 -0.283960822011909 -0.248328345101938 -0.212695867914305 -0.177063390518348 -0.141430913005938 -0.105798435416295 -0.0701659577737831 -0.0345334800960038 0.00109899760113245
0.942828464281504 0.910075379657199 0.877327920724621 0.844606187397617 0.811944827927424 0.779376282685272 0.746909612184989 0.714545288743839 0.682272811750259 0.650084191431822 0.617992454301486 0.586015880943558 0.554170887407365 0.522466431602312 0.490914659000584 0.459547923465404 0.428400594164099 0.397494893089375 0.366846737608285 0.336458973759881 0.306331179751213 0.276458820733831 0.246820909637279 0.217387019687737 0.188105417519947 0.158925090907685 0.129819218772325 0.100768220551716 0.0717572866020312 0.0427728000090207
0.99616586455814 0.962662927718148 0.929156903797511 0.895645625336808 0.862127768100947 0.828600705123233 0.795055755286259 0.761483638470972 0.727878732702468 0.694235782590388 0.660547340938408 0.626805412598715 0.59300148737592 0.559124994884337 0.525164559852113 0.491107647653027 0.456943619181439 0.422670576768393 0.388291283851055 0.353818406854402 0.319267087950359 0.28465260353562 0.249990766905944 0.215296519356296 0.180580777279404 0.145853088725614 0.111121553277997 0.0763925474503177 0.0416670039463928 0.00694449451755125
-1.00796523873176 -0.973414689146731 -0.938864139475487 -0.904313589621426 -0.869763039511898 -0.835212489075523 -0.800661938222042 -0.766111386830085 -0.731560834672712 -0.697010281526758 -0.662459727289707 -0.627909171889212 -0.593358615296626 -0.558808057658111 -0.524257499152936 -0.48970693991799 -0.455156380065931 -0.420605819654867 -0.386055258745268 -0.351504697461608 -0.316954135944363 -0.282403574340793 -0.247853012825298 -0.213302451567251 -0.178751890688784 -0.14420133027431 -0.109650770304614 -0.0751002107173191 -0.0405496513810342 -0.00599909214711349
-0.969514359728541 -0.935318514281591 -0.90112266884752 -0.866926823437838 -0.832730977961644 -0.798535132330975 -0.764339286572032 -0.730143440772333 -0.695947595150499 -0.661751749926721 -0.627555905196353 -0.593360061023536 -0.55916421748054 -0.524968374672132 -0.490772532709223 -0.456576691694807 -0.422380851710709 -0.388185012762017 -0.353989174809004 -0.319793337709435 -0.285597501295447 -0.251401665391721 -0.21720582979311 -0.183009994312365 -0.14881415886365 -0.114618323398334 -0.0804224879152068 -0.0462266524282725 -0.0120308169649619 0.0221650184439369
-0.995212012880982 -0.960238012567507 -0.925264012229685 -0.890290011861585 -0.855316011492831 -0.820342011141723 -0.785368010745706 -0.750394010209006 -0.715420009383839 -0.68044600812622 -0.645472006359388 -0.610498004023389 -0.575524001065865 -0.54054999746485 -0.50557599321812 -0.470601988372031 -0.435627982989281 -0.400653977149344 -0.365679970918618 -0.330705964294418 -0.295731957256784 -0.260757949796437 -0.225783941946825 -0.190809933742955 -0.155835925183357 -0.120861916286225 -0.085887907184887 -0.0509138980211696 -0.0159398888557481 0.0190341202709893
