-1.01130917852257 -0.975759498490687 -0.940209818408795 -0.904660138203151 -0.869110457731899 -0.833560776836293 -0.798011095358134 -0.76246141316815 -0.726911730252245 -0.691362046636393 -0.655812362391691 -0.620262677600516 -0.584712992347728 -0.549163306728133 -0.513613620843334 -0.478063934812184 -0.442514248757958 -0.406964562804372 -0.371414877068242 -0.33586519163836 -0.300315506596512 -0.264765822017774 -0.229216137950384 -0.193666454430608 -0.158116771473654 -0.122567089078555 -0.087017407200691 -0.051467725769453 -0.0159180446539355 0.0196316362918425
-0.989818007900203 -0.955488206936835 -0.921158405985221 -0.886828605102465 -0.852498804290794 -0.818169003531502 -0.783839202777012 -0.749509402004618 -0.715179601319962 -0.680849800877564 -0.646520000899106 -0.612190201623064 -0.577860403242117 -0.543530605765752 -0.509200809140065 -0.474871013240758 -0.440541217914388 -0.406211422961317 -0.371881628177744 -0.337551833389411 -0.303222038429446 -0.268892243171038 -0.234562447647624 -0.200232651934821 -0.165902856116713 -0.131573060266051 -0.0972432644017746 -0.062913468525959 -0.0285836726270188 0.00574612331004593
-0.94963905835145 -0.92404489186882 -0.891554338316852 -0.902056624071998 -0.914982281369388 -0.880221252168469 -0.799959811467275 -0.697664885810452 -0.629629674890512 -0.639237254242864 -0.685403929626663 -0.705929314356994 -0.658895475725146 -0.583514296927197 -0.527524008160539 -0.491638411723006 -0.46443603496507 -0.432978733347292 -0.38860475364959 -0.3412745798192 -0.30560425509519 -0.289223637217096 -0.271817841926308 -0.232447076393988 -0.175616655508514 -0.113176567597537 -0.060910387028584 -0.0327786774111871 -0.0315163732830061 -0.0570520019137343
-1.00082858424536 -0.96890781895292 -0.936987053706508 -0.905066288562407 -0.873145523625806 -0.841224759023299 -0.809303994918177 -0.777383231481237 -0.745462468876571 -0.71354170722889 -0.681620946512074 -0.649700186662294 -0.617779427602836 -0.585858669205434 -0.55393791132746 -0.522017153820378 -0.490096396555645 -0.458175639490605 -0.426254882580542 -0.394334125686611 -0.362413368646437 -0.330492611338072 -0.298571853801274 -0.266651096119775 -0.234730338391489 -0.20280958072137 -0.170888823228362 -0.138968065998129 -0.107047308969225 -0.0751265520434275
-1.05742600738178 -1.01956510403376 -0.981704200710597 -0.94384329741574 -0.905982394144229 -0.868121490890023 -0.830260587651178 -0.792399684421216 -0.754538781171455 -0.716677877858414 -0.67881697440164 -0.640956070711435 -0.603095166692639 -0.565234262228229 -0.52737335721008 -0.489512451587516 -0.451651545309989 -0.413790638270031 -0.375929730384086 -0.338068821721158 -0.300207912388394 -0.262347002511001 -0.224486092286424 -0.186625181897136 -0.14876427139349 -0.110903360787628 -0.0730424500709725 -0.0351815392402275 0.00267937166606694 0.0405402825989104
-0.967782308526436 -0.935576945707017 -0.903371582916001 -0.871166220206374 -0.838960857691347 -0.806755495502269 -0.774550133782838 -0.742344772631153 -0.71013941195057 -0.677934051628368 -0.645728691682285 -0.613523332162669 -0.58131797312717 -0.549112614662639 -0.516907256854625 -0.484701899754271 -0.452496543415485 -0.420291187937648 -0.388085833402354 -0.355880479774567 -0.323675126990095 -0.291469774963929 -0.2592644235278 -0.22705907249856 -0.194853721716802 -0.16264837105547 -0.130443020493169 -0.0982376700283812 -0.0660323196334496 -0.0338269692741811
-0.944376492319054 -0.933938525528069 -0.920747447349084 -0.904806534997424 -0.885006016118885 -0.860221331932031 -0.830381827516039 -0.796057578035398 -0.759327675135246 -0.721995897051206 -0.683255751900203 -0.641648180269483 -0.596628385542616 -0.551308622288453 -0.508681836275031 -0.467606686881846 -0.4265570208624 -0.386601720854749 -0.349732589521128 -0.319038073735929 -0.297880781426581 -0.286998748919063 -0.276631726133552 -0.255810554780578 -0.219228730137908 -0.164687130714189 -0.0967535143743765 -0.0209967697559348 0.0597765707699448 0.143450563898639
-0.989812724113974 -0.95489707997495 -0.919981435745284 -0.885065791329244 -0.850150146623888 -0.815234501546285 -0.780318856100764 -0.74540321033775 -0.710487564404776 -0.675571918447921 -0.640656272510345 -0.605740626609473 -0.570824980754031 -0.535909334917937 -0.500993689078419 -0.466078043260752 -0.431162397503958 -0.396246751853993 -0.361331106344547 -0.326415460953304 -0.291499815643948 -0.256584170368041 -0.221668525028641 -0.186752879527463 -0.151837233809336 -0.116921587844879 -0.082005941664762 -0.0470902953175316 -0.0121746488631958 0.0227409976353727
-1.00980462696095 -0.973860409334473 -0.93791619163539 -0.901971973825983 -0.866027755855431 -0.830083537663245 -0.794139319163398 -0.758195100263248 -0.72225088086924 -0.686306660892187 -0.650362440261295 -0.614418218910369 -0.578473996803267 -0.542529774024059 -0.506585550677316 -0.470641326829405 -0.43469710253289 -0.398752877823321 -0.362808652732499 -0.326864427294237 -0.290920201542852 -0.254975975525205 -0.219031749338342 -0.183087523081017 -0.147143296808631 -0.111199070563817 -0.0752548443814863 -0.0393106182805732 -0.00336639222381928 0.0325778338400818
-1.02422387022158 -0.988536407238988 -0.952848944207701 -0.91716148114119 -0.881474018137011 -0.845786555289708 -0.8100990925977 -0.774411630027503 -0.738724167514159 -0.703036704990951 -0.667349242415591 -0.631661779751903 -0.595974316938133 -0.560286853810236 -0.524599390197464 -0.488911926004563 -0.453224461168384 -0.417536995678709 -0.381849529533754 -0.346162062712547 -0.310474595189316 -0.274787126962216 -0.239099658125112 -0.203412188773715 -0.167724718915406 -0.132037248543354 -0.0963497776821935 -0.060662306385939 -0.0249748347946427 0.0107126369301332
-0.99359038849252 -0.959066066135335 -0.92454174381183 -0.89001742155154 -0.855493099363449 -0.820968777258936 -0.786444455279526 -0.751920133484039 -0.717395811970335 -0.682871490826673 -0.648347170063877 -0.613822849673408 -0.579298529642555 -0.544774209941914 -0.510249890518746 -0.475725571243671 -0.441201251977612 -0.406676932619359 -0.372152613093118 -0.337628293386878 -0.303103973504576 -0.268579653449125 -0.23405533321934 -0.199531012830936 -0.165006692371328 -0.130482371949252 -0.0959580516870615 -0.0614337316734518 -0.0269094118488954 0.0076149078831923
-0.989059041640467 -0.957786915390656 -0.926410697310962 -0.894597759430493 -0.862319454384736 -0.829645477746975 -0.796734916235287 -0.763631202684209 -0.729825763249325 -0.694734874307925 -0.658026219803089 -0.619430335569342 -0.578811768010811 -0.53657110581002 -0.493323655099893 -0.450007549536561 -0.407497920080138 -0.366095059383485 -0.326041573462355 -0.287924160091324 -0.252415539984673 -0.220057182852935 -0.190865554391638 -0.164599987552985 -0.140516288330872 -0.117849885255095 -0.0962582239573392 -0.0754963665589861 -0.0552878240382983 -0.0353482195877593
-1.03624881355107 -0.999377209521158 -0.962505605493083 -0.92563400141677 -0.888762397183865 -0.851890792711144 -0.815019188074177 -0.778147583399268 -0.74127597885687 -0.704404374629291 -0.667532770902111 -0.63066116786173 -0.593789565665601 -0.55691796435539 -0.520046363930387 -0.48317476433617 -0.44630316550242 -0.40943156734893 -0.372559969787679 -0.33568837270925 -0.298816775998878 -0.261945179563907 -0.225073583400099 -0.188201987530265 -0.151330391996974 -0.114458796822559 -0.0775872019286268 -0.0407156072168786 -0.00384401261009013 0.0330275819636935
-0.996556606029344 -0.961867637095763 -0.927178668337527 -0.892489699900046 -0.857800731846215 -0.823111764214834 -0.788422797030834 -0.753733830332054 -0.719044864221829 -0.684355898774426 -0.649666933882338 -0.614977969392613 -0.580289005150705 -0.545600040995686 -0.510911076783122 -0.476222112440936 -0.441533147921998 -0.406844183206606 -0.372155218303367 -0.33746625330667 -0.302777288332351 -0.268088323477169 -0.233399358761573 -0.198710394191129 -0.164021429788181 -0.129332465563723 -0.0946435014665778 -0.059954537433415 -0.0252655734144806 0.00942339063658614
-1.02506162982819 -0.988347423136337 -0.951634322939219 -0.914922315868853 -0.878204173783663 -0.841470680426703 -0.804711881853169 -0.767917388601479 -0.731075806830823 -0.694177104796203 -0.65721770351512 -0.620195637195696 -0.583111363423559 -0.545975033294365 -0.508797071443713 -0.471579303156943 -0.434321299916637 -0.397022217344568 -0.359681159290393 -0.322297438376075 -0.284870419416659 -0.247399743067854 -0.209886153348035 -0.17233090405867 -0.134736184770925 -0.0971054297185451 -0.0594461160158715 -0.0217666678623794 0.0159247450825312 0.0536200167944787
-0.968298132518406 -0.935012849989793 -0.901727567406274 -0.868442284720093 -0.835157001992006 -0.801871719334088 -0.76858643695518 -0.735301155063989 -0.702015873771929 -0.668730593156408 -0.635445313256105 -0.602160034100018 -0.568874755723962 -0.535589478191015 -0.502304201553738 -0.469018925795357 -0.435733650857348 -0.402448376583524 -0.369163102801724 -0.335877829373558 -0.302592556169078 -0.269307283052582 -0.236022009865359 -0.20273673647342 -0.169451462864702 -0.136166189068525 -0.102880915157832 -0.0695956412019543 -0.036310367212142 -0.00302509318512738
-1.0135247237371 -0.977982073107307 -0.942439422516494 -0.906896771938781 -0.871354121256532 -0.835811470348315 -0.800268819169303 -0.764726167694414 -0.729183515900973 -0.693640863789219 -0.658098211448655 -0.6225555589911 -0.587012906514006 -0.551470254057357 -0.515927601625578 -0.480384949138307 -0.444842296524148 -0.409299643832358 -0.373756991129195 -0.338214338428278 -0.302671685730068 -0.267129033032748 -0.231586380325392 -0.196043727585383 -0.160501074752448 -0.124958421771634 -0.089415768646951 -0.0538731154008453 -0.0183304620705685 0.0172121913029272
-1.02532522861067 -0.988112997720151 -0.950900766860131 -0.913688536101895 -0.876476305562699 -0.839264075356547 -0.802051845538465 -0.764839616154963 -0.727627387277443 -0.69041515896588 -0.65320293120965 -0.615990703980474 -0.578778477227347 -0.541566250808347 -0.504354024561589 -0.467141798336238 -0.429929572009011 -0.39271734555577 -0.355505118977111 -0.318292892273435 -0.28108066544509 -0.243868438501234 -0.206656211486247 -0.169443984447825 -0.132231757411699 -0.0950195304008163 -0.0578073034489576 -0.0205950765835049 0.016617150204586 0.0538293769334663
-0.987244399849989 -0.951965264336399 -0.916686128752448 -0.881406993036896 -0.846127857149158 -0.810848721054649 -0.775569584722139 -0.740290448118503 -0.705011311199677 -0.669732173915593 -0.634453036203085 -0.599173897995715 -0.563894759225635 -0.528615619819362 -0.49333647969501 -0.458057338742712 -0.422778196881324 -0.387499054172567 -0.352219910717412 -0.316940766630942 -0.281661622031769 -0.246382477040614 -0.211103331786644 -0.175824186392961 -0.140545040949982 -0.105265895524418 -0.0699867501208503 -0.0347076047321362 0.000571540633629191 0.0358506859645415
0.97478603922399 0.941584672961617 0.90838330689686 0.875181941164938 0.84198057576138 0.808779210628456 0.775577845635102 0.742376480617017 0.709175115350302 0.675973749633862 0.642772383417418 0.609571016688397 0.576369649422419 0.543168281547887 0.509966912988285 0.476765543694654 0.443564173634543 0.410362802813991 0.377161431247436 0.343960058944435 0.310758685913327 0.277557312188016 0.244355937904685 0.211154563215575 0.177953188234877 0.144751813044055 0.111550437631699 0.0783490619837551 0.04514768616846 0.0119463102746213
-1.12813362551891 -1.04488021861114 -0.966310447143418 -0.89656772875827 -0.838695230409522 -0.79443131763925 -0.761395401031279 -0.736233875726764 -0.715820030054451 -0.697158021370932 -0.677548589956619 -0.654366621822875 -0.625417652407208 -0.590229814851684 -0.549408942823232 -0.506149074383657 -0.463522308247324 -0.421524781343944 -0.37986550045277 -0.340180913535854 -0.304589328850951 -0.274163827590381 -0.245796582684722 -0.216038213783034 -0.184254035670024 -0.150460249006907 -0.114461902825276 -0.0759567759582734 -0.0344247180748787 0.0107089034469709
0.995710873601083 0.960818330304151 0.925925787123119 0.89103324417334 0.856140701525544 0.821248159242531 0.786355617400003 0.751463076025649 0.716570534942202 0.681677993942574 0.646785452905351 0.611892911730537 0.577000370347821 0.542107828805608 0.507215287182411 0.472322745558435 0.437430204016526 0.402537662648403 0.367645121540508 0.332752580749321 0.297860040323828 0.262967500317838 0.228074960804445 0.193182421842576 0.158289883415205 0.123397345478249 0.0885048079553466 0.0536122707574468 0.0187197337770082 -0.0161728030981326
-0.992900574160493 -0.957629624655781 -0.922358675176311 -0.887087725785507 -0.851816776622209 -0.816545827830698 -0.781274879501593 -0.74600393169629 -0.710732984412935 -0.675462037640563 -0.64019109139502 -0.60492014569885 -0.569649200566576 -0.534378255980624 -0.499107311926711 -0.463836368435819 -0.428565425550954 -0.393294483317928 -0.358023541778859 -0.322752600958258 -0.287481660876238 -0.252210721560829 -0.216939783071741 -0.181668845422857 -0.146397908413087 -0.111126971806416 -0.0758560354420892 -0.0405850991968834 -0.00531416302242347 0.0299567731109531
0.922633702289493 0.905824456932381 0.888818075976656 0.871432837169009 0.853127686314995 0.833288310748413 0.811366695857192 0.786804880728045 0.758938821188701 0.727224997414257 0.691708070228284 0.652579745616471 0.610334081579387 0.566674544177138 0.523393325717246 0.481428115437368 0.441286277892387 0.402608381975946 0.364936157329437 0.328282772246501 0.292779254683839 0.258512832360501 0.225395532044921 0.193251579241018 0.161729195345264 0.130515549259409 0.0996296040137621 0.0691265879985133 0.0388749969148103 0.00869664329154058
-1.02286124869365 -0.986402508884705 -0.949943769064228 -0.913485029179744 -0.877026289214548 -0.840567549155862 -0.804108808970849 -0.767650068621232 -0.731191328067059 -0.694732587287907 -0.658273846343173 -0.621815105312205 -0.58535636428154 -0.54889762336646 -0.512438882684898 -0.475980142336632 -0.439521402395333 -0.403062662848375 -0.366603923662084 -0.330145184804869 -0.293686446245659 -0.257227707971276 -0.220768970040112 -0.184310232506042 -0.147851495333311 -0.111392758460335 -0.0749340218118349 -0.0384752853132475 -0.00201654890656585 0.0344421874620778
0.873321073050393 0.992745526576648 0.98995886215791 0.943879500450952 0.881564313261749 0.814443641568577 0.743303251889734 0.673313167689416 0.637825014675402 0.65969117728718 0.691585472647496 0.668637076049913 0.558121343230094 0.455898351692115 0.446209641259537 0.43823787926545 0.344815264861652 0.268430996965249 0.315164589579841 0.415799817289692 0.457296519824236 0.367980204593426 0.241639049729316 0.181285531619183 0.161366648949102 0.133927957359512 0.0899747180094939 0.0342049347365638 -0.0128721234266718 -0.0267943711488333
-1.00681236080264 -0.972794221226014 -0.938776081700613 -0.904757942244927 -0.870739802829201 -0.836721663409715 -0.802703523935152 -0.768685384338413 -0.734667244496883 -0.700649104317961 -0.666630963884611 -0.632612823323688 -0.598594682800846 -0.564576542636927 -0.530558403167575 -0.496540264632457 -0.462522127228066 -0.428503991074159 -0.394485856252468 -0.360467722769344 -0.326449590612292 -0.292431459717361 -0.258413329814759 -0.224395200609877 -0.190377071914663 -0.156358943574915 -0.122340815465247 -0.0883226874794994 -0.0543045595595787 -0.0202864316594083
-1.02343352438203 -0.989071950418153 -0.95471037637338 -0.920348802157747 -0.885987227661529 -0.851625652795651 -0.817264077573374 -0.782902502042125 -0.748540926283622 -0.714179350367214 -0.679817774278476 -0.645456197982038 -0.611094621435465 -0.57673304456805 -0.542371467290996 -0.508009889471402 -0.473648310980359 -0.439286731749017 -0.404925151737784 -0.37056357096406 -0.336201989459492 -0.301840407267836 -0.267478824481287 -0.233117241235358 -0.198755657790404 -0.164394074392593 -0.130032491106502 -0.0956709079387415 -0.0613093248456347 -0.0269477417709328
-0.988561534643352 -0.954079097405696 -0.919596660090681 -0.885114222619658 -0.85063178496191 -0.816149347094135 -0.78166690897477 -0.74718447051599 -0.71270203146318 -0.678219591555108 -0.643737150670869 -0.60925470872464 -0.574772265644752 -0.540289821416138 -0.505807376052428 -0.471324929625418 -0.436842482219925 -0.402360033914665 -0.367877584821116 -0.333395135187881 -0.298912685297845 -0.264430235404983 -0.229947785647627 -0.195465336103777 -0.160982886725741 -0.12650043743129 -0.0920179881257171 -0.0575355387333565 -0.0230530892671656 0.0114293602377422
-0.979115783561883 -0.944872456891967 -0.910629130149445 -0.876385803332201 -0.842142476522486 -0.807899149835462 -0.773655823433551 -0.739412497483345 -0.705169172120835 -0.670925847468151 -0.636682523622562 -0.602439200675122 -0.568195878704339 -0.533952557738523 -0.499709237774112 -0.465465918730226 -0.431222600483363 -0.396979282816826 -0.362735965500208 -0.328492648341455 -0.2942493311581 -0.260006013777595 -0.225762696067077 -0.191519377924804 -0.157276059333839 -0.123032740313944 -0.088789420946875 -0.0545461013319736 -0.0203027815769361 0.013940538208453
-0.965757877222955 -0.933035181325834 -0.900312485294387 -0.867589788992989 -0.834867092316428 -0.8021443951982 -0.769421697696218 -0.736698999875159 -0.703976301702327 -0.671253603198 -0.638530904691728 -0.605808206590376 -0.573085509288373 -0.540362813130403 -0.507640118401606 -0.47491742519867 -0.442194733560708 -0.409472043484967 -0.376749354960715 -0.34402666798717 -0.31130398256604 -0.278581298667716 -0.245858616137332 -0.213135934783222 -0.180413254391785 -0.14769057476131 -0.11496789575959 -0.0822452172602513 -0.0495225390907465 -0.0167998610669853
-0.980149686595714 -0.947102810830527 -0.914055934959649 -0.88100905889714 -0.847962182605832 -0.814915306083994 -0.781868429422857 -0.74882155270134 -0.715774675856149 -0.682727798815389 -0.649680921615002 -0.616634044317885 -0.58358716700283 -0.550540289812203 -0.517493412860606 -0.484446536087997 -0.451399659400322 -0.418352782742107 -0.385305906061979 -0.352259029286369 -0.319212152336164 -0.286165275123119 -0.253118397522483 -0.220071519433486 -0.187024640887802 -0.153977761963807 -0.120930882794253 -0.0878840035088449 -0.0548371241707395 -0.0217902448264539
0.960591647593974 0.952082034622879 0.936217662657858 0.913292630861578 0.875426200799676 0.817252173657213 0.751637346693959 0.694623630296068 0.656720391280523 0.643254260034917 0.64435346479846 0.646346633273264 0.636815257491045 0.608352286801919 0.557678202071897 0.493012152912161 0.426852936365448 0.377319270455546 0.357687478142961 0.35624438115401 0.355029425906465 0.339374801772192 0.307783669939422 0.263182938405872 0.213023530590844 0.163972895231066 0.115040566911401 0.0637348223905002 0.00921682127402586 -0.048939056120605
-0.951623144661183 -0.924598495228103 -0.897559858097376 -0.870534816276743 -0.843505933203751 -0.816406259304965 -0.789015812533205 -0.761097327872731 -0.732497440907303 -0.703099807730529 -0.672852265875907 -0.641718698236912 -0.60963857690355 -0.57645373075197 -0.542020538136256 -0.506351218536097 -0.469525427677608 -0.431736725147003 -0.393202429225071 -0.354120989110786 -0.314686136732673 -0.275068470432959 -0.235346054208692 -0.195550322797076 -0.155618728241136 -0.115472309062907 -0.0750604323946663 -0.0343644282028855 0.00653485081941153 0.0475316712975636
-0.977966854283865 -0.944027183517684 -0.910087512976911 -0.876147843011101 -0.842208174041314 -0.808268506460136 -0.774328840474736 -0.740389176201447 -0.706449513578665 -0.672509852483852 -0.638570192728661 -0.604630534108289 -0.570690876445174 -0.536751219670712 -0.502811563748454 -0.468871908661621 -0.434932254389126 -0.400992600872976 -0.36705294807503 -0.333113296073444 -0.299173644975449 -0.265233994856456 -0.231294345664604 -0.197354697306014 -0.163415049646011 -0.129475402531425 -0.095535755775912 -0.0615961092088677 -0.0276564627558124 0.00628318363370186
-0.991323809829016 -0.957254659570973 -0.923185509379901 -0.889116359286879 -0.855047209220391 -0.820978059102439 -0.786908908931679 -0.752839758720958 -0.718770608463247 -0.684701458154778 -0.650632307824704 -0.616563157510407 -0.58249400726303 -0.54842485718875 -0.514355707392481 -0.48028655791904 -0.446217408794592 -0.412148260030787 -0.378079111614832 -0.344009963450688 -0.309940815421503 -0.275871667421171 -0.241802519386566 -0.20773337128059 -0.173664223127285 -0.139595074953604 -0.10552592673701 -0.0714567784485263 -0.0373876300829096 -0.00331848164084854
-1.00015491883228 -0.966028135838431 -0.931901352786721 -0.897774569629912 -0.863647786278271 -0.829521002630775 -0.79539421858373 -0.761267434060202 -0.727140649092982 -0.693013863740681 -0.658887078055472 -0.624760292087922 -0.590633505867289 -0.556506719337617 -0.522379932421585 -0.488253145041638 -0.454126357135552 -0.419999568702656 -0.38587277977059 -0.351745990418687 -0.317619200739204 -0.283492410811061 -0.249365620659824 -0.215238830295529 -0.181112039719443 -0.146985248938305 -0.112858457989504 -0.0787316669189099 -0.0446048757756554 -0.0104780846096894
-0.976688173354372 -0.94380192502484 -0.910915676506652 -0.878029427643589 -0.845143178293209 -0.812256928328443 -0.779370677669951 -0.746484426270499 -0.713598174163583 -0.680711921395424 -0.647825667982421 -0.614939413933519 -0.582053159298981 -0.549166904294341 -0.516280649155243 -0.483394394032494 -0.450508139052112 -0.41762188432578 -0.384735629945505 -0.351849375938925 -0.318963122317582 -0.286076869098326 -0.253190616319235 -0.220304364025952 -0.187418112273177 -0.15453186107998 -0.121645610313871 -0.0887593598170403 -0.0558731094819572 -0.0229868592136603
0.991489649957004 0.957823556497552 0.924157462971374 0.890491369320371 0.856825275606126 0.823159181917815 0.789493088335298 0.755826994920515 0.722160901673015 0.688494808567893 0.654828715544784 0.621162622534466 0.587496529452052 0.553830436150029 0.520164342479546 0.48649824834904 0.452832153680558 0.419166058393294 0.385499962414983 0.351833865710366 0.318167768253436 0.284501670037515 0.250835571133241 0.217169471597113 0.183503371351759 0.149837270326411 0.116171168610583 0.0825050663477291 0.0488389637367757 0.0151728609905151
-0.931700745345942 -0.992077336874826 -1.01739225920254 -0.980874338721144 -0.898079653828059 -0.796152776809835 -0.70626500350413 -0.652668133293627 -0.627909256190015 -0.618284311711083 -0.616789346770043 -0.618095435128958 -0.615301604809457 -0.59521870087143 -0.550313711300563 -0.501966378747456 -0.471625439682026 -0.45210285118655 -0.430383023440333 -0.398776958398437 -0.350927305959861 -0.284228181962712 -0.211079566001534 -0.147231189810686 -0.106825929927352 -0.0951024598514956 -0.0832894961313801 -0.0432726891104853 0.016424618735136 0.0781196618962876
-1.04588991728422 -1.00978613868117 -0.973682360122653 -0.937578581646428 -0.901474803255944 -0.865371024953552 -0.829267246771507 -0.793163468739741 -0.757059690848988 -0.720955913070541 -0.684852135337113 -0.648748357571775 -0.612644579672002 -0.576540801432902 -0.540437022656007 -0.504333243270939 -0.46822946324933 -0.432125682602752 -0.396021901362081 -0.359918119595441 -0.323814337380265 -0.287710554802313 -0.251606771980624 -0.215502989046316 -0.179399206145549 -0.143295423400485 -0.107191640822274 -0.0710878583898217 -0.0349840760640792 0.00111970619849059
-1.04098415660309 -1.00412548933597 -0.967103599309508 -0.929714194754528 -0.891903478959665 -0.85366029608698 -0.81499355873444 -0.775921588501746 -0.736480274559655 -0.696730757874114 -0.656817619020792 -0.616906298477785 -0.577147999723975 -0.537636978241379 -0.498513339137747 -0.460157534020626 -0.422957010214351 -0.387086851410606 -0.352624960564736 -0.319472881319395 -0.287488067489068 -0.256519012828057 -0.226378370849957 -0.196845477729977 -0.167602240530503 -0.138372465921128 -0.109144988113098 -0.0799697926811598 -0.0508764431123951 -0.021889397371969
1.01176334313202 0.976707512144587 0.941651681177883 0.906595850218108 0.871540019230502 0.836484188185806 0.801428357097733 0.766372525985681 0.731316694848836 0.69626086366781 0.66120503236914 0.626149200865844 0.591093369061026 0.556037536818116 0.520981703979098 0.485925870339841 0.450870035694958 0.415814199880169 0.380758362773151 0.345702524378309 0.310646684731729 0.275590843901571 0.240535002084278 0.205479159495558 0.170423316299876 0.135367472662328 0.100311628801773 0.0652557849169342 0.0301999410722304 -0.00485590270149684
-1.00469764506617 -0.970191097166617 -0.935684549446501 -0.901178002057824 -0.866671455049804 -0.832164908446598 -0.79765836227488 -0.763151816559907 -0.728645271318735 -0.694138726575054 -0.659632182387299 -0.625125638822588 -0.590619095951043 -0.556112553854791 -0.521606012619593 -0.487099472333727 -0.45259293308585 -0.418086394963604 -0.383579858009905 -0.349073322089759 -0.314566787023701 -0.280060252630705 -0.245553718723526 -0.211047185137352 -0.176540651803314 -0.142034118669183 -0.107527585653326 -0.0730210526796287 -0.0385145197234463 -0.00400798677300237
-1.06232801669076 -0.999725094064334 -0.938878548086336 -0.881279308405565 -0.827461748261669 -0.777721237750835 -0.732353690804557 -0.691498240801463 -0.654666355073395 -0.621267021535256 -0.590926976480964 -0.563327393299191 -0.537901447831519 -0.513090325731152 -0.487336226195304 -0.460077392785593 -0.431056428504728 -0.400237329755388 -0.367767890735098 -0.334309703420801 -0.300652809234295 -0.267353891851698 -0.234036203966416 -0.200360561663743 -0.167071465579257 -0.13522210635272 -0.10601675009037 -0.0802854993221246 -0.057210726806166 -0.035562872857741
-0.984156279864698 -0.950287367086133 -0.916418454411327 -0.882549541938061 -0.848680629703546 -0.814811717711945 -0.780942805895792 -0.747073894201951 -0.713204982706227 -0.67933607153582 -0.645467160894577 -0.611598251005503 -0.577729342040126 -0.543860433964057 -0.509991526674777 -0.476122620003152 -0.44225371376604 -0.408384807790872 -0.374515901923236 -0.34064699607079 -0.306778090156706 -0.272909184114655 -0.239040277920292 -0.205171371565583 -0.171302465065755 -0.137433558444977 -0.10356465173994 -0.0696957449858573 -0.0358268381994916 -0.0019579313929951
-0.999142448140655 -0.96313405005963 -0.927125652019931 -0.891117254063868 -0.855108856243962 -0.819100458593097 -0.783092061055393 -0.747083663537468 -0.711075265884696 -0.675066867928001 -0.639058469501763 -0.603050070441227 -0.56704167058954 -0.53103326982146 -0.495024868057235 -0.459016465367445 -0.42300806186473 -0.386999657679625 -0.350991252936499 -0.314982847717169 -0.278974442092813 -0.242966036136442 -0.206957629928403 -0.170949223548064 -0.134940817063533 -0.0989324105272754 -0.0629240039404406 -0.0269155972982012 0.00909280937686226 0.0451012160553173
-0.979691978071212 -0.946952977114148 -0.914213976069978 -0.88147497488772 -0.848735973531769 -0.815996971967092 -0.783257970145539 -0.75051896802588 -0.717779965607675 -0.685040962894124 -0.652301959862201 -0.619562956482326 -0.586823952748809 -0.554084948751515 -0.521345944603814 -0.488606940417512 -0.455867936297879 -0.423128932325586 -0.390389928560569 -0.357650925004446 -0.324911921644252 -0.292172918498316 -0.259433915710138 -0.22669491343251 -0.193955911730211 -0.161216910617775 -0.128477909996764 -0.0957389097429182 -0.0629999097416668 -0.0302609098808591
-0.978861409239375 -0.945783915488111 -0.912706421731661 -0.879628928029771 -0.846551434457672 -0.813473941084052 -0.78039644793593 -0.747318955021068 -0.714241462311884 -0.681163969804602 -0.648086477626016 -0.615008985935562 -0.581931494905171 -0.548854004756731 -0.515776515685598 -0.482699027731009 -0.449621540898135 -0.416544055211967 -0.383466570669193 -0.350389087133466 -0.317311604435177 -0.284234122411385 -0.251156640925823 -0.218079159882823 -0.185001679322461 -0.151924199292666 -0.118846719737057 -0.0857692405620616 -0.052691761629669 -0.0196142827907583
-1.00274590160831 -0.968442934160917 -0.934139966720396 -0.899836999304635 -0.865534032016378 -0.831231064984116 -0.796928098354451 -0.762625132237317 -0.728322166577847 -0.694019201284481 -0.659716236283696 -0.625413271506477 -0.591110306876581 -0.556807342288854 -0.52250437765416 -0.488201412976366 -0.453898448304861 -0.419595483778135 -0.385292519530258 -0.350989555588527 -0.316686591953547 -0.28238362858445 -0.248080665274471 -0.213777701822434 -0.17947473821542 -0.1451717744808 -0.110868810618833 -0.0765658466322122 -0.0422628825604488 -0.00795991845226053
0.996744362299591 0.962634098644339 0.928523835129862 0.894413571884137 0.860303308958029 0.826193046385283 0.792082784208266 0.757972522454606 0.723862261084358 0.689752000056527 0.655641739393479 0.621531479133421 0.587421219312917 0.55331095996196 0.519200701087115 0.4850904426078 0.450980184419803 0.416869926411515 0.382759668468016 0.34864941046854 0.314539152290857 0.280428893821652 0.246318634983258 0.212208375719747 0.178098116026493 0.143987855931404 0.109877595541227 0.0757673349718015 0.041657074296499 0.00754681357807459
-1.03168384294534 -0.996553149715509 -0.961422456475103 -0.926291763267806 -0.89116107016103 -0.856030377204275 -0.820899684351653 -0.785768991522454 -0.750638298592051 -0.715507605448951 -0.680376912078103 -0.64524621848857 -0.610115524691909 -0.574984830709655 -0.539854136559207 -0.504723442231437 -0.469592747702504 -0.43446205291622 -0.399331357809714 -0.364200662325723 -0.329069966408385 -0.293939269981971 -0.258808572891269 -0.223677874998402 -0.188547176314323 -0.153416476921529 -0.118285777039885 -0.0831550768984193 -0.0480243766254596 -0.0128936763241561
-1.03069389537244 -0.993669523837288 -0.956645152286594 -0.919620780723755 -0.882596409153201 -0.84557203757037 -0.808547665933709 -0.771523294204644 -0.734498922393515 -0.69747455049723 -0.660450178410052 -0.623425806000582 -0.586401433174096 -0.549377059982569 -0.512352686505776 -0.475328312788008 -0.438303938874194 -0.401279564847315 -0.36425519079865 -0.327230816814616 -0.29020644298042 -0.253182069362595 -0.216157695953002 -0.179133322715986 -0.142108949580522 -0.105084576478948 -0.06806020339243 -0.0310358303162655 0.00598854274654332 0.0430129157910683
-1.01105247491294 -0.969526637074497 -0.928105068601078 -0.886917031448557 -0.846067026320974 -0.805649029712285 -0.76573968252796 -0.726420124434682 -0.687806825732478 -0.65000816302493 -0.613064807496484 -0.577000503976805 -0.54181571249475 -0.507417753875952 -0.47370331858177 -0.440619714819696 -0.40813255200335 -0.376230026624746 -0.344910359626644 -0.314189282676421 -0.284086905122607 -0.254585602037242 -0.225516811386414 -0.196662225975146 -0.167755495070153 -0.138579512660149 -0.109162195160159 -0.0795858810032024 -0.049905574267986 -0.020169445444637
-1.00308687873823 -0.96911815861052 -0.935149438878094 -0.901180720021833 -0.867212002609428 -0.833243287119786 -0.799274573589887 -0.765305861922635 -0.731337151926562 -0.697368443412543 -0.663399736295195 -0.629431030515071 -0.59546232608271 -0.561493623288602 -0.527524922513501 -0.493556224219281 -0.459587528812124 -0.425618836394334 -0.391650146969373 -0.357681460449204 -0.323712776722915 -0.289744095645376 -0.255775416934575 -0.221806740237581 -0.18783806505466 -0.153869390915823 -0.11990071761687 -0.0859320450026986 -0.0519633728488216 -0.0179947009134045
-0.917454238403319 -0.887324701567905 -0.857195164773795 -0.82706562801639 -0.796936091221256 -0.766806554299353 -0.736677017173037 -0.706547479794999 -0.67641794222787 -0.646288404560537 -0.616158866876972 -0.586029329259922 -0.555899791800264 -0.525770254621414 -0.495640717844078 -0.465511181545597 -0.435381645793894 -0.405252110662571 -0.375122576221272 -0.344993042518121 -0.314863509595861 -0.284733977468886 -0.254604446038189 -0.224474915158456 -0.194345384612546 -0.164215854191116 -0.134086323787855 -0.10395679334026 -0.0738272628580416 -0.0436977323689601
-1.04942576536425 -1.01293715664293 -0.976448547926871 -0.9399599392802 -0.903471330791815 -0.866982722559328 -0.830494114690405 -0.794005507296205 -0.757516900491798 -0.721028294364171 -0.684539688884071 -0.648051083993181 -0.611562479613376 -0.575073875587286 -0.538585271742101 -0.502096667922486 -0.465608063988322 -0.429119459842887 -0.392630855404307 -0.356142250606699 -0.319653645388181 -0.283165039706617 -0.246676433598866 -0.21018782712867 -0.173699220388318 -0.137210613488695 -0.100722006586524 -0.0642333998141623 -0.0277447931606766 0.00874381342069125
-0.966052505918612 -0.933103772049281 -0.900155038219322 -0.867206304423165 -0.834257570558872 -0.801308836508595 -0.768360102187207 -0.735411367542949 -0.70246263262481 -0.669513897507817 -0.636565162270415 -0.603616426991901 -0.570667691715414 -0.53771895633946 -0.504770220755576 -0.471821484972059 -0.438872749018978 -0.405924012896727 -0.372975276604548 -0.340026540166748 -0.307077803613903 -0.274129066977983 -0.241180330296544 -0.208231593618686 -0.175282857034123 -0.142334120638726 -0.109385384512414 -0.076436648697728 -0.0434879131036796 -0.0105391776058961
-0.995527918312227 -0.960725410279491 -0.925922902197339 -0.89112039405174 -0.85631788592687 -0.821515377922076 -0.786712870099223 -0.751910362514142 -0.717107855236031 -0.682305348358338 -0.647502842058134 -0.6127003365334 -0.577897831941588 -0.54309532827804 -0.508292825449736 -0.473490323172295 -0.438687821129446 -0.40388531906869 -0.369082816771629 -0.33428031409249 -0.299477810903659 -0.264675307107608 -0.229872802727157 -0.195070297811615 -0.160267792395895 -0.125465286521375 -0.0906627802696686 -0.0558602737353885 -0.0210577670248874 0.0137447397525457
1.02141456094163 0.987311298077527 0.953187782861112 0.919026259729674 0.884809480966604 0.850516824540306 0.816113663313117 0.781562131841719 0.746825416566248 0.711874176993677 0.676707913014855 0.641333334616603 0.605757156198927 0.569986109814581 0.534024770927506 0.497869070993626 0.461511052484485 0.424935845942101 0.388131726541001 0.351106459915267 0.313872684313868 0.276440185205145 0.238807336934922 0.200975392012079 0.16296852672024 0.124819545927256 0.0865728450631481 0.0482717271256809 0.00994353482143207 -0.0283883792158179
-0.928640399571982 -0.904254735122108 -0.87968367545513 -0.854765585159252 -0.829483752018413 -0.803861312976368 -0.777935878420389 -0.751729803242709 -0.725189946911867 -0.698225241164894 -0.670668402236465 -0.642333092485665 -0.613029038219426 -0.582550221536065 -0.550723448976777 -0.517522569062884 -0.482950400404717 -0.446978599988506 -0.409594324069474 -0.370877887602915 -0.330932895219143 -0.289862919716702 -0.247771406567052 -0.204738374937703 -0.160750266107436 -0.115821223389957 -0.0701697761273998 -0.0240513660120518 0.022335301891608 0.0688057066760531
-0.961997116969886 -0.947611714254209 -0.933175114572834 -0.918232189577008 -0.90151112924665 -0.881653019249729 -0.85776720967777 -0.829280186262432 -0.79641871287239 -0.759685700123198 -0.719888367480935 -0.677910011624312 -0.634637820324049 -0.59097454571891 -0.547726549511 -0.505299067287752 -0.464123840952645 -0.425139763788031 -0.3890794762347 -0.355343455988344 -0.322999140058378 -0.291061914858825 -0.258338964422148 -0.223838510198276 -0.187581125688567 -0.149882556142212 -0.111226881748317 -0.0720504532675077 -0.0324303688065974 0.00764608669105673
-0.978310411399011 -0.945311418405393 -0.912312425447542 -0.879313432553796 -0.846314439636465 -0.813315446624776 -0.780316453631656 -0.747317460834794 -0.714318468487213 -0.681319476812292 -0.64832048583951 -0.61532149554987 -0.58232250588257 -0.549323516609595 -0.516324527493591 -0.483325538427074 -0.450326549346898 -0.417327560237403 -0.384328571111649 -0.351329582050105 -0.318330593150088 -0.285331604489847 -0.252332616071355 -0.219333627866482 -0.186334639802979 -0.153335651808332 -0.120336663853097 -0.0873376759205498 -0.0543386880017693 -0.021339700089786
-0.989664880387749 -0.956494044658758 -0.923323208999357 -0.890152373413447 -0.85698153747144 -0.823810700649503 -0.790639862480317 -0.757469022552925 -0.724298180625308 -0.691127336458364 -0.657956489655718 -0.624785639781672 -0.591614786388857 -0.558443928983214 -0.525273067129103 -0.49210220067124 -0.45893132966261 -0.425760454708901 -0.392589576527276 -0.3594186957281 -0.32624781289504 -0.293076928592948 -0.259906043311416 -0.226735157480619 -0.193564271368309 -0.160393385171961 -0.127222498970357 -0.0940516127888082 -0.0608807265574548 -0.0277098401826421
-0.951915832089805 -0.919814949142342 -0.887714066120135 -0.85561318295304 -0.823512299561781 -0.79141141587537 -0.759310531865108 -0.727209647540867 -0.695108763024515 -0.66300787844827 -0.630906993873757 -0.598806109344949 -0.566705224894354 -0.534604340508621 -0.502503456145475 -0.470402571692807 -0.438301687034693 -0.406200802109766 -0.374099916873321 -0.341999031292739 -0.309898145338418 -0.277797259000627 -0.245696372349106 -0.213595485455111 -0.1814945983165 -0.149393710924743 -0.117292823319173 -0.0851919355541834 -0.053091047696552 -0.0209901598161532
-1.01159920906153 -0.977153780629331 -0.942708352099042 -0.908262923398498 -0.873817494546363 -0.839372065564901 -0.804926636399963 -0.770481206987555 -0.736035777300716 -0.701590347335467 -0.667144917142704 -0.632699486787042 -0.598254056335125 -0.563808625861694 -0.529363195413233 -0.494917764915073 -0.460472334258762 -0.426026903321875 -0.391581471997544 -0.357136040255107 -0.322690608082949 -0.288245175466266 -0.253799742377474 -0.219354308804137 -0.18490887480717 -0.150463440485317 -0.116018006015275 -0.0815725715581964 -0.0471271371350978 -0.0126817027319609
-1.01074785263252 -0.975365507698672 -0.939983162699377 -0.904600817557516 -0.869218472213416 -0.833836126620639 -0.798453780768251 -0.763071434657257 -0.727689088300915 -0.69230674171186 -0.656924394887955 -0.621542047823377 -0.586159700524017 -0.550777353042628 -0.515395005441418 -0.480012657773545 -0.444630310079155 -0.409247962355392 -0.373865614590639 -0.338483266781218 -0.303100918925438 -0.267718571031814 -0.232336223149689 -0.196953875332738 -0.161571527611136 -0.12618917997679 -0.0908068322920336 -0.0554244844239896 -0.0200421363885111 0.0153402117613663
-1.04317302302909 -0.988904079522564 -0.935707933856379 -0.884644008141233 -0.836601647253652 -0.792190898313989 -0.751074694652074 -0.712731882799465 -0.676852075885161 -0.64327395087717 -0.612221673502086 -0.584015781676151 -0.558686794535275 -0.535105156094061 -0.51200992163017 -0.488774666594823 -0.46488100930114 -0.43960821933626 -0.412323481991894 -0.382947994104 -0.351541455394602 -0.318246003662549 -0.283533529014012 -0.247927029396817 -0.21182418181809 -0.175601456068717 -0.139675814015313 -0.104377778571502 -0.0696516247631902 -0.0353450656443602
1.03273088697712 0.990859850381907 0.950475542659153 0.913033231883663 0.877847153056989 0.843947838206808 0.811372040538592 0.779797179301803 0.746457116744076 0.708541321083091 0.665505241418519 0.617370822070535 0.564799382467691 0.511009742472062 0.45956149320667 0.412819810404807 0.372724873382563 0.34071129117694 0.317225668911521 0.299268166335285 0.282977331853559 0.264969080083255 0.243768790487609 0.21839941322936 0.18796471642293 0.151962264641223 0.111383990339374 0.0675472334066504 0.0215765955866083 -0.0254515059136233
-0.980057869745934 -0.945923170240466 -0.911788470735799 -0.877653771221629 -0.843519071702686 -0.809384372170461 -0.775249672548436 -0.741114972757027 -0.706980272772372 -0.672845572597754 -0.638710872289303 -0.604576171916365 -0.570441471551601 -0.53630677128094 -0.502172071200464 -0.4680373714336 -0.433902672103486 -0.399767973304741 -0.365633275086737 -0.331498577346375 -0.297363879942436 -0.263229182737982 -0.229094485613189 -0.194959788444199 -0.160825091073909 -0.12669039335729 -0.0925556952308625 -0.058420996685872 -0.0242862978509157 0.0098484011110713
-0.99897103320446 -0.965031028673776 -0.931091024207294 -0.897151019884383 -0.863211015837577 -0.829271012191326 -0.795331008984582 -0.761391006206564 -0.727451003733057 -0.693511001415968 -0.659570999125114 -0.625630996734788 -0.591690994154316 -0.557750991433158 -0.523810988654611 -0.489870985897216 -0.455930983241163 -0.421990980777993 -0.388050978591793 -0.354110976725487 -0.320170975211705 -0.286230974055113 -0.252290973148504 -0.218350972369634 -0.184410971647962 -0.150470970937096 -0.116530970235545 -0.0825909695502471 -0.0486509688769544 -0.0147109682086241
-1.11125004139087 -1.02121902455342 -0.933436599189608 -0.851235169683285 -0.781125659170398 -0.728699820241012 -0.692694204549573 -0.67046861295433 -0.660731044064392 -0.661396724863961 -0.66586159808676 -0.666391785403894 -0.656760458729212 -0.636768990947551 -0.607379611348891 -0.568169773872814 -0.519798186164538 -0.468633346042232 -0.42106201459095 -0.37783421579035 -0.338290789343743 -0.300423939727389 -0.256831330509353 -0.202217229991642 -0.145106866320216 -0.0959644549459758 -0.0591892006956082 -0.0360537266562211 -0.0213893395808068 -0.00841701713882946
1.0823481843684 1.04016312544371 0.997993253614663 0.955873124358376 0.913830199481882 0.871890155639056 0.830078622541233 0.788424111640917 0.746966708297834 0.705760276365423 0.664902219764758 0.624500827433826 0.584654707396569 0.54542374402077 0.506836103847772 0.468831805769328 0.431331772380016 0.394268688735276 0.357589002288302 0.321282447622413 0.285349581103461 0.249783862110849 0.21455036207819 0.17959906729468 0.144848011417651 0.110213601020674 0.0756376869741338 0.0410776329988847 0.00652740992082371 -0.0280098596578904
-1.01476935273469 -0.980127125812257 -0.945484898942253 -0.910842672134037 -0.876200445458375 -0.841558219024815 -0.806915993036632 -0.77227376769874 -0.737631543128895 -0.70298931941545 -0.668347096616335 -0.633704874781867 -0.59906265396173 -0.564420434203056 -0.529778215534826 -0.49513599791596 -0.460493781284338 -0.425851565563752 -0.391209350660098 -0.356567136421769 -0.321924922682785 -0.287282709309999 -0.252640496301597 -0.217998283669947 -0.183356071352816 -0.148713859276544 -0.114071647396368 -0.0794294356693996 -0.0447872240313457 -0.0101450124125624
-1.02818153178499 -1.02505481940713 -1.01768411491233 -1.00117107114392 -0.970680759788149 -0.923161474113652 -0.8626309748757 -0.795120455536254 -0.727645372897428 -0.666608604647975 -0.614978448683058 -0.574864557949439 -0.547758341315182 -0.532678231333545 -0.526990926519678 -0.523929165551094 -0.515905808996984 -0.496188164830882 -0.460172490091148 -0.410916390671103 -0.353392809677811 -0.293001754187179 -0.236851487150497 -0.19055626556768 -0.15204606675777 -0.11779240333569 -0.0861172087807656 -0.0555737657997385 -0.023790333144615 0.0118360864212826
-0.984598661834939 -0.950120771166836 -0.915642880709413 -0.881164990686293 -0.846687101313316 -0.812209212778501 -0.777731325166379 -0.743253438545189 -0.708775553021497 -0.674297668705803 -0.639819785686012 -0.605341904044384 -0.570864023812878 -0.536386144822268 -0.50190826687586 -0.467430389868276 -0.432952513683122 -0.398474638068619 -0.363996762768167 -0.329518887641264 -0.295041012576434 -0.260563137499018 -0.226085262481638 -0.191607387609993 -0.157129512874802 -0.122651638228859 -0.0881737635682301 -0.0536958888000681 -0.0192180139326138 0.0152598610006204
-1.00826615074281 -0.97293698845912 -0.937607826252048 -0.902278664201532 -0.866949502232749 -0.83162034023622 -0.796291178118604 -0.760962015794895 -0.725632853197297 -0.690303690269809 -0.654974526986406 -0.619645363328553 -0.584316199298989 -0.548987034985537 -0.513657870484608 -0.478328705841865 -0.442999541094192 -0.407670376294105 -0.372341211492398 -0.337012046717348 -0.301682881991606 -0.266353717330044 -0.231024552716426 -0.195695388151541 -0.1603662237354 -0.125037059571387 -0.0897078956771637 -0.0543787320347849 -0.0190495685695938 0.0162795948072448
0.948126749014828 0.914139741546143 0.880232869541287 0.846543182246553 0.813131296955087 0.780077362385537 0.747616084911705 0.71596402028435 0.685110564106901 0.654969046397749 0.62537569498246 0.596147462138393 0.567083858343214 0.537914626875831 0.508359771052322 0.478170101536213 0.44712186391806 0.415062236149089 0.381851720929461 0.347333187594416 0.311345097137962 0.273771740399015 0.234680727596116 0.194249008629568 0.152907572747082 0.111105738826749 0.0691121049207708 0.0271094233509726 -0.0148822156564394 -0.0568833873991638
-1.00701572233936 -0.958782897733643 -0.913670248515669 -0.873797483546275 -0.838803488225405 -0.807475753725516 -0.777677017770012 -0.747704907930338 -0.718521364619163 -0.691440705997768 -0.666522448380664 -0.64351240762067 -0.622124928702526 -0.601948473138674 -0.581799204113473 -0.557529974971285 -0.524543887622301 -0.479408348080052 -0.420681271580587 -0.353718306146696 -0.285574532997856 -0.222793952523981 -0.169876241796743 -0.129272627963314 -0.0972848617911259 -0.0693779562210645 -0.0438194492675726 -0.019563531350773 0.0044915225600515 0.0294614163583281
-0.981921272501312 -0.934870467041206 -0.895913813959061 -0.869604907548328 -0.848162694489862 -0.823098907582086 -0.795431071706295 -0.768453015562048 -0.745057991039088 -0.726125594004748 -0.704881373046535 -0.672637364932002 -0.623772812755904 -0.564935784921824 -0.506549656403151 -0.461870203143687 -0.440397169500897 -0.433773772516465 -0.430075520273752 -0.420963612338587 -0.39899567114742 -0.358150082081795 -0.298088282303626 -0.223164794074368 -0.150823428273268 -0.0982211434573519 -0.0682782002769825 -0.0588426894722312 -0.0617107200486575 -0.0671654055781937
-1.01628548427645 -0.980014678396606 -0.943743872530337 -0.907473066737605 -0.871202261115031 -0.834931455746691 -0.798660650629804 -0.762389845768843 -0.726119041284135 -0.689848237308684 -0.653577433910359 -0.617306631140743 -0.581035829045869 -0.544765027649579 -0.508494226950277 -0.472223426866819 -0.435952627299928 -0.399681828157339 -0.363411029335663 -0.327140230679993 -0.290869432022547 -0.254598633202719 -0.218327834088615 -0.182057034564127 -0.145786234547576 -0.109515434003451 -0.0732446330464922 -0.0369738318196989 -0.000703030428861008 0.0355677710295345
-1.01751865544274 -0.981995641730388 -0.946472628057262 -0.910949614450485 -0.875426600905356 -0.839903587390472 -0.804380573799434 -0.76885756001078 -0.73333454591778 -0.697811531427051 -0.662288516483845 -0.626765501043079 -0.591242485073207 -0.55571946859686 -0.520196451635252 -0.484673434149781 -0.449150416090346 -0.413627397420676 -0.378104378130113 -0.342581358296641 -0.307058338020404 -0.271535317390114 -0.236012296448752 -0.200489275218102 -0.164966253680865 -0.129443231820701 -0.0939202096641767 -0.05839718725788 -0.0228741646855914 0.0126488579596112
-0.96840888234055 -0.9371936690522 -0.905978455752765 -0.874763242479298 -0.843548029444848 -0.81233281691296 -0.781117605173155 -0.749902394474043 -0.718687184874626 -0.687471976381417 -0.656256768980575 -0.625041562653174 -0.593826357425071 -0.562611153501266 -0.531395951100768 -0.50018075031947 -0.468965551214092 -0.437750353807778 -0.406535158128566 -0.375319964257642 -0.344104772289477 -0.312889582347247 -0.281674394668945 -0.250459209436108 -0.219244026489633 -0.18802884556731 -0.156813666335135 -0.125598488425572 -0.0943833114087188 -0.0631681348390875
1.02431984460373 0.990688811815139 0.957057778958511 0.92342674598697 0.889795712817317 0.856164679357817 0.822533645518899 0.788902611222325 0.755271576433018 0.721640541139218 0.688009505379277 0.654378469204078 0.620747432685301 0.587116395977827 0.553485359249548 0.519854322637223 0.486223286258016 0.452592250181844 0.418961214471625 0.385330179209528 0.351699144482532 0.31806811037036 0.284437076923695 0.250806044156256 0.217175011962933 0.183543980206193 0.149912948737623 0.116281917419779 0.0826508861699736 0.049019854919209
-0.989139538524945 -0.955087178864693 -0.921034819317069 -0.886982459973399 -0.852930100828664 -0.818877741848014 -0.784825382973636 -0.75077302414303 -0.7167206652979 -0.68266830638791 -0.648615947390346 -0.614563588289402 -0.580511229066877 -0.546458869695016 -0.512406510141129 -0.478354150362356 -0.444301790300234 -0.41024942984405 -0.376197068865087 -0.342144707214836 -0.308092344739846 -0.274039981332615 -0.239987617069441 -0.205935252056823 -0.171882886338242 -0.137830519972183 -0.103778153140154 -0.0697257860377688 -0.0356734187940398 -0.00162105152132807
-0.999814540652677 -0.958988064580277 -0.918236314796234 -0.877696312505595 -0.837524070055284 -0.797889043656198 -0.758995473833264 -0.721017126670545 -0.683971086174631 -0.64782589484828 -0.612512611256391 -0.577952922979396 -0.544060024393674 -0.510713137059372 -0.477807218157915 -0.445334140172049 -0.413303079605405 -0.381695513743818 -0.3505215114887 -0.319933207421575 -0.290118252543993 -0.261235173604652 -0.233326000340835 -0.206383701897575 -0.1803215020623 -0.155025355088487 -0.130351882451415 -0.106143662726035 -0.0822164356641858 -0.058379231311927
-0.999131857598106 -0.963126078137371 -0.927120298616286 -0.891114519009784 -0.855108739298614 -0.819102959477674 -0.783097179592626 -0.747091399702822 -0.711085619871614 -0.67507984013957 -0.639074060452112 -0.603068280730874 -0.567062500872935 -0.531056720677139 -0.495050939917038 -0.459045158363245 -0.423039375813798 -0.387033592179389 -0.351027807428215 -0.315022021645838 -0.279016234947163 -0.243010447475463 -0.207004659487494 -0.170998871238708 -0.134993082865864 -0.0989872944616825 -0.0629815060614321 -0.0269757176804074 0.00903007068853788 0.0450358590581598
-0.986210547404298 -0.96407084989256 -0.941671850039594 -0.919015580128511 -0.896013409205426 -0.872489411645563 -0.848009146377585 -0.822030998084627 -0.793843169914304 -0.762785993067435 -0.72857849249321 -0.691034366577908 -0.650169721673285 -0.606810295992999 -0.562048395595456 -0.517232966056144 -0.473625076870245 -0.431877653694639 -0.392328310873655 -0.354661561339714 -0.318398642672261 -0.283048105535019 -0.248067752928829 -0.213012388633475 -0.177875567207401 -0.142670788324692 -0.107052581343323 -0.0706926354764798 -0.0336902496742943 0.00374837467886385
-1.07240755482201 -0.982907148126824 -0.932164672570694 -0.928368219574119 -0.941262030708156 -0.938708154074516 -0.919483713746981 -0.886373143586129 -0.827275040627684 -0.733937634630467 -0.628393523070586 -0.540246395353462 -0.492684307777129 -0.483232784210055 -0.494559404848991 -0.47556250763337 -0.391978125337697 -0.310662312334085 -0.299058792210197 -0.325841943818291 -0.334993809826774 -0.288548247705602 -0.220746374130921 -0.174689790924002 -0.156714781280422 -0.159040378935839 -0.154181938411924 -0.117913622074123 -0.0587485028769671 0.00661561857773981
-0.987237018199453 -0.953157719687565 -0.91907842110846 -0.884999122425254 -0.850919823610934 -0.816840524620354 -0.782761225325976 -0.748681925592095 -0.714602625332732 -0.68052332449172 -0.646444023082426 -0.6123647211356 -0.57828541870196 -0.544206115912092 -0.510126812916327 -0.476047509864098 -0.441968206888656 -0.407888904059429 -0.373809601434139 -0.339730299087506 -0.305650997098498 -0.271571695516976 -0.237492394276355 -0.20341309326959 -0.169333792344218 -0.135254491363319 -0.101175190297559 -0.0670958891529864 -0.0330165879695997 0.00106271320411723
-1.02713385137722 -0.99273146122706 -0.957335134353282 -0.919993152197043 -0.880298565313219 -0.838295472981099 -0.795287400263894 -0.752821948449736 -0.712163597942497 -0.674288965012364 -0.639306330279035 -0.607106890449583 -0.577559236854003 -0.550441539313975 -0.52539830990783 -0.501629851248832 -0.478297430270351 -0.454850380651254 -0.430781885573299 -0.405472459484306 -0.37827444964861 -0.348322221033794 -0.31387820942043 -0.273473876016459 -0.227588712926322 -0.1772081049507 -0.123392976778727 -0.0671719404366425 -0.00936881741063786 0.0492437684481051
-1.01903202188085 -0.983307705991972 -0.947583390169914 -0.911859074475854 -0.87613475890813 -0.840410443462525 -0.804686128187442 -0.768961813154648 -0.733237498476742 -0.697513184241991 -0.661788870400486 -0.626064556867778 -0.590340243555266 -0.554615930357753 -0.518891617191475 -0.483167304075019 -0.447442991026405 -0.411718677959045 -0.375994364781751 -0.34027005148955 -0.304545738099022 -0.268821424652033 -0.233097111291595 -0.197372798167143 -0.16164848535268 -0.125924172879552 -0.0901998606839213 -0.0544755486811709 -0.0187512367987351 0.0169730750329381
-1.05015968899575 -1.01316357080141 -0.97616745257846 -0.939171334304959 -0.902175216040668 -0.865179097869802 -0.828182979892629 -0.791186862233297 -0.754190745095416 -0.717194628679834 -0.680198513096886 -0.64320239843428 -0.606206284744568 -0.56921017193968 -0.53221405989587 -0.495217948487316 -0.458221837603499 -0.4212257271972 -0.384229617237852 -0.347233507698206 -0.310237398551841 -0.27324128976749 -0.236245181294505 -0.199249073074418 -0.162252965036868 -0.125256857114946 -0.0882607492674467 -0.0512646414621575 -0.0142685336771422 0.022727574106967
-1.0121888489278 -0.977368801858486 -0.942548754838516 -0.907728708103566 -0.872908662164805 -0.838088617565496 -0.803268574701763 -0.768448533904808 -0.733628495393285 -0.698808459293398 -0.663988425474101 -0.629168393740037 -0.594348363872512 -0.559528335559492 -0.524708308479459 -0.489888282366297 -0.455068257003375 -0.420248232316587 -0.385428208292809 -0.350608185020297 -0.315788162612653 -0.280968141145365 -0.246148120541463 -0.211328100690921 -0.176508081503947 -0.141688062873676 -0.10686804460472 -0.0720480265082115 -0.0372280085098713 -0.0024079905640688
-0.986975950493117 -0.957380285062147 -0.927686439437583 -0.897790266610875 -0.867601076857759 -0.837050984994491 -0.806149866715139 -0.774921937980213 -0.743371014938198 -0.711480765892536 -0.679174667578524 -0.646361148839423 -0.612973221841338 -0.579042232041746 -0.544595381708767 -0.509544967061716 -0.473782531246526 -0.437231511164404 -0.399841870705493 -0.361637787960406 -0.322661994569876 -0.282958729129183 -0.242578258051812 -0.201599926970948 -0.160213370580363 -0.118619957026587 -0.0769576992066038 -0.0353265307628844 0.00626257643058483 0.0478208909419391
0.96522016243872 0.932384338835423 0.899548514967783 0.866712690511626 0.833876865143293 0.801041038567294 0.768205210600298 0.73536938110616 0.70253355002531 0.669697717302304 0.636861882821601 0.60402604645264 0.571190208091111 0.538354367737726 0.505518525481785 0.472682681661932 0.439846836660682 0.407010990786677 0.374175144306108 0.341339297389213 0.308503450182241 0.275667602799301 0.242831755225942 0.209995907418815 0.177160059347548 0.144324210995734 0.111488362389842 0.0786525135700219 0.0458166645882682 0.0129808154995376
1.02240317192093 0.986971711968143 0.951540251983835 0.916108791940321 0.880677331839831 0.845245871692709 0.809814411511851 0.774382951340216 0.738951491338462 0.703520031694491 0.668088572587478 0.63265711419442 0.597225656661307 0.561794200010105 0.526362744234489 0.490931289338975 0.455499835320653 0.420068382136034 0.384636929734213 0.349205478075198 0.313774027121727 0.278342576863099 0.242911127394867 0.207479678798939 0.172048230996396 0.136616783846094 0.10118533711883 0.0657538905941201 0.0303224441744126 -0.0051090022071115
-1.00963574179452 -0.974259925603931 -0.938884109488312 -0.903508293512019 -0.868132477605751 -0.832756661644989 -0.797380845418001 -0.762005028690559 -0.726629211225661 -0.691253392824767 -0.655877573445959 -0.620501753086473 -0.585125931735073 -0.549750109346632 -0.514374285884038 -0.478998461376116 -0.443622635877449 -0.408246809479688 -0.372870982269686 -0.337495154278047 -0.302119325521313 -0.26674349603885 -0.231367665961341 -0.195991835448367 -0.160616004683805 -0.125240173830004 -0.089864342938919 -0.0544885120310748 -0.019112681111682 0.0162631498178785
-0.976561510118316 -0.943336125496304 -0.910110740849803 -0.876885356207289 -0.843659971736232 -0.810434587572172 -0.777209203583935 -0.7439838195561 -0.710758435202954 -0.677533050227729 -0.644307664359731 -0.611082277334782 -0.577856888913149 -0.544631498952867 -0.511406107384822 -0.478180714333524 -0.444955319970619 -0.411729924462651 -0.378504527940166 -0.345279130394791 -0.312053731783424 -0.27882833209036 -0.245602931409474 -0.21237752987778 -0.179152127695266 -0.145926725058305 -0.112701322085838 -0.0794759188747102 -0.0462505155107885 -0.0130251120771981
-1.08075129209087 -1.03525332568431 -0.989995158076627 -0.945252343449432 -0.901226432330553 -0.858072139996715 -0.815830844373992 -0.774533862622173 -0.734285606186544 -0.69517762706086 -0.65717694514723 -0.620219447324857 -0.584226313368446 -0.549059894634735 -0.514567567518299 -0.480595636983031 -0.446974814164021 -0.413474506311838 -0.379890242439334 -0.346183342493023 -0.312356574152835 -0.278391390174674 -0.244183983618354 -0.209641796785808 -0.174802528643532 -0.13973280545599 -0.104484706014938 -0.0691034606603874 -0.0336214533980584 0.00193214334989848
