-0.974546882666523 -0.936511391295166 -0.900127883565338 -0.868354409328853 -0.843902119813951 -0.828101966101485 -0.817010997306328 -0.804796708422095 -0.783342279923352 -0.74659163852398 -0.699016010414189 -0.647718446653271 -0.599119661926964 -0.556911025426801 -0.52266444400882 -0.492203320681275 -0.460698834005284 -0.426461768601195 -0.388444885978183 -0.345029249141512 -0.294452996470465 -0.238741494145359 -0.195069019550646 -0.178033231247336 -0.176776401298549 -0.174787794744536 -0.158400035031963 -0.117876571867758 -0.0563608015934917 0.0197838927906046
-0.974677582854786 -0.942022186846418 -0.909366790871011 -0.876711394979037 -0.844055999247982 -0.811400603735785 -0.778745208395184 -0.746089813161285 -0.71343441800385 -0.680779022909024 -0.648123627893812 -0.615468232982938 -0.582812838210171 -0.550157443645468 -0.517502049375659 -0.484846655518872 -0.452191262178147 -0.419535869364867 -0.386880477046192 -0.354225085104055 -0.321569693399081 -0.288914301821609 -0.256258910380836 -0.223603519111864 -0.190948128034568 -0.158292737154448 -0.125637346434723 -0.0929819558311455 -0.0603265653118877 -0.027671174848224
-0.965827077352218 -0.930943141145552 -0.896028426473853 -0.861083233824269 -0.826219731764349 -0.791573465291498 -0.757261617042138 -0.723378413249758 -0.689944616897102 -0.656964079098062 -0.624446466741884 -0.592402900661653 -0.560863880852991 -0.529937423961673 -0.499756165277377 -0.470473698015214 -0.442223362232427 -0.415036527429342 -0.388885913922316 -0.363611615848745 -0.339020570801289 -0.314918718980652 -0.29110801101972 -0.267419782401423 -0.243806897576675 -0.220248335309836 -0.196706002651056 -0.17314637600745 -0.149571280928196 -0.125991380247987
-1.00359836074661 -0.968679424517244 -0.933760488216055 -0.898841551769773 -0.863922615159271 -0.829003678381217 -0.794084741441305 -0.759165804350661 -0.724246867133129 -0.689327929814538 -0.654408992415927 -0.61949005495714 -0.584571117483561 -0.549652180142731 -0.5147332430779 -0.479814306312986 -0.444895369859317 -0.409976433797177 -0.375057498187498 -0.340138562944834 -0.305219627947145 -0.270300693063091 -0.235381758124137 -0.20046282298034 -0.165543887593325 -0.130624951965865 -0.0957060161537651 -0.0607870802257124 -0.0258681442488834 0.00905079170992319
-0.884826322255034 -0.930323818425758 -0.962317539539832 -0.957985907169403 -0.925765182798574 -0.879333644041029 -0.822079793116831 -0.75624398765699 -0.689763782329915 -0.631394403582251 -0.587464567936198 -0.563696364432844 -0.56058874482435 -0.557748111707174 -0.534981224598957 -0.493788819857762 -0.44310307785029 -0.399887978137367 -0.378003843639964 -0.37086457152552 -0.366772452523087 -0.353454720366458 -0.316338380808375 -0.248171083900457 -0.173283284870883 -0.116572717886948 -0.0736234276958373 -0.0334252874545468 0.0120948266205892 0.0702757875484011
-1.02031177000019 -0.982691008007341 -0.945070246106874 -0.907449484402422 -0.86982872307371 -0.832207962301331 -0.79458720219325 -0.756966442843299 -0.719345684361393 -0.681724926863538 -0.644104170473991 -0.606483415319079 -0.568862661469955 -0.531241908777095 -0.493621157036048 -0.456000406043333 -0.418379655615297 -0.38075890564663 -0.343138156043221 -0.305517406677426 -0.267896657413221 -0.230275908127202 -0.192655158746468 -0.155034409231377 -0.11741365962483 -0.0797929099842536 -0.042172160342623 -0.00455141072294153 0.0330693388672362 0.0706900884242174
-0.961980720728284 -0.929289197386679 -0.896597674085977 -0.863906150868451 -0.831214627729342 -0.798523104633276 -0.765831581469438 -0.733140058129095 -0.700448534587275 -0.667757010836852 -0.6350654868583 -0.602373962628993 -0.569682438120299 -0.53699091327957 -0.504299388058611 -0.471607862451087 -0.438916336463768 -0.406224810113976 -0.373533283417468 -0.340841756373164 -0.308150228975774 -0.275458701232941 -0.24276717320404 -0.210075644955933 -0.177384116533702 -0.144692587971945 -0.112001059285084 -0.0793095304839105 -0.0466180015848733 -0.0139264726058341
-1.01338678699478 -0.978466125974402 -0.943545465027462 -0.908624804178826 -0.873704143380669 -0.838783482569972 -0.803862821695646 -0.768942160701887 -0.734021499502093 -0.699100837979848 -0.664180175930278 -0.62925951312639 -0.594338849309807 -0.5594181840966 -0.52449751711386 -0.48957684815831 -0.454656177120147 -0.41973550409384 -0.384814829200271 -0.349894152461721 -0.314973473875818 -0.280052793442465 -0.245132111170653 -0.210211427120805 -0.175290741549976 -0.140370054778378 -0.105449367182231 -0.0705286791145546 -0.0356079907795761 -0.000687302344323271
-1.00255719277962 -0.969183852856503 -0.935810513002134 -0.902437173307314 -0.869063833832448 -0.835690494615127 -0.802317155632068 -0.768943816859843 -0.735570478335317 -0.702197140122456 -0.668823802333336 -0.635450465092058 -0.602077128477206 -0.568703792385288 -0.535330456643476 -0.501957120983684 -0.468583785156468 -0.435210449082214 -0.40183711270809 -0.368463775918548 -0.335090438582365 -0.301717100600189 -0.268343762000151 -0.234970422854035 -0.201597083280727 -0.16822374341438 -0.134850403403101 -0.101477063374905 -0.068103723363487 -0.0347303833789587
-1.02503797515325 -0.989482594227184 -0.953927213331454 -0.918371832470644 -0.88281645164418 -0.847261070851951 -0.811705690100859 -0.776150309434415 -0.740594929035555 -0.705039549118372 -0.66948416988215 -0.633928791522473 -0.598373414212279 -0.562818038033916 -0.527262663020677 -0.491707289100218 -0.456151916188164 -0.420596544257657 -0.385041173294156 -0.34948580327488 -0.313930434174991 -0.278375065943486 -0.242819698424723 -0.207264331465535 -0.171708965027325 -0.136153599064007 -0.100598233384977 -0.0650428677964627 -0.0294875022365479 0.00606786332372256
-0.990606446541695 -0.956891928967587 -0.923177411383309 -0.889462893813364 -0.855748376424542 -0.82203385941057 -0.788319342930637 -0.75460482710188 -0.720890311907771 -0.687175797314359 -0.653461283351675 -0.619746770065747 -0.586032257491734 -0.552317745621339 -0.518603234440191 -0.484888723953083 -0.451174214142687 -0.417459704884016 -0.383745196028181 -0.350030687438335 -0.316316178980642 -0.28260167052098 -0.248887161924084 -0.215172653063228 -0.181458143846982 -0.147743634239737 -0.114029124393872 -0.0803146144820123 -0.0466001045697588 -0.012885594695959
-1.03912279320804 -1.00328780564289 -0.967452818100079 -0.931617830634193 -0.89578284334397 -0.859947856340811 -0.824112869742601 -0.788277883657527 -0.752442898148506 -0.716607913246831 -0.68077292890259 -0.644937945045569 -0.60910296159397 -0.57326797841967 -0.537432995373774 -0.501598012270641 -0.465763028924753 -0.429928045187841 -0.394093060945634 -0.358258076182617 -0.322423090907961 -0.286588105163175 -0.25075311911912 -0.214918132980108 -0.179083146954909 -0.143248161231469 -0.107413175909987 -0.0715781910299745 -0.035743206475935 9.17779063780572e-05
-1.07660595479923 -0.948667364614326 -0.892349079558301 -0.948617328534747 -1.00513429839794 -0.952281611992144 -0.844622678171027 -0.760437834217409 -0.708693345121431 -0.679791183678335 -0.659190226196434 -0.631113574862313 -0.587429906940717 -0.550590200009043 -0.540108242326038 -0.533166764563208 -0.504768605455648 -0.463528093580053 -0.422380715777146 -0.377935102102166 -0.322718168413984 -0.254903823115926 -0.195253944789152 -0.163203405249535 -0.150291079073979 -0.140410772298175 -0.114772014031929 -0.0589722519654058 0.0211551149639233 0.114717700006762
-0.941538321458014 -0.910036634892471 -0.878534948241766 -0.847033261405121 -0.815531574303224 -0.784029886874497 -0.752528199106829 -0.721026510996774 -0.689524822526071 -0.658023133690374 -0.626521444555796 -0.595019755206064 -0.563518065734589 -0.532016376273514 -0.500514686927327 -0.469012997651156 -0.437511308404492 -0.406009619313649 -0.374507930535145 -0.343006242179503 -0.311504554345749 -0.280002867093725 -0.248501180326539 -0.216999493920182 -0.185497807798897 -0.153996121895556 -0.122494436129289 -0.090992750428339 -0.0594910647711597 -0.0279893791487559
-0.996840727857495 -0.961566129809958 -0.92628370204374 -0.890986729516952 -0.855690100877614 -0.820419314852008 -0.785220706789551 -0.750138944163035 -0.715191186315618 -0.680396252664473 -0.645807111052474 -0.611485266428916 -0.57749249199129 -0.543891633929851 -0.51074122671215 -0.478081484922132 -0.445938682547173 -0.414301651071965 -0.383145020098056 -0.352424054197102 -0.322089176683285 -0.292080556643069 -0.262297346252054 -0.232634458489831 -0.203010866462836 -0.173362124502343 -0.143666051712153 -0.11391674639409 -0.0841311588695488 -0.0543319524648156
-1.0344219929078 -0.983334627926536 -0.936452853950734 -0.897222358633061 -0.865220597611297 -0.838270997909429 -0.811049104111182 -0.778059533124792 -0.736271073596824 -0.684651934443739 -0.627703833923272 -0.571311867628474 -0.520737818575286 -0.478750219471216 -0.446924538418076 -0.424557235403315 -0.409438796305553 -0.395614818682444 -0.377665270443139 -0.356052489223741 -0.332709405092094 -0.308506744573921 -0.280066420026465 -0.244500625539381 -0.205131496300471 -0.166172504144914 -0.12919252639928 -0.0947034079257194 -0.0616334582373192 -0.0285151030099012
-0.936596599341559 -0.905939286012091 -0.875281972623274 -0.844624659141859 -0.813967345635229 -0.783310032209317 -0.752652719023596 -0.721995406211546 -0.691338093749116 -0.660680781585197 -0.630023469717976 -0.599366158157961 -0.5687088469114 -0.538051535967481 -0.507394225335536 -0.476736915122525 -0.446079605432587 -0.415422296260949 -0.38476498758617 -0.354107679429031 -0.323450371820869 -0.292793064799598 -0.262135758429443 -0.231478452751671 -0.200821147689424 -0.170163843118399 -0.139506538842638 -0.108849234678203 -0.0781919305608779 -0.0475346264563806
-0.97964527259034 -0.947163473676429 -0.914679074959204 -0.882188463787008 -0.849689833520962 -0.817182219747257 -0.784666220939598 -0.752142316885727 -0.719608949742036 -0.687064200220072 -0.65450674088335 -0.621935392258381 -0.589349111378296 -0.556747401302715 -0.524128673472203 -0.491486426824599 -0.458813961266542 -0.426108693082598 -0.393369340466751 -0.360595712872733 -0.327787892569209 -0.29494586744387 -0.262069247860496 -0.229158472146957 -0.196217668011388 -0.163252678216133 -0.130272516360116 -0.0972857886034025 -0.0642963005140611 -0.0313066575121611
-1.0300646149396 -0.994763013769102 -0.959461412619808 -0.924159811562228 -0.888858210744114 -0.853556610298577 -0.818255010222947 -0.782953410476851 -0.747651811004905 -0.712350211759239 -0.677048612737043 -0.641747013946773 -0.606445415397142 -0.571143817097901 -0.535842219053933 -0.500540621249617 -0.46523902367731 -0.429937426381779 -0.394635829416918 -0.359334232820703 -0.324032636627134 -0.288731040852896 -0.253429445445421 -0.218127850346622 -0.182826255545579 -0.147524661053697 -0.112223066924528 -0.0769214731918384 -0.0416198797681232 -0.00631828653555876
0.918899746094002 0.888741093785031 0.858582441309263 0.828423788544114 0.798265135485908 0.768106482179012 0.737947828741074 0.707789175298247 0.677630521937405 0.647471868699368 0.617313215480005 0.587154562138946 0.556995908538263 0.526837254549788 0.49667860005176 0.466519944938298 0.436361289117553 0.40620263253795 0.376043975175162 0.345885317073579 0.315726658294768 0.285567998901377 0.255409338960367 0.225250678551647 0.195092017802603 0.164933356840535 0.134774695744929 0.104616034574378 0.0744573733517177 0.0442987120908443
-0.996961688330146 -0.963990025684221 -0.93098719908492 -0.897957740626564 -0.864653732660859 -0.830754144116999 -0.795897939976735 -0.759772250023963 -0.722296867198603 -0.683571744010309 -0.644184808091641 -0.604845980855884 -0.566299484115616 -0.529426741280586 -0.494995230627953 -0.463179448307338 -0.433948396377435 -0.40704208266076 -0.382115275629683 -0.358710780592186 -0.336343412065154 -0.31459565039686 -0.293320639261142 -0.272444389724982 -0.25191371910238 -0.231631784440428 -0.211306295471571 -0.19066277428357 -0.169693439700096 -0.148457184728798
1.0144637264818 0.977856028570559 0.941272424891368 0.904746129062226 0.868330031792355 0.832076786306314 0.796018418798791 0.760179515597057 0.724575530588576 0.689218791993377 0.654118257801557 0.619282043445728 0.584718344939434 0.550435680619936 0.516430214625088 0.482648371971392 0.449033158252679 0.41556364049345 0.382232407775189 0.349050075976622 0.316031767675791 0.283190108264709 0.250527734391286 0.218041920278343 0.185718479192447 0.153535463922393 0.121451346302121 0.0894234549574246 0.0574241266363485 0.0254294501175
-0.977635928370538 -0.944005580687472 -0.910375232948637 -0.87674488509925 -0.843114537095922 -0.809484188896196 -0.775853840449975 -0.742223491738711 -0.70859314287771 -0.674962793999477 -0.641332445171459 -0.607702096444839 -0.574071747826155 -0.540441399143367 -0.506811050177041 -0.473180700696741 -0.439550350484438 -0.405919999382714 -0.372289647281377 -0.338659294198517 -0.305028940184294 -0.2713985852884 -0.237768229558669 -0.204137873067991 -0.170507515991344 -0.136877158506139 -0.103246800697421 -0.0696164426320778 -0.0359860843967503 -0.00235572608301444
0.992458850791231 0.958535042939591 0.92461123512665 0.890687427354059 0.856763619633053 0.8228398120026 0.788916004603009 0.754992197599495 0.721068391155558 0.687144585400537 0.653220780328822 0.619296975901065 0.585373172067005 0.551449368732711 0.517525565796128 0.483601763166377 0.449677960769831 0.415754158590695 0.381830356628665 0.347906554887568 0.313982753372259 0.28005895208147 0.246135150989426 0.212211350080358 0.178287549403038 0.144363749004496 0.110439948860279 0.0765161489215103 0.0425923491131021 0.00866854935341427
-1.02618578147068 -0.991357159540974 -0.956537177948099 -0.921732973939491 -0.886885074493537 -0.851914393507438 -0.816730002822699 -0.781249332507837 -0.745435087595124 -0.709257156384469 -0.672668885282596 -0.635619485222931 -0.598066861986579 -0.560003700745362 -0.521429764057345 -0.482338344634829 -0.442735480689138 -0.402684662273417 -0.362271833227231 -0.32161530069398 -0.280841462643027 -0.240071936006251 -0.199409213565604 -0.158926127884599 -0.118595994802928 -0.0783718491291201 -0.0382251182708748 0.00186718693218488 0.0419241145119132 0.0819637272180337
0.978835135367511 0.946837002526005 0.914838869684589 0.882840736845189 0.850842604076558 0.818844471433279 0.78684633884643 0.754848206199488 0.722850073309055 0.690851939984957 0.658853806076798 0.626855671444128 0.594857535983307 0.562859399737947 0.530861262774229 0.498863125101359 0.46686498669811 0.434866847478486 0.402868707358962 0.370870566330673 0.33887242440342 0.306874281609248 0.274876138069187 0.242877993923174 0.210879849297782 0.178881704324348 0.146883559166635 0.114885413971333 0.0828872687844294 0.0508891236267362
-1.07177806671678 -1.03453362693967 -0.997289187060675 -0.960044746958051 -0.92280030642806 -0.885555865284414 -0.848311423492606 -0.811066981073751 -0.773822538119676 -0.73657809473779 -0.699333651027114 -0.662089207084573 -0.624844763022659 -0.587600319016136 -0.550355875224771 -0.513111431686096 -0.475866988405667 -0.438622545383392 -0.401378102598056 -0.3641336599496 -0.326889217318253 -0.289644774589207 -0.252400331667503 -0.21515588849146 -0.177911445112658 -0.140667001597298 -0.103422557956795 -0.0661781141968086 -0.028933670354747 0.00831077352404322
-0.998889187106056 -0.963758968296888 -0.928628749482879 -0.893498530686768 -0.85836831206555 -0.823238093785176 -0.788107875913157 -0.752977658490416 -0.71784744154996 -0.682717225120129 -0.647587009218498 -0.612456793859956 -0.577326579071893 -0.542196364931725 -0.507066151514569 -0.471935938836325 -0.436805726873813 -0.401675515506736 -0.366545304615662 -0.331415094181738 -0.296284884211254 -0.261154674691165 -0.22602446553108 -0.190894256635362 -0.155764047964737 -0.12063383950984 -0.0855036313245775 -0.0503734234501592 -0.01524321581372 0.0198869916861233
-1.1019500652119 -0.912274615764479 -0.963943094248068 -0.89807341540971 -0.79063419176697 -0.77646549538341 -0.791042538736059 -0.749124058824435 -0.681967750324544 -0.638077577470337 -0.618443625051056 -0.612177507994765 -0.603116583886027 -0.554001180935412 -0.448385089678549 -0.374172979325316 -0.406963970860907 -0.468784113697555 -0.467335956648356 -0.406601117702821 -0.314630982144569 -0.224819239887685 -0.191928799368137 -0.242652460614772 -0.270033371506095 -0.181806037977345 -0.0781200503410486 -0.0613643163203784 -0.0504699289038052 0.0814964726038757
-0.975188879333254 -0.941735919243806 -0.908404329978359 -0.875393277589019 -0.842898377119956 -0.811087126638559 -0.78001810731302 -0.749656882598756 -0.719705861999267 -0.689819784698644 -0.659725862555253 -0.629169425596026 -0.597934735860498 -0.565961783438609 -0.533229709766572 -0.49971853361528 -0.465386615373381 -0.430104804565826 -0.393752654925386 -0.356332047879783 -0.317875446780474 -0.278460483011368 -0.238345460086163 -0.197795970684254 -0.156926092018018 -0.115804774067944 -0.0744719733539595 -0.0329735739295259 0.00859183655721437 0.0501124945594481
-0.982233159262034 -0.948868820779425 -0.915504482216341 -0.882140143527713 -0.848775804711854 -0.815411465770768 -0.782047126677845 -0.748682787405735 -0.715318447952738 -0.681954108320202 -0.648589768496031 -0.615225428464765 -0.581861088193661 -0.548496747580837 -0.515132406531602 -0.481768065049142 -0.448403723167061 -0.415039380942734 -0.381675038448822 -0.348310695795338 -0.314946353101633 -0.281582010483176 -0.248217668039895 -0.214853325837765 -0.181488983822484 -0.148124641917761 -0.114760300079634 -0.0813959582802941 -0.048031616524235 -0.0146672748240241
-1.05864350488641 -1.01906989569466 -0.979537207834525 -0.940093467815615 -0.900772821102957 -0.861599321971007 -0.822570540976512 -0.783687207074071 -0.744989166527422 -0.70652294452076 -0.668322664610976 -0.630419349948135 -0.592835794757822 -0.555561877567696 -0.518576875514821 -0.48185057587181 -0.44534866304398 -0.40902989983191 -0.37285449310308 -0.336795347597306 -0.300828542522487 -0.26493777849063 -0.229137241730173 -0.19344616174337 -0.157873455511331 -0.122422662635767 -0.0870861257219572 -0.0518494592425602 -0.0166825621361825 0.0184485955420821
1.01033384574739 0.974914360298757 0.939494874896476 0.904075389590013 0.868655904271308 0.833236418785254 0.79781693294612 0.762397446574482 0.726977959546791 0.691558471757416 0.656138983116536 0.620719493538279 0.585300002933788 0.549880511202254 0.514461018260453 0.479041524107436 0.443622028776363 0.408202532354542 0.37278303495087 0.33736353670644 0.301944037770397 0.266524538301248 0.231105038494956 0.195685538517342 0.160266038376223 0.124846538042781 0.0894270374996683 0.0540075367494807 0.0185880358630969 -0.0168314650715325
-1.03491715680379 -0.998498533041089 -0.962079909307747 -0.925661285686503 -0.889242662281448 -0.85282403918339 -0.816405416408655 -0.779986793963957 -0.743568171892029 -0.707149550249629 -0.670730929113599 -0.6343123085658 -0.597893688706589 -0.561475069710294 -0.525056451749948 -0.4886378349194 -0.452219219276235 -0.415800604812151 -0.379381991474999 -0.342963379103144 -0.306544767507576 -0.270126156491871 -0.233707545829938 -0.197288935326609 -0.160870324940079 -0.124451714660712 -0.0880331044541993 -0.0516144942815568 -0.0151958841097891 0.0212227260926028
-1.04039010021535 -1.00384834085523 -0.967306581430702 -0.930764821889131 -0.894223062229025 -0.857681302444969 -0.821139542464668 -0.784597782202815 -0.748056021588936 -0.711514260557339 -0.674972499046612 -0.638430736996414 -0.601888974332785 -0.565347210927289 -0.528805446665868 -0.492263681546482 -0.455721915598734 -0.419180148866803 -0.382638381391129 -0.346096613182639 -0.309554844244882 -0.273013074589823 -0.236471304263101 -0.199929533340447 -0.163387761984302 -0.126845990360448 -0.0903042185613446 -0.0537624466576619 -0.0172206747062332 0.0193210972395664
-0.994936988684173 -0.961489117050764 -0.92804124546066 -0.894593373923103 -0.861145502391478 -0.827697630816884 -0.794249759197121 -0.760801887552375 -0.727354015945663 -0.693906144424487 -0.660458272931437 -0.627010401382879 -0.593562529713513 -0.560114657931377 -0.526666786029081 -0.493218913864192 -0.459771041272023 -0.426323168133921 -0.392875294375006 -0.359427420049449 -0.325979545243685 -0.292531670067785 -0.259083794726371 -0.225635919414228 -0.192188044192252 -0.158740169089416 -0.125292294140882 -0.0918444193671942 -0.0583965447242271 -0.0249486701516905
-1.06640975925342 -1.01590565929025 -0.965328186730787 -0.914989426037481 -0.865775059157558 -0.818605732606054 -0.773968353684489 -0.732248391383134 -0.693859300660775 -0.659174293527351 -0.6283776242289 -0.601606307570482 -0.578593189585651 -0.557454441221929 -0.536240311076933 -0.514354033434692 -0.49144460802607 -0.466791110682849 -0.439656724120774 -0.409610982490523 -0.376300007801506 -0.339497846457734 -0.299490242441619 -0.256803340507258 -0.212413190917101 -0.167309655400373 -0.122087936045053 -0.0771890213775344 -0.0328317053191201 0.0108207668601612
-0.977366974780341 -0.94353573182736 -0.909704488896982 -0.875873246014731 -0.84204200313561 -0.808210760195832 -0.774379517126971 -0.740548273853161 -0.706717030273419 -0.672885786296036 -0.639054541891511 -0.605223297045896 -0.571392051750735 -0.537560806019529 -0.503729559855858 -0.469898313201641 -0.436067065984724 -0.402235818138297 -0.368404569617189 -0.334573320457418 -0.300742070715303 -0.266910820471254 -0.233079569902047 -0.1992483191988 -0.165417068513611 -0.131585817950259 -0.09775456745825 -0.0639233169676231 -0.0300920664848133 0.00373918396464452
0.975405722634407 0.943083919717819 0.91076211681739 0.878440313928816 0.846118511009308 0.813796708031063 0.78147490506471 0.749153102192113 0.716831299441635 0.684509496831537 0.652187694393165 0.619865892161133 0.587544090163752 0.555222288404108 0.522900486854494 0.490578685389258 0.4582568838727 0.425935082226874 0.393613280401673 0.361291478400595 0.328969676240538 0.296647873934643 0.264326071481003 0.232004268870092 0.199682466076947 0.167360663086727 0.135038859940507 0.102717056689628 0.0703952533705529 0.0380734500160283
-1.037696569953 -0.955370683478933 -0.887893605743607 -0.859348548757543 -0.85920630166371 -0.865678304319101 -0.846551022304352 -0.778574732016281 -0.684779927392798 -0.59642223212738 -0.531377571394684 -0.504176945739662 -0.516020938196212 -0.514788461754021 -0.458205229840641 -0.396705827679314 -0.38334997940066 -0.388989092969142 -0.375151388079432 -0.348280647513199 -0.326049544823865 -0.319475852700275 -0.312957740372981 -0.288434261336233 -0.244627609597364 -0.186216473312065 -0.124922376716371 -0.0681623404649514 0.000907465193329371 0.10519608261106
-0.995772002865142 -0.961652849106245 -0.927533695354962 -0.893414541614484 -0.859295387864906 -0.825176234099964 -0.791057080391076 -0.756937926793778 -0.722818773222414 -0.688699619550058 -0.654580465625901 -0.620461311293166 -0.586342156397621 -0.552223000795222 -0.518103844369806 -0.483984687106547 -0.449865529014313 -0.415746370095437 -0.381627210349201 -0.347508049769226 -0.313388888347718 -0.279269726105795 -0.245150563180224 -0.211031399740599 -0.176912235972174 -0.142793072040871 -0.108673908019633 -0.0745547439502222 -0.0404355798426571 -0.00631641569902026
-0.94380451110257 -0.911549491611976 -0.879294472153563 -0.847039452744028 -0.814784433347222 -0.782529413915551 -0.750274394408492 -0.718019374778276 -0.685764354941093 -0.653509334835526 -0.621254314525783 -0.588999294107476 -0.556744273670399 -0.524489253281058 -0.49223423299113 -0.459979212816241 -0.427724192738464 -0.395469172641713 -0.363214152406457 -0.330959131997545 -0.298704111400921 -0.266449090601909 -0.234194069583349 -0.201939048344551 -0.169684026953173 -0.137429005489984 -0.105173984019862 -0.0729189625883245 -0.0406639411793566 -0.00840891976155744
1.04243770572037 1.00212070033617 0.961991052148404 0.922150388373621 0.882586628886975 0.843273872057916 0.80424463757448 0.765548261792444 0.727242926419953 0.689418569770617 0.652283311227528 0.616074815441152 0.5810230604447 0.547327277802376 0.515122188760009 0.484315219758938 0.454760491493671 0.426326196475868 0.398893348026611 0.37238017088753 0.34671419265539 0.321801258235549 0.297460481767743 0.27350688095342 0.249825818506495 0.226324289931655 0.202925476884174 0.179568909806799 0.156243328141572 0.132949773580355
-1.05384925890811 -1.00618758158015 -0.972966444593783 -0.963438589595336 -0.954519683514477 -0.922291843723794 -0.871840064084244 -0.813681986014031 -0.751062964671989 -0.686855998410251 -0.629716944613507 -0.589747375424588 -0.573012158057393 -0.569429340010093 -0.564937559661482 -0.545704638628563 -0.502918834550891 -0.447620965919998 -0.393908301850927 -0.348251353100777 -0.315213940837165 -0.297327298550386 -0.288992309021455 -0.281910262465533 -0.265114429543632 -0.229429778617269 -0.175516088404121 -0.107452074178249 -0.0331573870830769 0.0384880877706306
-1.02534284205433 -0.990707465134071 -0.956072088212845 -0.921436711255399 -0.886801334271201 -0.852165957286904 -0.817530580353203 -0.782895203511066 -0.748259826738506 -0.713624449997302 -0.678989073247225 -0.644353696447547 -0.609718319584801 -0.575082942754555 -0.540447566091474 -0.505812189777547 -0.471176813994055 -0.43654143887209 -0.401906064501412 -0.367270690856639 -0.332635317883602 -0.297999945532155 -0.263364573768241 -0.228729202558877 -0.194093831859278 -0.159458461636588 -0.124823091917468 -0.0901877227077088 -0.0555523538700934 -0.0209169852316543
-0.984148195132971 -0.950859573582352 -0.917570952116824 -0.884282330765087 -0.85099370944682 -0.81770508806635 -0.784416466575612 -0.751127844940031 -0.717839223131386 -0.684550601122798 -0.651261978886403 -0.617973356394089 -0.584684733628953 -0.551396110618931 -0.518107487397553 -0.484818863975896 -0.451530240374796 -0.418241616676581 -0.384952992972487 -0.351664369327896 -0.318375745801726 -0.285087122443734 -0.25179849926703 -0.218509876273742 -0.185221253458713 -0.151932630807383 -0.118644008274881 -0.0853553858141886 -0.0520667634000267 -0.018778141012549
-1.01213202902198 -0.977166590222601 -0.942201151376756 -0.907235712452072 -0.872270273466101 -0.837304834435977 -0.802339395327256 -0.767373956091462 -0.732408516675567 -0.697443077023978 -0.662477637075393 -0.627512196767087 -0.592546756044823 -0.557581314888342 -0.522615873287465 -0.487650431238372 -0.452684988736832 -0.417719545770615 -0.382754102333051 -0.347788658447719 -0.312823214145759 -0.277857769431648 -0.242892324203206 -0.207926878375705 -0.172961432040889 -0.137995985335464 -0.103030538399532 -0.0680650913535724 -0.0330996442361944 0.00186580293446225
-1.06009848156275 -1.02206449500392 -0.984030508367334 -0.945996521593004 -0.907962534751533 -0.869928547950301 -0.831894561313243 -0.793860574939134 -0.755826588809552 -0.717792602898871 -0.679758617269856 -0.641724632007364 -0.603690647154853 -0.565656662590168 -0.527622678173503 -0.48958869386004 -0.451554709639989 -0.41352072554866 -0.375486741612555 -0.33745275777785 -0.299418773970635 -0.261384790133025 -0.223350806271224 -0.185316822407371 -0.147282838563242 -0.109248854755558 -0.0712148709811761 -0.0331808872319368 0.00485309650054086 0.0428870802246924
-1.02254458075757 -0.988314855011292 -0.954028678944126 -0.919628400490627 -0.885061122596587 -0.85028214386092 -0.81527479048377 -0.780026948442164 -0.744516715219414 -0.708725200170908 -0.672655348634056 -0.636315564941772 -0.599715637517929 -0.562870891150228 -0.525792405894367 -0.48846874651419 -0.450895344751767 -0.413117615553926 -0.37518561515647 -0.337117981746334 -0.298925498998233 -0.260615632546257 -0.222182575861988 -0.183623917305232 -0.144964096951198 -0.106230551781453 -0.0674358546875871 -0.0285904571892156 0.0102888105919614 0.0491835238837233
-0.992942740473499 -0.958564743474255 -0.924186746468045 -0.889808749517404 -0.855430752756422 -0.821052756330584 -0.786674760359407 -0.752296764937751 -0.717918770087832 -0.683540775817737 -0.649162782151706 -0.614784789118014 -0.580406796745128 -0.546028805062268 -0.511650814085583 -0.477272823778175 -0.44289483409537 -0.40851684501442 -0.374138856517712 -0.339760868586225 -0.305382881200588 -0.27100489435739 -0.23662690811706 -0.202248922539647 -0.167870937619834 -0.13349295330483 -0.0991149694173093 -0.064736985770948 -0.0303590022679741 0.00401898116724678
0.951056254011132 0.915356904200386 0.879654373920131 0.843960097596843 0.808309953001759 0.772745726041552 0.73730839181989 0.70203151741768 0.666919848627809 0.631977899405679 0.597238077644784 0.562739764723143 0.528518641682711 0.49459558822121 0.460984129181058 0.427683171327722 0.394684928283852 0.361969459177784 0.329510774260773 0.297270842770078 0.265208623689456 0.233287207268274 0.20148620881833 0.169793333149767 0.138212118003652 0.106747322945596 0.075392761908447 0.0441357417825326 0.0129484869208473 -0.0182005489579467
-1.02888610362397 -0.992210455232896 -0.955534806960512 -0.918859158913162 -0.882183511169805 -0.845507863784505 -0.808832216739136 -0.772156570016079 -0.735480923671938 -0.698805277769943 -0.662129632325607 -0.625453987342512 -0.588778342797665 -0.552102698561774 -0.515427054498628 -0.478751410550651 -0.442075766674926 -0.405400122808535 -0.368724478895469 -0.332048834927352 -0.295373190907718 -0.258697546841051 -0.222021902735657 -0.185346258600013 -0.148670614439481 -0.11199497025356 -0.0753193260214297 -0.0386436817257373 -0.00196803738333976 0.0347076069803549
-1.03685941439618 -1.00077888216585 -0.964698349897766 -0.928617817595211 -0.892537285404906 -0.856456753506898 -0.820376222071073 -0.784295691264166 -0.748215161250469 -0.712134632151313 -0.676054103918625 -0.639973576461983 -0.603893049668895 -0.567812523338604 -0.53173199727906 -0.495651471421318 -0.459570945745622 -0.423490420305862 -0.387409895155384 -0.351329370271694 -0.315248845613342 -0.279168321138892 -0.243087796806987 -0.207007272569756 -0.170926748353208 -0.134846224091189 -0.0987656997750295 -0.0626851754121919 -0.0266046510172024 0.00947587339364787
-0.973750145591079 -0.940189403473471 -0.9066286614881 -0.873067919759316 -0.839507178406809 -0.805946437518863 -0.772385697062784 -0.738824956979063 -0.705264217221917 -0.671703477772497 -0.638142738705974 -0.604582000121021 -0.571021262081906 -0.537460524515264 -0.503899787338603 -0.470339050570537 -0.436778314247942 -0.403217578379625 -0.369656842952568 -0.336096107894521 -0.302535373118424 -0.268974638529139 -0.235413903999215 -0.201853169393382 -0.168292434577419 -0.13473169943236 -0.101170963899201 -0.0676102279651492 -0.0340494917422745 -0.000488755373863633
-1.01981213155472 -0.994664699974573 -0.968493394601418 -0.940339601276252 -0.907982855749684 -0.869865593806161 -0.828343701455861 -0.786422604241383 -0.74579243560928 -0.707673999277137 -0.672726072142718 -0.64146692439883 -0.614234028952054 -0.590641669564061 -0.569415184934102 -0.546447322656677 -0.517761863664121 -0.482739313344868 -0.441677929255444 -0.395190253168659 -0.343967397911389 -0.289162271206978 -0.233774960364631 -0.181046280721175 -0.133332780138082 -0.0921570735778371 -0.0565903118823373 -0.0250785062362932 0.00398142668374549 0.0322048438282692
-1.0184012371019 -0.983278874293557 -0.94815651140641 -0.913034148365255 -0.877911785101896 -0.8427894215975 -0.807667058023671 -0.772544694596598 -0.73742233152036 -0.702299968955597 -0.667177606901294 -0.632055245316022 -0.596932884162338 -0.561810523418742 -0.526688163040855 -0.49156580287685 -0.456443442797071 -0.421321082868002 -0.38619872320023 -0.35107636388462 -0.315954005007108 -0.280831646599779 -0.245709288479327 -0.210586930433866 -0.175464572352585 -0.140342214170089 -0.105219855901579 -0.0700974975827971 -0.0349751392510665 0.000147219055896354
-0.994281667252568 -0.96112660951097 -0.927971551681825 -0.894816493689697 -0.861661435564432 -0.82850637734459 -0.795351318998329 -0.762196260472603 -0.729041201699962 -0.695886142628285 -0.662731083281177 -0.629576023701172 -0.596420963912709 -0.563265903867837 -0.53011084351316 -0.496955782845868 -0.463800721909389 -0.430645660881493 -0.397490599965641 -0.364335539333703 -0.331180479149652 -0.29802541954809 -0.264870360546129 -0.23171530212953 -0.198560244276147 -0.165405186954295 -0.132250130102034 -0.0990950736372043 -0.0659400174269943 -0.0327849613259319
-1.00961576420111 -0.976384169549541 -0.943152574889672 -0.909920980204712 -0.876689385498452 -0.84345779078372 -0.810226196088916 -0.776994601413391 -0.74376300662472 -0.710531411573457 -0.677299816173851 -0.644068220356073 -0.610836624045739 -0.577605027150246 -0.544373429597521 -0.511141831415803 -0.477910232690168 -0.444678633632685 -0.411447034471958 -0.378215435375725 -0.344983836496503 -0.311752237979582 -0.278520639941325 -0.245289042472166 -0.212057445587744 -0.178825849265172 -0.145594253402268 -0.112362657876178 -0.0791310625606476 -0.045899467328575
-0.992391060361151 -0.958241593131559 -0.92409212598084 -0.889942658981635 -0.855793192166919 -0.82164372557382 -0.787494259295715 -0.753344793429827 -0.719195328032499 -0.685045863122849 -0.650896398611972 -0.616746934383955 -0.582597470318086 -0.548448006274474 -0.514298542133965 -0.480149077879554 -0.445999613513345 -0.411850149011711 -0.377700684364916 -0.343551219644496 -0.309401754942305 -0.275252290351859 -0.241102825973313 -0.206953361871487 -0.172803897963199 -0.138654434163325 -0.104504970526951 -0.0703555071211246 -0.0362060439205096 -0.00205658087667467
0.989933067237871 0.956895505744406 0.923857944218333 0.890820382625734 0.85778282094731 0.824745259168777 0.791707697281321 0.758670135294202 0.725632573283517 0.692595011348812 0.659557449616593 0.626519888220105 0.593482327290838 0.560444766953277 0.527407207327666 0.494369648524322 0.461332090619615 0.428294533564066 0.395256977276261 0.362219421672896 0.32918186667019 0.296144312182558 0.263106758117177 0.230069204373284 0.197031650825578 0.163994097367499 0.130956543991963 0.0979189907124497 0.0648814375252091 0.0318438844221821
-1.0266645878309 -0.996349773252826 -0.965748267726066 -0.934545521849743 -0.902479008355649 -0.869364705244623 -0.83528058946102 -0.800312449483526 -0.764315320984631 -0.727198396131757 -0.68931824587824 -0.651143285873895 -0.613085567852298 -0.57533168788206 -0.53798000877857 -0.501001416009291 -0.464417462654938 -0.428579849597152 -0.393848600282889 -0.360286880619432 -0.327883642129146 -0.29667850199514 -0.26691374004349 -0.238862817221406 -0.212721256317647 -0.188544674797345 -0.165907006989566 -0.144279358161356 -0.123203200467759 -0.102237597785818
-0.968888244487697 -0.936334066917673 -0.903779889475188 -0.871225712305948 -0.838671535577135 -0.806117359471803 -0.773563184215001 -0.741009009988886 -0.708454836762037 -0.675900664453413 -0.643346492997061 -0.6107923223308 -0.578238152398949 -0.545683983171824 -0.513129814608354 -0.48057564659591 -0.448021479031959 -0.415467311925899 -0.382913145322391 -0.350358979295208 -0.317804813925401 -0.285250649299521 -0.252696485526107 -0.220142322689799 -0.187588160757638 -0.155033999647403 -0.122479839197425 -0.0899256792291309 -0.057371519575767 -0.0248173600735355
-1.04491318856689 -0.992613794550267 -0.940580431604539 -0.889027642123266 -0.838655720961638 -0.790517877802331 -0.74659322917632 -0.708586371720518 -0.676177915647281 -0.648450339014355 -0.624117577685575 -0.601801431976301 -0.580120532802268 -0.5576808334807 -0.533320709096395 -0.506820899402941 -0.478223620136344 -0.447674626293492 -0.415316058416304 -0.381172059965959 -0.345237275133447 -0.307618134098838 -0.268868210998509 -0.229688674196016 -0.190923925007309 -0.15315043732278 -0.115729742378188 -0.0778620554503157 -0.0393172706346756 -7.70173146375434e-06
-0.988199083662413 -0.953982705989416 -0.919766328394209 -0.885549950994269 -0.851333573867974 -0.8171171970821 -0.7829008206961 -0.748684444770883 -0.714468069380516 -0.68025169456916 -0.646035320248199 -0.611818946295827 -0.577602572618361 -0.543386199234631 -0.509169826172271 -0.474953453381632 -0.440737080787513 -0.406520708289801 -0.372304335801189 -0.338087963310507 -0.303871590825618 -0.269655218378395 -0.235438846096743 -0.2012224741091 -0.167006102450011 -0.132789731122088 -0.0985733600941126 -0.0643569893179851 -0.030140618711909 0.00407575181433583
-0.988710816104963 -0.965819220296428 -0.94208447004779 -0.916423348640372 -0.888068892710979 -0.856561360595307 -0.822353644069147 -0.786059887567399 -0.748026612721291 -0.70853028839204 -0.667834795164487 -0.626200866554375 -0.583817407932661 -0.540586012091144 -0.496441611729236 -0.451739811755941 -0.407105242746645 -0.363817965732653 -0.323150430939522 -0.285689214913904 -0.251849425782723 -0.221732739843091 -0.194187106072872 -0.167903842777087 -0.142201472888654 -0.116592088851498 -0.0907348565256893 -0.0644021115894396 -0.0376717955773975 -0.0106982514883196
-0.993507944180571 -0.959415064565866 -0.925322184923662 -0.891229305206621 -0.857136425305875 -0.823043545107681 -0.788950664540303 -0.754857783573785 -0.720764902303277 -0.686672020847548 -0.65257913929474 -0.618486257725334 -0.584393376205642 -0.550300494745287 -0.516207613338766 -0.482114731976774 -0.448021850654111 -0.413928969385825 -0.379836088177014 -0.345743206972752 -0.311650325703105 -0.277557444316639 -0.243464562835909 -0.209371681274519 -0.175278799536274 -0.141185917523083 -0.10709303523907 -0.0730001527250298 -0.0389072700662296 -0.00481438735905505
-1.09185530003995 -1.05107623723003 -1.01030443579971 -0.969549186143114 -0.928839899867953 -0.888209105254076 -0.847681676056265 -0.807273482273155 -0.766972033403888 -0.72676235435794 -0.686647892185617 -0.646636699472433 -0.606744853452927 -0.567020529957738 -0.52751655194406 -0.488272232279184 -0.449314302126426 -0.41063267592309 -0.372207856811945 -0.334019519483638 -0.296047131515786 -0.258272080828006 -0.220683436707912 -0.183272520045305 -0.146031976770731 -0.108948369276376 -0.0719826007602363 -0.0350913089258381 0.00176027130697339 0.0386047557142737
-1.04528563109021 -1.00925987612898 -0.973226664889459 -0.937179998030141 -0.901115120219637 -0.865027972697608 -0.828916038977782 -0.792775516288842 -0.756595914445225 -0.720367520591994 -0.684090418610957 -0.647767141568108 -0.611399044383262 -0.574982769391532 -0.53851391932582 -0.501988651094916 -0.465402080127671 -0.428744601757296 -0.392007593991103 -0.35519108562845 -0.318297268166708 -0.281330500033769 -0.244303807379621 -0.207231387562917 -0.170123455054878 -0.13298867612647 -0.0958335071350795 -0.0586636608782322 -0.0214840858275766 0.015700460626707
0.901959078629236 0.87406539965497 0.846155193884791 0.818217470225597 0.790240582075877 0.762212360110903 0.734119199621485 0.705947895131968 0.677688273485278 0.649334435087211 0.620894542276446 0.592380272874887 0.563797095957281 0.535125645609782 0.506341312553819 0.477423349040552 0.448350966139169 0.419099348661241 0.389644113726507 0.359966633944975 0.330049720799225 0.299886887307453 0.269514452630329 0.23897857295834 0.208321946458763 0.177582958788043 0.146786203582505 0.115951722937286 0.08509514480289 0.0542309935936646
-1.01543293976907 -0.979648919803344 -0.943883731366733 -0.908149389885801 -0.872450096380704 -0.83679318809018 -0.801206361533725 -0.765713910840369 -0.730306161296532 -0.694972234312999 -0.659730404640629 -0.624606235365295 -0.589623434103562 -0.554798286594743 -0.520145840831891 -0.48568361570028 -0.451428666684253 -0.41739372477223 -0.383588990188249 -0.350018864594761 -0.316686300013815 -0.28359084422137 -0.250718428009005 -0.218051561869385 -0.185572692083891 -0.153262528853634 -0.121094902269937 -0.0890389911234518 -0.057052249111942 -0.025089198659947
-0.900731310594051 -0.875198080847721 -0.849677312845107 -0.824170151251927 -0.798558714195844 -0.77268272346749 -0.746331342047442 -0.719302235619853 -0.691477639493223 -0.662765952497111 -0.633095657920942 -0.60240026016911 -0.570630187270495 -0.537803561751935 -0.50393996084123 -0.468997086072078 -0.432922958163506 -0.395688750269938 -0.357304621437715 -0.317913521845438 -0.277691599454774 -0.236808744993541 -0.19540982025417 -0.153608692174314 -0.111420277207925 -0.0688357206103092 -0.0258500333259036 0.0175193122981738 0.0611688639932179 0.104973674510127
-1.03403161803385 -0.99494931536138 -0.955908704099111 -0.916964509746321 -0.878184526613317 -0.839636888800573 -0.801378020758181 -0.763450359165604 -0.725852099270154 -0.688573955521968 -0.651620960614638 -0.61500172680262 -0.578718107612218 -0.542744921657132 -0.507055311365666 -0.471642749337144 -0.436514982568293 -0.401716525474407 -0.367290412003167 -0.333236986813225 -0.299545922240973 -0.266194060764314 -0.23310692542719 -0.200202220024725 -0.167417690790755 -0.134706977439881 -0.102067251171083 -0.0695027646718768 -0.0370025650995343 -0.00455189822876871
0.966068804725313 0.932131303089876 0.898205170137117 0.864301723221003 0.830433391210525 0.796620298808771 0.762912242540185 0.729360882790449 0.695995663568822 0.662834654178778 0.629872641477078 0.597098591708803 0.564503603518058 0.532087305145046 0.499853722962998 0.467815946281181 0.435988069519898 0.404379144607577 0.372995277146821 0.341835829928811 0.310898480041872 0.280174404623625 0.249628781008876 0.219219755422338 0.188903349451185 0.158641042806702 0.128418272334162 0.0982264974200403 0.0680573104816242 0.0379023371939033
-1.01714355752292 -0.980909544684123 -0.944675531916962 -0.9084415192791 -0.872207506713481 -0.835973494143218 -0.799739481526812 -0.763505468841487 -0.727271456103957 -0.691037443329222 -0.654803430485931 -0.618569417531147 -0.582335404438977 -0.546101391251697 -0.509867378018773 -0.473633364750236 -0.437399351426478 -0.401165337948759 -0.364931324207227 -0.328697310126695 -0.292463295640647 -0.256229280734548 -0.219995265601801 -0.183761250455979 -0.147527235383389 -0.111293220419823 -0.0750592055262815 -0.0388251906543647 -0.00259117579286379 0.0336428390601321
-1.07834459568294 -1.03523545649328 -0.992233595505642 -0.949396489843831 -0.906769052190751 -0.864358393843531 -0.822032984997141 -0.779668199433677 -0.7373056663859 -0.69502864097635 -0.652920626436032 -0.611065188023065 -0.569582732127515 -0.528741029667244 -0.48883168437476 -0.45009426671337 -0.412699624669053 -0.376595749587682 -0.341687425037352 -0.30792946011517 -0.275289170300494 -0.243706465704565 -0.213011634966145 -0.183008118900769 -0.153501588503536 -0.124311274927467 -0.0953084197776927 -0.0663897638653079 -0.0375020343731482 -0.00860445507698447
-0.960498347418375 -0.927361149527372 -0.894223951538988 -0.861086753407982 -0.827949555106076 -0.794812356585101 -0.761675157700341 -0.728537958308065 -0.695400758365021 -0.662263557852898 -0.629126356752694 -0.59598915504523 -0.562851952694356 -0.52971474959604 -0.496577545618959 -0.463440340590526 -0.43030313435437 -0.397165926860256 -0.364028718105956 -0.33089150817513 -0.29775429717291 -0.264617085229963 -0.231479872579097 -0.198342659443992 -0.165205445909666 -0.13206823203718 -0.0989310179304289 -0.0657938036905805 -0.0326565893650664 0.000480625012115755
-1.02156392783022 -0.984146912478514 -0.946715917571184 -0.909256455731124 -0.871764146127006 -0.834239301137794 -0.796690899437852 -0.759131436231623 -0.721578806548468 -0.684054077849809 -0.646585607500403 -0.609203575340839 -0.571938312374691 -0.534820754257487 -0.497880903364916 -0.461144424301374 -0.424635705896284 -0.388378371650453 -0.352386274270397 -0.316634948614066 -0.281090350077273 -0.24571893767906 -0.210489184931407 -0.17536828436318 -0.140316290077869 -0.10529546704219 -0.0702840621011689 -0.0352675717483689 -0.000244509193216004 0.0347833581758991
0.956377867999761 0.930965849948761 0.905385768923297 0.879488698135131 0.853202740426905 0.826473031166196 0.799235806189446 0.77139635623942 0.742745091215324 0.713084696007439 0.682381836313902 0.650644173034815 0.617900693255723 0.584265688803954 0.549878530452244 0.514893600013212 0.479431866484168 0.44346563656133 0.406954572696885 0.369956422667972 0.33255345558297 0.29481830855029 0.256785090678483 0.218481058811203 0.17994458873238 0.141215144993756 0.102325428278027 0.063307152948222 0.024194851957723 -0.0149762370924966
-0.985008982289271 -0.950333469305821 -0.915657956340699 -0.880982443423433 -0.846306930490629 -0.811631417439295 -0.776955904100955 -0.74228039031908 -0.707604876050419 -0.672929361277317 -0.638253845971234 -0.603578330100913 -0.568902813629459 -0.534227296497445 -0.499551778661078 -0.464876260161637 -0.43020074105897 -0.395525221402111 -0.360849701236841 -0.326174180606742 -0.291498659554845 -0.256823138119387 -0.222147616319426 -0.187472094176831 -0.152796571743896 -0.118121049079924 -0.0834455262418398 -0.0487700032816748 -0.0140944802342855 0.0205810428697656
-0.949318372730786 -0.915005675672122 -0.880370133047832 -0.847504069197971 -0.817180598510914 -0.790110434467197 -0.768073896867696 -0.752251437393594 -0.740354428926972 -0.728705303705535 -0.711539810188583 -0.682572025890812 -0.638266744557994 -0.586091624860201 -0.534860897979815 -0.48777222022416 -0.446208002860568 -0.409906251871457 -0.377917114278461 -0.348183706545 -0.318372387494939 -0.286389654809931 -0.251102561602792 -0.211882272496008 -0.169155842719601 -0.123675753039849 -0.0764402957605184 -0.0285072159260112 0.0190737419942364 0.0652548336745286
-0.968004347436286 -0.935076579234401 -0.902148811099513 -0.869221043121383 -0.836293275382306 -0.803365507941212 -0.770437740771018 -0.737509973821916 -0.70458220703921 -0.671654440382399 -0.638726673872659 -0.605798907546588 -0.572871141439465 -0.539943375581308 -0.507015609986722 -0.474087844613932 -0.441160079416741 -0.40823231438764 -0.375304549523202 -0.34237678479765 -0.309449020179615 -0.276521255631892 -0.243593491093907 -0.210665726518952 -0.177737961939133 -0.144810197395783 -0.111882432888327 -0.0789546684065956 -0.0460269039439467 -0.0130991394946184
-0.949479547124645 -0.918412236904745 -0.88734492656505 -0.856277615961166 -0.825210305009516 -0.794142993676754 -0.763075682069669 -0.732008370304497 -0.700941058395147 -0.669873746331697 -0.638806434111226 -0.607739121732561 -0.576671809219567 -0.545604496696262 -0.514537184307596 -0.483469872182126 -0.45240256045186 -0.421335249279019 -0.390267938799869 -0.359200629016657 -0.328133319898123 -0.297066011392941 -0.265998703369514 -0.234931395684514 -0.203864088227955 -0.172796780877157 -0.141729473425325 -0.110662165698916 -0.0795948577415059 -0.048527549650948
-0.936756917251064 -0.907579051888542 -0.87838051750337 -0.849133428499583 -0.819806566519263 -0.790367759779088 -0.760784355556068 -0.731034471121794 -0.701139784665839 -0.671119763820852 -0.640941473073783 -0.61055887612516 -0.579910445749975 -0.548872691021078 -0.517320770595132 -0.485186405166171 -0.452429706137192 -0.41906778570966 -0.385135413311054 -0.350680986474461 -0.315756309759366 -0.280420493874636 -0.244761874126661 -0.20887137256462 -0.172821033611322 -0.13668008605111 -0.100525373740812 -0.0644177743712887 -0.0283466858970327 0.0077163636615568
1.03835007956867 1.00056943753058 0.96278879555095 0.925008153662332 0.887227511869879 0.849446870165098 0.811666228512274 0.773885586864384 0.736104945156399 0.698324303323237 0.660543661317609 0.622763019096673 0.584982376614944 0.547201733816358 0.509421090654851 0.471640447134947 0.433859803269302 0.396079159052511 0.358298514479604 0.320517869565404 0.28273722432968 0.244956578808183 0.207175933100586 0.169395287306614 0.131614641462299 0.0938339955956823 0.0560533497665485 0.0182727040305063 -0.0195079416052819 -0.0572885871457656
-1.00809267407733 -0.973219194535175 -0.938345714908935 -0.903472235127004 -0.868598755160542 -0.833725274964641 -0.798851794387343 -0.763978313265001 -0.729104831494274 -0.694231348960105 -0.659357865440281 -0.624484380685803 -0.589610894486382 -0.554737406786578 -0.519863917590207 -0.484990426983253 -0.450116935091368 -0.415243442116698 -0.380369948300845 -0.345496453966747 -0.310622959457677 -0.275749465093728 -0.240875971102274 -0.206002477652264 -0.171128984771685 -0.136255492426026 -0.101382000471776 -0.0665085087488494 -0.0316350171398897 0.00323847446178036
-1.02109071897314 -0.986410589179139 -0.95173045938909 -0.917050329644353 -0.882370199970577 -0.847690070367034 -0.813009940743182 -0.778329811002738 -0.743649681116277 -0.708969551097707 -0.674289421067418 -0.639609291172419 -0.604929161546398 -0.57024903226975 -0.535568903407047 -0.500888775012852 -0.466208647148481 -0.431528519912256 -0.39684839338582 -0.362168267547084 -0.327488142348028 -0.292808017732918 -0.258127893615166 -0.223447769897792 -0.188767646473084 -0.154087523239366 -0.119407400129825 -0.0847272770947092 -0.0500471541176457 -0.015367031190605
-1.01463665560296 -0.979131607122512 -0.943627108392364 -0.908123801330927 -0.872622582788648 -0.837124424918709 -0.801630346153204 -0.766141044688193 -0.730655891496687 -0.695174180162797 -0.659696221938097 -0.624222582491024 -0.588754171664406 -0.553293275998645 -0.517842264970126 -0.482402463101603 -0.446975009972122 -0.411561350339534 -0.376162815051777 -0.340779974138353 -0.305413207424151 -0.270062635574863 -0.234727342619383 -0.19940624787017 -0.164098648410738 -0.128803690729579 -0.0935195411640648 -0.0582440115152815 -0.0229744755903009 0.0122918023023085
-0.984337005195009 -0.950911519470957 -0.917484587218178 -0.884055441477105 -0.850629427257789 -0.817215412234659 -0.783830242770023 -0.750492343311809 -0.717218471962538 -0.684024300835612 -0.650922824433368 -0.617926367855378 -0.585044849257981 -0.552278559024584 -0.51962410076713 -0.487072958784616 -0.454616111938816 -0.422247636655548 -0.389961793051918 -0.357750478446148 -0.325604999456734 -0.293515555835269 -0.261467919865715 -0.229450871881132 -0.197469651878601 -0.165529372619479 -0.133618178258223 -0.101721645276028 -0.0698320480679488 -0.0379433355075012
-0.974112251433517 -0.940457361795809 -0.906802472146829 -0.873147582448223 -0.839492692663249 -0.805837802751387 -0.772182912655424 -0.738528022315598 -0.704873131678671 -0.671218240654799 -0.637563349001202 -0.603908456436866 -0.570253562705787 -0.536598667652021 -0.502943771179418 -0.469288873330962 -0.435633974201288 -0.401979073952497 -0.36832417276429 -0.334669270819285 -0.301014368300833 -0.267359465374981 -0.23370456213857 -0.200049658665898 -0.166394755010293 -0.132739851228331 -0.0990849474105439 -0.065430043637129 -0.0317751399129862 0.00187976377580822
-0.999661877786723 -0.96552876228513 -0.93139564669084 -0.897262530916737 -0.863129414890197 -0.828996298555521 -0.794863181910246 -0.760730064984286 -0.726596947883833 -0.692463830732698 -0.658330713648879 -0.624197596748921 -0.590064480126163 -0.555931363781113 -0.521798247709185 -0.487665131978215 -0.453532016666098 -0.419398901818518 -0.385265787452553 -0.351132673503054 -0.316999559884317 -0.282866446498538 -0.248733333199526 -0.214600219847671 -0.180467106378093 -0.146333992760483 -0.112200879028087 -0.0780677652254222 -0.0439346513785184 -0.00980153750878547
-1.07017930484526 -0.998482120131946 -0.930298027894182 -0.86980367130903 -0.820730982646368 -0.785866446174657 -0.764659465063855 -0.754923385179246 -0.751264404265909 -0.747380014673878 -0.736540035293193 -0.711907366648902 -0.668817245251566 -0.611294251553807 -0.545881296897423 -0.480505272238838 -0.422144087602544 -0.372595749670662 -0.331675895114248 -0.296450583902459 -0.263298481828979 -0.230350807992379 -0.20274899471079 -0.185311215251331 -0.174552393457518 -0.164377901508387 -0.14655815434864 -0.11516531597843 -0.0756135038540428 -0.0361523237957955
-0.968427020639708 -0.935195745141328 -0.901964469717881 -0.868733194400525 -0.835501919178446 -0.802270644040067 -0.769039369012723 -0.735808094114383 -0.702576819286639 -0.669345544460849 -0.636114269603816 -0.602882994691199 -0.569651719689838 -0.536420444531281 -0.503189169150851 -0.469957893534268 -0.436726617689389 -0.403495341662234 -0.370264065507642 -0.337032789277572 -0.303801513023263 -0.270570236801351 -0.237338960690052 -0.204107684779318 -0.170876409184453 -0.137645134005664 -0.104413859257407 -0.071182584910524 -0.0379513108471233 -0.00472003692713257
-1.07114522255592 -1.03206789409911 -0.992990565657593 -0.953913237212903 -0.914835908655489 -0.875758579854929 -0.836681250688421 -0.797603921060184 -0.758526590974888 -0.719449260460124 -0.680371929534699 -0.641294598215226 -0.602217266505266 -0.563139934356181 -0.524062601717286 -0.484985268581923 -0.445907934935237 -0.406830600685577 -0.367753265742388 -0.328675930096293 -0.289598593758212 -0.250521256750633 -0.211443919142317 -0.172366581026954 -0.133289242551669 -0.0942119038504391 -0.0551345649512093 -0.016057225867426 0.0230201133394237 0.0620974525958427
-0.971181527455286 -0.936705991711246 -0.902230456054457 -0.867754920570537 -0.833279385370191 -0.798803850586792 -0.764328316419301 -0.729852783042132 -0.695377250465926 -0.660901718666822 -0.626426187646751 -0.591950657414085 -0.557475127975453 -0.522999599330494 -0.488524071481903 -0.454048544451579 -0.419573018244011 -0.385097492774829 -0.350621967931337 -0.316146443576387 -0.281670919566719 -0.247195395783452 -0.212719872205226 -0.178244348826614 -0.143768825608401 -0.109293302500505 -0.0748177794431507 -0.0403422563873823 -0.00586673333718809 0.0286087896902069
-0.989553460602867 -0.95601387979263 -0.92247740311847 -0.888947345956042 -0.855424197795865 -0.821907235656816 -0.788393712556344 -0.754880548684641 -0.721365356924285 -0.687845725979012 -0.654318455144775 -0.620780146365588 -0.587227588419243 -0.553658317418674 -0.520069605193748 -0.48645691910694 -0.452815885362911 -0.419144570002464 -0.385442284434517 -0.351710881704297 -0.317952850266106 -0.284170985709142 -0.250369312162175 -0.216551979562078 -0.182722412538546 -0.148883920975019 -0.115040081077086 -0.0811940785383503 -0.0473472706823078 -0.0135005577399298
1.01725522472108 0.982708792838425 0.948148365716909 0.913554322004428 0.878913133211158 0.844213586118038 0.809447635726788 0.774606224927078 0.7396730799396 0.704631141704904 0.669467426711944 0.634169970336778 0.598728128225815 0.563136537106873 0.527395017650419 0.491518845216111 0.455526053504193 0.419430254888078 0.38324450764203 0.346984074970539 0.310664771310657 0.274305836935194 0.237940215459996 0.201598212327736 0.165285876945344 0.129002983343457 0.0927484600832756 0.0565199975026484 0.0203111785154517 -0.0158854408204309
0.920929947298632 0.919052645534277 0.914303511178411 0.904064769169563 0.886726137057307 0.860996591424758 0.82585465237814 0.781165859775458 0.730074288958722 0.676247503935594 0.622168487892333 0.57002407880985 0.521833708171475 0.478947181470223 0.442622475144897 0.41441987540778 0.394672935390396 0.378505966127742 0.360567976019419 0.338816005019952 0.312034100972602 0.279561841794282 0.242960925696539 0.20419690977656 0.164628666379481 0.12496997494061 0.0839609280079948 0.0401578398137325 -0.0066444017866329 -0.0563412655316955
-1.17087207358785 -1.06291193866754 -0.957935394320802 -0.87162073122445 -0.810131879135975 -0.775323914578019 -0.761330862053168 -0.759208351399315 -0.755419485815636 -0.737907141756929 -0.705125815339197 -0.658157907593744 -0.601346735905243 -0.552079283071831 -0.524296416937421 -0.50511088011555 -0.47771697688775 -0.436463383437903 -0.381162006313743 -0.322323301616071 -0.273132362833956 -0.243377269109254 -0.229258042194985 -0.221164129962545 -0.19983074214569 -0.152082327981943 -0.0987545328615255 -0.0631006924088286 -0.0440337070322154 -0.0343813683360419
-0.966217824441415 -0.934212252019157 -0.902206679556465 -0.870201107013329 -0.83819553424586 -0.806189961104863 -0.774184387523783 -0.742178813453754 -0.710173238834021 -0.678167663624422 -0.646162087879049 -0.614156511675557 -0.582150935120116 -0.550145358432951 -0.518139781856426 -0.486134205607395 -0.454128629874073 -0.42212305475563 -0.390117480331233 -0.358111906689083 -0.326106333919641 -0.294100762094871 -0.262095191212758 -0.230089621243176 -0.198084052117538 -0.166078483744285 -0.134072915978428 -0.102067348661681 -0.0700617816360037 -0.0380562147434158
-0.948594930002864 -0.920000965830432 -0.891315336442889 -0.862461968165929 -0.833694365264742 -0.805318801554217 -0.777523051108557 -0.750391166080455 -0.723710810677243 -0.697171560784101 -0.670367026942962 -0.642866828359943 -0.614353356372183 -0.584960090840901 -0.554883179584207 -0.524118353723708 -0.49252080446519 -0.459583980047667 -0.424781225926966 -0.387867219392934 -0.348666970693919 -0.30705669749959 -0.26311744716488 -0.217046149050857 -0.16929843085787 -0.120364246145818 -0.0706121535735196 -0.0203628961118955 0.0301326511186396 0.0806410799602983
