-1.02327581131186 -0.987612739694254 -0.951949668011511 -0.916286596190789 -0.880623524126 -0.844960451728454 -0.809297379012313 -0.773634306016746 -0.737971232778102 -0.70230815933721 -0.666645085755636 -0.630982012100132 -0.595318938482549 -0.559655865195152 -0.523992792547084 -0.488329720734601 -0.452666649907729 -0.417003580144485 -0.381340511472498 -0.345677443789869 -0.310014376962318 -0.274351310848966 -0.238688245282524 -0.203025180100381 -0.167362115185023 -0.131699050444547 -0.0960359858443905 -0.0603729213612351 -0.0247098569594117 0.0109532073998377
-1.04319556443123 -1.00060546672118 -0.958068948647669 -0.915668074603746 -0.87359868892004 -0.832065026177887 -0.791191102023825 -0.751081350543326 -0.711842098512384 -0.673554097784494 -0.636193907832652 -0.599712040034726 -0.56404546937273 -0.529077025245245 -0.494678773869211 -0.460733874318412 -0.427124301791326 -0.39371620312835 -0.360406122937423 -0.327228025254723 -0.294250228973489 -0.261530009977082 -0.229080472109351 -0.196884269691339 -0.164846430992392 -0.13285383968055 -0.100798427070343 -0.0685987829164364 -0.0362750830875465 -0.00387289998090148
-1.01206361456663 -0.97735166229431 -0.942639710085275 -0.90792775799291 -0.873215806017543 -0.838503854130563 -0.803791902240679 -0.769079950266289 -0.73436799822722 -0.699656046168005 -0.664944094130561 -0.630232142156155 -0.59552019030121 -0.560808238682787 -0.526096287391592 -0.491384336352287 -0.456672385434208 -0.42196043445143 -0.387248483219243 -0.352536531613035 -0.317824579523219 -0.28311262686238 -0.248400673631791 -0.213688719861914 -0.178976765611298 -0.144264810954066 -0.109552855998572 -0.0748409008537842 -0.0401289455968914 -0.0054169902971392
-1.04090956990105 -1.00399582292438 -0.967082075967079 -0.930168329051132 -0.89325458220576 -0.856340835442794 -0.819427088697245 -0.782513341896907 -0.745599595017528 -0.708685848044271 -0.671772100952002 -0.634858353713009 -0.597944606278637 -0.561030858516428 -0.524117110304735 -0.487203361648931 -0.450289612581835 -0.413375863119029 -0.376462113294095 -0.339548363229852 -0.30263461307143 -0.265720862944832 -0.228807112899558 -0.191893362950258 -0.154979613048693 -0.11806586313349 -0.0811521131536462 -0.0442383630757154 -0.00732461292611029 0.0295891372537913
-0.990436187030224 -0.955716549850347 -0.920997867887684 -0.886282535527107 -0.851575305190934 -0.816882557518072 -0.782214827976357 -0.747586951165066 -0.71302680338031 -0.678561333963806 -0.644200742742876 -0.60995104216624 -0.575820014499279 -0.54182252127402 -0.507978414906759 -0.474320432084216 -0.440878009318348 -0.407654498151616 -0.37464458471091 -0.341834378430319 -0.309207844570729 -0.276747050302726 -0.244426470435684 -0.212216940685817 -0.180082332757907 -0.14798739066606 -0.115907311673112 -0.0838238680664446 -0.0517346789828909 -0.0196413252716466
-1.00499064619135 -0.970117525965035 -0.935244405642314 -0.900371285060655 -0.865498164023902 -0.83062504235918 -0.79575192002037 -0.76087879697375 -0.726005673108423 -0.691132548315798 -0.656259422573681 -0.621386295881475 -0.586513168246673 -0.551640039709121 -0.516766910312034 -0.481893780079767 -0.447020649057933 -0.412147517396061 -0.377274385265757 -0.342401252823038 -0.307528120220022 -0.272654987610973 -0.237781855158738 -0.202908723003604 -0.168035591187026 -0.133162459714217 -0.0982893285442413 -0.0634161976193822 -0.0285430668609469 0.00633006381500128
-0.972139304299908 -0.933513960880689 -0.89530934494681 -0.857884480512758 -0.821569915449369 -0.786631211864463 -0.753102464957454 -0.720952926391723 -0.690123940594932 -0.660534991318345 -0.632046026843364 -0.604502111583923 -0.577651321989798 -0.550853782654123 -0.52340613299927 -0.49473902362121 -0.46440184148021 -0.432284907820116 -0.398377493949989 -0.362723737156164 -0.325381491219297 -0.286467094231759 -0.246330821532792 -0.205339072766982 -0.163688807553411 -0.121598330333938 -0.079540764867008 -0.0379497022499013 0.00315421638134889 0.0438535873810219
-1.03071298098397 -0.993713988136758 -0.9567149953079 -0.919716002520622 -0.88271700978903 -0.845718017113797 -0.808719024450986 -0.771720031732794 -0.734721038840556 -0.697722045663068 -0.660723052169819 -0.623724058350471 -0.586725064175269 -0.549726069536794 -0.512727074310078 -0.475728078377627 -0.438729081661161 -0.401730084231778 -0.364731086199577 -0.327732087681271 -0.290733088795231 -0.253734089665834 -0.216735090441487 -0.179736091267989 -0.142737092256654 -0.105738093487466 -0.068739094949554 -0.0317400965991628 0.00525890164816179 0.0422578998870481
-1.00533657083092 -0.968312018325405 -0.931283434098917 -0.894248367194067 -0.857204727259652 -0.82015733526662 -0.783138296868316 -0.746186128831271 -0.70933770769235 -0.672628867988096 -0.636092916483401 -0.599762528000247 -0.563669157653411 -0.527839381728857 -0.492288515591447 -0.456991709750442 -0.421914587647205 -0.387024829307108 -0.352293570111264 -0.317703710279739 -0.283241091242342 -0.248889261889894 -0.214622600957276 -0.180420878565376 -0.146294600535048 -0.112257925255072 -0.0783088856859676 -0.0444377035746968 -0.0106194812422606 0.0231744588468304
-1.0509936630892 -1.01503046009112 -0.979067257091644 -0.943104054085491 -0.907140851036521 -0.871177647911756 -0.835214444721741 -0.799251241515293 -0.763288038450815 -0.727324835703906 -0.69136163340938 -0.655398431691851 -0.619435230651204 -0.583472030288413 -0.547508830573813 -0.511545631454107 -0.475582432881655 -0.439619234855065 -0.40365603735686 -0.367692840258967 -0.331729643405664 -0.295766446653863 -0.259803249911016 -0.223840053105561 -0.187876856199343 -0.151913659170737 -0.11595046203083 -0.0799872648006085 -0.0440240675079387 -0.00806087018240864
-1.17304852747969 -1.07007808750092 -0.970878384924645 -0.881054522911787 -0.807830617929642 -0.756710087633043 -0.724694541120592 -0.706336004702969 -0.694889982095402 -0.683426399626082 -0.665569396670508 -0.635081665866004 -0.588172232171328 -0.530835449830973 -0.471646679379798 -0.419719977228402 -0.381939922191442 -0.355734486824058 -0.335923294715914 -0.316349179854281 -0.290610778825826 -0.254336809098669 -0.211276311666726 -0.167032655812716 -0.126506200448789 -0.0935570810510794 -0.0685875497222448 -0.0506322519549025 -0.0367132901749851 -0.0233496310417542
-1.01507841852513 -0.980491176998032 -0.945903935496549 -0.911316694035146 -0.876729452633246 -0.842142211309177 -0.807554970071898 -0.772967728906459 -0.738380487711626 -0.703793246379701 -0.669206004863411 -0.634618763130592 -0.600031521185786 -0.565444279180379 -0.530857037310976 -0.496269795808215 -0.461682554870838 -0.427095314535952 -0.392508074806526 -0.357920835710624 -0.323333597282583 -0.288746359551882 -0.254159122528585 -0.219571886182277 -0.184984650340063 -0.150397414786678 -0.115810179279851 -0.0812229436221904 -0.0466357078228171 -0.0120484719424804
-1.02575041441698 -0.990111452625064 -0.954472490794911 -0.918833528933364 -0.883194567122732 -0.847555605455361 -0.811916643988266 -0.776277682752235 -0.74063872170849 -0.704999760811007 -0.669360800054352 -0.633721839443239 -0.598082878979735 -0.562443918655331 -0.526804958462973 -0.491165998412025 -0.455527038521245 -0.419888078830585 -0.384249119392063 -0.348610160284782 -0.312971201594618 -0.277332243388046 -0.241693285653945 -0.206054328374276 -0.170415371580926 -0.134776415293694 -0.0991374594340864 -0.0634985038951854 -0.027859548554664 0.00777940671365707
-0.957158837459255 -0.925444523155497 -0.893730208877549 -0.862015894631613 -0.830301580343777 -0.798587265922401 -0.766872951285052 -0.735158636340952 -0.703444320956746 -0.671730005000346 -0.640015688387299 -0.608301371045065 -0.576587052886355 -0.544872733764889 -0.513158413528555 -0.481444092060891 -0.449729769273864 -0.418015445157477 -0.386301119761323 -0.354586793295297 -0.322872466009373 -0.291158138160624 -0.259443810034535 -0.227729481879925 -0.196015153770551 -0.164300825752343 -0.132586497934997 -0.100872170405051 -0.0691578430926491 -0.0374435158888351
-1.07292700769577 -1.01764140134964 -0.963309100417367 -0.907695143048386 -0.852739218996745 -0.800893847478281 -0.752488213951372 -0.708719053581325 -0.676376634118621 -0.660395800908787 -0.652696177092377 -0.641943580258701 -0.618552258876179 -0.579930184929668 -0.527567833893218 -0.472291971681196 -0.425009999037042 -0.387615565580171 -0.359158649135653 -0.336328291475213 -0.31522330035724 -0.291655032507894 -0.260285040524414 -0.218174360418314 -0.173131765987129 -0.134499122552855 -0.1070029237493 -0.0933034604430877 -0.0924115841202786 -0.102425786421792
-0.961305286644296 -0.927816028612144 -0.894326770597056 -0.860837512679348 -0.827348254960356 -0.793858997529514 -0.760369740407631 -0.726880483612557 -0.69339122721895 -0.659901971313693 -0.626412715975777 -0.592923461282219 -0.559434207311416 -0.525944954147282 -0.492455701856478 -0.45896645043114 -0.42547719984659 -0.391987950085392 -0.358498701135718 -0.325009453000912 -0.29152020568811 -0.258030959177998 -0.224541713345457 -0.191052468053967 -0.15756322322723 -0.124073978795231 -0.0905847346528839 -0.05709549068889 -0.0236062468021792 0.0098829971057626
-0.982904834344174 -0.949767513155363 -0.916630191973853 -0.883492870852531 -0.850355549893132 -0.817218229215193 -0.784080908960597 -0.750943589250235 -0.717806270098701 -0.684668951514167 -0.651531633585439 -0.618394316421478 -0.585257000101753 -0.552119684587742 -0.518982369818172 -0.485845055758739 -0.452707742369249 -0.419570429558972 -0.386433117218741 -0.353295805216153 -0.320158493413 -0.287021181668912 -0.253883869834877 -0.220746557789224 -0.187609245528274 -0.154471933076157 -0.121334620450233 -0.0881973076704433 -0.0550599947738096 -0.0219226818016236
-1.02980268836267 -0.985608154805098 -0.94142690134458 -0.89731955499235 -0.853458636050387 -0.810065458747305 -0.767444619727535 -0.725890958333383 -0.685577002282852 -0.646597643476593 -0.608859542170154 -0.572222300707809 -0.536564462328911 -0.501840333853145 -0.468017210305588 -0.435038575952565 -0.40282562009086 -0.37123416289785 -0.340118732158552 -0.309394055207952 -0.278989909268527 -0.248822126870721 -0.218750761776838 -0.188624270547741 -0.158300499706679 -0.127666260957979 -0.0967148367679143 -0.0654849076927004 -0.0340902758863946 -0.00266352390251367
-0.958521658434027 -0.92695856940563 -0.895395480338158 -0.863832391210472 -0.832269301992771 -0.800706212623445 -0.769143122922311 -0.737580032717129 -0.706016941986005 -0.674453850743308 -0.642890758998115 -0.611327666758178 -0.579764574022861 -0.548201480757985 -0.516638386915036 -0.48507529242171 -0.45351219721083 -0.42194910125952 -0.390386004552711 -0.358822907062256 -0.327259808756737 -0.295696709644556 -0.264133609893399 -0.232570509705355 -0.20100740926085 -0.169444308708517 -0.137881208091469 -0.106318107427003 -0.0747550067346571 -0.0431919060345314
0.986622613286763 0.954097926712852 0.9215732401745 0.889048553660913 0.856523866941063 0.823999179729217 0.791474491741072 0.758949802707816 0.726425112421199 0.693900420704402 0.661375727445772 0.628851032549954 0.59632633594982 0.56380163769117 0.531276937830461 0.498752236353842 0.466227533248132 0.433702828573144 0.401178122409261 0.368653414846153 0.336128705975811 0.303603995898289 0.271079284745887 0.238554572651876 0.206029859721159 0.173505146072296 0.140980431906857 0.108455717431071 0.0759310027868142 0.0434062880998736
-1.02413105643419 -0.986595712504944 -0.949060368544285 -0.911525024516415 -0.873989680358952 -0.83645433600911 -0.798918991429057 -0.761383646619461 -0.723848301710048 -0.686312956843306 -0.64877761208373 -0.611242267476314 -0.5737069230439 -0.536171578720704 -0.4986362344268 -0.461100890114298 -0.423565545774061 -0.386030201519936 -0.348494857460055 -0.310959513556719 -0.273424169735772 -0.235888825952414 -0.198353482279281 -0.160818138812335 -0.12328279562341 -0.0857474527700417 -0.0482121102766865 -0.0106767681344554 0.0268585737658561 0.0643939155585311
0.97324328896792 0.94699313862723 0.920740374511181 0.894480328893345 0.868191677833654 0.84181464441997 0.815152296065501 0.788010155208842 0.760340720064791 0.732135074784227 0.703391671486136 0.674110804281532 0.644279381081019 0.613830764993564 0.582696213626615 0.550852107383186 0.518265225770503 0.484818821917065 0.450382021479993 0.41485096660961 0.378128553579541 0.340143224867195 0.300925607765104 0.260576962957463 0.219378899879972 0.177632592451027 0.135537123768295 0.0932432624284047 0.0508106098445524 0.00827597563407836
-0.991428084431907 -0.956468677610686 -0.921509270787316 -0.886549863996343 -0.851590457250162 -0.816631050575506 -0.781671644078626 -0.746712237903837 -0.711752832268203 -0.676793427396275 -0.641834023469807 -0.606874620659857 -0.571915219090956 -0.536955818701536 -0.501996419382731 -0.467037021022595 -0.432077623495281 -0.397118226622403 -0.362158830223184 -0.327199434159796 -0.292240038305148 -0.257280642541799 -0.222321246790904 -0.18736185099025 -0.152402455105577 -0.11744305913183 -0.0824836631528348 -0.0475242672540904 -0.0125648714389085 0.0223945243099458
1.03562640135612 0.99009285542345 0.944951195688421 0.900641601634527 0.857314713959239 0.815022801711909 0.773714186135432 0.733392861590682 0.694389462716895 0.657094170432506 0.621808710494371 0.588812694868952 0.558280016387419 0.529961691339771 0.503330036105912 0.47716544396654 0.450270875280205 0.422231481816091 0.392859480533533 0.362093157741856 0.329902317087877 0.296243182862247 0.261017661930924 0.224127789725479 0.185530433364617 0.145211396889597 0.103217400344768 0.0596844630586518 0.0150448854933667 -0.0301949616055707
-0.88607106713483 -0.882461420778972 -0.877559065336311 -0.870164798328354 -0.858708291927284 -0.841636733383575 -0.817838495610188 -0.786831365329154 -0.750209598836304 -0.70998216487015 -0.667740412366121 -0.624971285308877 -0.583027328229892 -0.542723487847898 -0.504602294027396 -0.468654207028697 -0.434776708773122 -0.403047437430216 -0.373504542388605 -0.345848061665016 -0.319693505433202 -0.294335821853503 -0.267787711032615 -0.238107854657796 -0.204821108792212 -0.168079360588511 -0.129076447181369 -0.0891008702042257 -0.0487778393035441 -0.0085667411290454
1.04011808870481 1.00319776568299 0.966246728354963 0.929236986503976 0.892163530968028 0.85503005043235 0.817852043916301 0.780647795433017 0.743434918636605 0.70623283396645 0.669068859362058 0.63197228713797 0.594973903238853 0.558110468129891 0.521417670402605 0.484920936633351 0.448640354741097 0.412584920030407 0.376755454545878 0.341131179906665 0.305685917625553 0.270393697033374 0.235229378733125 0.200167991866138 0.165184408454923 0.130252453770982 0.0953419232006145 0.060427281053571 0.0255056972185949 -0.0094199820208217
-1.01044425668132 -0.975879808445337 -0.94131536027409 -0.906750912241845 -0.872186464400054 -0.83762201678154 -0.803057569367438 -0.768493122147676 -0.733928675199029 -0.699364228615965 -0.664799782476855 -0.630235336856046 -0.59567089181881 -0.561106447394107 -0.526542003594086 -0.491977560399938 -0.457413117811086 -0.422848675930814 -0.388284234855397 -0.353719794549189 -0.319155354943564 -0.284590915967385 -0.250026477539471 -0.215462039598732 -0.180897602174496 -0.146333165297533 -0.111768728913974 -0.077204292935693 -0.042639857222173 -0.00807542161979849
-1.02500296343098 -0.987543156401988 -0.950083349260114 -0.912623541826763 -0.875163733749996 -0.837703924684337 -0.800244114483539 -0.762784303070036 -0.725324490441755 -0.687864676618336 -0.650404861630763 -0.612945045512853 -0.575485228305685 -0.538025410079364 -0.500565590926723 -0.463105771002468 -0.425645950484499 -0.388186129581633 -0.350726308499459 -0.31326648739973 -0.27580666643324 -0.238346845742159 -0.200887025434144 -0.163427205585847 -0.125967386184411 -0.088507567170377 -0.0510477483873902 -0.0135879296792738 0.0238718890125363 0.0613317077222008
-0.969983953553052 -0.936150886132459 -0.902317818703877 -0.868484751270092 -0.834651683855476 -0.800818616498241 -0.766985549270356 -0.733152482245667 -0.699319415471781 -0.665486349005807 -0.631653282969106 -0.597820217499106 -0.563987152693961 -0.530154088494739 -0.49632102481252 -0.462487961595522 -0.428654898802501 -0.39482183639723 -0.360988774338772 -0.327155712562355 -0.293322650997243 -0.259489589587061 -0.225656528332883 -0.191823467248637 -0.157990406342216 -0.124157345604983 -0.0903242849682049 -0.0564912243636407 -0.0226581637851185 0.0111748967580169
-1.03709116286913 -1.00261090801486 -0.968096307669921 -0.933513274221045 -0.89881945117128 -0.863976622847933 -0.828971405759028 -0.793799204842454 -0.758465746574849 -0.722971758197781 -0.687287648473772 -0.651376246545586 -0.615200901527377 -0.578727042418868 -0.541925227064457 -0.504784448801656 -0.467311793489953 -0.429568281583603 -0.39162437099599 -0.353534334882239 -0.315348400207906 -0.277108370758518 -0.238822357599473 -0.200491181464314 -0.162120194479275 -0.123715966432916 -0.0852854063704066 -0.046836722364164 -0.00838297933899679 0.0300615435671887
-0.88948359030381 -0.96130318777938 -0.956901073843632 -0.928236297382618 -0.893261027112028 -0.859443049270798 -0.826319500361216 -0.790058051172181 -0.74127915937568 -0.672427335122642 -0.588790511596674 -0.498867477739549 -0.415217848597675 -0.36664454363599 -0.37187089970486 -0.39305861877784 -0.389897158376034 -0.36874863308754 -0.346350224911374 -0.334266728423226 -0.342769841342954 -0.365632702587533 -0.330634215862422 -0.188674119224972 -0.0491297233516395 -0.0203587854362567 -0.0481632761230713 -0.0508233793300639 0.000912081380262548 0.123177122534275
-0.98562482508623 -0.955536384188949 -0.925768545006822 -0.895818692888094 -0.864445294469694 -0.830567714730279 -0.794487830726757 -0.756870928927608 -0.71845342136936 -0.680102957340691 -0.64314100957086 -0.609002506649264 -0.578924817277264 -0.553355070604057 -0.532062431176522 -0.512894444684433 -0.493466878154804 -0.472390002820722 -0.448641579594663 -0.421674823900585 -0.391061814790313 -0.35681389323467 -0.320699447880461 -0.284228892882526 -0.246123696751868 -0.204583411468645 -0.158508868533474 -0.107443503303727 -0.0527998870433396 0.00354212500710993
0.9959512128232 0.961615621868986 0.927280030858758 0.892944439708733 0.858608848338936 0.824273256661923 0.789937664556559 0.755602071915145 0.721266478717431 0.686930885017597 0.652595291080097 0.618259697221953 0.583924103736417 0.549588510821655 0.515252918653823 0.480917327416114 0.446581737362156 0.412246149020278 0.377910562904158 0.343574979194174 0.309239397987381 0.274903819369639 0.24056824338204 0.206232670015406 0.171897099104235 0.137561530367644 0.103225963219541 0.0688903970424273 0.0345548313983798 0.000219265894371063
-0.97968719975074 -0.944520208773385 -0.909353217825213 -0.874186226924763 -0.839019236067056 -0.803852245221798 -0.768685254280945 -0.733518263091356 -0.698351271397243 -0.663184278937916 -0.628017285535709 -0.592850291033715 -0.557683295321161 -0.522516298471814 -0.487349300619071 -0.452182301950306 -0.417015302633231 -0.381848302702947 -0.346681302172662 -0.311514301100611 -0.276347299556284 -0.241180297617374 -0.206013295394367 -0.170846292985909 -0.135679290410487 -0.100512287680974 -0.0653452848679527 -0.0301782820423086 0.00498872078157194 0.0401557236034269
-1.0480545562438 -1.0112209134773 -0.974387270773224 -0.937553628168762 -0.900719985677996 -0.863886343330126 -0.82705270123796 -0.790219059521267 -0.753385418244045 -0.716551777444097 -0.679718137110191 -0.64288449721884 -0.606050857719754 -0.569217218455426 -0.532383579269059 -0.495549940113887 -0.458716300988088 -0.421882661959563 -0.385049023107591 -0.34821538448723 -0.311381746147487 -0.274548108119472 -0.237714470362733 -0.200880832846827 -0.164047195652923 -0.127213558864491 -0.0903799224625946 -0.0535462863880843 -0.0167126505233605 0.0201209852637883
-1.00880765319985 -0.974736353372806 -0.940665053483595 -0.906593753493644 -0.872522453396387 -0.838451153192883 -0.804379852882708 -0.770308552456789 -0.736237251872946 -0.702165951079918 -0.668094650023226 -0.634023348647584 -0.599952046896149 -0.565880744705855 -0.531809442059134 -0.497738139126627 -0.463666836106685 -0.429595533120283 -0.395524230250782 -0.361452927508469 -0.327381624885363 -0.293310322385891 -0.259239020064112 -0.225167717963466 -0.191096416035283 -0.157025114218739 -0.1229538124965 -0.0888825108603678 -0.0548112092951803 -0.0207399077840366
-1.02497778701726 -0.987611767393115 -0.950245747721613 -0.912879727972422 -0.875513708115924 -0.838147688131794 -0.800781668036158 -0.763415647865933 -0.726049627704742 -0.688683607650078 -0.651317587808196 -0.613951568287542 -0.576585549178968 -0.539219530502953 -0.501853512254713 -0.464487494398783 -0.427121476874953 -0.38975545955472 -0.352389442311665 -0.315023425096014 -0.277657407877152 -0.240291390617446 -0.20292537325119 -0.165559355729188 -0.128193338096353 -0.0908273204164263 -0.0534613027343592 -0.0160952850817362 0.0212707325445266 0.0586367501561806
-0.957685370912284 -0.925084390992544 -0.892483411256281 -0.859882431887108 -0.827281453077983 -0.794680475021305 -0.762079497897914 -0.729478521825002 -0.696877546676765 -0.664276572263821 -0.631675598385476 -0.599074624838207 -0.566473651455303 -0.533872678217285 -0.501271705139194 -0.468670732226916 -0.436069759479573 -0.40346878687839 -0.370867814368793 -0.338266841770918 -0.305665868873578 -0.273064895487506 -0.240463921511128 -0.207862946900942 -0.175261971758073 -0.142660996201848 -0.110060020279799 -0.0774590440347484 -0.044858067562475 -0.0122570909719961
0.953371484616368 0.944620671194413 0.934251128654829 0.919116597692866 0.896327116176357 0.864049912150735 0.824424677199253 0.780695390346155 0.736550716841826 0.695380441501432 0.658934141173109 0.628551340713241 0.60490214831694 0.585979005534238 0.568863684782321 0.54967294859205 0.524976688616019 0.494122322880081 0.457345606382859 0.415658115640802 0.370265382549816 0.32247523859574 0.274004713624135 0.226773401669071 0.183101955158931 0.144295220171041 0.107193758984199 0.0682735200483066 0.0270162802961917 -0.0163447262185847
-0.981043707806194 -0.948525439348579 -0.916007170933034 -0.88348890260533 -0.850970634304306 -0.818452365934965 -0.785934097373917 -0.753415828490157 -0.720897559150622 -0.688379289230709 -0.655861018641717 -0.623342747303917 -0.590824475120958 -0.558306201929984 -0.525787927572011 -0.493269651970042 -0.46075137510183 -0.428233097082135 -0.395714818057395 -0.363196538163742 -0.330678257534732 -0.298159976312623 -0.265641694674483 -0.233123412785652 -0.200605130729751 -0.168086848570186 -0.135568566371235 -0.10305028418999 -0.0705320020539388 -0.0380137199831702
-0.981948082668965 -0.947502069469369 -0.91305605625908 -0.878610043036893 -0.844164029871977 -0.809718016839507 -0.775272003968305 -0.740825991289049 -0.706379978886194 -0.671933966885766 -0.637487955526283 -0.60304194507439 -0.568595935759215 -0.534149927659824 -0.499703920785364 -0.465257915015355 -0.430811910184066 -0.39636590607438 -0.361919902457002 -0.327473899105306 -0.293027895793337 -0.258581892313538 -0.224135888531961 -0.189689884372997 -0.155243879920788 -0.120797875287756 -0.0863518705396978 -0.0519058657250181 -0.0174598608691903 0.0169861440080463
-1.00248559950059 -0.968158961692538 -0.933832323847184 -0.899505685949708 -0.865179048082343 -0.830852410341693 -0.796525772784777 -0.762199135470118 -0.727872498501863 -0.693545861984231 -0.659219225976123 -0.624892590525108 -0.590565955670865 -0.556239321421496 -0.521912687773648 -0.487586054709701 -0.453259422214623 -0.418932790297997 -0.384606158978808 -0.350279528289065 -0.315952898264028 -0.28162626892558 -0.247299640242097 -0.212973012143572 -0.17864638446 -0.144319756999938 -0.109993129586193 -0.075666502085024 -0.0413398745222211 -0.00701324696345982
0.96937387865105 0.937257864666505 0.905141850715825 0.873025836904019 0.840909823337265 0.808793810134342 0.776677797463269 0.744561785501777 0.712445774417212 0.680329764315933 0.648213755070714 0.616097746495939 0.58398173840265 0.551865730588529 0.519749722843101 0.487633714936611 0.455517706645001 0.423401697786269 0.391285688217307 0.359169677908509 0.327053666858647 0.294937655056995 0.262821642454837 0.230705629032242 0.198589614922425 0.166473600303757 0.134357585382118 0.102241570342054 0.0701255552552845 0.0380095401653236
-0.991118666124567 -0.955796318334482 -0.920473970523538 -0.885151622611356 -0.84982927442158 -0.814506925791887 -0.779184576712077 -0.743862227211743 -0.708539877327556 -0.673217527069744 -0.637895176335689 -0.602572824994558 -0.567250472919697 -0.531928120001155 -0.496605766151514 -0.4612834113568 -0.425961055651214 -0.390638699188221 -0.355316342105054 -0.319993984354722 -0.284671625844183 -0.249349266500969 -0.214026906334922 -0.178704545412278 -0.143382183942544 -0.108059822147737 -0.0727374601566366 -0.0374150980628631 -0.00209273591264428 0.033229626259641
-0.957673537263222 -0.925624925580547 -0.893576314043028 -0.861527702967707 -0.82947909265211 -0.797430483387725 -0.76538187546142 -0.733333269104494 -0.701284664330596 -0.669236061158308 -0.637187459843573 -0.60513886070168 -0.573090264116878 -0.541041670749255 -0.508993081245888 -0.476944495925942 -0.444895914924791 -0.412847337970545 -0.380798764609695 -0.348750194069516 -0.31670162549748 -0.284653058146518 -0.252604491691384 -0.220555925929579 -0.18850736072775 -0.156458795943267 -0.124410231327255 -0.0923616666513998 -0.0603131018758721 -0.0282645370079619
-1.02326725464314 -0.988618547021061 -0.9539698394283 -0.919321131884951 -0.884672424369531 -0.850023716874103 -0.815375009486487 -0.780726302303456 -0.746077595361827 -0.711428888664935 -0.676780182142121 -0.642131475704229 -0.607482769259997 -0.572834062709729 -0.538185355972213 -0.503536649048597 -0.468887941930423 -0.434239234488451 -0.39959052658827 -0.364941818195575 -0.330293109301091 -0.295644399937215 -0.260995690303052 -0.226346980607829 -0.19169827093458 -0.157049561336124 -0.122400851870626 -0.0877521425769329 -0.0531034334112515 -0.0184547243091313
-1.03741128271067 -0.997633620704863 -0.957855183592282 -0.918101723133252 -0.878422798170422 -0.838873401697148 -0.79950645622731 -0.760357626659062 -0.721395617907138 -0.682592128103622 -0.6439977882334 -0.605682962494559 -0.56773105662931 -0.530277642556358 -0.493448373180751 -0.457277059176415 -0.421788875285063 -0.387066294750689 -0.353184003886103 -0.32012824277711 -0.287863139952765 -0.256330249563769 -0.225380828247391 -0.194850127695013 -0.164599677327889 -0.134508867482258 -0.104502254424435 -0.0745274518561414 -0.0445791372906462 -0.0146637541941063
-0.974595024845049 -0.940008274972032 -0.90542152505279 -0.870834775071774 -0.836248025091596 -0.801661275183544 -0.767074525375434 -0.732487775655553 -0.697901025897525 -0.663314275970951 -0.628727525844002 -0.594140775509495 -0.55955402495409 -0.524967274139827 -0.490380523038827 -0.455793771688159 -0.421207020129495 -0.386620268357989 -0.352033516358968 -0.317446764124953 -0.282860011650268 -0.248273258941872 -0.213686506057263 -0.17909975306531 -0.144513000029813 -0.109926247015195 -0.0753394940934253 -0.0407527413182953 -0.00616598866331684 0.0284207639180673
-1.01375853346301 -0.983657199645118 -0.953618896830288 -0.923629690627224 -0.893631870776001 -0.86354881462516 -0.833272025825742 -0.802693050216256 -0.771735476082587 -0.740325342763581 -0.708366451362551 -0.675757043423927 -0.642396492350767 -0.608188698980648 -0.573040105340307 -0.536862790778612 -0.499564993227157 -0.461033947626319 -0.421192721339766 -0.380128714415561 -0.337970410072867 -0.294829976371528 -0.250754320734109 -0.205774368002443 -0.159922373332707 -0.113245219223552 -0.0658469672291844 -0.0178559650253355 0.0305594742817088 0.0792210462280243
-0.988427150767941 -0.951065195493787 -0.916383786168958 -0.886221349704056 -0.860329099334228 -0.837782416891471 -0.81704057227064 -0.7963046234248 -0.773358892476999 -0.746344868600531 -0.715249444999697 -0.680520865886546 -0.642707150916297 -0.602755421516841 -0.561555425960758 -0.519368318126713 -0.476181743038599 -0.431517904695143 -0.385044482707303 -0.337476500160125 -0.289790816007173 -0.24320640839324 -0.19991073222801 -0.162077386622824 -0.130856070730768 -0.106426476903252 -0.086112170243247 -0.0669190122063877 -0.0474381769073873 -0.0266571666257293
0.952299205044685 0.921666704235492 0.891034203498658 0.860401702882607 0.829769202371329 0.799136701944872 0.768504201631943 0.737871701477227 0.707239201540662 0.676606701896251 0.645974202658998 0.615341703954158 0.584709205913976 0.554076708698662 0.523444212444726 0.49281171716592 0.462179222840694 0.431546729429064 0.400914236873756 0.370281745066795 0.339649253887523 0.309016763206614 0.278384272860047 0.247751782685222 0.217119292559903 0.186486802393514 0.155854312181728 0.125221821942241 0.0945893316945782 0.0639568414587236
-1.04243966455514 -1.00414387328266 -0.965848081949272 -0.927552290490098 -0.88925649889045 -0.85096070713106 -0.812664915124144 -0.77436912277703 -0.736073330046033 -0.697777536919056 -0.659481743461374 -0.621185949757604 -0.58289015588302 -0.544594361875517 -0.50629856779455 -0.468002773823196 -0.429706980146246 -0.391411186831719 -0.353115393904856 -0.314819601336547 -0.276523809084093 -0.238228017085251 -0.199932225199595 -0.161636433285904 -0.123340641277984 -0.0850448491603394 -0.0467490570452792 -0.00845326504148918 0.0298425268846295 0.068138318802247
-1.0760505763303 -1.03139862032559 -0.986788274566299 -0.942287748709779 -0.897982609800455 -0.853981371634597 -0.810466977628791 -0.76762700692047 -0.725593151910125 -0.684489897571564 -0.644468785908796 -0.605688123183382 -0.568272544694361 -0.532212001890688 -0.49742974679286 -0.46371691755764 -0.430859611355006 -0.39875587527155 -0.367347898538104 -0.336642489045847 -0.306662609351047 -0.277404085576854 -0.248754198113963 -0.220582956567584 -0.192799833133445 -0.165324461524731 -0.138077658933948 -0.110992359698672 -0.08404878325744 -0.0572389703240278
-1.03181601448021 -0.995529008887542 -0.959236402521195 -0.922939802440964 -0.886729041957597 -0.850703978255166 -0.8149163377601 -0.779394305987839 -0.744120035567515 -0.709077243889538 -0.674301940275739 -0.639843207030807 -0.605753745978272 -0.57210073701704 -0.538946828069282 -0.506322061074851 -0.474245132524262 -0.442721963092978 -0.411735601059135 -0.381190380926627 -0.35097095875578 -0.320970734946667 -0.291118087258323 -0.261363857554812 -0.231713766761356 -0.202183832945315 -0.172776383681462 -0.143483187733748 -0.114267469115436 -0.0850853156521173
-1.06068661294053 -1.02366323598016 -0.98663985907734 -0.949616482336157 -0.912593105850273 -0.875569729705986 -0.838546353970561 -0.801522978690745 -0.764499603850241 -0.727476229428792 -0.690452855453337 -0.653429481962613 -0.616406108976052 -0.579382736435864 -0.542359364265644 -0.505335992391756 -0.468312620751473 -0.431289249322921 -0.394265878099151 -0.357242507092048 -0.320219136318206 -0.28319576579016 -0.24617239550421 -0.20914902546703 -0.172125655743021 -0.135102286398507 -0.0980789174497411 -0.0610555488801075 -0.0240321805915551 0.0129911875343251
-1.00444573054564 -0.969347364058277 -0.934248997666206 -0.89915063146422 -0.864052265558016 -0.828953900029289 -0.793855534852814 -0.758757169967281 -0.723658805273952 -0.688560440676943 -0.65346207612922 -0.618363711595961 -0.583265347040281 -0.548166982417046 -0.513068617693998 -0.47797025289864 -0.442871888047703 -0.40777352305507 -0.372675157808837 -0.337576792196798 -0.302478426106672 -0.267380059456072 -0.2322816922822 -0.197183324667547 -0.16208495675619 -0.12698658868797 -0.0918882205241865 -0.0567898523028286 -0.0216914840471688 0.0134068842231994
-0.978656217110875 -0.946026044996196 -0.913395872934217 -0.880765701012838 -0.848135529260234 -0.815505357674547 -0.782875186193488 -0.75024501473058 -0.717614843163014 -0.684984671365441 -0.652354499238709 -0.619724326690213 -0.587094153639453 -0.554463980054353 -0.521833805914513 -0.489203631197834 -0.456573455897984 -0.42394328007341 -0.391313103838791 -0.358682927468962 -0.326052751278795 -0.293422575539744 -0.260792400349588 -0.228162225750152 -0.195532051733104 -0.162901878268702 -0.13027170529171 -0.0976415327197467 -0.0650113604373379 -0.0323811883207382
-0.967990460008573 -0.934614921642332 -0.901239383357739 -0.867863845232685 -0.834488307288749 -0.801112769526619 -0.76773723191973 -0.734361694420839 -0.700986156927253 -0.667610619333758 -0.634235081580526 -0.600859543619073 -0.567484005412452 -0.534108466969876 -0.500732928296484 -0.46735738933497 -0.433981850032899 -0.400606310419765 -0.367230770543686 -0.33385523044532 -0.300479690163465 -0.267104149768861 -0.233728609460039 -0.200353069444362 -0.166977529836746 -0.133601990701936 -0.100226451996427 -0.0668509136381383 -0.033475375498937 -9.9837439175136e-05
-0.982028967655427 -0.949831267532483 -0.917633567430161 -0.88543586735637 -0.853238167315239 -0.821040467307111 -0.788842767320941 -0.756645067324006 -0.724447367208243 -0.6922496668593 -0.660051966212982 -0.627854265217638 -0.59565656383567 -0.563458862085695 -0.531261159985925 -0.499063457496736 -0.466865754590399 -0.434668051344589 -0.402470347844862 -0.370272644102898 -0.338074940111906 -0.305877235867936 -0.273679531378402 -0.241481826663316 -0.209284121781729 -0.177086416804415 -0.144888711810017 -0.112691006863872 -0.0804933019702379 -0.0482955971181031
1.00474347465107 0.97032221564722 0.935900956487821 0.901479697025865 0.867058437160646 0.832637176813535 0.798215915947908 0.763794654540575 0.729373392580055 0.694952130059194 0.660530866976421 0.62610960333156 0.591688339112337 0.557267074258074 0.522845808698794 0.48842454237572 0.45400327524489 0.419582007310404 0.385160738607667 0.350739469249238 0.316318199366963 0.281896929066503 0.247475658348771 0.213054387211337 0.178633115743137 0.144211844055499 0.109790572257944 0.0753693004435461 0.0409480286413828 0.00652675686453348
-1.02100201756648 -0.986075444222445 -0.951148870960648 -0.916222297943896 -0.881295725361272 -0.846369153366038 -0.811442581941895 -0.776516011023169 -0.741589440516244 -0.706662870316447 -0.671736300302841 -0.636809730350419 -0.601883160345008 -0.566956590215756 -0.532030019911769 -0.497103449418659 -0.462176878725599 -0.427250307799509 -0.392323736596219 -0.357397165049465 -0.322470593087457 -0.287544020675905 -0.252617447930515 -0.21769087500535 -0.182764302057904 -0.147837729212415 -0.112911156456664 -0.0779845837470585 -0.0430580110509582 -0.0081314383384628
-1.0178502635357 -0.982089380607517 -0.946328497733192 -0.910567614939373 -0.874806732220327 -0.839045849586408 -0.80328496714471 -0.767524085016815 -0.731763203285529 -0.696002322011037 -0.660241441201812 -0.624480560853398 -0.588719680987892 -0.552958801733599 -0.517197923234772 -0.481437045593234 -0.445676168903352 -0.409915293272096 -0.374154418766287 -0.338393545279573 -0.302632672662303 -0.266871800766706 -0.231110929452524 -0.195350058593593 -0.159589188112613 -0.123828317943687 -0.0880674480176819 -0.0523065782682131 -0.0165457086431529 0.0192151609060632
-0.997854108345004 -0.962718356686491 -0.927582604951698 -0.892446853070343 -0.85731110109278 -0.822175349083415 -0.787039597042222 -0.751903844953112 -0.716768092800187 -0.681632340572271 -0.64649658827689 -0.611360835926242 -0.576225083538233 -0.541089331153599 -0.505953578815047 -0.470817826550349 -0.435682074382112 -0.40054632232722 -0.365410570412724 -0.330274818712055 -0.295139067310243 -0.260003316289912 -0.224867565724067 -0.189731815654038 -0.154596066004064 -0.119460316672288 -0.0843245675695529 -0.049188818617776 -0.0140530697704764 0.0210826790109268
-1.03549856834541 -0.99896411541649 -0.96242966244761 -0.925895209397126 -0.889360756291329 -0.852826303163468 -0.816291850006689 -0.779757396802356 -0.74322294352482 -0.706688490158788 -0.6701540367374 -0.63361958330591 -0.5970851298997 -0.560550676514678 -0.524016223155738 -0.487481769903195 -0.450947316849893 -0.414412864063385 -0.377878411586113 -0.34134395938536 -0.304809507409621 -0.268275055607932 -0.231740603931485 -0.195206152342501 -0.158671700845133 -0.12213724945372 -0.0856027981813863 -0.0490683470301075 -0.0125338959584578 0.0240005550858386
-0.993131284325892 -0.958077372806763 -0.923023461232455 -0.887969549539565 -0.852915637665795 -0.817861725542036 -0.782807813070834 -0.747753900152902 -0.71269998670998 -0.677646072695681 -0.642592158170086 -0.607538243219895 -0.572484327924692 -0.537430412335594 -0.502376496503834 -0.467322580509569 -0.432268664425319 -0.397214748264115 -0.362160832015373 -0.327106915633536 -0.292052999064302 -0.256999082270004 -0.221945165279515 -0.186891248141742 -0.151837330919208 -0.116783413676275 -0.0817294964710516 -0.0466755793507698 -0.0116216623253974 0.0234322546044134
-1.02399754918452 -0.985910062942524 -0.947837312213081 -0.909788703040479 -0.871782842959624 -0.83384214763265 -0.795995063739984 -0.758288387592625 -0.720836283005556 -0.683760908727814 -0.647149035740635 -0.611078588083309 -0.57560472281941 -0.540691529109651 -0.506279953551743 -0.472309440394245 -0.438721210152011 -0.405465090754206 -0.372499936637459 -0.339812100853936 -0.307394811109683 -0.275240771662402 -0.243340592976396 -0.211680992263551 -0.180235207519488 -0.148963158328092 -0.117784969842576 -0.0866249509100062 -0.0554639395835326 -0.0242969062178276
-0.99691994558422 -0.962402735213846 -0.927885524893641 -0.893368314698261 -0.858851104698903 -0.824333894966199 -0.789816685571973 -0.755299476578105 -0.720782268005495 -0.686265059849923 -0.651747852047666 -0.617230644520128 -0.582713437215706 -0.548196230190786 -0.513679023498736 -0.479161817072873 -0.444644610819073 -0.41012740465348 -0.375610198504688 -0.341092992340834 -0.306575786139938 -0.272058579871418 -0.237541373470283 -0.2030241668839 -0.16850696014346 -0.133989753299067 -0.099472546392652 -0.0649553394590281 -0.030438132512709 0.00407907443686556
-0.982885079963911 -0.949344991675237 -0.91580490327461 -0.882264814602936 -0.848724725493196 -0.815184635801662 -0.781644545485713 -0.748104454541963 -0.714564363022869 -0.681024271003554 -0.647484178593955 -0.613944085912711 -0.580403993078233 -0.546863900208014 -0.513323807434304 -0.479783714949308 -0.446243622932699 -0.412703531454074 -0.379163440524499 -0.345623350030999 -0.312083259829587 -0.278543169785897 -0.245003079804038 -0.211462989789494 -0.177922899614756 -0.144382809183719 -0.110842718558881 -0.0773026278348616 -0.0437625370761585 -0.0102224463397399
1.00090261961461 0.965097794540083 0.929292969404914 0.893488144127817 0.857683318583099 0.821878492630657 0.786073666117162 0.750268838896886 0.714464010867731 0.678659181958523 0.642854352178144 0.607049521555494 0.571244690129273 0.535439857977394 0.499635025166942 0.463830191682478 0.428025357502079 0.392220522660391 0.356415687205889 0.320610851185778 0.284806014646944 0.249001177634132 0.213196340183508 0.177391502337082 0.141586664168815 0.105781825754545 0.0699769871456696 0.0341721483894795 -0.00163269045871926 -0.0374375293416169
-1.02253689126766 -0.986004413367686 -0.949471935397762 -0.912939457243671 -0.876406978733971 -0.839874499684133 -0.803342019914525 -0.766809539266953 -0.730277057664096 -0.693744575062906 -0.657212091476558 -0.620679606932282 -0.584147121493973 -0.547614635372193 -0.511082148784363 -0.474549661828696 -0.438017174597619 -0.401484687279613 -0.364952200060909 -0.32841971302267 -0.291887226219795 -0.255354739675712 -0.218822253287975 -0.182289766937876 -0.145757280567527 -0.109224794153967 -0.0726923077531069 -0.0361598214233199 0.000372664846039135 0.0369051510828706
-1.02811368432981 -0.990501758540019 -0.952889832696624 -0.915277906776074 -0.877665980810199 -0.840054054861157 -0.802442129057023 -0.764830203547458 -0.727218278502551 -0.689606354074692 -0.651994430325057 -0.614382507292019 -0.576770584981366 -0.539158663268546 -0.501546742012068 -0.463934821133005 -0.426322900575182 -0.388710980310841 -0.351099060305684 -0.313487140470815 -0.275875220703691 -0.238263300911397 -0.200651381039526 -0.163039461042292 -0.125427540869858 -0.0878156204875833 -0.050203699925646 -0.0125917792287854 0.0250201415648312 0.0626320624186796
-0.942950690702852 -0.914943798151471 -0.886948082879208 -0.858974533791122 -0.831026212642911 -0.803091386183691 -0.775107068285604 -0.747013518459102 -0.718815231644849 -0.690497816126331 -0.661907098128116 -0.63285395836004 -0.603150203467817 -0.572611343840668 -0.541068215379986 -0.508409252292341 -0.474565089899307 -0.439577569677291 -0.403531598593608 -0.366573139424368 -0.328863418897878 -0.290509203614073 -0.251399419659395 -0.211399037234158 -0.170495043507635 -0.128724191731351 -0.086200282516864 -0.0430682023485804 0.000479866157757206 0.0442399163535713
0.981159109823176 0.947898568846409 0.914638027906578 0.881377487083496 0.848116946455236 0.814856406094989 0.781595866058177 0.748335326372496 0.715074786972523 0.681814247780739 0.648553708764349 0.615293169901742 0.582032631158306 0.548772092447419 0.515511553688449 0.482251014876742 0.448990476042939 0.415729937282896 0.382469398681211 0.34920886021223 0.315948321822737 0.282687783430901 0.249427244840445 0.21616670585748 0.182906166412124 0.149645626488243 0.116385086160681 0.0831245455304166 0.0498640047119843 0.016603463823309
-0.992567009405852 -0.958334315757264 -0.924101974937133 -0.889870726525069 -0.855642320129023 -0.821418620705259 -0.787200944574957 -0.752990315150505 -0.71878713284421 -0.684591679372291 -0.650404384666711 -0.616225715713364 -0.582056254189424 -0.547897040537159 -0.513748912410702 -0.479611437546528 -0.445483795677044 -0.41136488443602 -0.377253639872485 -0.343149433795148 -0.309051746952632 -0.274959905089763 -0.240872613936153 -0.206788629093609 -0.172707525667919 -0.138629100654612 -0.104553219104207 -0.0704796316360696 -0.0364075630899866 -0.00233610686084758
-1.01939982389849 -0.980687972256683 -0.941983402677101 -0.903291140617189 -0.864646332475349 -0.826087254449322 -0.78763458099325 -0.749314954742301 -0.711196492799327 -0.673345161601344 -0.635776850454337 -0.598494929381529 -0.561507377534237 -0.524840610576142 -0.488525578720105 -0.452592933863335 -0.417070438837084 -0.381974598524439 -0.347308545045478 -0.313033177416394 -0.27909883637741 -0.245456094716727 -0.212056453414461 -0.178862980121022 -0.145884080976095 -0.113125633768802 -0.0805380643967365 -0.0480618578446818 -0.0156531873377015 0.0167278518390704
-1.05245349553064 -1.01558134675817 -0.978720582337057 -0.941881016719966 -0.905073193472453 -0.868308980779255 -0.831604816188909 -0.794976358953988 -0.758431585779401 -0.721974309551237 -0.685599370427972 -0.649299365386179 -0.613066932844884 -0.576894876992922 -0.540778602418722 -0.504723749539276 -0.468739339886781 -0.432837683625681 -0.397030068046982 -0.361320400315663 -0.325710742565202 -0.290201252684708 -0.254784471585818 -0.219450975088217 -0.184191095621242 -0.148992614206684 -0.113833349626478 -0.0786919150537709 -0.0435600634663969 -0.00843283279336186
-1.00457252470266 -0.969110652187665 -0.933648779665559 -0.898186907097789 -0.862725034277908 -0.827263160930334 -0.791801286670826 -0.756339411106408 -0.720877533917816 -0.685415654830116 -0.649953773671995 -0.614491890298044 -0.579030004571616 -0.543568116391114 -0.50810622574843 -0.472644332974374 -0.437182438475335 -0.40172054262113 -0.366258645732649 -0.330796747971667 -0.295334849460178 -0.259872950297169 -0.224411050489604 -0.188949150083964 -0.153487249376838 -0.118025348665787 -0.0825634480021606 -0.0471015473768402 -0.0116396467850545 0.0238222537768813
0.893080112481263 0.870753354855932 0.850230133859817 0.832736458572938 0.817734721030973 0.804105132530799 0.790162798458434 0.774127565257249 0.754403349510902 0.729798431028147 0.70055447237782 0.667271481818781 0.630514328206909 0.590707322786158 0.54830816490095 0.50404866390951 0.458815296183882 0.4138390961376 0.370293382863274 0.328776056128327 0.289741160868884 0.253537539342278 0.22009322309066 0.189193483388726 0.160473361156536 0.133597289642955 0.108497501766704 0.085082591186923 0.0628987948545584 0.0414017605435095
-0.984868796544438 -0.950362224480563 -0.915855652492793 -0.881349080715271 -0.846842509278484 -0.812335938332595 -0.777829368110137 -0.743322798870964 -0.708816230901859 -0.674309664434825 -0.639803099455835 -0.605296535889352 -0.570789973651584 -0.536283412625718 -0.501776852690211 -0.467270293737635 -0.432763735693815 -0.398257178603482 -0.363750622507315 -0.329244067310889 -0.294737512885999 -0.260230959097266 -0.225724405780614 -0.191217852776831 -0.15671129997486 -0.122204747276426 -0.0876981945862239 -0.0531916418255185 -0.0186850889788776 0.0158214639533048
-0.993193121145654 -0.959033526969156 -0.924873932805074 -0.890714338696721 -0.856554744698319 -0.822395150874003 -0.788235557316661 -0.754075964111747 -0.719916371286243 -0.685756778832703 -0.651597186664455 -0.617437594675017 -0.583278002768186 -0.549118410888859 -0.514958819018917 -0.480799227247092 -0.446639635694356 -0.412480044503798 -0.378320453807377 -0.344160863670402 -0.310001274141522 -0.275841685263024 -0.241682097051762 -0.207522509522666 -0.173362922708417 -0.13920333662543 -0.105043751207335 -0.0708841663465234 -0.0367245818532371 -0.0025649975171793
-1.02091893731878 -0.986367534209494 -0.951816131228917 -0.917264728535953 -0.88271332624072 -0.848161924439475 -0.81361052322183 -0.779059122689169 -0.744507722996598 -0.709956324265553 -0.675404926429052 -0.640853529373011 -0.606302133000407 -0.571750737282469 -0.537199342228765 -0.502647947933971 -0.468096554470795 -0.433545161738962 -0.398993769599062 -0.364442377928138 -0.329890986607343 -0.295339595537332 -0.260788204696745 -0.226236814091706 -0.191685423760261 -0.157134033733264 -0.122582643980854 -0.0880312544487474 -0.053479865045668 -0.0189284756710902
-1.00563262827442 -0.971695187634636 -0.937757746981 -0.903820306342912 -0.869882865795801 -0.835945425425432 -0.802007985312895 -0.768070545514283 -0.734133105990374 -0.70019566665996 -0.666258227369174 -0.63232078794599 -0.598383348254238 -0.564445908301193 -0.530508468122862 -0.49657102772675 -0.462633587100653 -0.428696146182038 -0.394758704918682 -0.360821263349929 -0.326883821538016 -0.292946379529799 -0.259008937310603 -0.225071494872904 -0.19113405229929 -0.157196609680763 -0.123259167051856 -0.0893217244307332 -0.0553842818265559 -0.0214468392462343
-1.01690813813961 -0.981507528379424 -0.946106918568598 -0.910706308652846 -0.875305698570587 -0.83990508825928 -0.804504477659844 -0.769103866751944 -0.733703255666776 -0.698302644579827 -0.662902033692208 -0.627501423211439 -0.592100813322996 -0.556700204124188 -0.521299595669792 -0.485898987932618 -0.450498380852093 -0.415097774316078 -0.37969716820361 -0.344296562410003 -0.308895956834641 -0.273495351385884 -0.238094746008008 -0.202694140675111 -0.167293535444654 -0.131892930358351 -0.0964923253115686 -0.0610917201916354 -0.0256911150000851 0.009709490232998
1.00416730254694 0.971065253308536 0.937963204046767 0.904861154785447 0.87175910566858 0.83865705686258 0.805555008503325 0.772452960700722 0.739350913491349 0.706248866878368 0.673146820804629 0.6400447751979 0.606942729979101 0.573840685041758 0.540738640293817 0.507636595728294 0.474534551378368 0.441432507352803 0.408330463746811 0.375228420525823 0.342126377622827 0.309024334977457 0.275922292555946 0.242820250351241 0.209718208436555 0.176616166870356 0.143514125571889 0.11041208443064 0.0773100433562905 0.0442080022635694
-0.957183047903943 -0.924037468058758 -0.890891888092696 -0.857746307892032 -0.824600727332009 -0.791455146285263 -0.75830956462503 -0.725163982195688 -0.692018398725577 -0.658872813960089 -0.625727227828874 -0.592581640307646 -0.559436051410347 -0.526290461303834 -0.493144870195318 -0.459999278300498 -0.426853685807601 -0.393708092786487 -0.36056249927839 -0.327416905328412 -0.29427131098262 -0.261125716313866 -0.227980121502137 -0.194834526708264 -0.161688931909317 -0.128543337036684 -0.0953977420227829 -0.062252146826541 -0.0291065515118923 0.00403904383097656
-0.98087704665261 -0.946522688092084 -0.912168329457365 -0.877813970684399 -0.843459611691433 -0.809105252391029 -0.77475089269069 -0.740396532511828 -0.706042171836522 -0.671687810690643 -0.637333449214567 -0.602979087577289 -0.568624725922856 -0.534270364295509 -0.499916002711422 -0.465561641174317 -0.431207279674616 -0.396852918161989 -0.362498556586899 -0.328144194943713 -0.293789833237777 -0.259435471470531 -0.2250811096278 -0.190726747672934 -0.156372385495023 -0.122018023003107 -0.0876636602603236 -0.0533092973627304 -0.0189549343839923 0.0153994286078249
-1.04279669305001 -0.999874974461838 -0.956972861839965 -0.914220626118762 -0.872628462929344 -0.833316089434373 -0.796961384225972 -0.764090199285094 -0.735062118718566 -0.709893432847775 -0.687393524726498 -0.666070050591607 -0.64438590537418 -0.620624938782127 -0.593295414387176 -0.561982296439524 -0.526675280333994 -0.487906285365451 -0.446400317681249 -0.403112506938667 -0.359055513672464 -0.314877258760522 -0.269766704453222 -0.22278121556977 -0.173910725832185 -0.123609231267858 -0.0732544082228553 -0.0240618671893106 0.0243247250750457 0.0726546877460844
-0.974437505472953 -0.941288728878174 -0.90813995235567 -0.874991175939747 -0.841842399637277 -0.808693623455535 -0.775544847430825 -0.742396071607774 -0.709247296035268 -0.676098520792744 -0.642949746077572 -0.609800972116608 -0.576652199100341 -0.543503427073799 -0.510354656044856 -0.477205886018252 -0.444057116973718 -0.410908348794069 -0.377759581336511 -0.344610814452717 -0.311462047992979 -0.278313281807464 -0.245164515745848 -0.212015749681488 -0.178866983582976 -0.145718217441177 -0.11256945124084 -0.079420684972562 -0.0462719186564534 -0.0131231523200018
-1.01819233330267 -0.982049277668689 -0.945906222066028 -0.909763166509294 -0.873620110973786 -0.837477055413734 -0.801333999738374 -0.76519094384141 -0.729047887599403 -0.69290483091465 -0.65676177380952 -0.620618716336401 -0.584475658564392 -0.548332600629428 -0.512189542658674 -0.476046484677376 -0.439903426668219 -0.403760368545547 -0.367617310233625 -0.331474251764709 -0.295331193198057 -0.259188134606367 -0.223045076116101 -0.186902017843254 -0.150758959808209 -0.114615901992616 -0.0784728443188173 -0.0423297867103917 -0.00618672915518232 0.0299563283429021
-1.02661803224057 -0.988986649410431 -0.95135526660545 -0.913723883862233 -0.87609250113525 -0.838461118357132 -0.8008297354553 -0.763198352353368 -0.725566968964921 -0.687935585221694 -0.650304201138034 -0.612672816748941 -0.575041432109796 -0.53741004735751 -0.4997786626546 -0.462147278184493 -0.424515894105937 -0.386884510458064 -0.349253127228807 -0.311621744320928 -0.273990361615893 -0.236358979018045 -0.198727596523243 -0.161096214141994 -0.123464831851909 -0.085833449627919 -0.0482020674671297 -0.0105706853717588 0.0270606966577078 0.0646920786212171
-0.991990877157274 -0.955810621610362 -0.919643532592124 -0.883517669944609 -0.847491570267245 -0.811626133151682 -0.775961233401075 -0.740527298940598 -0.70533799497199 -0.670402988361521 -0.635732715357008 -0.601337804551655 -0.567245412541306 -0.533548807932365 -0.500341543767128 -0.467652198820906 -0.435480324933142 -0.4037743404668 -0.372473599317815 -0.34153233099049 -0.310908483891223 -0.280557255010957 -0.250422835678833 -0.220453647646523 -0.190626040017633 -0.160919896984189 -0.13130131573997 -0.101735175740124 -0.0721952724835091 -0.0426576304799132
-0.974093463844123 -0.940614320757921 -0.907135177630123 -0.873656034423272 -0.840176891106156 -0.806697747659831 -0.773218604108184 -0.739739460500351 -0.706260316943637 -0.672781173533974 -0.639302030263619 -0.605822887098913 -0.572343743997174 -0.538864600879623 -0.505385457689099 -0.471906314490996 -0.438427171400474 -0.404948028609198 -0.371468886302652 -0.337989744565092 -0.304510603455468 -0.271031463012094 -0.237552323190733 -0.204073183933381 -0.170594045209504 -0.137114906975408 -0.103635769107285 -0.070156631471832 -0.0366774939778947 -0.00319835654485371
-0.99130240469818 -0.956673803192253 -0.922019884186614 -0.887312858400417 -0.852569442223958 -0.817822789243343 -0.783127296156794 -0.748538211569311 -0.714092948600897 -0.679828967739241 -0.645801754427781 -0.612071300348887 -0.578686995436151 -0.545655822628021 -0.512975549799621 -0.480649491567896 -0.448679391770178 -0.417055164383502 -0.385758275663957 -0.354748230844113 -0.323979044900665 -0.293409478613677 -0.263017275976685 -0.23277539012506 -0.20261862754804 -0.17248090074567 -0.142330692907366 -0.112150429456993 -0.0819437340668462 -0.0517195299713257
-0.996750011422437 -0.963365394664504 -0.929957814032199 -0.89650662345646 -0.862971877642892 -0.829309466532138 -0.795477920230329 -0.761440946984167 -0.727180327437132 -0.692678426150812 -0.657901870962428 -0.622813355528108 -0.587386767741461 -0.551640772446014 -0.515610033410599 -0.479348433155335 -0.442911734823008 -0.406344005295767 -0.369678717908045 -0.332918668064042 -0.2960589816854 -0.25909615585373 -0.222032172290514 -0.184872410683609 -0.147630357946495 -0.110325221206244 -0.0729909812186744 -0.0356583644881237 0.00166969311575499 0.0389972033819791
-1.02370890746391 -0.98818789328854 -0.952666612689712 -0.917145307820356 -0.881624146519957 -0.846103654473257 -0.810585863059484 -0.775073186383562 -0.739568063758732 -0.704073085449804 -0.668591420319565 -0.633126381880297 -0.597681047118287 -0.562257546915856 -0.526857005971705 -0.491477470354043 -0.456116346171304 -0.420771558323324 -0.38544109332512 -0.350122665361032 -0.314813920532732 -0.279512450313038 -0.244215627659343 -0.20892093084715 -0.173626477939807 -0.138330934089011 -0.10303451301199 -0.0677377959905265 -0.0324412859990927 0.00285453356466716
0.996326210082524 0.962091865773105 0.927857521395954 0.89362317689497 0.859388832156998 0.825154487057865 0.790920141486374 0.75668579537487 0.722451448816904 0.688217101936634 0.653982754819448 0.619748407541037 0.585514060161786 0.551279712680842 0.517045365061952 0.482811017188509 0.448576668945763 0.414342320306764 0.380107971296508 0.345873622059977 0.311639272772152 0.277404923588079 0.243170574583065 0.208936225784523 0.17470187710804 0.140467528448648 0.106233179730982 0.0719988309066268 0.0377644820053414 0.00353013307643095
0.949811162567205 0.917428749178558 0.885046335911488 0.852663922872648 0.820281510104054 0.787899097636213 0.755516685518241 0.723134273791636 0.690751862448835 0.658369451459579 0.625987040751908 0.593604630243433 0.561222219842633 0.528839809421447 0.49645739884159 0.46407498796042 0.43169257664717 0.399310164822931 0.366927752420784 0.334545339369926 0.30216292559858 0.26978051104833 0.237398095714198 0.205015679626777 0.172633262905508 0.140250845686428 0.107868428083109 0.0754860102005527 0.0431035921319272 0.0107211739674424
-0.986642746416907 -0.952131539379894 -0.917620332319687 -0.883109125217329 -0.848597918120047 -0.814086711091296 -0.779575504193254 -0.745064297498875 -0.710553091125488 -0.676041885189129 -0.641530679756286 -0.607019474881058 -0.572508270573285 -0.537997066665765 -0.503485862955381 -0.468974659272406 -0.434463455468517 -0.399952251447631 -0.36544104712756 -0.330929842429451 -0.296418637275287 -0.261907431602287 -0.22739622540862 -0.192885018702372 -0.158373811470363 -0.123862603700869 -0.0893513954092694 -0.0548401866410718 -0.0203289775351787 0.0141822317461578
-0.968251754010302 -0.95326939618257 -0.936732646828509 -0.917446932851661 -0.894374082466856 -0.866768156886536 -0.834895748002323 -0.799310599952086 -0.760702535179508 -0.71972020929697 -0.676711532285836 -0.631949227719713 -0.586036034748953 -0.540894754830883 -0.498361189550427 -0.458603078695933 -0.421313264020991 -0.385953056936751 -0.352056997298234 -0.319684069078395 -0.289024367279674 -0.260090448728375 -0.232184717546273 -0.204488183825083 -0.176406434240818 -0.147451459685445 -0.117336291330462 -0.0859236355369648 -0.0534738591449191 -0.0203467441140084
-1.00016290177955 -0.9651549914893 -0.930147081258162 -0.895139171064668 -0.860131260805815 -0.825123350367342 -0.790115439671465 -0.7551075286424 -0.720099617175881 -0.685091705159002 -0.650083792472779 -0.615075878996706 -0.580067964626122 -0.545060049319732 -0.510052133044657 -0.475044215738295 -0.440036297353999 -0.405028377938652 -0.370020457575811 -0.335012536402217 -0.300004614567904 -0.264996692222131 -0.229988769511043 -0.194980846558168 -0.159972923399687 -0.124965000047482 -0.089957076503592 -0.0549491527827125 -0.0199412289599904 0.0150666948743134
