-0.987125922007923 -0.954536529593402 -0.921947137184208 -0.889357744816724 -0.856768352584081 -0.82417896059098 -0.791589568931668 -0.759000177700804 -0.726410787005154 -0.693821396941915 -0.661232007557894 -0.628642618887302 -0.596053230957241 -0.563463843766378 -0.530874457309815 -0.498285071596836 -0.465695686632651 -0.433106302392008 -0.400516918825334 -0.367927535816229 -0.335338153231587 -0.302748770956037 -0.270159388945139 -0.237570007184988 -0.204980625712878 -0.172391244559801 -0.139801863680344 -0.107212483004282 -0.0746231024385685 -0.042033721884452
-0.997205737749454 -0.963442287087345 -0.929678836325599 -0.895915385323951 -0.862151933920423 -0.828388481939433 -0.794625029172673 -0.760861575438678 -0.72709812069608 -0.69333466493854 -0.659571208159754 -0.625807750353426 -0.592044291549819 -0.558280831925448 -0.524517371695509 -0.490753911083694 -0.456990450302391 -0.42322698951029 -0.389463528848918 -0.355700068444851 -0.321936608420925 -0.288173148877445 -0.254409689824588 -0.22064623124198 -0.186882773077195 -0.153119315261265 -0.119355857691122 -0.0855924002647729 -0.0518289429186282 -0.0180654855986985
-0.967710962186634 -0.936137005034737 -0.904563047923478 -0.872989090905149 -0.841415134082307 -0.809841177577469 -0.778267221542721 -0.746693266110832 -0.715119311307716 -0.683545357133943 -0.651971403595547 -0.62039745069993 -0.58882349845824 -0.557249546896632 -0.52567559603391 -0.494101645844499 -0.462527696295767 -0.430953747371243 -0.399379799026076 -0.367805851085757 -0.336231903343361 -0.30465795559236 -0.273084007627816 -0.241510059281623 -0.20993611053141 -0.178362161404177 -0.146788211978685 -0.115214262343921 -0.0836403125780163 -0.0520663627563882
-1.03757146758366 -1.00351133439487 -0.969437553131132 -0.935338153478003 -0.901222289994565 -0.867089944661662 -0.832883284273653 -0.798525914637668 -0.763925012798399 -0.72899296395718 -0.693679414704358 -0.657943326977529 -0.621753024016461 -0.585114274269599 -0.548042706793602 -0.510555947869296 -0.472675858949287 -0.434439244949145 -0.395887631079314 -0.357066480266784 -0.318022239867679 -0.278806085788327 -0.239488108135856 -0.200137473105893 -0.16080073704725 -0.121511955057876 -0.0822777870790767 -0.0430956134134555 -0.00395309096545211 0.035164554210035
-1.02251508748334 -0.982897057405463 -0.943355133821282 -0.903946995805579 -0.86466740175262 -0.825494938293053 -0.786406425683568 -0.747417711792208 -0.708702521306386 -0.670451086390067 -0.632761792294083 -0.595710062540975 -0.559363895063847 -0.523761585438037 -0.488929783689769 -0.454878260006571 -0.421623263710146 -0.389223840497606 -0.357730976203277 -0.327120620834928 -0.29734996544369 -0.268349201791249 -0.239940524481515 -0.211937337249281 -0.184225877510664 -0.156715082194393 -0.129331852598339 -0.10201361546817 -0.0747219349715978 -0.047424409631849
-1.06726397527105 -1.02909374527985 -0.990923515349636 -0.952753285541135 -0.914583055809191 -0.876412826085014 -0.838242596311182 -0.800072366443946 -0.761902136482872 -0.723731906410092 -0.68556167609469 -0.64739144537749 -0.60922121410016 -0.571050982107754 -0.532880749287867 -0.494710515694867 -0.456540281417278 -0.418370046513491 -0.380199811039189 -0.342029575069371 -0.303859338683867 -0.265689101988658 -0.227518865194336 -0.189348628497524 -0.151178391934359 -0.113008155496973 -0.0748379191619813 -0.0366676829014516 0.00150255331520446 0.0396727895192396
-0.97652622178067 -0.943115973408631 -0.909705725024203 -0.876295476592472 -0.842885228133559 -0.809474979688781 -0.776064731329209 -0.742654483136835 -0.709244235207584 -0.675833987618044 -0.642423740353519 -0.609013493376496 -0.57560324664005 -0.542193000059613 -0.508782753546586 -0.475372507033881 -0.441962260453701 -0.40855201371388 -0.375141766722029 -0.341731519409207 -0.308321271712338 -0.274911023563131 -0.241500774872445 -0.208090525574344 -0.174680275716582 -0.141270025383189 -0.10785977468962 -0.0744495237508363 -0.0410392726484037 -0.00762902145553901
-1.0388215625016 -1.00166399083334 -0.964518118965868 -0.927388466653378 -0.890300314527194 -0.853283300743964 -0.816363732684482 -0.779567668402789 -0.742923499421777 -0.706461192228917 -0.670214679701159 -0.634218886312817 -0.598504905988789 -0.563088510456293 -0.527979671845016 -0.493180486092215 -0.458690372472858 -0.424505919805212 -0.390620228117923 -0.357015272737872 -0.323670247816499 -0.29055991984478 -0.257641344671838 -0.224872336674958 -0.192231454985931 -0.159703193492209 -0.127275040349388 -0.0949323472100546 -0.0626489254466326 -0.0303957013615044
-1.02655328211125 -0.99215437006106 -0.95775545806021 -0.923356546149856 -0.888957634326078 -0.854558722567791 -0.820159810830297 -0.785760899089864 -0.751361987430212 -0.716963075938384 -0.682564164607247 -0.648165253406122 -0.613766342306161 -0.579367431285828 -0.544968520331188 -0.510569609451398 -0.476170698651272 -0.441771787895176 -0.407372877158996 -0.372973966505141 -0.338575056017651 -0.304176145770337 -0.269777235796088 -0.235378326090743 -0.200979416542854 -0.166580507037576 -0.132181597553733 -0.0977826880903497 -0.0633837786335575 -0.0289848691662658
-0.978071226958443 -0.945591175776605 -0.913111124493804 -0.880631073065429 -0.84815102147451 -0.815670969712852 -0.783190917779724 -0.750710865672908 -0.718230813376781 -0.685750760863471 -0.65327070806953 -0.620790654922611 -0.588310601349441 -0.555830547273033 -0.523350492616049 -0.490870437303448 -0.458390381292097 -0.425910324664184 -0.393430267516156 -0.360950209876186 -0.328470151755376 -0.295990093137959 -0.263510033900687 -0.231029973924613 -0.198549913215468 -0.166069851820319 -0.133589789826902 -0.101109727346893 -0.0686296645470589 -0.0361496016079414
-0.992341598564943 -0.954917072423 -0.917539177081068 -0.880255540741582 -0.843124866672961 -0.806208719952276 -0.769569037825199 -0.73326333956378 -0.697331100376966 -0.661797947591142 -0.626652161065526 -0.591872683792549 -0.557453836378385 -0.523451449884194 -0.489930640832112 -0.45693215713321 -0.424476259533511 -0.392525628729896 -0.361030694008467 -0.329950459061353 -0.299246071182188 -0.268883235773729 -0.238845890675207 -0.209132996770734 -0.179785374687471 -0.150836326870155 -0.122247223290777 -0.0939543158488508 -0.0658653166267066 -0.0378808027523793
-1.17413226345689 -0.973903763771687 -0.846498619693962 -0.809027536249653 -0.820615656389628 -0.830710749523818 -0.80803665297347 -0.739853181698048 -0.668287993298581 -0.636434675861278 -0.636382696771511 -0.647470493239447 -0.651234961820405 -0.638006836450335 -0.601737858150652 -0.542069958904021 -0.466170931188276 -0.405621818500684 -0.383627222952891 -0.365472730094626 -0.301964171335137 -0.176845973786605 -0.105616947372935 -0.18160950936724 -0.277736123627712 -0.254682877608257 -0.144650306560544 -0.0186313790792431 0.0687256506667441 0.0668587071149571
-0.96436880349491 -0.932588981840361 -0.900883701529517 -0.869357207093621 -0.838093797141424 -0.80713219196527 -0.776348744514373 -0.745565758933348 -0.714551711491525 -0.683079908125786 -0.650996801318498 -0.618167130188401 -0.584452067204073 -0.549698518233456 -0.513770857292775 -0.476617597592049 -0.438236495552243 -0.398738141244317 -0.358285755582214 -0.317140249201822 -0.275586955169511 -0.233885050466832 -0.192189087736043 -0.150642006261337 -0.109444916233925 -0.0687496470507231 -0.0284527340244486 0.0116035269167282 0.051538503298626 0.0914619785105606
-1.03051592132883 -0.994583186075249 -0.95865045086288 -0.922717715678352 -0.886784980402014 -0.8508522449012 -0.814919509097464 -0.778986772940492 -0.743054036438256 -0.707121299589604 -0.671188562298582 -0.635255824445536 -0.599323085917366 -0.563390346627192 -0.527457606510604 -0.491524865566862 -0.455592123816101 -0.419659381298281 -0.38372663805484 -0.347793894113306 -0.311861149497726 -0.275928404258847 -0.239995658554191 -0.204062912575692 -0.16813016654614 -0.132197420655394 -0.0962646749307486 -0.0603319293516024 -0.0243991838683458 0.0115335615758831
-1.10373494457006 -1.02669205143922 -0.956088297959601 -0.890008656060872 -0.82934885493115 -0.777148053957498 -0.742208376064306 -0.72979717637237 -0.725279775250764 -0.710758951607102 -0.675189353254889 -0.609238595234102 -0.514508741747893 -0.436339653652126 -0.416000837991078 -0.434742589909982 -0.459868484979047 -0.462914432367436 -0.425489782442177 -0.365265316762797 -0.30892717468695 -0.275405426388721 -0.252605865307924 -0.225570848264739 -0.198913262335074 -0.178739791495242 -0.157561777067436 -0.125321058390924 -0.0752768095273786 -0.00151753821907474
-1.00993411130347 -0.94404687796941 -0.883306081200916 -0.843087501274289 -0.821682593258948 -0.813954461479526 -0.818137132488385 -0.829577880670216 -0.828706049511285 -0.797210363173395 -0.736734999418918 -0.653912999410367 -0.561524148470085 -0.496935208559725 -0.487177473550662 -0.493353388313856 -0.472496833328806 -0.431296280509577 -0.386556595883134 -0.345893630493477 -0.314625981638866 -0.294575602362702 -0.273577868688963 -0.239283312106322 -0.192589662981657 -0.138319471487132 -0.0837473681378289 -0.0362762114064296 -0.00136969125307869 0.0159932944902123
-1.04297139694356 -1.00630059517842 -0.969629793396357 -0.932958991608861 -0.896288189825069 -0.85961738804236 -0.822946586213471 -0.786275784264228 -0.749604982057456 -0.712934179456931 -0.676263376393233 -0.639592572813644 -0.602921768714278 -0.566250964286576 -0.529580159762738 -0.492909355342681 -0.456238551209903 -0.419567747514514 -0.382896944360136 -0.346226141697836 -0.309555339440538 -0.272884537493684 -0.236213735732778 -0.199542934044752 -0.162872132392179 -0.126201330769271 -0.0895305292211483 -0.0528597277876044 -0.0161889264362003 0.0204818748835603
-1.035600513204 -0.998334155962527 -0.961067798695751 -0.923801441379192 -0.88653508397764 -0.849268726450433 -0.812002368745802 -0.774736010800505 -0.737469652516523 -0.700203293804005 -0.662936934640577 -0.625670575020728 -0.588404214948804 -0.55113785446857 -0.513871493618223 -0.476605132374272 -0.439338770719785 -0.402072408725756 -0.364806046493194 -0.32753968415524 -0.290273321853065 -0.253006959708444 -0.215740597765552 -0.178474236061411 -0.141207874682024 -0.103941513690281 -0.0666751530076344 -0.0294087925260826 0.00785756783877797 0.0451239281654499
-1.02423546884247 -0.987694134051505 -0.951152799270979 -0.914611464514042 -0.878070129827302 -0.841528795241188 -0.804987460687965 -0.768446126047158 -0.731904791085535 -0.695363455576357 -0.658822119431652 -0.622280782598138 -0.58573944501531 -0.549198106593765 -0.512656767249319 -0.476115426947549 -0.43957408567278 -0.403032743434559 -0.366491400239914 -0.329950056060573 -0.293408710859439 -0.256867364635995 -0.220326017536036 -0.183784669747085 -0.147243321477252 -0.110701972927258 -0.0741606242476639 -0.0376192755531374 -0.00107792686493013 0.0354634218190604
0.986031185958515 0.952179191564051 0.918327197068886 0.884475202349175 0.850623207319481 0.816771211922119 0.782919216172002 0.74906722009838 0.715215223715259 0.681363227057942 0.647511230262153 0.613659233488726 0.579807236866061 0.545955240392832 0.512103244072195 0.47825124805497 0.444399252526001 0.410547257658589 0.376695263591917 0.342843270340262 0.308991277886667 0.275139286204161 0.241287295225686 0.20743530486862 0.173583315028152 0.139731325598757 0.105879336494242 0.0720273476324542 0.0381753589280489 0.0043233702948867
-1.07150682101404 -1.01580521770822 -0.955829995277593 -0.896225913767639 -0.845534467269945 -0.810847598812573 -0.789562313123407 -0.776257121574247 -0.76393150041274 -0.746140045780841 -0.720236868521893 -0.684525958154587 -0.640544165144514 -0.602759783744868 -0.58306844231436 -0.570143661846163 -0.547646168732858 -0.502407618330192 -0.428097238436936 -0.342563617660798 -0.269700184811721 -0.22803292316845 -0.214618033884935 -0.219011979073327 -0.222242046803351 -0.206328235444449 -0.165790558607335 -0.101759221682439 -0.0293051819377669 0.0330154153892799
1.01994258636242 0.985404114857397 0.950865643325401 0.916327171684452 0.881788699833983 0.847250227709079 0.81271175540602 0.778173283059088 0.74363481079338 0.709096338726474 0.674557866955058 0.640019395570596 0.605480924642511 0.570942454152044 0.536403984067425 0.501865514393002 0.467327045142772 0.4327885763332 0.398250107983269 0.363711640119569 0.329173172770591 0.294634705965977 0.260096239739955 0.225557774101071 0.191019308950531 0.156480844175013 0.121942379710408 0.0874039155009357 0.0528654514749112 0.0183269875566756
-1.01334585015511 -0.97748554292612 -0.941625235641607 -0.905764928225463 -0.869904620673203 -0.834044312996687 -0.798184005201526 -0.762323697252981 -0.726463388961167 -0.690603080129041 -0.654742770686056 -0.61888246059329 -0.583022149838183 -0.54716183851362 -0.511301526717642 -0.475441214463451 -0.43958090174357 -0.403720588552652 -0.367860274907734 -0.331999960913266 -0.296139646695552 -0.260279332372792 -0.224419018030783 -0.188558703735648 -0.152698389507251 -0.116838075351474 -0.0809777612645426 -0.0451174472377995 -0.00925713325271387 0.0266031807117143
0.984992335993036 0.915413837333648 0.854833040115211 0.82085097280115 0.804365168764524 0.792463439933307 0.783698207545499 0.777274076036874 0.763539773324293 0.735335144249448 0.704320377872288 0.686860749307324 0.688291189838093 0.669825255424232 0.596454801259628 0.492406254799049 0.393383937481406 0.321769174421283 0.289762150636637 0.282161487083232 0.27691541370128 0.256317593568464 0.220043422312325 0.173942124256254 0.131176505957166 0.101953613468142 0.0773438685933816 0.0464656995639699 0.00976618456740349 -0.029475435719718
-1.00993612905926 -0.975037651828633 -0.940139174504343 -0.905240696967583 -0.870342219101181 -0.835443740804674 -0.800545262042793 -0.765646782805892 -0.730748303121619 -0.695849822998987 -0.660951342335174 -0.626052860999396 -0.591154378876992 -0.556255895917793 -0.52135741209219 -0.486458927388337 -0.451560441801135 -0.416661955334721 -0.381763468015893 -0.346864979952859 -0.311966491274182 -0.277068002094801 -0.242169512475171 -0.207271022456336 -0.172372532056175 -0.137474041289348 -0.102575550180788 -0.0676770587704651 -0.0327785671482038 0.00211992458370519
1.0308732062207 0.995077440456718 0.959281674677656 0.923485908875941 0.887690143043599 0.851894377155239 0.816098611116198 0.780302844826947 0.744507078237757 0.708711311322426 0.672915544099053 0.637119776596813 0.601324008843684 0.565528240862873 0.529732472672107 0.493936704271987 0.45814093568061 0.42234516700319 0.386549398374573 0.350753629961034 0.3149578619367 0.27916209446336 0.243366327653449 0.207570561585883 0.171774796254872 0.135979031614364 0.100183267541973 0.0643875038941499 0.0285917405190012 -0.00720402273745042
-1.00476684958502 -0.968445894903129 -0.932124940178096 -0.895803985350527 -0.859483030292183 -0.823162074869685 -0.78684111899794 -0.75052016260773 -0.714199205645044 -0.677878248057083 -0.641557289780675 -0.605236330750054 -0.568915370930506 -0.532594410411524 -0.496273449317981 -0.459952487792054 -0.423631525969275 -0.387310563941294 -0.350989601766934 -0.314668639417595 -0.278347676842824 -0.242026713994151 -0.205705750831042 -0.169384787306701 -0.13306382334135 -0.0967428588703525 -0.0604218939226434 -0.0241009285687011 0.0122200370483864 0.0485410027673782
-0.984187974214912 -0.952449027436366 -0.92071008065316 -0.888971133904775 -0.857232187290557 -0.825493240909765 -0.793754294801436 -0.762015348984216 -0.730276403455403 -0.69853745825494 -0.666798513614701 -0.635059569814537 -0.603320627119586 -0.571581685736111 -0.539842745854307 -0.508103807658981 -0.476364871303118 -0.444625936817809 -0.41288700415729 -0.381148073090253 -0.349409143339007 -0.317670214608638 -0.285931286535361 -0.254192358798174 -0.222453431316105 -0.19071450406991 -0.158975577047241 -0.127236650229301 -0.0954977235646127 -0.0637587969935259
-1.020160233518 -0.987094179501596 -0.954028125456594 -0.920962071349007 -0.887896017108803 -0.854829962645957 -0.821763907826516 -0.788697852505132 -0.755631796534826 -0.722565739798672 -0.689499682301607 -0.656433624079032 -0.623367565165944 -0.590301505595712 -0.55723544541256 -0.524169384705748 -0.491103323586084 -0.458037262205515 -0.424971200696647 -0.391905139073567 -0.358839077320732 -0.325773015426526 -0.292706953395038 -0.259640891228177 -0.226574828903424 -0.193508766383944 -0.160442703600072 -0.127376640506117 -0.0943105771851078 -0.0612445137522536
-0.913264772676427 -0.913156733889081 -0.911849089770033 -0.907262036911817 -0.897816105078912 -0.882400026257319 -0.861275008147169 -0.83469370129472 -0.801502051916609 -0.760848381386861 -0.714497216038666 -0.664867133445007 -0.614163006507443 -0.563734889441834 -0.514726158440718 -0.468308296289042 -0.425671037902426 -0.388049020126769 -0.356035126167556 -0.327610322738313 -0.30010259742958 -0.270976938963092 -0.238246340585363 -0.200576596378214 -0.158696699239912 -0.113585477697378 -0.0651579039756963 -0.0132751252338285 0.0413531553319188 0.0978050955159033
-1.03267412904695 -0.99408008310008 -0.955467117820227 -0.91682770836321 -0.878179617731235 -0.839556122017163 -0.801027261830078 -0.762663016850439 -0.724496358527976 -0.686549099370456 -0.648835424348538 -0.611367611548598 -0.574168286268195 -0.537301462649595 -0.500830022984448 -0.46477093331722 -0.429116772280309 -0.393808485105026 -0.358784708067137 -0.324026475021313 -0.289525419216953 -0.255276900324569 -0.221291183699131 -0.187572489997986 -0.154085955403555 -0.120787115085062 -0.0876321846338887 -0.0545778603782983 -0.0215820811719267 0.0113969035002471
-1.00181184649393 -0.965934054288925 -0.930041437011787 -0.894125674904451 -0.858180245680825 -0.822198205240221 -0.786169124751602 -0.750088451716355 -0.713978623695912 -0.677872153734369 -0.641814866746416 -0.605855915614398 -0.570040227532462 -0.534395826941987 -0.498943804742901 -0.463694420422108 -0.428655108316832 -0.3938328335786 -0.359228651608664 -0.324820447992885 -0.290580315863272 -0.256477751117443 -0.222471860715445 -0.188525737008211 -0.15462880284781 -0.120774857912335 -0.0869488786828773 -0.0531352991781923 -0.0193252067647145 0.0144886478542026
1.0166522711343 0.981043336258956 0.945435317418521 0.909832376586835 0.874242094860235 0.838668973788297 0.803101777611057 0.767524041744369 0.731914123616885 0.696252036581014 0.660529595671393 0.624741566343213 0.58888141158923 0.55293738455246 0.516895239328817 0.480735943675545 0.444443037855425 0.408015138492055 0.37145507250843 0.334767431664333 0.297957248928738 0.26103286900422 0.224015883527756 0.186926955289723 0.149769784759712 0.11254622839334 0.0752677289110929 0.0379485586663841 0.00060472227944877 -0.036747342562772
-0.928463562016964 -0.884939758417406 -0.844696380580304 -0.811989815575458 -0.789595642432144 -0.777992354315241 -0.769950908972577 -0.757995248270102 -0.74136878596331 -0.720718112772401 -0.695583055386861 -0.665226749488499 -0.628972063304886 -0.586380795246642 -0.537997059360601 -0.488055302055394 -0.441196805370686 -0.399999861508464 -0.365539506362329 -0.33494074043 -0.304341055360229 -0.271376449188254 -0.239676945495286 -0.212663362948689 -0.186925675014487 -0.156408154255501 -0.111303114823069 -0.0439418520307584 0.0410364557474664 0.135915659372543
-1.00582882811689 -0.973841769314048 -0.94188666785367 -0.909990975010096 -0.878124424966299 -0.846246582905233 -0.81433405510114 -0.782365462885841 -0.750310446730197 -0.718131631725923 -0.685772562309109 -0.653172012751938 -0.620270522967067 -0.587015695429043 -0.553368259894486 -0.519334392686411 -0.484929442346599 -0.450159999725491 -0.415030140152342 -0.379542634562985 -0.343699927794897 -0.30751159889835 -0.271015763774795 -0.234254932570057 -0.197260655556288 -0.160063527890701 -0.122701284144426 -0.085213815535311 -0.0476425004541807 -0.0100290890851006
-0.995319064231535 -0.961673996809891 -0.928028929436897 -0.894383862139638 -0.860738794919735 -0.827093727781065 -0.793448660762004 -0.759803593917528 -0.726158527334524 -0.692513461108334 -0.658868395336216 -0.625223330115905 -0.591578265532245 -0.557933201618509 -0.524288138399512 -0.49064307591781 -0.456998014211208 -0.423352953280753 -0.389707893093824 -0.356062833519903 -0.322417774403998 -0.288772715583887 -0.255127656868436 -0.221482598075364 -0.187837539086714 -0.154192479818357 -0.120547420257151 -0.0869023604225106 -0.0532573003930911 -0.0196122402623571
-1.09866345701538 -1.00967951609439 -0.920737122580092 -0.851521418965462 -0.805054209408622 -0.77988072829094 -0.773303269221674 -0.776827959819072 -0.760019204509461 -0.698972418013989 -0.617848779425004 -0.552825908927655 -0.528108119706873 -0.520006496946718 -0.499277472521166 -0.462352093064727 -0.415513844229137 -0.378781352974494 -0.367089633192737 -0.36130410519479 -0.333772790896328 -0.268917958388349 -0.199458860463161 -0.160775741877671 -0.150595830545884 -0.155661124234929 -0.156425716967321 -0.137105986791485 -0.103255351604092 -0.0657614892638743
-0.99691177593056 -0.963036539928968 -0.929135221842993 -0.895184230332042 -0.861151752875718 -0.826999561426096 -0.792671987004958 -0.758120376459721 -0.723341580870637 -0.688340503215157 -0.653108749826692 -0.617634602877643 -0.581902087813099 -0.545878203168904 -0.509533505561623 -0.472869810839959 -0.435898366301468 -0.39863688580698 -0.361113023396382 -0.32338772726252 -0.28553026913648 -0.247609542173647 -0.209692925226589 -0.171844666661364 -0.134118007200795 -0.0965496663893579 -0.0591212867013967 -0.0218006607228937 0.0154447414434723 0.0526475303158484
0.962031401339401 0.930569078556218 0.899106755755483 0.867644432887945 0.836182109907142 0.804719786755209 0.773257463325861 0.741795139481016 0.710332815003821 0.678870489681233 0.647408163394218 0.615945836047244 0.584483507574108 0.553021178025931 0.521558847505274 0.490096516203137 0.458634184321264 0.427171852015935 0.395709519402029 0.364247186474289 0.332784853197422 0.30132251955067 0.269860185571409 0.238397851300684 0.20693551673606 0.175473181866611 0.144010846690928 0.112548511228559 0.0810861755733631 0.0496238398377802
-0.986937218893611 -0.9554350522002 -0.923877299796562 -0.892210821137854 -0.860384240097404 -0.828354224910458 -0.796107856841738 -0.76362888713932 -0.730857333955223 -0.697728220287164 -0.664200321611729 -0.630238351525219 -0.595823691392511 -0.561004393652787 -0.525833680403379 -0.490318781299925 -0.454451323854221 -0.418206519444394 -0.38157078022472 -0.344591737587748 -0.30733232773559 -0.269854300548915 -0.232214660622609 -0.194470716532285 -0.156685738062236 -0.118912532025269 -0.0811560921395442 -0.0434086392327262 -0.00565911566512378 0.0321043558197926
-1.02995478580618 -0.986313168579245 -0.942630985739457 -0.898929732171334 -0.855392040934048 -0.812210383348907 -0.769455445611087 -0.727185599833313 -0.685531746924639 -0.644619696241399 -0.604482362132722 -0.565129435195935 -0.526597426591939 -0.489030129735923 -0.452595033558559 -0.41744712679816 -0.383681422490416 -0.351165531052872 -0.319721424624167 -0.289215924845475 -0.259527065733602 -0.230561255405041 -0.202338398375042 -0.174907291747878 -0.148318806585181 -0.122580035528338 -0.0975208835804213 -0.0729295444038857 -0.04860455393702 -0.0243470336870723
-0.993635176779932 -0.958066540848154 -0.922491853207453 -0.886908011015373 -0.851327604755787 -0.815768083573805 -0.780250637933177 -0.744795566193078 -0.709415856975764 -0.674122853271953 -0.638928625283123 -0.603845425013444 -0.568885931896897 -0.5340645350867 -0.499398445821873 -0.46491445396539 -0.43064091127543 -0.396602838467042 -0.362818714351912 -0.329284181171418 -0.295989172024357 -0.262920363815912 -0.230051408676809 -0.19735001366531 -0.164773130324278 -0.132282521672492 -0.0998699521478012 -0.0675311672303154 -0.0352478351501102 -0.00299810482475314
1.00759490261166 1.00012787971627 0.974772548198562 0.948245945903059 0.917142115069297 0.873108685018714 0.808130629005346 0.721728595463166 0.643228589613298 0.600976205406763 0.589590034927 0.595256919790556 0.603236134041686 0.595076681435481 0.56134725049241 0.532405539083632 0.531046662558579 0.510026396829108 0.425190697373524 0.314785577373526 0.237657064436657 0.233203920650787 0.263035846025081 0.275980112466823 0.247523341554459 0.16993351138955 0.0759446764949269 0.00336044001950126 -0.0302034768047907 -0.012178323225255
-0.974085930356533 -0.939654691577717 -0.905223452822434 -0.870792214097188 -0.836360975373349 -0.801929736606861 -0.767498497727094 -0.733067258686916 -0.698636019559767 -0.664204780434118 -0.629773541337987 -0.595342302284278 -0.560911063286236 -0.526479824358464 -0.492048585517973 -0.457617346790053 -0.423186108221341 -0.388754869935609 -0.354323632073584 -0.319892394766687 -0.285461158144015 -0.251029922325683 -0.216598687395884 -0.182167453417357 -0.147736220402955 -0.113304988324658 -0.078873757040852 -0.0444425263734103 -0.0100112961117577 0.0244199339627933
-0.975470226921184 -0.943794631540942 -0.912113044822454 -0.880414407179451 -0.848687700427263 -0.81692206323395 -0.785107220276913 -0.753234890864249 -0.721304186817483 -0.689315352921917 -0.657265773304523 -0.62515211692769 -0.592968356113129 -0.560697676619846 -0.528324397196652 -0.495848155114313 -0.463273950473452 -0.43061291617217 -0.397875519714681 -0.365063434232159 -0.332176134262516 -0.299213999721773 -0.26618103203836 -0.233081248035369 -0.199915104602104 -0.166684736380259 -0.133402548954883 -0.100083454784223 -0.0667421228759749 -0.0333931613751977
-0.933306065171885 -0.901851803476687 -0.870397541730708 -0.83894327986156 -0.807489017739261 -0.776034755231913 -0.744580492257553 -0.713126228752023 -0.681671964672448 -0.650217699978448 -0.61876343461833 -0.587309168537574 -0.555854901690798 -0.524400634069168 -0.492946365696215 -0.461492096688395 -0.430037827147845 -0.398583557026517 -0.367129286260356 -0.335675014871462 -0.304220742903479 -0.272766470412738 -0.241312197506341 -0.209857924306292 -0.178403650943453 -0.146949377534443 -0.115495104130056 -0.0840408307560647 -0.0525865574039773 -0.0211322840567365
-0.995993120658529 -0.961545723346607 -0.927098326105377 -0.892650928980217 -0.858203532004006 -0.8237561352001 -0.789308738566271 -0.754861342084799 -0.720413945701594 -0.685966549370066 -0.651519153109996 -0.61707175695776 -0.582624360935918 -0.548176965011773 -0.513729569154155 -0.479282173393236 -0.444834777776915 -0.410387382362648 -0.375939987195882 -0.341492592264467 -0.307045197541853 -0.272597802982072 -0.238150408461482 -0.20370301387763 -0.169255619290499 -0.13480822478308 -0.100360830367976 -0.0659134360338708 -0.0314660417441501 0.00298135254412254
-1.0014385440197 -0.966662874029976 -0.931887203995531 -0.897111533830426 -0.862335863548421 -0.827560193168327 -0.792784522629449 -0.758008851845011 -0.72323318070342 -0.688457509095452 -0.653681836946168 -0.618906164189204 -0.584130490778288 -0.549354816747527 -0.514579142171302 -0.479803467204724 -0.445027792026874 -0.410252116831992 -0.375476441776143 -0.340700766847533 -0.305925091992406 -0.271149417144613 -0.236373742188436 -0.201598067017209 -0.166822391610045 -0.132046715973017 -0.097271040134256 -0.0624953641342896 -0.0277196880411775 0.00705598807013768
-0.970617904388087 -0.93786741950698 -0.905116934642085 -0.872366449766333 -0.839615964796956 -0.806865479658077 -0.774114994357078 -0.741364508920361 -0.708614023367133 -0.675863537702344 -0.643113051881102 -0.610362565846051 -0.577612079506338 -0.54486159263711 -0.512111104995978 -0.479360616404404 -0.446610126736829 -0.413859636015738 -0.381109144311101 -0.348358651734772 -0.315608158409079 -0.282857664452303 -0.250107169966558 -0.217356675035147 -0.18460617968231 -0.151855683923254 -0.119105187796106 -0.0863546913551667 -0.0536041946964866 -0.0208536979265561
-1.01151457986839 -0.977156096966105 -0.942797614029295 -0.908439131070873 -0.874080648158842 -0.839722165366485 -0.80536368273313 -0.771005200277316 -0.73664671796838 -0.702288235745226 -0.667929753474241 -0.633571271003681 -0.599212788199552 -0.564854304998868 -0.530495821375262 -0.496137337377839 -0.461778853086453 -0.427420368628465 -0.393061884138633 -0.358703399733794 -0.324344915526301 -0.289986431614836 -0.255627948043376 -0.22126946482448 -0.18691098189972 -0.152552499184588 -0.118194016561244 -0.0838355339268887 -0.0494770512722359 -0.0151185686113763
1.02206136200908 0.986779130670244 0.951496899348202 0.916214668098047 0.880932437000849 0.845650206140213 0.810367975583893 0.775085745377711 0.739803515495599 0.704521285900578 0.669239056583884 0.63395682754381 0.598674598788041 0.563392370361832 0.528110142324681 0.492827914755476 0.457545687731972 0.42226346130799 0.386981235490326 0.351699010121613 0.316416785003442 0.281134559926656 0.245852334639106 0.210570108926855 0.175287882771834 0.140005656217561 0.104723429358058 0.0694412022968797 0.034158975125208 -0.00112325206886816
-1.03213617027778 -0.994606555960895 -0.957076941745395 -0.919547327711309 -0.882017713861126 -0.844488100157878 -0.806958486484323 -0.769428872696128 -0.731899258620872 -0.694369644085728 -0.656840028944341 -0.619310413056973 -0.581780796311217 -0.544251178703976 -0.506721560284516 -0.469191941202216 -0.431662321639054 -0.394132701807277 -0.356603081896382 -0.319073461974582 -0.281543842079772 -0.244014222245754 -0.206484602489963 -0.168954982844252 -0.131425363414504 -0.0938957442913011 -0.0563661254299724 -0.0188365067496486 0.0186931118400959 0.0562227304320752
-1.01909678068121 -0.983588848415002 -0.948080916231591 -0.912572984202575 -0.877065052369004 -0.841557120784035 -0.806049189579809 -0.770541258886246 -0.735033328745407 -0.699525399137225 -0.664017469880962 -0.628509540755713 -0.593001611563536 -0.557493682198343 -0.521985752589809 -0.4864778227188 -0.450969892597206 -0.415461962309806 -0.379954031950292 -0.344446101575119 -0.308938171231432 -0.273430240954023 -0.237922310728274 -0.202414380532444 -0.166906450365724 -0.131398520237803 -0.0958905901794398 -0.0603826602146415 -0.0248747303193471 0.0106331995425225
-1.01131759086917 -0.944735703789539 -0.882253216386517 -0.870816576894697 -0.872654848733156 -0.846376026750495 -0.820821216328909 -0.825616021201947 -0.82329092797498 -0.772452972838608 -0.683110507452522 -0.578122212343691 -0.482747490803274 -0.431848637179217 -0.446033832063787 -0.479291909969758 -0.479415696725728 -0.436033329503103 -0.356853852517116 -0.280074626815503 -0.251515092654127 -0.293831254645067 -0.33702537482527 -0.313040661354769 -0.254237849461084 -0.206777564084399 -0.171602461948059 -0.137015881448383 -0.0859818558904175 -0.000129592306391259
-1.0387410058992 -1.00070585448397 -0.962747232837769 -0.924915047057406 -0.887218676196215 -0.849663706260294 -0.81228107811033 -0.775092805207815 -0.738059836562883 -0.701146337095218 -0.664390399814036 -0.627848599750942 -0.591583819279018 -0.555684170137273 -0.520222461189433 -0.485185060432167 -0.450541191415574 -0.416277940770525 -0.382394078968592 -0.34891724876339 -0.315882310979044 -0.283321544899036 -0.251256903644288 -0.21970042312008 -0.188634796531702 -0.158029359481248 -0.127829359858026 -0.0979658483723819 -0.068337174731602 -0.0388335133922067
-1.00056538469868 -0.965972111518061 -0.931378838380772 -0.896785565294291 -0.862192292165706 -0.82759901887205 -0.793005745270554 -0.758412471236926 -0.723819196740617 -0.689225921781034 -0.654632646383682 -0.620039370580588 -0.58544609440393 -0.550852817886478 -0.516259541056247 -0.481666263921628 -0.447072986482953 -0.412479708727929 -0.37788643062572 -0.343293152083949 -0.308699872994849 -0.274106593247687 -0.239513312719839 -0.204920031312081 -0.170326749030668 -0.135733465932166 -0.101140182168915 -0.0665468979151202 -0.031953613336682 0.00263967140257647
-1.06483443191967 -0.995699166240753 -0.89567392301337 -0.833463975004702 -0.830149183794296 -0.874714705559362 -0.875392286055367 -0.76501110861763 -0.655543517322605 -0.661196432190686 -0.725971916276908 -0.75132081839496 -0.672529981318087 -0.560230223657737 -0.493658803508739 -0.451134761061222 -0.398911310794617 -0.355896582250254 -0.343459102936867 -0.340154077170908 -0.313833378470752 -0.249691612264793 -0.202294311621483 -0.216996106582891 -0.2329370874455 -0.190656075755178 -0.142501357800934 -0.138406997903579 -0.106840707767987 0.0540963890549521
-1.00070424220691 -0.964064756102714 -0.927478076091899 -0.891003716147834 -0.854638735687182 -0.818367705493674 -0.78218769637601 -0.746111605164325 -0.710203132749528 -0.674529612408761 -0.639122102903315 -0.604002594365516 -0.569184894174261 -0.534650078694719 -0.500382077076019 -0.466408960616835 -0.432766526039799 -0.399477329613802 -0.3665666157231 -0.334083621667127 -0.302083582974113 -0.27060874970397 -0.23964943004335 -0.209172244277054 -0.179101002955745 -0.149347227357819 -0.119816091406746 -0.0904193103458403 -0.0611011120527308 -0.031813852563623
-0.928910631340567 -0.960497865622778 -0.983509605423623 -0.976447961174067 -0.932311980129747 -0.856107837904688 -0.786373286721801 -0.756466682234848 -0.745497217212093 -0.72558061745778 -0.695107903805567 -0.659038920846466 -0.622591480776582 -0.592015266212391 -0.571002595421999 -0.551984458859659 -0.525555256949613 -0.486224357809926 -0.431353112447399 -0.365795835729972 -0.296280083490869 -0.230850159445908 -0.182817358841281 -0.159031996812538 -0.135233476522262 -0.0902284287714246 -0.0462033068874964 -0.0297471667973791 -0.0416796522991916 -0.0763780541588574
0.98270676576606 0.949533649764713 0.916360533813466 0.883187417949404 0.850014302137625 0.816841186333524 0.783668070525662 0.750494954724429 0.717321838994364 0.684148723392061 0.650975607888177 0.617802492431881 0.584629376996724 0.551456261653778 0.518283146478988 0.485110031470301 0.451936916614836 0.418763801934409 0.385590687481665 0.352417573397869 0.319244459846437 0.286071346974421 0.252898234863407 0.219725123560226 0.186552013038168 0.153378903247287 0.120205794118234 0.0870326855551435 0.0538595773754878 0.0206864693750728
-1.03909617730524 -1.00321846697256 -0.967340756623752 -0.931463046262663 -0.895585335909391 -0.859707625569165 -0.823829915171527 -0.787952204646928 -0.752074494005143 -0.716196783288098 -0.680319072586981 -0.644441362005299 -0.608563651629812 -0.572685941480292 -0.536808231539702 -0.500930521710759 -0.465052811870578 -0.429175101874133 -0.393297391604837 -0.357419681082023 -0.321541970359004 -0.285664259490405 -0.249786548536105 -0.21390883754032 -0.178031126479358 -0.142153415319642 -0.106275704055962 -0.0703979926969938 -0.0345202812785885 0.00135743015660752
-0.972188081576922 -0.938014143166415 -0.903840204817307 -0.869666266602229 -0.835492328551018 -0.801318390700217 -0.767144453155969 -0.73297051602375 -0.698796579336746 -0.664622643101423 -0.630448707289647 -0.596274771864633 -0.562100836794299 -0.527926902065373 -0.493752967666915 -0.459579033578504 -0.425405099798262 -0.391231166407951 -0.357057233496275 -0.322883301096064 -0.288709369226177 -0.254535437897202 -0.220361507086648 -0.186187576767954 -0.15201364693138 -0.11783971755546 -0.0836657885550174 -0.0494918598290846 -0.0153179312772463 0.0188559972007749
-1.062527801622 -1.02534517537692 -0.988162549063152 -0.950979922620134 -0.913797295964943 -0.876614669001986 -0.839432041607355 -0.802249413654098 -0.76506678503141 -0.727884155636273 -0.690701525380666 -0.653518894180321 -0.616336261967367 -0.57915362873952 -0.541970994520623 -0.504788359373431 -0.467605723380144 -0.430423086661845 -0.393240449352344 -0.356057811597475 -0.318875173546081 -0.281692535337122 -0.244509897070029 -0.207327258830629 -0.170144620689849 -0.132961982709318 -0.0957793449283747 -0.0585967073611655 -0.0214140699433538 0.0157685674090178
-1.05709492828513 -1.01611390849864 -0.975181576579397 -0.934358427916416 -0.89375860589094 -0.853503434926503 -0.813689315623583 -0.774396410404039 -0.735664852798291 -0.697522143227448 -0.659985278566803 -0.623068629805201 -0.586791251242163 -0.551190930419937 -0.516294762099001 -0.482068336670023 -0.448460727475445 -0.415416444034615 -0.382874233505322 -0.350754357422217 -0.318972455914168 -0.287447749898026 -0.256113783442577 -0.224919522963506 -0.193861301112149 -0.162928594637368 -0.132036090442477 -0.101102927444911 -0.0701408424641275 -0.0391847217950898
-1.00927519517576 -0.974946391527843 -0.940617587826743 -0.906288783964073 -0.871959979816504 -0.837631175262491 -0.803302370202558 -0.768973564551463 -0.734644758258823 -0.700315951293089 -0.665987143663185 -0.631658335388155 -0.597329526477476 -0.563000716902357 -0.528671906656787 -0.494343095864126 -0.460014284678043 -0.425685473244042 -0.391356661678425 -0.357027849988839 -0.32269903815577 -0.288370226132941 -0.254041413767027 -0.219712600917128 -0.185383787599091 -0.151054973873134 -0.116726159820213 -0.0823973455263153 -0.0480685310768119 -0.0137397165569214
-1.02947128408458 -0.992929256970503 -0.956387229773482 -0.919845202374394 -0.883303174680394 -0.846761146593429 -0.810219117968364 -0.773677088643613 -0.737135058438874 -0.700593027198939 -0.664050994887697 -0.62750896149881 -0.590966927027223 -0.554424891473022 -0.517882854844895 -0.481340817180793 -0.444798778541376 -0.408256739048862 -0.371714698846927 -0.335172658103518 -0.298630616992646 -0.262088575631116 -0.225546533906896 -0.18900449167172 -0.152462448861231 -0.115920405482468 -0.0793783617441493 -0.0428363178693685 -0.00629427393702728 0.0302477700100197
-1.06674879864568 -1.02844714655963 -0.990084588106666 -0.951608718559491 -0.912958443984542 -0.874084021375158 -0.834989800638573 -0.795721418080729 -0.756435562688495 -0.717301240515466 -0.678425673201222 -0.639900636281835 -0.601808338436353 -0.564192720915715 -0.527086221847306 -0.490513534292397 -0.454489555971023 -0.418997748304403 -0.384021166975009 -0.349572681009145 -0.315672612769071 -0.282329324587629 -0.249503338679984 -0.217139671267844 -0.185169154716773 -0.153513059664874 -0.122068593696551 -0.0907357933852131 -0.059450074313972 -0.0281556968183672
-1.03094210845674 -0.993454025086634 -0.955965941781616 -0.918477858653305 -0.880989775769901 -0.843501693169137 -0.806013610810322 -0.768525528614119 -0.731037446425062 -0.693549364093873 -0.656061281572179 -0.618573198836836 -0.581085115890652 -0.543597032840265 -0.506108949792995 -0.468620866755072 -0.431132783713213 -0.393644700677178 -0.356156617653579 -0.318668534613389 -0.281180451518674 -0.243692368327523 -0.206204284982123 -0.168716201412438 -0.131228117515433 -0.0937400331990584 -0.0562519484481919 -0.0187638632963826 0.0187242221050661 0.0562123075754123
0.941474468661842 0.911700303205438 0.881911482617503 0.852094757412203 0.822230871873392 0.792302229790961 0.762303879209272 0.732231654919619 0.702071894446558 0.671813096410064 0.64146190107854 0.611029484132493 0.580522830497762 0.54993216208151 0.519236096194595 0.48838359478133 0.457319753230102 0.426003856072157 0.394407298277892 0.362535727431455 0.330403354270432 0.298027075769951 0.265434533855317 0.232653133643225 0.199698588065756 0.166590047328075 0.133372102912311 0.100090625815631 0.0667711638184006 0.033434183896783
-0.88549468304139 -0.86874819554262 -0.851824119128201 -0.834466626559957 -0.816387395747361 -0.797241436946381 -0.776489584651341 -0.753568680305275 -0.728013768907697 -0.699572777619136 -0.668746958687709 -0.636225895633426 -0.602639793597748 -0.568381344207944 -0.53368991833351 -0.498429117327038 -0.462423255662336 -0.425715269814965 -0.388381975893587 -0.350417086537496 -0.311793538518644 -0.2725152140881 -0.232709777413388 -0.192519761468047 -0.152023392533191 -0.111284375037709 -0.0703726326939981 -0.0293599526818393 0.0116806432329646 0.0526758246381045
-0.983020361976915 -0.949994311092491 -0.916968260224943 -0.883942209384408 -0.850916158541029 -0.817890107653942 -0.784864056678219 -0.751838005586009 -0.718811954421826 -0.685785903236627 -0.652759852034776 -0.619733800808989 -0.586707749587883 -0.553681698543693 -0.520655647882241 -0.487629597800106 -0.454603548471051 -0.421577499986813 -0.388551452394636 -0.355525405645802 -0.322499359667603 -0.289473314398731 -0.256447269823482 -0.223421225907421 -0.190395182495593 -0.157369139410149 -0.124343096502176 -0.0913170536519994 -0.0582910108279423 -0.0252649680203275
-1.02584092896303 -0.988497647402974 -0.951197548810607 -0.91397368215345 -0.876826178131881 -0.839747630189 -0.802733401005923 -0.765778872338649 -0.728876733004674 -0.692027935365097 -0.655269178893925 -0.618646099843392 -0.582192796302665 -0.545897213708638 -0.50975478224274 -0.473837023716806 -0.438229285227492 -0.402996123380329 -0.36818419127818 -0.333789318504361 -0.299794628762299 -0.266187196336063 -0.232969897832283 -0.200141200377353 -0.167666130854164 -0.135493836860839 -0.103543389099941 -0.0717323633808907 -0.0400024328360931 -0.00830129492869989
1.02097907932828 0.985019833907842 0.949060588341731 0.913101342535728 0.877142096544778 0.841182850458971 0.805223604359792 0.769264358294339 0.733305112180733 0.697345865940846 0.661386619640533 0.625427373381639 0.589468127250771 0.553508881273577 0.517549635445159 0.481590389699393 0.445631143970341 0.409671898254038 0.373712652563536 0.337753406917992 0.301794161338087 0.265834915852446 0.229875670521466 0.193916425397906 0.157957180472217 0.121997935706775 0.0860386910139724 0.0500794463134191 0.014120201603571 -0.0218390430974046
-1.04219869607576 -1.00710513251188 -0.972011568898353 -0.936918005192209 -0.901824441396503 -0.866730877527788 -0.831637313610613 -0.796543749654968 -0.761450185604623 -0.726356621391205 -0.691263056964005 -0.656169492276728 -0.621075927273242 -0.585982361858058 -0.550888795928724 -0.515795229394282 -0.480701662180442 -0.445608094268064 -0.41051452564505 -0.375420956272308 -0.340327386103995 -0.305233815114072 -0.270140243355699 -0.235046670899441 -0.199953097806296 -0.164859524146341 -0.129765950035571 -0.0946723756029288 -0.0595788009832333 -0.0244852263127737
-1.12499880920065 -1.05962966815991 -0.993947921864181 -0.928881662625831 -0.866354316625621 -0.808397426235113 -0.756479664720713 -0.711340104185592 -0.671362281185149 -0.634789170925136 -0.60165703876049 -0.572450472583444 -0.54735252227214 -0.525340085648363 -0.504669903482265 -0.481924240393847 -0.453811558582682 -0.419219586716811 -0.378421430647373 -0.335052438489439 -0.293588518924061 -0.25746923269599 -0.225988748804777 -0.197607978677078 -0.171600195193188 -0.147480976354841 -0.124922759195907 -0.103666096322872 -0.0835671436005528 -0.064510957708351
-1.03626115521186 -1.0013674919911 -0.966622530227178 -0.932200016751462 -0.897648504473527 -0.86236149141062 -0.825737449932494 -0.78730941713954 -0.747143714702197 -0.705483116767776 -0.662742922821041 -0.619381563681118 -0.575849005061314 -0.532561352251656 -0.489831109372203 -0.447590236286428 -0.405876234314656 -0.365529314861223 -0.327456929382643 -0.29203277946015 -0.259497129206158 -0.229966651930127 -0.203063657729699 -0.178274896333273 -0.155039239204078 -0.132808864323172 -0.111137054008078 -0.089660684053673 -0.0682498998277633 -0.0468331640913892
-0.966784435016567 -0.934542909259229 -0.902301383399716 -0.870059857343961 -0.837818331044656 -0.80557680447968 -0.773335277680895 -0.741093750705371 -0.708852223657009 -0.676610696637561 -0.644369169693325 -0.61212764285674 -0.579886116164526 -0.547644589670555 -0.515403063418523 -0.483161537394294 -0.450920011567641 -0.418678485901817 -0.386436960367068 -0.354195434968149 -0.321953909718442 -0.289712384645493 -0.257470859833523 -0.225229335349596 -0.192987811135509 -0.160746287099504 -0.128504763140895 -0.0962632391804541 -0.0640217152337177 -0.031780191339914
0.971166304144386 0.937949312727007 0.904732321405882 0.871515330295192 0.838298339455781 0.805081348917417 0.771864358638939 0.738647368573195 0.705430378720009 0.672213389074086 0.638996399562689 0.605779410096219 0.572562420590006 0.539345430979094 0.506128441238641 0.472911451484555 0.439694461854558 0.4064774724329 0.373260483260132 0.340043494255511 0.306826505307964 0.273609516297408 0.24039252706771 0.207175537502007 0.17395854767657 0.140741557707207 0.107524567674742 0.0743075776397102 0.0410905876164946 0.00787359760793944
-1.01333110516972 -0.97865924423812 -0.943987383289839 -0.90931552232746 -0.874643661332713 -0.839971800271759 -0.805299939069343 -0.770628077623664 -0.735956215768167 -0.701284353364366 -0.666612490450811 -0.63194062711031 -0.597268763422284 -0.562596899452601 -0.527925035217629 -0.493253170549288 -0.458581305261045 -0.423909439276991 -0.389237572563939 -0.354565705148946 -0.319893837074134 -0.28522196838348 -0.250550099128396 -0.215878229381836 -0.181206359295493 -0.146534489018323 -0.111862618609614 -0.0771907481056005 -0.0425188775399824 -0.0078470069458239
-0.950086674750782 -0.918512317593732 -0.886775230465717 -0.854838918801697 -0.82275793087211 -0.790609848051139 -0.758473341292475 -0.726406128481753 -0.694381025652894 -0.662356897833652 -0.630321707878835 -0.598270693100012 -0.566180768064151 -0.533955556359798 -0.501453599971845 -0.468426405448975 -0.434587383463677 -0.399604596619863 -0.363191465461963 -0.325288190365065 -0.285891666661916 -0.245032870008748 -0.202879097355721 -0.159643174374137 -0.115583720325952 -0.0709590508560914 -0.0259804735507115 0.0191808224064182 0.0644671133823168 0.1098490421317
-1.0510040596642 -1.01356145753008 -0.976118855378083 -0.938676253168418 -0.901233650811433 -0.863791048191568 -0.82634844513948 -0.78890584150086 -0.75146323723533 -0.714020632359782 -0.676578027006262 -0.639135421335604 -0.60169281550659 -0.564250209669796 -0.526807603972875 -0.489364998560009 -0.451922393554198 -0.414479788997205 -0.377037184890163 -0.339594581152942 -0.302151977685093 -0.264709374369908 -0.227266771025639 -0.189824167499009 -0.152381563815662 -0.114938960041363 -0.0774963562234532 -0.040053752395235 -0.00261114855230201 0.0348314553191805
-1.00612995399659 -0.970290175772478 -0.934450397434414 -0.898610618888837 -0.862770840112099 -0.826931061123084 -0.791091282040919 -0.7552515029726 -0.719411723876356 -0.683571944683278 -0.647732165364674 -0.611892385901904 -0.576052606284838 -0.540212826537384 -0.504373046690231 -0.468533266767133 -0.432693486812239 -0.396853706958176 -0.361013927356921 -0.325174148149355 -0.289334369473582 -0.253494591423952 -0.217654813919782 -0.181815036861905 -0.145975260252239 -0.110135484092555 -0.0742957082829482 -0.0384559327080344 -0.00261615729218377 0.0332236180302946
-0.995513452614242 -0.961799917857179 -0.928086383131399 -0.894372848435284 -0.860659313746284 -0.82694577905844 -0.793232244453077 -0.759518710010237 -0.725805175717536 -0.692091641548793 -0.658378107515059 -0.624664573636687 -0.590951039940445 -0.557237506478737 -0.523523973302828 -0.489810440433784 -0.456096907851952 -0.42238337540501 -0.388669842925908 -0.354956310321369 -0.321242777516556 -0.287529244471956 -0.253815711289345 -0.220102178095962 -0.186388644979598 -0.152675112008333 -0.118961579210827 -0.0852480465934596 -0.0515345141128876 -0.0178209817133396
1.03640276915814 1.00109742117644 0.965792073277376 0.930486725521228 0.89518137782451 0.85987603009097 0.824570682317061 0.789265334532266 0.753959986805464 0.718654639188155 0.683349291622917 0.648043944025101 0.612738596300498 0.577433248316677 0.542127899934345 0.506822551024991 0.47151720148064 0.436211851264694 0.400906500386159 0.365601148965106 0.330295797149371 0.294990445082019 0.259685092887044 0.224379740636746 0.189074388215713 0.153769035490805 0.118463682445674 0.0831583291098602 0.0478529755796724 0.0125476219681115
-0.991326917606124 -0.974849152862473 -0.955498760734955 -0.930265792106768 -0.898303483315375 -0.859623198020102 -0.815505623713476 -0.76771170297986 -0.718654074937769 -0.670558009776568 -0.624247605434874 -0.580196666788617 -0.539177402226982 -0.503155634192181 -0.473865144709062 -0.450917940080001 -0.432804950341548 -0.415654576189417 -0.395688220354742 -0.371861823051181 -0.343814958863023 -0.311276993754073 -0.274336459206207 -0.233123527342973 -0.187575767336517 -0.138166247613824 -0.0877026365726142 -0.0388868911372247 0.00833647763227561 0.0547123201418852
-1.08723425790695 -1.05318423271523 -1.01692506434652 -0.971834352194727 -0.916383752911066 -0.851012180958821 -0.778933524792361 -0.705009676749019 -0.637919570706901 -0.585631895498624 -0.549457318234056 -0.529042000592383 -0.521793719356014 -0.516166711720261 -0.501023507855468 -0.475813349419198 -0.443034318186675 -0.406793144916534 -0.370749193266675 -0.335163709508629 -0.299448410567338 -0.263474045516598 -0.228947492025629 -0.197988648762833 -0.172533369797935 -0.151129920262045 -0.118960254130493 -0.0625849584200453 0.0125545365310251 0.096296589554068
-1.04547210142843 -1.00922513915254 -0.972978176802596 -0.936731214345068 -0.900484251891164 -0.864237289567618 -0.827990327418494 -0.791743365435708 -0.755496403485242 -0.719249441413223 -0.683002479112283 -0.646755516486683 -0.610508553470148 -0.574261590114278 -0.538014626513454 -0.501767662815332 -0.465520699155819 -0.429273735570566 -0.393026772054594 -0.356779808540687 -0.320532844946066 -0.284285881217627 -0.248038917420953 -0.211791953654416 -0.175544990028855 -0.13929802664693 -0.103051063566132 -0.0668041008027512 -0.0305571382534567 0.00568982421498895
-0.990311799479175 -0.957480604736583 -0.92464941001808 -0.891818215335165 -0.858987020745154 -0.826155826319413 -0.793324632139693 -0.760493438275633 -0.727662244738043 -0.69483105151011 -0.661999858523375 -0.629168665696467 -0.596337472961318 -0.563506280303068 -0.530675087722243 -0.4978438952277 -0.465012702839109 -0.432181510611064 -0.399350318591832 -0.366519126769433 -0.333687935116825 -0.300856743597105 -0.268025552133917 -0.235194360654361 -0.202363169138804 -0.169531977576085 -0.136700785935681 -0.103869594193814 -0.0710384023730817 -0.0382072105076705
-0.991050377260353 -0.956756029154265 -0.922461681041778 -0.888167332960412 -0.8538729850277 -0.819578637358901 -0.785284289980165 -0.750989942874467 -0.716695595941168 -0.682401249085242 -0.64810690231772 -0.613812555676149 -0.579518209224551 -0.545223863132873 -0.510929517584595 -0.476635172711423 -0.442340828621063 -0.408046485376995 -0.373752143013269 -0.339457801490448 -0.305163460750721 -0.270869120723593 -0.236574781287823 -0.202280442345352 -0.167986103941586 -0.133691766137848 -0.0993974289156656 -0.065103092208409 -0.0308087558365963 0.00348558040746638
-1.0268897483351 -0.989830084475398 -0.9527704204756 -0.915710756214244 -0.878651091643562 -0.841591426737945 -0.804531761486754 -0.767472095879057 -0.730412429887788 -0.693352763499295 -0.656293096769714 -0.61923342977263 -0.58217376259309 -0.54511409536198 -0.508054428224629 -0.470994761338287 -0.433935094837076 -0.396875428750674 -0.359815763068517 -0.322756097723524 -0.285696432634487 -0.248636767722474 -0.211577102917673 -0.174517438140853 -0.137457773265989 -0.100398108153072 -0.0633384426529549 -0.0262787766674406 0.0107808896887224 0.0478405562475492
-0.99586674913221 -0.962212978710892 -0.928559208347571 -0.894905438136935 -0.861251668235963 -0.827597898792545 -0.793944129855944 -0.760290361438365 -0.72663659350239 -0.692982825983027 -0.659329058754611 -0.625675291676308 -0.592021524619583 -0.55836775750508 -0.524713990270084 -0.491060222869256 -0.457406455257686 -0.423752687374802 -0.39009891916766 -0.35644515062949 -0.322791381765062 -0.28913761259426 -0.255483843197413 -0.221830073666109 -0.188176304076544 -0.154522534499261 -0.120868764997595 -0.0872149956145356 -0.0535612263188845 -0.0199074570608987
-1.02312249542928 -0.980522280574188 -0.937322765129112 -0.893447976113563 -0.849346560839309 -0.805634182385873 -0.763069946611547 -0.722363832682276 -0.683885870215831 -0.647914946018751 -0.61470532520084 -0.584505117447715 -0.557420394669344 -0.532989077673111 -0.510395515652754 -0.487977922450028 -0.463844094423384 -0.43602629335004 -0.403143569543607 -0.36623766204451 -0.326955982074876 -0.28678329640013 -0.246553793958886 -0.206677918104153 -0.166521707673344 -0.125387248263936 -0.0833652170292523 -0.0407440255289011 0.0021855686082324 0.0451322212359425
-0.999132459864047 -0.96043311330183 -0.92171165778852 -0.88299637157669 -0.844366640475972 -0.805912899247802 -0.767718670903785 -0.729866606621984 -0.692442781996136 -0.655516741199023 -0.619088478303956 -0.583140599859373 -0.547665227961779 -0.512692546899948 -0.478257560473072 -0.444376488329749 -0.411055958204944 -0.378283014329667 -0.346039125937734 -0.314303045778107 -0.283052847478539 -0.252258900086921 -0.221860754331702 -0.191788206403408 -0.161962852660327 -0.132320384521505 -0.102861073481261 -0.0735890128714151 -0.0444590032985051 -0.0154135221877505
-0.997927794098631 -0.954585512451879 -0.91201160197697 -0.870913556387351 -0.831717959166417 -0.794684713317727 -0.759687910155554 -0.726457466123504 -0.694532409871796 -0.663508998951019 -0.633403294306641 -0.604336307732845 -0.576382316679156 -0.549428661216453 -0.523136877498518 -0.496452223389385 -0.468204236811286 -0.437475854208986 -0.403622814300729 -0.36683866637614 -0.327526412367692 -0.286092453318613 -0.242956786715166 -0.198587293094566 -0.153629788754816 -0.108669906384447 -0.0638746084733324 -0.0193155318945872 0.0248983187470466 0.06864859691392
-1.04274663558251 -1.00539870995538 -0.968079330261666 -0.930812877672221 -0.893600181088388 -0.856441821822214 -0.819360943098038 -0.782386464732223 -0.745547850996928 -0.708871298829627 -0.672369391373246 -0.636051308322072 -0.599926072147458 -0.564002076429022 -0.528286442284938 -0.492781829879344 -0.457492616572711 -0.422434509464877 -0.387622200823942 -0.35305499385167 -0.318728344483243 -0.284631362855643 -0.250727775913057 -0.216978132378702 -0.183355651284723 -0.149834381589246 -0.1163790216454 -0.0829564232497919 -0.0495514025779141 -0.0161532668999826
0.989080133495692 0.955931021210385 0.92277884034599 0.88962356942435 0.856464273509615 0.82329518847896 0.790092146919364 0.756828723082159 0.723487861166279 0.690058136776658 0.656541281194629 0.622942314620622 0.589260232607394 0.555469932117008 0.521538748505514 0.487427869295602 0.453100806524971 0.418536518124728 0.383720805863757 0.348651400968677 0.313329017030541 0.277759132268444 0.241966283413663 0.2059830077417 0.169854786192791 0.133628950337888 0.097347290606068 0.0610436672883879 0.0247257612657029 -0.0116052914336833
0.972234064571366 0.942508353081688 0.912702003219557 0.882731276299517 0.85252521604581 0.822001920247269 0.791022920541405 0.759456799932525 0.727256913043451 0.694404560155786 0.660908052567735 0.626782454331654 0.592044897371834 0.556720785100301 0.520854958861828 0.484561740244455 0.447956331660986 0.411087978580031 0.373975804531865 0.336584402237627 0.298864731716171 0.260777350305051 0.222321204616624 0.18350933068423 0.144372732950354 0.104951071493767 0.0653006605292413 0.0254831215449609 -0.0144353490132607 -0.0543874109602017
-0.934562887273108 -0.90451224948027 -0.874483282993901 -0.844488634728245 -0.814531734254062 -0.784599433828884 -0.754621493800823 -0.724514225937302 -0.694197239592401 -0.663591966367956 -0.632623829270159 -0.601219249156292 -0.569308064770339 -0.536833786403102 -0.503768780188889 -0.470187164089221 -0.436182428983672 -0.4018238055968 -0.367165627746583 -0.332226901779698 -0.297017802174997 -0.261549822241882 -0.225839730611956 -0.189915739471932 -0.153846559906753 -0.117697302849091 -0.0814781797242943 -0.0451888769405169 -0.0088418803444649 0.0275471243575179
-0.937475335358916 -0.91067915453823 -0.883861855671648 -0.856963468399574 -0.829888544752909 -0.802521897589159 -0.774704860681754 -0.746283008868188 -0.7171623603263 -0.687266215412818 -0.656526559859684 -0.624877550742642 -0.592263257579025 -0.558667399652515 -0.5240603894459 -0.488319762472042 -0.451345941796649 -0.413223777666737 -0.374070508117581 -0.333948495156178 -0.292906381782454 -0.251019753168815 -0.20847196317758 -0.16545691338443 -0.122102927528586 -0.0785114503798125 -0.0347419886665166 0.00915284915415237 0.0531061096687275 0.0970472532246624
-1.00134079635397 -0.965599623946376 -0.929858451593929 -0.894117279426581 -0.858376107610206 -0.822634936287855 -0.786893765475353 -0.751152595158776 -0.715411425332433 -0.679670255982989 -0.643929087058321 -0.608187918496611 -0.57244675024272 -0.536705582268244 -0.500964414567785 -0.465223247201239 -0.429482080239572 -0.393740913732729 -0.357999747721623 -0.322258582232034 -0.286517417285965 -0.250776252893076 -0.215035089013676 -0.179293925567953 -0.143552762364987 -0.10781159921506 -0.0720704360444057 -0.0363292728183948 -0.000588109543018414 0.0351530537655783
