-1.0304437436603 -0.996147758523546 -0.961851773429631 -0.927555788389463 -0.893259803424598 -0.858963818552663 -0.824667833764916 -0.790371849043055 -0.756075864356894 -0.721779879659281 -0.687483894847081 -0.653187909803168 -0.618891924422529 -0.584595938648616 -0.55029995243307 -0.516003965711813 -0.481707978442615 -0.447411990686345 -0.413116002535179 -0.378820014103405 -0.344524025510843 -0.310228036846618 -0.27593204807709 -0.241636059153004 -0.207340070085419 -0.173044080897688 -0.138748091602034 -0.104452102211316 -0.0701561127520499 -0.0358601232541673
-1.03164584494935 -0.997390668448214 -0.963135491818451 -0.928880314951152 -0.89462513780877 -0.860369960363989 -0.826114782559081 -0.791859604317583 -0.757604425518507 -0.723349246038741 -0.689094065791202 -0.654838884697815 -0.620583702697234 -0.586328519795032 -0.552073335995411 -0.517818151230163 -0.483562965420595 -0.449307778518487 -0.415052590514021 -0.380797401520505 -0.346542211682031 -0.312287021122199 -0.278031829882644 -0.243776638000727 -0.209521445578693 -0.175266252727682 -0.14101105952952 -0.106755866063414 -0.0725006724274076 -0.0382454787242554
-1.04956847858695 -1.01254414781944 -0.975519817156195 -0.938495486685901 -0.901471156461229 -0.864446826509038 -0.827422496788976 -0.790398167198582 -0.753373837454152 -0.716349507250913 -0.679325176381056 -0.642300844661013 -0.605276511929361 -0.568252178113265 -0.531227843195627 -0.494203507293693 -0.457179170541046 -0.420154833002273 -0.383130494719931 -0.346106155717457 -0.309081816013511 -0.272057475635366 -0.235033134644751 -0.19800879312886 -0.160984451242277 -0.123960109147772 -0.0869357669734737 -0.0499114248176459 -0.0128870826937193 0.0241372594060825
-0.97786618433906 -0.944114217283695 -0.910362250342886 -0.87661028360537 -0.842858317107324 -0.809106350864543 -0.77535438486386 -0.741602419061065 -0.707850453316732 -0.674098487477987 -0.640346521433385 -0.606594555081836 -0.572842588302955 -0.539090620899173 -0.50533865264897 -0.471586683312197 -0.437834712665428 -0.404082740570747 -0.370330766947193 -0.336578791856123 -0.302826815394474 -0.269074837666676 -0.235322858807141 -0.201570878985927 -0.16781889848571 -0.134066917597559 -0.100314936533517 -0.0665629554591147 -0.0328109744328733 0.000941006513439908
-0.985437886923484 -0.950402089424675 -0.915366291709222 -0.880330493540564 -0.845294694601642 -0.81025889456496 -0.775223093141754 -0.740187290070499 -0.705151485159906 -0.670115678271504 -0.635079869407884 -0.600044058606902 -0.565008245938754 -0.529972431602991 -0.494936615843018 -0.459900798948284 -0.424864981217885 -0.389829162943455 -0.354793344394909 -0.319757525762738 -0.284721707217576 -0.249685888904256 -0.214650070864392 -0.179614253107617 -0.144578435618855 -0.10954261837909 -0.0745068013782614 -0.0394709846028902 -0.00443516801687942 0.0306006484215231
-1.02625792586642 -0.990250345245545 -0.954242764624958 -0.91823518406568 -0.882227603639726 -0.846220023437781 -0.810212443614221 -0.774204864342232 -0.738197285806552 -0.702189708193267 -0.666182131682302 -0.630174556452043 -0.594166982681324 -0.55815941055077 -0.522151840203914 -0.48614427163412 -0.450136704799996 -0.414129139671286 -0.378121576192572 -0.342114014196646 -0.306106453488349 -0.270098893844478 -0.234091334929648 -0.198083776402443 -0.162076218009517 -0.126068659555744 -0.0900611009908111 -0.0540535423089986 -0.01804598353814 0.0179615752855429
-0.958249446843089 -0.925069628193042 -0.891889809408694 -0.858709990361166 -0.825530170912042 -0.792350350918368 -0.75917053022859 -0.725990708746192 -0.6928108866034 -0.659631063968159 -0.626451240922531 -0.593271417527111 -0.560091593814998 -0.526911769709321 -0.493731945119963 -0.460552120013802 -0.427372294405449 -0.394192468443438 -0.361012642301388 -0.327832816119319 -0.294652990028849 -0.261473164140896 -0.228293338483555 -0.195113513063885 -0.161933687887615 -0.128753862938075 -0.0955740381103369 -0.0623942132996373 -0.0292143884901287 0.00396543631180748
-1.03939761896675 -1.00365874855332 -0.967919878227803 -0.932181008059522 -0.896442138119397 -0.860703268471074 -0.824964399147452 -0.789225530160862 -0.753486661472106 -0.717747793031421 -0.682008924798304 -0.646270056734571 -0.610531188780979 -0.574792320794064 -0.539053452635135 -0.503314584268835 -0.467575715696781 -0.431836846965143 -0.396097978140718 -0.360359109328232 -0.324620240641893 -0.288881372188098 -0.253142504041994 -0.217403636279224 -0.181664769008682 -0.145925902329982 -0.110187036272382 -0.0744481708124937 -0.0387093057866883 -0.00297044099627868
-0.909924345632454 -0.884454482031078 -0.858921383256177 -0.833191858928415 -0.807137076640766 -0.780652870660722 -0.75372938398154 -0.726384403388857 -0.698651982112043 -0.670534370356071 -0.641890339784585 -0.612542792425898 -0.58231693506046 -0.551047193477273 -0.51860345657531 -0.484988246684888 -0.450196584403047 -0.414060849962397 -0.376445467252646 -0.337505675156339 -0.297469416304231 -0.256573618473227 -0.215091150024835 -0.173261812756754 -0.131157201626853 -0.0888116442479043 -0.0462786056921372 -0.00361491049187631 0.0391283164396376 0.0819013750939346
-1.03044352273061 -0.994057396657863 -0.957671270637013 -0.921285144712592 -0.88489901890661 -0.848512893236109 -0.812126767720781 -0.775740642348247 -0.739354516975215 -0.702968391442418 -0.666582265657622 -0.630196139545349 -0.59381001303236 -0.557423886054359 -0.521037758549875 -0.484651630459768 -0.448265501716176 -0.411879372213989 -0.375493241876047 -0.339107110774217 -0.302720979017623 -0.266334846721896 -0.229948714028693 -0.193562581079601 -0.157176447989891 -0.120790314846001 -0.0844041816453343 -0.0480180483742681 -0.0116319150641133 0.0247542182425861
-0.978601917301442 -0.948615657137699 -0.918546315710178 -0.888314309200937 -0.857833110119145 -0.827028155709461 -0.795879685831372 -0.76439879153007 -0.732665165978713 -0.700755070370561 -0.668662435851307 -0.636360611054756 -0.603815140449298 -0.570960351841666 -0.537729392364943 -0.504081903119247 -0.469989809661701 -0.435447681410403 -0.400450281528065 -0.364970504294873 -0.32897577677038 -0.292443832596998 -0.255393631748549 -0.217858472830785 -0.179887782645751 -0.141537141445495 -0.102870615085791 -0.0639559006462672 -0.0248667344982515 0.0143216371640038
-1.01365424610442 -0.978617693115357 -0.943583861633056 -0.908556418463603 -0.873542257609694 -0.838548240504516 -0.80357787110662 -0.768634102848017 -0.733721044529191 -0.698842739471442 -0.66400181371085 -0.629200538962194 -0.594440764795004 -0.559722652197833 -0.525046341844411 -0.490413581730168 -0.455825921965732 -0.421282513800842 -0.38678128695378 -0.35231768387789 -0.317886525210284 -0.283483578741311 -0.249108400874269 -0.214760591663904 -0.180436137157799 -0.146130274314107 -0.111838857740414 -0.0775578887313042 -0.0432833376799178 -0.00901116725403474
-0.947725547434561 -0.916889418122103 -0.886136834143789 -0.855538438937009 -0.825130528231223 -0.794922018049944 -0.76484665330082 -0.73481789519164 -0.704743241246611 -0.674545057647465 -0.644211148889585 -0.61374567904677 -0.583135254281107 -0.552296249107832 -0.521107842932178 -0.489370666366234 -0.456889413251793 -0.423563579142625 -0.389343471306497 -0.354287842155191 -0.318482555386491 -0.281991980642143 -0.244794511339745 -0.206881911124385 -0.168385400775269 -0.129473887705517 -0.0903275687297703 -0.0511027108512025 -0.0118485724255766 0.0274123403531962
-0.968276923621209 -0.93544620681164 -0.902612534329992 -0.869768827390902 -0.836898380809203 -0.803984463029615 -0.771019863416221 -0.737999040984024 -0.704913612432351 -0.671755783067389 -0.638522954938447 -0.605213829280614 -0.571826871876803 -0.538359606701231 -0.504809827993098 -0.471177352860249 -0.437464271360395 -0.403679742482068 -0.369833019172507 -0.335926661282942 -0.301961555390598 -0.267939837915229 -0.233868644646684 -0.199757167750676 -0.165617825526288 -0.131461514405642 -0.0972898172196557 -0.0631027323121366 -0.0289032336796404 0.00530496076808941
-1.03176974906322 -0.995049974344764 -0.958330199568622 -0.921610424646721 -0.884890649430126 -0.848170873766292 -0.811451097549074 -0.774731320710119 -0.738011543285838 -0.70129176533859 -0.664571986929783 -0.627852208120585 -0.591132428963093 -0.554412649473118 -0.517692869656048 -0.480973089511876 -0.444253309025689 -0.407533528128362 -0.370813746737447 -0.334093964771426 -0.297374182149014 -0.260654398805797 -0.22393461474484 -0.187214829990084 -0.150495044581488 -0.113775258581864 -0.0770554721294373 -0.0403356853726027 -0.00361589842502556 0.0331038886083107
-1.01846926733295 -0.984350877470446 -0.950232487647156 -0.916114097911226 -0.881995708388131 -0.847877319209602 -0.813758930455046 -0.779640542147825 -0.745522154139429 -0.711403766261867 -0.677285378441075 -0.643166990626477 -0.609048602753398 -0.574930214700787 -0.540811826349206 -0.506693437642048 -0.472575048542338 -0.438456659028799 -0.404338269099498 -0.370219878814184 -0.336101488248025 -0.301983097465073 -0.267864706484911 -0.233746315313914 -0.199627923950082 -0.165509532385329 -0.131391140595597 -0.0972727485723089 -0.0631543563848027 -0.0290359641218919
-1.00272026883751 -0.968449479027014 -0.93417868919953 -0.899907899354401 -0.865637109524841 -0.831366319738619 -0.797095529967842 -0.762824740164055 -0.728553950252216 -0.694283160165406 -0.660012369895797 -0.625741579450329 -0.591470788851011 -0.557199998180119 -0.522929207539485 -0.488658417048905 -0.454387626778954 -0.420116836585344 -0.385846046295095 -0.351575255835319 -0.317304465158153 -0.283033674218715 -0.248762882984064 -0.214492091404692 -0.180221299352886 -0.145950506722296 -0.111679713570231 -0.0774089200009505 -0.0431381261428681 -0.00886733213043493
-0.969511443040718 -0.937558898341809 -0.905601898223433 -0.873637609089992 -0.841667744871634 -0.809695792415827 -0.777727782713596 -0.745765234589621 -0.713789074059647 -0.681774899483363 -0.649697591405162 -0.617531850915614 -0.585249807640545 -0.552813305346811 -0.520182936377154 -0.487324573236808 -0.454211310111962 -0.420839847750114 -0.387221305190225 -0.35340086807581 -0.319432238701519 -0.285364015030648 -0.251224377701089 -0.217037543445355 -0.182832290699872 -0.148633621923557 -0.114446873961412 -0.080272182328739 -0.0461085428359782 -0.0119546663673538
-0.975340297850989 -0.942515031652964 -0.909689765417224 -0.876864499140618 -0.844039232829364 -0.81121396649672 -0.778388700174731 -0.745563433899408 -0.712738167703824 -0.679912901620158 -0.647087635679954 -0.614262369914596 -0.581437104323368 -0.548611838777161 -0.515786573109114 -0.482961307129757 -0.450136040639033 -0.417310773417159 -0.384485505268561 -0.351660236114235 -0.31883496590432 -0.286009694599033 -0.253184422198911 -0.220359148717761 -0.187533874182162 -0.154708598664718 -0.121883322409355 -0.0890580456819945 -0.0562327686652171 -0.0234074915207686
1.00115449503369 0.965407427079766 0.929660359181649 0.893913291434697 0.858166223925852 0.822419156713917 0.786672089753575 0.750925022983764 0.71517795638457 0.679430889940676 0.643683823613992 0.607936757360739 0.572189691128028 0.536442624826531 0.500695558386149 0.464948491850134 0.429201425273507 0.393454358645015 0.357707291935972 0.321960225114233 0.286213158146786 0.250466091011202 0.214719023727377 0.1789719563316 0.143224888883381 0.10747782145656 0.0717307541590555 0.0359836870747224 0.000236620157071122 -0.0355104466729727
-1.00235262409708 -0.972176696795396 -0.942017973703576 -0.911839185729499 -0.881489052984926 -0.850798932332182 -0.819644738431959 -0.787913428124448 -0.755491569169462 -0.722268377776111 -0.688144053031078 -0.653021539740438 -0.616836406524656 -0.579654717261745 -0.541594950600155 -0.502854749012498 -0.46364495178356 -0.424150021622631 -0.384540662881226 -0.344958923055245 -0.305539685426683 -0.266371274864388 -0.227355782584614 -0.188371084558951 -0.149384429432933 -0.110397635841292 -0.0714614297016047 -0.0326177198600934 0.00617576040528054 0.0449823217086213
0.995880770844755 0.961830357339826 0.927779943700679 0.893729529804884 0.859679115642228 0.825628701221892 0.79157828651839 0.757527871496498 0.723477456116696 0.689427040328937 0.655376624045346 0.621326207168591 0.58727578960797 0.553225371299288 0.519174952166259 0.485124532057719 0.451074110820016 0.417023688364419 0.382973264645534 0.348922839726402 0.314872413697169 0.280821986627742 0.246771558507058 0.212721129334332 0.178670699230869 0.144620268368482 0.110569836998934 0.076519405363875 0.0424689735845453 0.00841854175208479
-1.02952918272647 -0.995297215179942 -0.96106524775701 -0.926833280581562 -0.892601313760753 -0.858369347371485 -0.824137381386365 -0.789905415748331 -0.755673450385929 -0.72144148523837 -0.687209520301902 -0.652977555587033 -0.618745591112036 -0.58451362692623 -0.550281663071 -0.516049699524945 -0.481817736269248 -0.447585773358233 -0.413353810837006 -0.379121848640683 -0.34488988667688 -0.310657924861875 -0.276425963146589 -0.242194001493189 -0.207962039874194 -0.173730078284765 -0.139498116800292 -0.105266155492522 -0.0710341943383959 -0.0368022332911555
0.981410278761192 0.946921167789625 0.912432056714794 0.87794294540026 0.843453833639796 0.808964721239476 0.774475608124363 0.739986494250243 0.705497379576797 0.671008264069544 0.636519147713448 0.602030030498338 0.567540912423206 0.533051793523705 0.498562673852 0.464073553489627 0.429584432530227 0.395095311086489 0.360606189268081 0.326117067153556 0.291627944813685 0.257138822306815 0.222649699641582 0.188160576796129 0.153671453676332 0.119182330205524 0.0846932064491271 0.0502040825066239 0.0157149584716431 -0.0187741655636493
-0.997207534836458 -0.963202161759694 -0.929192709290765 -0.895177341257915 -0.861152405982628 -0.827113942057287 -0.793058564664627 -0.758983049114598 -0.724884234635665 -0.690757648797851 -0.656593508618881 -0.622380703478408 -0.58810870310375 -0.553769298612891 -0.519356790322105 -0.484873193950165 -0.45032170545708 -0.415702526365294 -0.381016831580552 -0.346272683979363 -0.311479868430926 -0.276647741617008 -0.241783947469646 -0.206894864404525 -0.171983521521631 -0.13705200115075 -0.102101947856563 -0.0671356964379004 -0.0321587803953165 0.00282246709520498
0.991216474495807 0.957181366061998 0.92315191328004 0.889139203811595 0.85515429115242 0.821207528872372 0.787306505003623 0.753452158800339 0.719621599942351 0.685784467544141 0.651904348033133 0.617943314664984 0.58386710760052 0.549656134621244 0.515292649980254 0.480751626196358 0.446005478687046 0.411023676198823 0.375778880610395 0.340259473000266 0.304457764246888 0.268376956775833 0.232063819201148 0.19557508740255 0.158963800133938 0.122276256266103 0.0855354922631995 0.0487578647317559 0.0119562732544273 -0.0248572468420991
-0.998032669219703 -0.980483473063601 -0.952967245490314 -0.917708265869903 -0.882947208180823 -0.855833320240733 -0.833133750615691 -0.808186263414279 -0.770993184166756 -0.715166958369988 -0.652095949965582 -0.597612502506332 -0.566497121355724 -0.569322959120018 -0.6027852781265 -0.612275132343783 -0.550470254128717 -0.450499297749779 -0.357666064769249 -0.285524024013003 -0.239689061122813 -0.22026065432509 -0.205272652184781 -0.175243727178474 -0.142697477090764 -0.12143225859559 -0.0983405386162619 -0.05828819274326 -0.00494062098639031 0.0533368955397108
-0.961564477485244 -0.929889332867955 -0.898214188275472 -0.866539043754153 -0.83486389935291 -0.803188755127473 -0.771513611158293 -0.739838467532782 -0.708163324341498 -0.676488181663905 -0.644813039531977 -0.613137897965812 -0.581462756965376 -0.54978761645011 -0.51811247633089 -0.486437336564863 -0.454762197142301 -0.423087058139682 -0.391411919633498 -0.359736781614065 -0.328061644050159 -0.296386506938379 -0.264711370386632 -0.233036234509759 -0.201361099339033 -0.169685964845163 -0.138010830840157 -0.106335697114008 -0.0746605635273361 -0.0429854299584172
-1.02413278418938 -0.979756535817814 -0.975334358105317 -0.95790271075952 -0.888570444656412 -0.75351717769866 -0.625133204727293 -0.575324077869576 -0.587845701459389 -0.626526714359866 -0.663636341344572 -0.67355395366468 -0.637385685223688 -0.563144720534403 -0.468034336073471 -0.37911112556359 -0.319863900927923 -0.28965702964543 -0.282206540683298 -0.29275955340581 -0.316945959776527 -0.341062492793303 -0.314073249591184 -0.205476860661913 -0.104242725786837 -0.095293516291567 -0.127894220389184 -0.131241942341779 -0.0899199337200249 -0.00235798292173897
-0.979823220896012 -0.947884727187645 -0.915937012745255 -0.883967651252707 -0.851946524390044 -0.819842450336475 -0.787637685271717 -0.755315241153786 -0.722847715053388 -0.690210618796407 -0.657401538116745 -0.624423577225309 -0.591282140744003 -0.557991834938725 -0.524571103698159 -0.49104453975814 -0.457433924266227 -0.423743643169726 -0.38997669862175 -0.356147952798894 -0.322275232883623 -0.288375621663759 -0.254463224348566 -0.220551030848739 -0.18665054745927 -0.152769526428468 -0.118902187433614 -0.0850404036360758 -0.0511801947046069 -0.0173186169348049
-0.95273501610876 -0.922055941669744 -0.891376867111241 -0.860697792275788 -0.830018717007169 -0.799339641162235 -0.768660564648874 -0.737981487375997 -0.707302409205589 -0.676623330007867 -0.645944249732935 -0.615265168350861 -0.584586085855768 -0.553907002337981 -0.523227917908199 -0.49254883266242 -0.461869746701018 -0.431190660156581 -0.400511573158407 -0.36983248579042 -0.339153398125204 -0.308474310219412 -0.277795222065983 -0.247116133656215 -0.21643704503855 -0.185757956282129 -0.155078867481718 -0.124399778722615 -0.0937206900266216 -0.0630416013996612
-0.938841671179939 -0.907901038915398 -0.876960406748626 -0.846019774835802 -0.815079143324443 -0.784138512331461 -0.75319788186002 -0.722257251910249 -0.6913166225839 -0.660375994026077 -0.629435366453663 -0.598494740101485 -0.567554115156371 -0.536613491613156 -0.505672869397595 -0.474732248351117 -0.443791628282065 -0.412851008950788 -0.381910390119826 -0.350969771608489 -0.320029153250282 -0.289088534883799 -0.258147916367999 -0.227207297612957 -0.196266678712861 -0.165326059804524 -0.134385441011156 -0.103444822418191 -0.0725042039735809 -0.0415635855909021
1.0178030666687 0.982356612427031 0.946910158185873 0.911463703949555 0.876017249802497 0.840570795833533 0.805124342069062 0.769677888515202 0.734231435159376 0.698784981971468 0.663338528869901 0.627892075760229 0.59244562254388 0.556999169105764 0.521552715357555 0.486106261334498 0.450659807102073 0.415213352723128 0.379766898274793 0.344320443893952 0.308873989732425 0.273427535914864 0.237981082457234 0.202534629350294 0.167088176592648 0.131641724175241 0.0961952720505366 0.0607488201549404 0.0253023683991004 -0.0101440833127746
-0.978465332386016 -0.949076660090818 -0.919636832937797 -0.89008027024995 -0.860287073279165 -0.83010753601535 -0.799327041471608 -0.76774353337285 -0.735270109268012 -0.701856949032153 -0.667487408020804 -0.632153135459616 -0.595840705760731 -0.558516394082261 -0.520161147001606 -0.480834896027362 -0.440644100139635 -0.399802343273387 -0.358524014592788 -0.316919599224002 -0.275073606283689 -0.233038239458694 -0.190736480716604 -0.148060916253387 -0.104911770897794 -0.0612402845981043 -0.0171941191479351 0.0270487012288883 0.0713851244330394 0.115730841396317
-0.997989148591237 -0.96202252660877 -0.926087034723823 -0.89021883510716 -0.854460754820464 -0.818853548057576 -0.78342301265007 -0.748195488586263 -0.713214440843726 -0.678519968532656 -0.644121582304482 -0.610021145695941 -0.576229191724146 -0.5427909313277 -0.509752051144604 -0.477125462688979 -0.444917517753393 -0.413141104368116 -0.381796105246692 -0.350823845598067 -0.320151011255041 -0.289698425552794 -0.259363461836038 -0.229043571403505 -0.198659967360474 -0.168158822763236 -0.137562388665582 -0.106909430582701 -0.0762286938778542 -0.0455464188763202
-1.00451811485376 -0.969370145794529 -0.934303855473872 -0.899397316491461 -0.864685230874779 -0.830171087757662 -0.795776895271532 -0.761420599801325 -0.727085381748442 -0.692790593355102 -0.658635040210331 -0.624737391239856 -0.591212887207035 -0.558163056225749 -0.525682046327612 -0.493848197864656 -0.462719445446246 -0.432287908390683 -0.40252779977174 -0.373407522976169 -0.344894028968965 -0.3169481921998 -0.289506581057057 -0.262500511872566 -0.235864598813251 -0.20951635446771 -0.183301587276146 -0.157078328778723 -0.130825207063843 -0.104550999356967
-1.00867136791351 -0.974563436936788 -0.940455505905321 -0.906347574753572 -0.872239643423505 -0.838131711885135 -0.804023780213171 -0.769915848485489 -0.735807916687936 -0.701699984775742 -0.667592052673704 -0.633484120299013 -0.599376187550405 -0.565268254252806 -0.531160320230193 -0.497052385376543 -0.462944449592105 -0.428836512732212 -0.394728574679635 -0.360620635471814 -0.326512695184854 -0.292404753913332 -0.258296811825702 -0.224188869121642 -0.190080926051843 -0.155972982845728 -0.121865039596651 -0.0877570963550496 -0.05364915313577 -0.019541209944759
-0.980449166271732 -0.947420169884806 -0.914391173446102 -0.881362176912024 -0.848333180345989 -0.815304183840086 -0.782275187494082 -0.749246191423772 -0.716217195801382 -0.683188200778953 -0.650159206371359 -0.617130212559181 -0.584101219292384 -0.551072226398482 -0.518043233679098 -0.485014240954773 -0.451985248048005 -0.418956254770214 -0.385927260947284 -0.352898266474035 -0.31986927126252 -0.286840275245237 -0.253811278436478 -0.220782280870019 -0.187753282575808 -0.15472428360422 -0.121695284091185 -0.0886662841937228 -0.0556372840676699 -0.0226082838685666
1.05524766783564 0.998097768697911 0.943962408897076 0.903584312073109 0.873597852982206 0.847292263534014 0.818684553135759 0.783095864278169 0.740336094288424 0.691933503796589 0.64180105180783 0.594447871921088 0.5535459199172 0.519418440304591 0.490869434641526 0.463974643958043 0.43608742284005 0.41239984062518 0.39720632724307 0.383372040239673 0.360904819065021 0.32102015868715 0.259764176146125 0.179059215249587 0.099501904803463 0.0431348016710208 0.0191098899466233 0.0296650134474427 0.062272027650794 0.100711290949028
-1.00978431352983 -0.9743513362685 -0.938918359026218 -0.903485381758743 -0.868052404291583 -0.832619426426092 -0.797186447997277 -0.76175346886246 -0.726320488934578 -0.690887508150071 -0.65545452648379 -0.620021543920186 -0.584588560420254 -0.549155575851155 -0.513722590066259 -0.478289602957605 -0.442856614456776 -0.40742362461485 -0.371990633527929 -0.336557641352718 -0.30112464826107 -0.265691654426415 -0.230258660028498 -0.194825665228705 -0.159392670108686 -0.123959674722244 -0.0885266790915509 -0.0530936832404381 -0.0176606872310227 0.0177723088650075
-0.981028323101009 -0.948650046879103 -0.916271770696398 -0.883893494551556 -0.851515218366311 -0.819136942073423 -0.786758665726666 -0.754380389385968 -0.722002113014841 -0.689623836553757 -0.657245559947421 -0.624867283141598 -0.592489006091121 -0.56011072878711 -0.527732451253857 -0.495354173612064 -0.462975895979578 -0.430597618366426 -0.39821934076478 -0.365841063203231 -0.333462785719474 -0.301084508310744 -0.268706230812451 -0.236327953048366 -0.203949674957555 -0.171571396520764 -0.13919311777017 -0.106814838759594 -0.0744365595779789 -0.0420582803230533
-1.00033570337446 -0.965077495417603 -0.929819287449715 -0.894561079426678 -0.859302871301078 -0.82404466302287 -0.788786454534802 -0.753528245804388 -0.718270036905436 -0.683011827933475 -0.647753618964631 -0.612495410070181 -0.577237201308859 -0.541978992689246 -0.506720784234253 -0.471462576074271 -0.436204368347624 -0.40094616111688 -0.365687954415134 -0.330429748233356 -0.295171542551983 -0.259913337358764 -0.224655132670698 -0.189396928496782 -0.154138724784754 -0.118880521467309 -0.0836223184782193 -0.0483641157499727 -0.0131059132088332 0.022152289220491
1.09580986564057 1.01920998074072 0.943038882756904 0.869263345144753 0.803243232830596 0.750122218855134 0.710786117245852 0.68416789623473 0.665646999884947 0.650190742011495 0.634671439605415 0.616437660451761 0.593308318258798 0.564983710427629 0.531496245970629 0.492325396652417 0.447597423097633 0.400578678618752 0.354667659939361 0.31065134473965 0.268663830938962 0.228770360298165 0.190760749944226 0.154594515020823 0.121185387372393 0.0909367995266345 0.0612567700435291 0.0294700398107094 -0.00443634700587953 -0.0398097704207143
-0.933291902699109 -0.912169802586771 -0.893720575470221 -0.881072403436358 -0.864402519192522 -0.833319707776698 -0.788109912929003 -0.733345764655577 -0.680069479324514 -0.639191815732396 -0.614628116027805 -0.608544868197324 -0.618943013081304 -0.627161302935181 -0.614685756760145 -0.580253649125313 -0.528566304582353 -0.470929992045209 -0.418050689790872 -0.371628269186248 -0.331111074870721 -0.29557541002886 -0.262609412025979 -0.229587059191445 -0.194513859530112 -0.156831589569642 -0.121095570253446 -0.0917420872915386 -0.0676177410445791 -0.0461717105358898
-0.92137219923157 -0.89067239038558 -0.859974259922554 -0.829271707547397 -0.798537199076601 -0.767740350572163 -0.736860812966512 -0.70588563472331 -0.674821419560721 -0.643672356315226 -0.612413419042064 -0.581012278101162 -0.549434438042259 -0.517636740174328 -0.48557964990323 -0.453246792263129 -0.420626703282133 -0.387704403335809 -0.354462735445013 -0.32087934886429 -0.286930594406604 -0.252607750850936 -0.217961808840326 -0.183054107000907 -0.14792766402711 -0.112624248854546 -0.0771989513152449 -0.0417046511863399 -0.00617206712895335 0.0293736224747943
-0.978904073578004 -0.944728655962928 -0.910548072494198 -0.876356990874961 -0.842154744644864 -0.807942338662289 -0.773722797224041 -0.739502442780353 -0.705298770956721 -0.671132853796346 -0.63702889583797 -0.603011884744219 -0.569102980735031 -0.535308034259593 -0.501628910127752 -0.468066840362757 -0.434622502271085 -0.401294987078718 -0.368083029722955 -0.334985526066854 -0.302001412204913 -0.269129686371036 -0.236369595356755 -0.203718978771565 -0.171169798939202 -0.138708519080265 -0.106305483288576 -0.0739312799342397 -0.0415735936192814 -0.00922438300370437
-0.972798639237724 -0.938933408006042 -0.905068176761476 -0.871202945512969 -0.837337714317055 -0.803472483273526 -0.769607252607612 -0.735742022534688 -0.70187679310528 -0.668011564339021 -0.634146336296809 -0.600281109049859 -0.566415882681924 -0.532550657326908 -0.498685433110958 -0.464820210079035 -0.430954988267188 -0.397089767756978 -0.363224548624698 -0.32935933088004 -0.295494114516042 -0.261628899477735 -0.227763685518106 -0.193898472341269 -0.16003325964788 -0.126168047161838 -0.0923028347034817 -0.058437622151513 -0.0245724095216664 0.00929280313606652
-1.05483507635609 -1.01756345128893 -0.980291826077807 -0.943020200605065 -0.905748574701025 -0.868476948192127 -0.831205320941273 -0.793933692850821 -0.756662063944491 -0.719390434291518 -0.682118804021851 -0.644847173280613 -0.607575542186369 -0.570303910751447 -0.53303227897563 -0.495760646914753 -0.458489014623899 -0.421217382099068 -0.383945749344077 -0.346674116453087 -0.309402483542846 -0.272130850735571 -0.234859218175357 -0.197587585978594 -0.16031595412897 -0.123044322587082 -0.0857726913538805 -0.0485010604220268 -0.011229429710697 0.0260422008793056
-1.00000944036526 -0.966244370107757 -0.932479299733849 -0.89871422917282 -0.864949158424709 -0.831184087519203 -0.797419016533823 -0.763653945577536 -0.729888874837238 -0.696123804511329 -0.662358734766286 -0.628593665760605 -0.594828597640148 -0.561063530500226 -0.527298464392893 -0.493533399247717 -0.459768334968467 -0.426003271478218 -0.39223820871338 -0.358473146644386 -0.324708085250179 -0.290943024480908 -0.257177964171555 -0.223412904152528 -0.189647844351108 -0.155882784717053 -0.122117725193177 -0.088352665727695 -0.0545876062973954 -0.0208225468862074
-1.05176930202009 -1.01388961809256 -0.976009934231821 -0.938130250546466 -0.900250567113774 -0.86237088399183 -0.824491201193225 -0.786611518729976 -0.748731836657301 -0.71085215502737 -0.672972473836945 -0.635092793068943 -0.597213112707777 -0.559333432743865 -0.521453753155233 -0.483574073864337 -0.44569439477375 -0.407814715762073 -0.369935036725288 -0.332055357652889 -0.294175678557748 -0.256295999449009 -0.218416320320923 -0.180536641172177 -0.142656962034122 -0.104777282933417 -0.0668976038452928 -0.0290179247379765 0.00886175439689299 0.0467414335618238
1.0431978358891 0.995663186999996 0.947579761401271 0.898879378262497 0.850762451732248 0.804780819896392 0.762623421610962 0.725670674454926 0.693931810128833 0.666853829825992 0.643005998589195 0.6207381474236 0.598653380013844 0.576367890762474 0.553660405285779 0.529946683337089 0.504578633245282 0.477015723504348 0.446710064150022 0.412976771219892 0.375096712252006 0.332635116214447 0.286294657795438 0.23700866086819 0.185495600325735 0.132372631678042 0.078066481883003 0.0229311531620991 -0.0327798226567422 -0.0888380313439825
-0.954394305834339 -0.925776022851291 -0.897159200802643 -0.868541743647375 -0.839931929854815 -0.811326750628942 -0.782667673602003 -0.753875037040676 -0.724840185321118 -0.695450509880676 -0.665606584291994 -0.635212277661541 -0.60418835442574 -0.572523160340834 -0.540225172314277 -0.50731581053856 -0.473801251165209 -0.439613750896882 -0.404699469286411 -0.369134096736187 -0.333025706360994 -0.296492911066686 -0.259696482923396 -0.22278530112344 -0.185818514183584 -0.148828747629335 -0.111832265696711 -0.0748402769746367 -0.0378601287531515 -0.000898202997571846
-1.05390051536225 -1.01722273135335 -0.980544947443091 -0.943867163707119 -0.907189380275633 -0.870511597290881 -0.83383381488873 -0.797156033186343 -0.760478252232461 -0.723800472057809 -0.687122692689473 -0.650444914153626 -0.613767136443705 -0.577089359422181 -0.54041158289969 -0.503733806610496 -0.467056030282729 -0.430378253696371 -0.393700476665422 -0.357022699088099 -0.32034492088367 -0.283667141992821 -0.246989362441901 -0.210311582273608 -0.173633801510374 -0.136956020199975 -0.100278238511836 -0.0636004566215268 -0.026922674607542 0.00975510747589372
-1.04349944673551 -1.00309247578553 -0.962731709890885 -0.922450356603162 -0.882300109750044 -0.842332796787655 -0.802582293409807 -0.763102308244057 -0.724043833415258 -0.685553005121082 -0.647659252353173 -0.610362827301671 -0.57367234543805 -0.537629875359123 -0.502290280019297 -0.467726146678006 -0.433996206242253 -0.401086039904254 -0.368948655062792 -0.337479913657664 -0.306561391263927 -0.276085567934138 -0.245988541630871 -0.216215580425909 -0.18670501491785 -0.157385903621542 -0.128157154189996 -0.09892749609754 -0.0696750969655901 -0.0403954839523355
-1.03836663119451 -1.00192899983281 -0.965491368455366 -0.92905373700305 -0.892616105332276 -0.856178473274986 -0.819740840649688 -0.783303207269462 -0.746865572939106 -0.710427937468372 -0.673990300695111 -0.637552662464201 -0.601115022646587 -0.564677381217491 -0.528239738234789 -0.491802093982689 -0.455364448765963 -0.418926802745285 -0.38248915605019 -0.346051508829752 -0.309613861237931 -0.273176213428115 -0.236738565551407 -0.200300917724464 -0.163863269928442 -0.127425622109365 -0.0909879742082429 -0.0545503261824893 -0.0181126780601422 0.0183249701131035
-0.995677779459498 -0.96021129374764 -0.924744808055043 -0.889278322388166 -0.853811836621899 -0.818345350633411 -0.782878864440562 -0.747412378111286 -0.711945891773115 -0.676479405543315 -0.641012919438485 -0.605546433450054 -0.570079947560758 -0.534613461718545 -0.499146975835539 -0.463680489715329 -0.428214003143355 -0.392747515940971 -0.357281027990996 -0.321814539386185 -0.286348050271775 -0.250881560781389 -0.215415071002196 -0.179948581018238 -0.144482090947524 -0.109015600897065 -0.0735491108959372 -0.0380826209495993 -0.0026161310469942 0.0328503588270649
-1.05780281027915 -1.02142652494073 -0.985050239635659 -0.948673954415796 -0.912297669280094 -0.875921384235285 -0.839545099372158 -0.803168814808337 -0.766792530684735 -0.730416247135923 -0.694039964247817 -0.657663682094164 -0.621287400730976 -0.584911120143301 -0.548534840286905 -0.512158561071378 -0.475782282413349 -0.439406004303761 -0.403029726731999 -0.366653449606899 -0.330277172817159 -0.293900896226614 -0.257524619599633 -0.221148342709945 -0.184772065468171 -0.148395787860113 -0.112019510035404 -0.0756432321549087 -0.0392669542605847 -0.00289067636466522
-0.839903791928104 -0.919751365009259 -0.923406926487753 -0.919407056694848 -0.879671763959401 -0.781859485447802 -0.723198945678983 -0.77965612689721 -0.822575754895523 -0.72470301749593 -0.569006207087512 -0.491009392201122 -0.57078900164454 -0.666630905333254 -0.633554560846989 -0.53530433531471 -0.465442989187381 -0.428081946654713 -0.405062891691512 -0.378599883674214 -0.331000075829663 -0.259343264149312 -0.219799815683059 -0.252990726388373 -0.278248936794581 -0.218551116367344 -0.132736905745823 -0.0845872475307625 -0.0217853209957352 0.137010135417477
-0.959988064373981 -0.929047846021783 -0.898264110093715 -0.867782609699817 -0.837572263680116 -0.807554492644532 -0.777637558552582 -0.747761652362314 -0.7180078396763 -0.688494745809237 -0.659350360279808 -0.630705013657694 -0.602566906869478 -0.574455722269357 -0.545812948149621 -0.516255815127307 -0.485447659334861 -0.453060496641598 -0.418810769137984 -0.382583944062217 -0.344307744939427 -0.303948094373688 -0.261623711284851 -0.217490144475692 -0.171697465964918 -0.124456899322835 -0.0762297511102147 -0.0274812495545111 0.0215577734405539 0.0707150850521917
1.00113364175021 0.965969142321163 0.930805371764874 0.895642642876474 0.860481173932383 0.825320934733083 0.790160995694008 0.755000361693963 0.719838674850259 0.684675605020625 0.649510295785947 0.614341759157905 0.579168763947945 0.543989106166594 0.508800367440121 0.473600244658694 0.438386921139537 0.40316041064421 0.367921140434525 0.332669361328958 0.297405280035153 0.262129089826231 0.22684093023723 0.191541316588462 0.156232321079429 0.1209164447918 0.0855963474567201 0.0502743665775505 0.014951392097051 -0.0203720479321699
-1.00719885450427 -0.972379858097868 -0.937560861654947 -0.902741865102273 -0.86792286831894 -0.833103871182158 -0.798284873609276 -0.763465875566609 -0.728646877176206 -0.693827878602528 -0.659008880023972 -0.624189881622417 -0.589370883581555 -0.554551886092328 -0.519732889329339 -0.484913893394574 -0.4500948983567 -0.415275904223742 -0.380456910969442 -0.345637918491069 -0.310818926666775 -0.275999935361106 -0.241180944384184 -0.206361953553483 -0.171542962770301 -0.136723971972048 -0.101904981156742 -0.0670859903332822 -0.0322669994934669 0.00255199137518145
-1.00044318769137 -0.965029062774749 -0.929614937854672 -0.894200812961616 -0.85878668811262 -0.823372563343337 -0.78795843877731 -0.752544314574396 -0.717130190951839 -0.68171606809278 -0.646301945986566 -0.610887824574098 -0.575473703785436 -0.540059583507281 -0.504645463616162 -0.469231343991272 -0.433817224520963 -0.398403105127556 -0.362988985721774 -0.327574866133971 -0.29216074617441 -0.256746625676431 -0.221332504565688 -0.185918382826499 -0.150504260585535 -0.11509013799822 -0.0796760151926262 -0.0442618922755734 -0.00884776929621305 0.0265663537107202
-0.992614600612426 -0.959485507631656 -0.92635641476956 -0.893227322152145 -0.860098229954129 -0.826969138328079 -0.793840047289258 -0.760710956818217 -0.727581866893955 -0.694452777497319 -0.661323688618083 -0.628194600248252 -0.595065512359303 -0.561936424840604 -0.528807337583502 -0.495678250569383 -0.46254916380714 -0.429420077325654 -0.396290991141135 -0.363161905199135 -0.330032819427535 -0.296903733755703 -0.263774648118933 -0.230645562481153 -0.197516476914889 -0.164387391504927 -0.131258306276495 -0.0981292212275844 -0.0650001363067867 -0.0318710514503465
-0.92567364717408 -0.895713961872764 -0.865754276615438 -0.835794591474965 -0.805834906510777 -0.775875221786349 -0.745915537394775 -0.71595585342653 -0.685996169932 -0.656036486960479 -0.626076804596976 -0.59611712293543 -0.566157442081088 -0.536197762184434 -0.506238083387155 -0.476278405750517 -0.446318729280045 -0.416359053838728 -0.386399379247354 -0.356439705300471 -0.326480031786062 -0.296520358505909 -0.266560685316998 -0.236601012126903 -0.206641338990364 -0.176681665973367 -0.146721993039737 -0.116762320135811 -0.0868026472401451 -0.0568429743393488
-0.951248587078515 -0.939140593048467 -0.928489177031677 -0.91927922636349 -0.907598973970221 -0.889291125698612 -0.86311293348614 -0.828852002272463 -0.787502802915241 -0.740565628354454 -0.690357193941367 -0.639398320630066 -0.590019620182141 -0.543790867589212 -0.501795781697203 -0.463934693539232 -0.430055535580251 -0.400980033825331 -0.376812766702958 -0.353815928795171 -0.327291118722392 -0.293901982763358 -0.255760357830057 -0.216487228350462 -0.180291978183241 -0.150389457906764 -0.125427985547534 -0.103294483005315 -0.0833968202247758 -0.0655231041618116
-1.03811361528838 -1.01913443170984 -1.00390240813016 -0.98488101395537 -0.952326377975443 -0.900513291736956 -0.841998538428937 -0.791047642151377 -0.750479099005682 -0.718279632518623 -0.684555903917024 -0.637444558852725 -0.571373638802997 -0.505936768546846 -0.459318192003399 -0.418899046350538 -0.372599014055792 -0.34129506548652 -0.344321207615893 -0.361882305940502 -0.364400940587792 -0.32891972520609 -0.258961407527248 -0.170878740730969 -0.105864365704846 -0.0952487094943478 -0.106073456068562 -0.0979690967063881 -0.0652100950023619 -0.0107319076299276
-1.07138553960498 -1.03043143798477 -0.989501894476142 -0.948627224950344 -0.907831919545777 -0.867149136451192 -0.826652531789545 -0.786412379258032 -0.746444924916596 -0.706760888799178 -0.667402914472957 -0.62842162638842 -0.589870965159321 -0.551818136052482 -0.514318945866166 -0.477370342871342 -0.44095285654312 -0.405040199700458 -0.369596953966492 -0.33455799283722 -0.299850762776855 -0.265415980508769 -0.231247443792967 -0.197340363640697 -0.163642523031539 -0.130097525641224 -0.0966796859617655 -0.0633671979386323 -0.030123062514845 0.00309351761718825
-0.981886533291626 -0.950429291975625 -0.918972050772254 -0.887514809846245 -0.856057569412057 -0.824600329700072 -0.793143090954637 -0.761685853404002 -0.730228617198083 -0.698771382427172 -0.667314149021396 -0.635856916870839 -0.60439968586119 -0.57294245586054 -0.541485226734201 -0.510027998353964 -0.478570770597476 -0.447113543359319 -0.41565631656435 -0.384199090241583 -0.35274186444607 -0.321284639205323 -0.289827414436683 -0.258370190025442 -0.226912965838863 -0.195455741775306 -0.163998517875549 -0.132541294189748 -0.101084070663156 -0.0696268472148005
1.08020127127254 1.03061184757752 0.981102993131105 0.932131952813834 0.884391210551644 0.838476559821902 0.794361793262266 0.752026077979596 0.71209207979728 0.675138713335377 0.640926389684107 0.60901089405123 0.578757882016221 0.548772490645418 0.517678712402503 0.48493647985367 0.450332744602957 0.41412659430325 0.376797953467007 0.339237957996099 0.30244054663975 0.267314154957124 0.234425205747137 0.204093779415208 0.175996599553008 0.149733214303351 0.12523782682738 0.102432574238609 0.0808566744417006 0.0599536155391057
-0.979543659773863 -0.945612375293918 -0.911681090824054 -0.877749806324015 -0.84381852168996 -0.809887236831538 -0.775955951775936 -0.742024666607418 -0.708093381521044 -0.674162096712634 -0.640230812270271 -0.606299528255107 -0.572368244672467 -0.538436961304393 -0.504505677925467 -0.470574394503728 -0.436643111039042 -0.402711827465114 -0.368780543699495 -0.334849259661272 -0.300917975269917 -0.266986690454525 -0.233055405182675 -0.199124119443417 -0.165192833273187 -0.131261546732607 -0.0973302599316701 -0.0633989729819991 -0.0294676859523807 0.00446360109910796
-1.00598420279164 -0.971704101965253 -0.937424001208979 -0.903143900610258 -0.868863800231357 -0.834583700109483 -0.800303600206782 -0.766023500456651 -0.731743400752566 -0.697463300939536 -0.663183200708636 -0.628903099712461 -0.594622997619176 -0.560342894159238 -0.526062789120804 -0.491782682460545 -0.457502574205115 -0.42322246449257 -0.388942353490138 -0.354662241370303 -0.320382128306866 -0.2861020144891 -0.251821900168169 -0.217541785568255 -0.183261670743707 -0.148981555699557 -0.114701440413393 -0.0804213248756443 -0.0461412091555477 -0.0118610933420409
-0.947912234343251 -0.911939884258535 -0.87577595013301 -0.839511641615645 -0.803639759833456 -0.768658167427662 -0.734683381618254 -0.701820798072692 -0.670512671669546 -0.641139172180706 -0.61349526974025 -0.587229634572802 -0.561981508892816 -0.537352422874064 -0.512918338952419 -0.488190660652845 -0.462607907867075 -0.435381624864842 -0.405805714236513 -0.373730487476996 -0.339145358307337 -0.302153578166138 -0.263313749362226 -0.223307500066194 -0.182853211025456 -0.142634635503501 -0.10316026425128 -0.0647685316562754 -0.0272929091646446 0.00955937251278812
1.03949104858251 1.00349808289334 0.967505117259615 0.931512151698198 0.895519186112141 0.859526220403453 0.823533254583784 0.787540288678471 0.751547322657968 0.715554356480735 0.679561390112147 0.643568423519307 0.607575456674374 0.571582489569724 0.535589522193967 0.499596554500424 0.463603586466048 0.427610618197634 0.391617649818013 0.355624681384336 0.319631712937331 0.283638744504814 0.247645776062928 0.211652807593398 0.175659839151927 0.139666870798842 0.103673902538978 0.0676809343607137 0.0316879662420959 -0.00430500184141087
-0.986586641301529 -0.952755132363016 -0.918923623422539 -0.885092114513636 -0.851260605685534 -0.817429096983931 -0.783597588424722 -0.749766080004008 -0.715934571668492 -0.682103063369589 -0.648271555126931 -0.614440046977205 -0.580608538956945 -0.546777031102062 -0.512945523442825 -0.479114015987537 -0.445282508745952 -0.41145100175559 -0.377619495062554 -0.343787988719501 -0.30995648278073 -0.276124977298823 -0.242293472319509 -0.208461967876173 -0.174630463959703 -0.140798960535882 -0.106967457512582 -0.0731359547835266 -0.0393044522437642 -0.00547294978867337
-1.01185852348145 -0.97690091432715 -0.94193524315181 -0.906953100664391 -0.871953245391677 -0.83693678730982 -0.801907074374606 -0.766868890311312 -0.731830523943529 -0.69680295980065 -0.661804460136948 -0.626855106637919 -0.591974647498189 -0.557181496948912 -0.522494069617927 -0.487932115683267 -0.453513620359286 -0.419248173455403 -0.385140497680452 -0.351184242745843 -0.317370290113633 -0.283687842694252 -0.250119389191623 -0.216644046611398 -0.183234159372629 -0.149863494704122 -0.116518283660273 -0.0831889889667864 -0.0498705362089985 -0.0165589666871547
-1.02987932215461 -0.992965738656879 -0.956033614640456 -0.91907756104299 -0.882117720226253 -0.845176756160897 -0.808261887828945 -0.771383162778154 -0.734577387807844 -0.697881438250102 -0.661305704316545 -0.624853954938671 -0.588533709989696 -0.55236749310971 -0.51638779363957 -0.480651959956317 -0.445222490676854 -0.410157626341346 -0.375501522728339 -0.341246254646652 -0.307370876662668 -0.273848620830426 -0.240629429154584 -0.207660689260024 -0.174902861301904 -0.14231759914366 -0.109858258951547 -0.0774790550648558 -0.0451459322121847 -0.0128277677194604
-0.942778949301152 -0.911766120940524 -0.880753292604796 -0.849740464267993 -0.818727635844018 -0.787714807236921 -0.756701978371469 -0.725689149174131 -0.694676319557479 -0.663663489443245 -0.63265065880369 -0.601637827623708 -0.570624995857273 -0.539612163334683 -0.508599329878891 -0.47758649540716 -0.446573659851156 -0.415560823105841 -0.384547985089274 -0.353535145848583 -0.322522305463165 -0.291509464037513 -0.260496621776501 -0.229483778906626 -0.198470935640488 -0.167458092162067 -0.13644524855475 -0.105432404871718 -0.0744195611459179 -0.0434067174052433
1.01946195126193 0.98522721842274 0.950992485675534 0.916757753119702 0.882523020904413 0.848288289164581 0.814053557928306 0.779818827200922 0.745584097003513 0.711349367356928 0.677114638265348 0.642879909728786 0.608645181753619 0.574410454371693 0.540175727612739 0.505941001472573 0.471706275949653 0.43747155108691 0.403236826929524 0.369002103487189 0.334767380760727 0.300532658720078 0.266297937211654 0.232063216051441 0.197828495057247 0.163593774067091 0.129359052998011 0.095124331803301 0.0608896105022739 0.0266548891307449
-0.991161259993937 -0.957107096011298 -0.923052932037492 -0.888998768060569 -0.854944604007917 -0.820890439821639 -0.786836275563365 -0.752782111332584 -0.718727947260707 -0.684673783474078 -0.650619620046856 -0.616565457040153 -0.582511294526954 -0.548457132627726 -0.514402971472897 -0.480348811185248 -0.446294651862512 -0.412240493509884 -0.378186336105034 -0.344132179608078 -0.310078023974742 -0.276023869144355 -0.241969714990662 -0.207915561372523 -0.173861408154838 -0.139807255216627 -0.105753102487329 -0.0716989499091719 -0.0376447974251258 -0.00359064497834443
-1.03625048698365 -1.00052518978008 -0.964799892648142 -0.929074595650896 -0.893349298843268 -0.857624002290239 -0.821898706105129 -0.786173410389636 -0.750448115150631 -0.71472282034277 -0.678997525806678 -0.643272231354472 -0.607546936776685 -0.571821641777513 -0.536096346065312 -0.500371049451397 -0.464645751787955 -0.428920452987666 -0.393195153011948 -0.357469851956681 -0.321744549951362 -0.286019247113458 -0.250293943512333 -0.214568639201406 -0.178843334218422 -0.143118028631416 -0.107392722645256 -0.0716674164718954 -0.035942110214814 -0.000216803950370435
-0.993657451704806 -0.960418276513698 -0.927179101329694 -0.893939926136905 -0.860700750845841 -0.82746157537447 -0.794222399744199 -0.760983224001493 -0.727744048189623 -0.694504872335 -0.661265696399787 -0.628026520330091 -0.5947873441118 -0.56154816788995 -0.528308991841118 -0.495069816108898 -0.461830640821642 -0.4285914660797 -0.395352291947806 -0.362113118376227 -0.328873945286613 -0.295634772608017 -0.262395600299116 -0.229156428335735 -0.195917256732702 -0.162678085505881 -0.129438914636302 -0.0961997440818952 -0.0629605737430301 -0.0297214035056838
-1.02735635610286 -0.992336851194887 -0.957317346269942 -0.922297841305744 -0.887278336203932 -0.852258830883331 -0.81723932540757 -0.78221981988254 -0.747200314438356 -0.712180809204016 -0.677161304279822 -0.6421417997589 -0.60712229572703 -0.572102792240589 -0.53708328934045 -0.50206378703485 -0.467044285323492 -0.432024784204567 -0.397005283646083 -0.36198578349685 -0.326966283575872 -0.291946783716404 -0.256927283808683 -0.22190778378021 -0.186888283650535 -0.151868783471841 -0.116849283334764 -0.0818297833177322 -0.0468102834118878 -0.01179078358655
-0.955093527216282 -0.922278981232353 -0.889464435198137 -0.856649889002104 -0.82383534248282 -0.791020795460643 -0.758206247733 -0.725391699102577 -0.69257714941601 -0.659762598597189 -0.626948046835072 -0.594133494384885 -0.561318941468068 -0.528504388170938 -0.495689834552992 -0.462875280701568 -0.430060726739325 -0.39724617290234 -0.364431619413203 -0.331617066327141 -0.298802513657539 -0.265987961411245 -0.233173409568949 -0.20035885812696 -0.16754430717022 -0.134729756770444 -0.101915206857814 -0.0691006573196131 -0.0362861080130915 -0.00347155878798783
0.932456511948813 0.904697259810916 0.876886768919033 0.848917004377626 0.820609652528801 0.791798557150527 0.76243647052655 0.732497477630496 0.701922085689724 0.670654512476925 0.638687395692393 0.606025478018325 0.572685882569575 0.538735254191632 0.504246360340831 0.469266937186245 0.433834891971918 0.397973847529055 0.361712284055196 0.325112395626086 0.288244804787019 0.25118014542464 0.213989096790991 0.176749221112383 0.139565567146796 0.102534958791035 0.0656938339655333 0.0290480737900779 -0.00745828184174267 -0.0438966533428908
-0.975158873410718 -0.944077247196899 -0.913004244882602 -0.881944553757572 -0.850890619549379 -0.819825368425314 -0.788705889873742 -0.757490662139753 -0.726169555174251 -0.694737853071772 -0.663181104795559 -0.631482425526028 -0.599628656714084 -0.567621544892588 -0.535464240226249 -0.503150602325234 -0.470668535283808 -0.437991411687152 -0.405089481924447 -0.371935039109934 -0.338500887039122 -0.304768451869326 -0.270753649205102 -0.236486616116892 -0.202019886091448 -0.167412481659922 -0.132726985114759 -0.0980168646766856 -0.0632955725182433 -0.0285665567999304
-1.00187614256404 -0.966414075569641 -0.93095200862786 -0.895489941772102 -0.860027875051968 -0.824565808519238 -0.789103742218208 -0.753641676191614 -0.718179610483442 -0.682717545117648 -0.647255480036826 -0.611793415163227 -0.576331350400344 -0.540869285576629 -0.505407220506201 -0.469945155020878 -0.434483088975179 -0.399021022296705 -0.363558954928097 -0.328096886799042 -0.292634817835991 -0.257172748018256 -0.221710677536582 -0.186248606604255 -0.150786535313281 -0.115324463740566 -0.0798623920238925 -0.0444003202917288 -0.0089382485743965 0.0265238231223186
-0.982745285411409 -0.947764514301624 -0.912783743236417 -0.877802972307746 -0.842822201669456 -0.807841431484453 -0.772860661890015 -0.737879893023248 -0.70289912504619 -0.667918358146343 -0.632937592588132 -0.597956828655207 -0.562976066561816 -0.527995306244576 -0.493014547547923 -0.458033790225179 -0.423053034004023 -0.388072278600661 -0.353091523749346 -0.318110769267978 -0.283130014995372 -0.248149260771097 -0.213168506437747 -0.178187751835559 -0.143206996792315 -0.108226241162734 -0.0732454849217437 -0.0382647281093987 -0.00328397090604835 0.0316967864728835
-0.931907690118374 -0.900187643502428 -0.868467596900038 -0.836747550304091 -0.805027503660325 -0.773307456917849 -0.741587410086403 -0.70986736320151 -0.678147316341197 -0.646427269580428 -0.61470722293941 -0.582987176424659 -0.551267130045276 -0.519547083820691 -0.487827037763588 -0.456106991849342 -0.424386946057135 -0.392666900418698 -0.360946854971645 -0.329226809724572 -0.297506764678821 -0.265786719818675 -0.234066675060182 -0.202346630316783 -0.170626585559725 -0.138906540781238 -0.107186495999675 -0.0754664512343462 -0.0437464064822704 -0.0120263617348916
-1.02544125613621 -0.989508164539591 -0.953575073057589 -0.917641981777769 -0.881708890765232 -0.845775800091365 -0.809842709875143 -0.773909620204565 -0.737976530996116 -0.702043442135616 -0.666110353557716 -0.630177265209278 -0.594244177047656 -0.558311089072179 -0.522378001288738 -0.486444913687507 -0.45051182626946 -0.41457873909449 -0.378645652243975 -0.342712565826293 -0.306779479956571 -0.270846394713837 -0.234913310032717 -0.198980225789587 -0.163047141772214 -0.127114057783839 -0.091180973778206 -0.0552478897475224 -0.0193148056873565 0.0166182784058839
-1.05654855980276 -1.04964654346184 -0.969436769897377 -0.880783519494667 -0.826605590141246 -0.827621362079181 -0.837693027466457 -0.806513597861346 -0.733955550507359 -0.637980646432924 -0.558728316120874 -0.541882407417646 -0.602348616458981 -0.631920032537837 -0.539890924735746 -0.428672888131315 -0.406387043197946 -0.410875285991147 -0.364599112597973 -0.298777643649561 -0.271819405913068 -0.313558985895252 -0.339535209061279 -0.270815204849733 -0.16487507963448 -0.0966585239085252 -0.0745705877061457 -0.0831519250691603 -0.0780242465282719 -0.00757952673640449
-0.969585954430239 -0.936877105648186 -0.904168256803695 -0.871459407856059 -0.838750558801364 -0.806041709662317 -0.773332860531325 -0.740624011499152 -0.707915162580308 -0.675206313735343 -0.642497464785237 -0.609788615516072 -0.577079765722452 -0.54437091523305 -0.511662063895304 -0.478953211597636 -0.446244358264262 -0.413535503921557 -0.380826648618173 -0.348117792389701 -0.315408935268469 -0.282700077295783 -0.249991218548868 -0.217282359104067 -0.184573498998266 -0.151864638287765 -0.119155777145975 -0.0864469157591026 -0.0537380542474108 -0.0210291927146787
-0.961833660362109 -0.929418333386613 -0.897003006527785 -0.864587679911131 -0.832172353595775 -0.799757027614698 -0.767341701962698 -0.734926376640568 -0.702511051711261 -0.670095727258653 -0.637680403388125 -0.605265080210438 -0.57284975784495 -0.540434436445408 -0.508019116149214 -0.475603796993977 -0.443188478962518 -0.410773161918274 -0.378357845695979 -0.345942530134929 -0.313527215075562 -0.28111190035967 -0.24869658583448 -0.216281271360672 -0.183865956847328 -0.151450642233113 -0.119035327526625 -0.086620012747646 -0.0542046978907537 -0.0217893829442245
-0.983718364536232 -0.950241523060712 -0.916764681560735 -0.883287840047275 -0.849810998601271 -0.816334157314807 -0.782857316254618 -0.749380475470592 -0.7159036349706 -0.682426794738957 -0.648949954707765 -0.615473114796077 -0.581996274917495 -0.548519434963829 -0.515042594828674 -0.481565754434577 -0.448088913692461 -0.414612072437809 -0.381135230508648 -0.347658387828626 -0.314181544342799 -0.28070470001259 -0.247227854864887 -0.213751008946995 -0.180274162322405 -0.146797315079948 -0.113320467393615 -0.0798436194443668 -0.0463667713558762 -0.0128899232374951
-0.944470650868487 -0.91589558625183 -0.887328428705238 -0.858764858053159 -0.830136215934813 -0.801355163248887 -0.772323976117176 -0.742950460256478 -0.713174924540495 -0.682964651261212 -0.652362313226842 -0.621429430874656 -0.590219394020674 -0.558753069995914 -0.527043206620859 -0.495102596158854 -0.462933488303284 -0.430495918024829 -0.397741060311914 -0.364626864946641 -0.331112975409528 -0.29716384258102 -0.262763146941244 -0.227911204130982 -0.192655640833945 -0.157058652864853 -0.121193401519533 -0.0851347255758128 -0.048953208258426 -0.0127183689038301
-0.991877781636826 -0.956553962249964 -0.921230142885773 -0.885906323519187 -0.850582504078937 -0.815258684491025 -0.779934864716748 -0.744611044742056 -0.709287224616211 -0.673963404420619 -0.638639584301962 -0.603315764423241 -0.567991944931952 -0.532668125913568 -0.497344307393632 -0.46202048922 -0.426696671220368 -0.391372853319491 -0.356049035472371 -0.320725217657955 -0.285401399861171 -0.250077582069855 -0.214753764283463 -0.179429946494896 -0.144106128659214 -0.108782310730507 -0.0734584926968387 -0.0381346745614882 -0.0028108563546244 0.032512961886861
1.03114931110264 0.995513736685026 0.959878162377884 0.924242588317172 0.888607014638817 0.852971441458973 0.817335868814742 0.781700296716031 0.74606472514303 0.710429154078946 0.674793583548802 0.639158013588074 0.603522444216443 0.567886875390417 0.532251307044734 0.496615739090203 0.460980171444369 0.425344604075636 0.389709036959454 0.354073470048617 0.318437903290251 0.282802336644466 0.247166770123309 0.211531203766219 0.175895637670272 0.140260071927066 0.104624506548645 0.0689889415043202 0.03335337667202 -0.00228218809317196
0.996608883777392 0.963175616481574 0.929742349219267 0.896309082016742 0.862875814877739 0.829442547781838 0.796009280634518 0.762576013351713 0.729142745965281 0.695709478546315 0.662276211206937 0.628842944069529 0.595409677269519 0.561976410994547 0.52854314542397 0.49510988065181 0.461676616749908 0.428243353786711 0.394810091808662 0.361376830777575 0.327943570634109 0.294510311304446 0.26107705265686 0.227643794540105 0.194210536782764 0.160777279227396 0.127344021792655 0.0939107644232725 0.0604775070922027 0.0270442497794556
-0.951065314117274 -0.912833097550472 -0.874687244348454 -0.84361985799431 -0.82097805016624 -0.804839086083664 -0.785845836935774 -0.755080471702067 -0.712816744553501 -0.662934973856852 -0.614550149570727 -0.578085929551691 -0.561361536576861 -0.561778453105554 -0.570883094152517 -0.567219345271999 -0.532304270095251 -0.472550174022017 -0.400691410310987 -0.329855281888131 -0.27326732909624 -0.239790658616027 -0.220838642479898 -0.205405140999929 -0.190255702255163 -0.172649239854861 -0.144046441762159 -0.0977803090310585 -0.0404713207251449 0.017938174589602
-0.951043914354726 -0.923359070151128 -0.894849358065985 -0.865229306849666 -0.833570592549373 -0.800055587298007 -0.76995230027442 -0.748114979219983 -0.732657189080173 -0.719520749557409 -0.702701182177757 -0.675707433923194 -0.634346645589216 -0.583618733225388 -0.530401130642746 -0.479888567444126 -0.435800597168755 -0.397638773309603 -0.364052153746494 -0.334497813952929 -0.308634833800826 -0.286036935693831 -0.265936412162485 -0.246878469292001 -0.225001397259368 -0.197151725047615 -0.16541585277217 -0.132838313964096 -0.1010563046846 -0.0713551866274259
-1.03002446556563 -0.992729636329714 -0.955487419668959 -0.918339037581625 -0.881299834903856 -0.844384856232422 -0.807633822368695 -0.771090209694177 -0.734787840706286 -0.698755604758845 -0.663012312515385 -0.62757425496687 -0.592456908562266 -0.557672491582567 -0.523234830730694 -0.489167444565241 -0.455478432357374 -0.42210452437287 -0.388973763805207 -0.356050814564067 -0.323309495738184 -0.290730850650344 -0.258324819559546 -0.226106973593668 -0.194086510419901 -0.162267100597358 -0.130636679713543 -0.0991726888502292 -0.0678263260378647 -0.0365422285440683
