-0.951973274035838 -0.919382098516435 -0.886790923065048 -0.854199747730236 -0.821608572411947 -0.789017396960504 -0.756426221176351 -0.723835044858798 -0.691243867852484 -0.658652690027214 -0.626061511308126 -0.593470331634194 -0.56087915097649 -0.528287969434482 -0.495696787151619 -0.46310560431888 -0.430514421127244 -0.397923237720165 -0.36533205421196 -0.332740870647936 -0.300149687056141 -0.267558503442169 -0.234967319721776 -0.202376135815224 -0.169784951750642 -0.13719376758048 -0.104602583346617 -0.0720113990827166 -0.0394202148001682 -0.00682903050479035
-0.956715152425194 -0.909531655949022 -0.864711172270419 -0.826394776886191 -0.797823482009151 -0.780326622781508 -0.768486889347042 -0.755904869827669 -0.738999389256276 -0.715481240836891 -0.685410853547136 -0.64943606530803 -0.60803734916365 -0.561025718650308 -0.508911290975172 -0.455670057536595 -0.405472417933897 -0.359800530379072 -0.319057595342279 -0.28201922371367 -0.247054128988396 -0.212905181515998 -0.179811879063593 -0.148408568422463 -0.119412365062989 -0.0935206389621382 -0.0712690094441189 -0.0530166098406104 -0.0385783801659367 -0.0276332121050833
-0.997178575356587 -0.96349778602708 -0.929816996776087 -0.896136207633551 -0.862455418500733 -0.828774629240182 -0.795093839688274 -0.761413049695802 -0.727732259197418 -0.694051468183578 -0.660370676784091 -0.626689885163608 -0.593009093469698 -0.559328301781602 -0.525647510170482 -0.491966718743505 -0.458285927601848 -0.42460513678671 -0.390924346325586 -0.357243556251125 -0.323562766597265 -0.289881977361012 -0.256201188391647 -0.222520399519656 -0.188839610648082 -0.155158821726539 -0.121478032818381 -0.087797243994795 -0.0541164552445502 -0.0204356665358116
-0.971450929379486 -0.939728492915142 -0.908006056459759 -0.876283619960988 -0.844561183385613 -0.812838746712014 -0.781116309945836 -0.749393873083141 -0.71767143605441 -0.685948998771232 -0.654226561135218 -0.622504123045483 -0.590781684410261 -0.559059245174269 -0.527336805322852 -0.495614364967389 -0.463891924254606 -0.432169483346575 -0.40044704239374 -0.368724601484681 -0.337002160692511 -0.305279720083458 -0.273557279696199 -0.241834839567371 -0.210112399753007 -0.178389960284401 -0.146667521074489 -0.114945082016727 -0.0832226430449896 -0.0515002041032571
-1.01310837160179 -0.978721731171701 -0.944335090682645 -0.909948450083121 -0.875561809348303 -0.841175168454636 -0.806788527356995 -0.772401885988335 -0.738015244215535 -0.70362860189969 -0.669241958944869 -0.634855315265879 -0.600468670793267 -0.566082025520536 -0.531695379440275 -0.497308732478484 -0.462922084538387 -0.428535435498723 -0.394148785266841 -0.359762133889023 -0.32537548144629 -0.290988828030829 -0.256602173779503 -0.222215518839021 -0.187828863350807 -0.1534422074442 -0.119055551205496 -0.0846688947161894 -0.0502822380816264 -0.015895581413113
-1.06812667701657 -1.03122219416606 -0.994347725590213 -0.957523591967585 -0.920743585733581 -0.883994518865758 -0.847261809753474 -0.810525027267898 -0.77374173579563 -0.736865747706389 -0.699857871786931 -0.662680665928276 -0.625303108646557 -0.587719860958372 -0.549931785575931 -0.511938869493424 -0.47373766904419 -0.435311893636175 -0.396645087957989 -0.357732984746279 -0.3185743637497 -0.279167145232595 -0.239505811522049 -0.199593332515644 -0.15947006633021 -0.119186389185484 -0.0787953614935959 -0.0383456850279444 0.00213405718538061 0.0426203118071168
-0.981620437609364 -0.983545574808533 -0.974891112436136 -0.944149601348943 -0.898152593026901 -0.845480481483646 -0.783370030244416 -0.71105979359464 -0.647139119348923 -0.609702736609779 -0.59551610610221 -0.596012371456837 -0.600748775616416 -0.591778958772235 -0.554618814940692 -0.496136856190087 -0.42880263665883 -0.366137260713877 -0.319461846444331 -0.290246016599336 -0.277496520093047 -0.277657587496785 -0.276923376010537 -0.262174111049783 -0.233284364263308 -0.193597362238244 -0.147336605081815 -0.0981118389806128 -0.0461975209186002 0.00896571442091525
-0.989040475965007 -0.957302197721511 -0.925564552573446 -0.893824387069547 -0.862070344202747 -0.830280672547955 -0.798400246563808 -0.766372710358338 -0.73417016075342 -0.70176969226214 -0.669139937448577 -0.636247413389556 -0.603055954407989 -0.569518663811133 -0.535589230402318 -0.501234415984833 -0.466430357180449 -0.431177616884912 -0.395482205058546 -0.359347493646016 -0.322776195088074 -0.285779062342398 -0.248399010434362 -0.210690059205371 -0.172718485693242 -0.134537345688687 -0.0961345527975825 -0.0575001736320337 -0.0186980290138981 0.0201896216825293
-0.990418110402639 -0.954808428756827 -0.919194712129755 -0.883572985378264 -0.847954076662069 -0.812351572607495 -0.776775290404451 -0.741237638976625 -0.705765163619257 -0.670387928394512 -0.635135936060708 -0.600039174050204 -0.565123736547204 -0.5304001447433 -0.495872793411197 -0.461537144640654 -0.42738660820327 -0.393415317280926 -0.359614313971587 -0.325961552627254 -0.292431715663434 -0.258998033113356 -0.225627925481122 -0.192286947126732 -0.158938997362915 -0.125553554097531 -0.0921240646662358 -0.058652378376282 -0.0251499829935057 0.00836922410161051
-0.981177013681625 -0.947781604404232 -0.914386195166085 -0.880990786021588 -0.847595376970625 -0.814199968018895 -0.780804559249901 -0.747409150791272 -0.714013742869358 -0.680618335716741 -0.647222929492209 -0.613827524336107 -0.580432120351962 -0.547036717496052 -0.513641315689488 -0.480245914859966 -0.446850514977111 -0.413455116171679 -0.380059718584 -0.346664322231575 -0.313268927101195 -0.279873533150847 -0.246478140223288 -0.213082748141156 -0.179687356761833 -0.146291965969723 -0.112896575722594 -0.079501185970261 -0.0461057965573575 -0.0127104073022246
-1.00263034928767 -0.969598230482098 -0.936566111648671 -0.903533992741453 -0.870501873640173 -0.837469754207495 -0.804437634312148 -0.771405513845606 -0.738373392784263 -0.7053412711324 -0.672309148920919 -0.639277026187381 -0.606244902993865 -0.573212779500537 -0.540180655870407 -0.507148532179786 -0.474116408497856 -0.441084284951984 -0.408052161656337 -0.375020038614099 -0.341987915800708 -0.308955793177103 -0.27592367064623 -0.242891548121193 -0.209859425613723 -0.176827303151209 -0.14379518072507 -0.110763058318393 -0.0777309359169092 -0.0446988135070133
-0.857289176946551 -1.05015418638293 -0.94510496529407 -0.878537255129519 -0.866749673830498 -0.854631787946051 -0.821534081964806 -0.760996760150136 -0.688857987924802 -0.625591556090254 -0.58791579580329 -0.591610173309551 -0.63463715169377 -0.643691181397079 -0.56190787794597 -0.469455529852001 -0.447858688197813 -0.447034281365332 -0.404363590871514 -0.338692933474166 -0.289234884741305 -0.279684383042668 -0.271665817954855 -0.228693880160267 -0.183915013557626 -0.174414179192205 -0.183398653479138 -0.176587938460859 -0.103628123319132 0.0898530559794456
-0.97951105772803 -0.951732432652734 -0.924249721697814 -0.897053861638507 -0.869733627486649 -0.841814095574451 -0.812967709279034 -0.783016057276931 -0.752229942397432 -0.720900123967978 -0.688947973155847 -0.656202514088283 -0.622486349682715 -0.587596398017325 -0.551249049284384 -0.51286426697175 -0.471948050458386 -0.428646969392088 -0.38348337005736 -0.337842135016718 -0.29332378090218 -0.251387356322676 -0.212926037794785 -0.178372360121418 -0.146882163343158 -0.117484858309614 -0.0899808338688077 -0.0642584532019925 -0.0397869988249279 -0.0159309830869994
-0.96965153673558 -0.936539455529625 -0.903429968432335 -0.870324891342739 -0.837219460503472 -0.804105467058412 -0.770967501412793 -0.737788966476088 -0.704555715913343 -0.671254997354631 -0.637877183534542 -0.604413428463795 -0.570857048936019 -0.53721001287649 -0.503475782475291 -0.469655145850105 -0.435749812703345 -0.401767853148747 -0.367718095281085 -0.333606038707955 -0.29943635091516 -0.26521477094489 -0.230951324064888 -0.196656752941429 -0.162340383609351 -0.128011034759383 -0.0936769123372673 -0.0593449622522152 -0.0250177030123213 0.00930345372460019
-1.01910681696233 -0.983740378758558 -0.948373940559324 -0.913007502389276 -0.877641064223378 -0.842274626029495 -0.806908187796772 -0.771541749546755 -0.736175311409312 -0.700808873511674 -0.665442435862219 -0.63007599843961 -0.594709561215807 -0.559343124135964 -0.523976687151628 -0.488610250266736 -0.453243813496735 -0.417877376850703 -0.382510940333475 -0.347144503939265 -0.31177806765963 -0.276411631514917 -0.24104519564063 -0.205678760186249 -0.170312325241983 -0.134945890854937 -0.0995794569590504 -0.0642130234541822 -0.0288465902170257 0.00651984288151611
-1.00092706109053 -0.965944594215345 -0.930962127308111 -0.895979660387551 -0.860997193568263 -0.826014726963678 -0.791032260586686 -0.756049794414045 -0.721067328378522 -0.686084862437697 -0.651102396692384 -0.616119931279209 -0.581137466329916 -0.546155001956731 -0.511172538232315 -0.476190075090598 -0.441207612416701 -0.406225150039251 -0.371242687790202 -0.336260225571331 -0.301277763301867 -0.266295300937597 -0.231312838580527 -0.196330376334079 -0.1613479141611 -0.126365451996622 -0.0913829898049721 -0.0564005275708601 -0.0214180653312106 0.013564396863997
-0.983075425555945 -0.948034500204368 -0.91299357497302 -0.877952649975655 -0.842911725374249 -0.807870801364568 -0.772829878229317 -0.737788956244947 -0.702748035575949 -0.667707116331669 -0.632666198512835 -0.59762528209302 -0.56258436701913 -0.527543453131398 -0.492502540274627 -0.457461628418558 -0.422420717551007 -0.387379807607151 -0.352338898492548 -0.317297990046959 -0.282257082093687 -0.247216174489249 -0.21217526722299 -0.177134360274552 -0.142093453451927 -0.107052546527847 -0.072011639305654 -0.0369707316554708 -0.00192982368392746 0.0331110844432187
-1.07460687910503 -1.03454321175885 -0.99450720495314 -0.954509219150993 -0.914529680778913 -0.874553447585278 -0.834613036642541 -0.794753830360828 -0.755025013176857 -0.715479905104965 -0.676184566443367 -0.637208242561248 -0.598606679370612 -0.560381624954733 -0.522517862635483 -0.484986314517835 -0.447761500819776 -0.410846195428234 -0.374245138727634 -0.337942683423459 -0.301918085301456 -0.266151724384256 -0.230628477642028 -0.195331130484357 -0.16022960513095 -0.125287452089199 -0.0904555982071171 -0.0556875825849383 -0.0209600169911654 0.0137447186386325
-1.05743108544466 -1.02100275969337 -0.98457728749948 -0.948153306857397 -0.911713869353641 -0.875240174728252 -0.838721601743247 -0.802148317837135 -0.765505466132421 -0.728776481012848 -0.69194298622311 -0.654986152848143 -0.617890034580885 -0.58065021554628 -0.543269559918346 -0.505768521635374 -0.468171671096256 -0.430502454778016 -0.392783321428988 -0.35503385280461 -0.317272913912101 -0.279516371465046 -0.241768099002514 -0.204028644368793 -0.16629724580355 -0.128571972511094 -0.0908475271588904 -0.0531191679637951 -0.0153877418770475 0.0223445069665158
0.982368870842366 0.949177313606555 0.915985756275896 0.882794198790312 0.849602641070867 0.81641108304814 0.783219524709661 0.75002796604199 0.716836406970881 0.683644847386878 0.650453287100498 0.617261725902252 0.584070163610327 0.550878600153602 0.517687035534727 0.484495469940728 0.451303903592035 0.418112336658304 0.384920769278553 0.351729201520009 0.31853763343195 0.285346065052233 0.252154496373021 0.218962927380263 0.185771358080732 0.152579788494692 0.119388218675533 0.0861966486865542 0.0530050785975513 0.0198135084799469
-1.04433219360211 -1.0063507559015 -0.968369318145497 -0.9303878802255 -0.892406441970182 -0.854425003211355 -0.81644356385611 -0.778462123828888 -0.740480683048263 -0.702499241427682 -0.664517798865972 -0.626536355258301 -0.588554910524167 -0.550573464680389 -0.512592017775318 -0.474610569886116 -0.436629121089329 -0.398647671430232 -0.360666220965909 -0.322684769831933 -0.284703318183499 -0.246721866196741 -0.208740414131527 -0.170758962242778 -0.132777510681883 -0.0947960595390167 -0.0568146087630218 -0.0188331582607406 0.0191482920876625 0.0571297424086927
0.958731297778344 0.935241268360621 0.911763192857761 0.88824105506435 0.864402264269447 0.839891729096622 0.814240930013035 0.787051367421855 0.758318049626697 0.728133491825836 0.696586728895736 0.663765925632404 0.62975910981039 0.594653761118391 0.55856845712161 0.521746714977117 0.484486289341647 0.447176945278734 0.410142573242136 0.373351554839693 0.336683394467766 0.300023866751858 0.263283827234035 0.226379383789271 0.18922257270762 0.151726792616003 0.11381496307373 0.0754479106415376 0.0367285689534739 -0.00220460158808394
-0.970710955188181 -0.926399047738987 -0.888280640691455 -0.861202768103931 -0.845362554869774 -0.837907470472733 -0.828436271923115 -0.80662067874918 -0.769972973024437 -0.719232713815539 -0.660208005616459 -0.599974089277999 -0.544876156046978 -0.498339198754289 -0.462333870832099 -0.435933666533597 -0.416903419059485 -0.400670476579499 -0.382326301068424 -0.357956294752196 -0.323894344919545 -0.278372687567146 -0.227216953523459 -0.177147283713426 -0.130868464616134 -0.0911083037729255 -0.0647020474200257 -0.0564607651487201 -0.0589913812756482 -0.0618497837987884
0.99843118436478 0.963777233179946 0.929123282075583 0.894469331083116 0.859815380156774 0.825161429258713 0.790507478459981 0.755853527873994 0.721199577674749 0.686545628033059 0.651891679046412 0.617237730793968 0.58258378332059 0.547929836533964 0.513275890313086 0.478621944559361 0.443967999168561 0.409314053991526 0.374660108881953 0.340006163749914 0.305352218519572 0.270698273129494 0.236044327575864 0.201390381878574 0.166736436094724 0.132082490283644 0.0974285444763583 0.0627745986902719 0.0281206529166114 -0.00653329285994033
-1.02585210994394 -0.989585783088732 -0.953319456258171 -0.917053129422634 -0.880786802566888 -0.844520475663178 -0.808254148619276 -0.771987821318122 -0.735721493607813 -0.699455165336769 -0.663188836389551 -0.626922506659753 -0.590656176076501 -0.554389844711042 -0.518123512647971 -0.481857179883157 -0.445590846394532 -0.409324512177002 -0.373058177242997 -0.336791841658053 -0.300525505500987 -0.264259168853081 -0.227992831805497 -0.191726494447296 -0.15546015684926 -0.119193819084903 -0.0829274812569223 -0.0466611434584285 -0.0103948057149909 0.0258715319647063
1.08718230842168 1.03229219295204 0.977063971247818 0.919311373247236 0.857212719058784 0.790987616085774 0.728656230740503 0.679087884051711 0.646747956504899 0.632643405230081 0.628351434478556 0.623091810281942 0.60807133186757 0.582444931245622 0.547846850376266 0.50788043823676 0.465733571553814 0.420963131034862 0.373339434018087 0.32711754038395 0.287673695648485 0.258548144046987 0.235937124691817 0.21406173479083 0.186586509056804 0.148708000486282 0.102307397705948 0.0506522681648301 -0.00412894102882017 -0.060192562851945
-1.04494688106806 -1.00831154807563 -0.971676215097278 -0.935040882173643 -0.898405549426213 -0.86177021698343 -0.825134884920704 -0.788499553277943 -0.751864222006076 -0.715228891028229 -0.6785935602453 -0.641958229552632 -0.605322898830516 -0.568687567899049 -0.532052236583186 -0.495416904787506 -0.458781572469762 -0.42214623972077 -0.38551090665255 -0.348875573328894 -0.312240239801537 -0.275604906108803 -0.23896957223538 -0.202334238178439 -0.165698904038715 -0.129063569925248 -0.09242823587673 -0.0557929019090536 -0.0191575680172444 0.0174777658088878
-0.98526049587151 -0.949715015081578 -0.914169534324899 -0.878624053593177 -0.843078572874472 -0.807533092169593 -0.771987611534016 -0.736442131042469 -0.70089665079203 -0.665351170894047 -0.629805691494587 -0.5942602127484 -0.55871473481447 -0.523169257868723 -0.48762378203525 -0.452078307213853 -0.416532833239532 -0.380987359912364 -0.345441887055071 -0.309896414615866 -0.274350942574335 -0.23880547090477 -0.203259999560299 -0.167714528508597 -0.132169057796702 -0.0966235874682858 -0.0610781174741921 -0.0255326477346893 0.0100128218594246 0.0455582914247192
-1.00043981144689 -0.965073322272895 -0.929706833268391 -0.89434034462267 -0.858973856514544 -0.823607369125986 -0.788240882662113 -0.752874397306182 -0.717507913130871 -0.682141430170381 -0.646774948415601 -0.611408467846591 -0.576041988410745 -0.540675509924801 -0.505309032179784 -0.469942554994531 -0.434576078172804 -0.399209601430268 -0.363843124496263 -0.328476647242944 -0.293110169578169 -0.257743691454407 -0.222377213002572 -0.187010734390031 -0.151644255751521 -0.116277777180873 -0.0809112986409425 -0.045544820076739 -0.0101783414928711 0.0251881370911527
-0.94541016023399 -0.913940394786864 -0.882466168441033 -0.850979344537935 -0.819474874004492 -0.787950099614111 -0.756408843940644 -0.724850083088293 -0.693246927482226 -0.661566137878799 -0.629774942038163 -0.59784068447142 -0.565735500895517 -0.533450691850795 -0.500982336581027 -0.468326464320324 -0.435481837851305 -0.40245820416027 -0.369270826517546 -0.335946049125894 -0.302512986421179 -0.268998649249688 -0.235421634099381 -0.201796899185671 -0.168133263992098 -0.134439971160517 -0.100734094697914 -0.0670319945677935 -0.0333393431946037 0.000340858881970836
-0.959481061880048 -0.930630366738696 -0.901675772731123 -0.872477108862799 -0.842818506851771 -0.812470035922023 -0.781221212608727 -0.748887773214458 -0.715370885800239 -0.680641472777121 -0.644864042197829 -0.608251498525508 -0.571041628520332 -0.533571748130603 -0.496157376544598 -0.458927316722365 -0.421985691181482 -0.38552461689788 -0.349785699549472 -0.315120505163726 -0.281908089855503 -0.250485362771792 -0.221020645188098 -0.193586629083509 -0.168042077122928 -0.144154197313088 -0.121537908342256 -0.0997766262125195 -0.0784800454997318 -0.0572644304231865
-1.04240256472102 -1.00726091366566 -0.972123579869699 -0.936995200446691 -0.901874453044083 -0.866758591971748 -0.831645137655343 -0.796534256587772 -0.761436433415131 -0.726365081564624 -0.691335011434676 -0.65636138266652 -0.621458433656022 -0.586636717817573 -0.551905231158699 -0.517270425040936 -0.482739946407755 -0.448328769176371 -0.414048408354916 -0.379889216341447 -0.345836254881506 -0.311873896092368 -0.27798375357826 -0.244150069439863 -0.210370358276742 -0.17664398133564 -0.142964413953142 -0.109322635384155 -0.0757055264670435 -0.0420989434360359
0.955709027161995 0.922358646374505 0.889008265546998 0.855657884647295 0.82230750367872 0.788957122664327 0.755606741670593 0.72225636076785 0.68890597999844 0.655555599378883 0.622205218850383 0.58885483833532 0.555504457764058 0.522154077098909 0.48880369633268 0.455453315548218 0.422102934853281 0.388752554365232 0.355402174191511 0.322051794390273 0.288701415007346 0.255351036069816 0.222000657529784 0.188650279312511 0.155299901310884 0.121949523413573 0.0885991455247628 0.0552487675707328 0.0218983895506158 -0.0114519885182411
-1.01262472615443 -0.977653475261099 -0.94268222435629 -0.90771097346569 -0.872739722637221 -0.837768471913302 -0.802797221292089 -0.767825970750043 -0.732854720221086 -0.697883469634216 -0.662912218941295 -0.627940968099897 -0.592969717058531 -0.557998465729438 -0.523027213999956 -0.488055961694072 -0.453084708628803 -0.41811345465663 -0.383142199670565 -0.34817094369026 -0.313199686767032 -0.278228428961228 -0.243257170369332 -0.208285911104023 -0.173314651306629 -0.138343391104439 -0.103372130539934 -0.0684008696507171 -0.0334296085396823 0.00154165267395436
-0.996718993771132 -0.967022313845019 -0.937289375807355 -0.907418445634739 -0.877250609183196 -0.846633490149473 -0.815498043713777 -0.783803488468421 -0.751538765170705 -0.7187055376779 -0.68532664008219 -0.651430199034485 -0.617049827059012 -0.582241080173273 -0.547062655786171 -0.511563873378957 -0.475755499448698 -0.439503466483391 -0.402662795135961 -0.365189692728119 -0.327065663248771 -0.288290252734409 -0.248935175411864 -0.209099552100588 -0.168919961800166 -0.12852570956002 -0.0879795464487792 -0.047324348089959 -0.006590042307416 0.0341966800249084
-1.04491665948906 -1.00817331035292 -0.97142996110484 -0.934686611623892 -0.897943261799243 -0.861199911546448 -0.824456560876529 -0.787713209812075 -0.75096985832648 -0.714226506376927 -0.677483153904964 -0.640739800848226 -0.603996447134967 -0.567253092655921 -0.530509737299482 -0.493766380982222 -0.457023023660201 -0.420279665419262 -0.383536306383287 -0.34679294669853 -0.310049586516837 -0.273306225979599 -0.23656286518638 -0.199819504244371 -0.163076143333107 -0.126332782603041 -0.0895894220159634 -0.0528460614989926 -0.0161027010292201 0.0206406594037693
-1.00121376240997 -0.966707727429223 -0.932201692445676 -0.897695657479293 -0.863189622612641 -0.828683587934066 -0.794177553492443 -0.759671519326539 -0.725165485474198 -0.69065945196676 -0.656153418810491 -0.621647386005391 -0.587141353541692 -0.552635321370558 -0.518129289406035 -0.483623257452749 -0.44911722528643 -0.414611192676629 -0.380105159417849 -0.345599125410595 -0.311093090581871 -0.276587054881447 -0.242081018350157 -0.207574981076666 -0.173068943249903 -0.138562905059194 -0.10405686659519 -0.0695508279255475 -0.0350447891246092 -0.000538750268391947
-0.965486061856609 -0.93990783855514 -0.91425385644933 -0.888458525511069 -0.862358784014266 -0.835734575515063 -0.808235336396518 -0.779516707959551 -0.749389658349613 -0.717742949285449 -0.684621189934459 -0.650107951326204 -0.614344661615634 -0.577704177459255 -0.540546494422359 -0.502948735203834 -0.464923329611487 -0.426506808755193 -0.387762511346375 -0.348836905200557 -0.309897240409292 -0.271055668251137 -0.232203944752666 -0.193219908348055 -0.154146122353859 -0.115040219583706 -0.0758553859571319 -0.0365373241273999 0.00289374942323744 0.0423989897552796
0.972617558523998 0.938163282005549 0.903709005525734 0.869254729103275 0.834800452725713 0.800346176413652 0.765891900351118 0.731437624746664 0.696983349743514 0.662529075449892 0.628074801899349 0.593620529106767 0.559166257068627 0.524711985707803 0.490257714916267 0.455803444535992 0.421349174411322 0.3868949044461 0.352440634569606 0.317986364753366 0.283532094979472 0.249077825212142 0.21462355534412 0.180169285253714 0.145715014832981 0.111260744006425 0.0768064728145765 0.0423522013315975 0.00789792965012524 -0.0265563421325832
-1.01300627032329 -0.97680203651775 -0.940597802711721 -0.904393568865048 -0.86818933491544 -0.8319851008081 -0.795780866540334 -0.759576632127839 -0.723372397607777 -0.687168163010899 -0.650963928320853 -0.614759693509511 -0.57855545853466 -0.54235122329773 -0.506146987689057 -0.46994275161095 -0.433738514985059 -0.397534277798437 -0.361330040059157 -0.32512580179398 -0.288921563034336 -0.252717323840855 -0.21651308439096 -0.180308844874088 -0.144104605410919 -0.107900366073303 -0.0716961268065266 -0.0354918875352569 0.000712351771750885 0.0369165911347198
-1.03666283427412 -1.00113889423627 -0.965614954034512 -0.930091013535422 -0.89456707268376 -0.859043131451216 -0.823519189839022 -0.787995247855295 -0.752471305506143 -0.716947362795445 -0.681423419720188 -0.645899476275633 -0.610375532471222 -0.574851588373108 -0.539327644041935 -0.503803699459586 -0.468279754599794 -0.432755809482427 -0.397231864140723 -0.361707918615264 -0.326183972948467 -0.290660027207494 -0.255136081558497 -0.21961213616915 -0.184088191114255 -0.148564246411494 -0.113040301942966 -0.0775163575733515 -0.0419924132332428 -0.00646846886971167
-0.99036717354057 -0.956287079379522 -0.922206985248382 -0.888126891197728 -0.854046797320299 -0.819966703704642 -0.785886610380368 -0.751806517318726 -0.717726424316437 -0.683646331161263 -0.649566237779664 -0.615486144132771 -0.581406050201541 -0.547325956046229 -0.513245861755926 -0.479165767455765 -0.445085673279883 -0.411005579362381 -0.376925485809975 -0.342845392619878 -0.308765299761928 -0.274685207205664 -0.24060511491944 -0.206525022863971 -0.172444930970612 -0.138364839155768 -0.104284747305391 -0.0702046553254351 -0.0361245632322979 -0.00204447106998825
0.986544340968113 0.953213800896211 0.919883260921808 0.886552721139212 0.853222181622707 0.819891642430431 0.786561103575963 0.753230565048079 0.719900026780908 0.686569488698735 0.653238950741109 0.619908412851397 0.586577874978898 0.553247337096654 0.519916799168719 0.486586261099459 0.453255722805352 0.419925184311008 0.38659464566739 0.35326410692274 0.319933568124616 0.286603029308578 0.253272490462167 0.219941951572475 0.186611412672796 0.153280873804271 0.119950334993218 0.0866197962518883 0.0532892575510935 0.0199587188512843
-1.02656598061052 -0.991693612136529 -0.956821243779841 -0.921948875844372 -0.887076508727349 -0.852204142781674 -0.817331778089623 -0.782459414621232 -0.747587052168214 -0.712714690563415 -0.677842329982541 -0.642969970687013 -0.608097612990267 -0.573225257413793 -0.53835290450776 -0.503480554728997 -0.468608208453209 -0.433735865824942 -0.398863526878497 -0.363991191438364 -0.329118859276574 -0.294246530121533 -0.259374203527122 -0.224501878990158 -0.189629555953707 -0.1547572338341 -0.11988491199446 -0.0850125899113557 -0.0501402675683412 -0.0152679450757184
-0.889075835123973 -0.899478337931948 -0.835533251900297 -0.896384207267784 -0.952500070111539 -0.860430633600608 -0.749724163433335 -0.758063874783696 -0.782674308198893 -0.70539729426526 -0.587002498352409 -0.532991544525775 -0.599526033687112 -0.645407474083464 -0.541355937936802 -0.403125846023532 -0.362501768390031 -0.370354523608137 -0.353709175856287 -0.325121523213863 -0.318530047235484 -0.344732917263054 -0.321967053787613 -0.18955313026545 -0.0637080808647203 -0.057198218781199 -0.0920911126092987 -0.0733164788315589 -0.0279513700843956 -0.013609673042694
-1.0223502573765 -0.985036626936498 -0.947722996450924 -0.91040936577719 -0.873095734665085 -0.835782102876657 -0.798468470330612 -0.761154837010383 -0.723841203001647 -0.686527568432351 -0.649213933497271 -0.611900298407888 -0.574586663356893 -0.537273028461822 -0.499959393819105 -0.4626457595159 -0.42533212563657 -0.388018492263544 -0.350704859467227 -0.313391227271853 -0.276077595690113 -0.238763964724398 -0.201450334335891 -0.164136704467091 -0.126823075026967 -0.0895094459027641 -0.0521958169283708 -0.0148821879571128 0.0224314410265723 0.0597450700054691
-0.991359681734539 -0.958157980052922 -0.924956278316807 -0.891754576485045 -0.858552874592917 -0.825351172683188 -0.792149470752125 -0.758947768775607 -0.725746066694464 -0.692544364452377 -0.659342662039466 -0.626140959457462 -0.592939256712121 -0.559737553825305 -0.526535850804744 -0.493334147585518 -0.46013244407188 -0.426930740117405 -0.393729035579518 -0.360527330381707 -0.327325624463982 -0.294123917790155 -0.260922210419255 -0.227720502447256 -0.194518794022696 -0.161317085281702 -0.128115376258201 -0.0949136669759044 -0.0617119575198707 -0.0285102479904947
-1.04165374757568 -1.03680968157128 -0.884630104163916 -0.893977868358086 -0.924788737669583 -0.803663705728897 -0.672791776113972 -0.689542859329184 -0.756422483637185 -0.747816713780716 -0.68049814266461 -0.606835995234224 -0.56942221197178 -0.57173959550695 -0.59219004577889 -0.547960989817236 -0.386667152549524 -0.238846923404413 -0.23219497593469 -0.30010745568853 -0.327405876212954 -0.244833468055199 -0.166820329763361 -0.199367100187402 -0.231069711383879 -0.152510848321922 -0.0796249144143412 -0.121227699397619 -0.132308819859249 0.095598650900526
-0.998028082774604 -0.964981160288409 -0.931917288340984 -0.898821392370614 -0.865685590348987 -0.832498431503396 -0.799226997550161 -0.765834800832325 -0.7322925437108 -0.698577577285733 -0.664686657596346 -0.630621391916625 -0.596381253573879 -0.561957180108691 -0.527338843011386 -0.492519385357979 -0.457487991903363 -0.422214542532255 -0.386673687212412 -0.350878461113921 -0.314851495707454 -0.27862130631664 -0.242239943676941 -0.205761548777359 -0.169225088209219 -0.132658791937104 -0.0960631178163251 -0.0594343510574605 -0.0227798584014371 0.0138902230282313
-1.00960553147383 -0.973851343244029 -0.938097155089624 -0.902342967089359 -0.866588779232886 -0.83083459147711 -0.795080403737043 -0.759326215944386 -0.723572028139474 -0.68781784040235 -0.65206365286324 -0.616309465664914 -0.580555278977274 -0.544801093078731 -0.509046908265961 -0.473292724800179 -0.43753854288947 -0.40178436256486 -0.366030183779803 -0.330276006354525 -0.294521830075944 -0.258767654725007 -0.223013480058775 -0.187259305841888 -0.151505131893179 -0.115750958053329 -0.0799967841962114 -0.044242610229832 -0.00848843616553339 0.0272657379595075
1.14267557713485 1.00976074152811 0.901495154735748 0.848242240040476 0.842979535326445 0.866043604844805 0.88459300371326 0.871164042221903 0.832982060483834 0.78464318546626 0.735537661729815 0.693754263233493 0.662405967613831 0.624702567217549 0.56690774083234 0.507403898299601 0.464766587573887 0.426225178008647 0.376415993671484 0.320949356087694 0.270679086146995 0.2356188065997 0.222421347638498 0.230578496951126 0.234298664763164 0.209212777232145 0.16192520170558 0.10470187920875 0.0414816042880222 -0.0258786151299628
-1.01030739349086 -0.965280953203423 -0.920066862438479 -0.872029759956606 -0.825380275835728 -0.785856909984985 -0.758463650321062 -0.745453576036776 -0.738810643421946 -0.72916743697079 -0.712020176898101 -0.684080992348821 -0.643760317301566 -0.596261805069653 -0.548224859840675 -0.505238669964619 -0.470843472971194 -0.441433918946586 -0.412015775577592 -0.379184868396962 -0.339934537398936 -0.292785563515455 -0.242368491429266 -0.194819783810338 -0.156189811526726 -0.130304612521163 -0.112178984837016 -0.0958102237663244 -0.0799368534951849 -0.0644827054332103
-1.05661003905209 -1.03338477726582 -0.995585291681185 -0.938662551295046 -0.876119631470209 -0.822537114481666 -0.778753503887192 -0.741687650475844 -0.706321872679027 -0.668721615711783 -0.631221364281357 -0.597722862968043 -0.570193653533316 -0.542864466463367 -0.508698182130371 -0.46332309172571 -0.405278751060462 -0.342084363605287 -0.283175713083439 -0.236675256568999 -0.210377119473749 -0.206766558601821 -0.207093356326732 -0.192992802655749 -0.168877692561751 -0.140466053720834 -0.0959193396563725 -0.023545591390476 0.070204225907084 0.17434341602962
-1.01313032123425 -0.978961141240256 -0.944791961139559 -0.910622780799501 -0.876453600071912 -0.842284418841461 -0.808115237139661 -0.773946055044216 -0.73977687267073 -0.705607690131446 -0.671438507487242 -0.637269324786159 -0.603100142078935 -0.568930959427109 -0.534761776892584 -0.500592594527914 -0.466423412378005 -0.432254230466509 -0.39808504881482 -0.363915867456549 -0.329746686428365 -0.295577505762357 -0.261408325472313 -0.227239145552366 -0.193069965936334 -0.15890078653747 -0.124731607247105 -0.090562427974331 -0.0563932487212206 -0.0222240695130913
-0.947112536146421 -0.915462963604772 -0.883813390981211 -0.852163818247834 -0.82051424536741 -0.788864672283494 -0.757215098872134 -0.72556552500742 -0.693915950623127 -0.662266375690578 -0.630616800271593 -0.598967224450619 -0.567317648330094 -0.535668072084413 -0.504018495891617 -0.472368919872379 -0.440719344114825 -0.409069768634272 -0.377420193404529 -0.34577061830617 -0.314121043196459 -0.282471467947183 -0.25082189248822 -0.219172316755519 -0.187522740651247 -0.155873164089794 -0.12422358706824 -0.0925740096280921 -0.0609244319058811 -0.0292748540618916
-0.993331206021955 -0.958750860828213 -0.924170515595838 -0.889590170306102 -0.855009824926444 -0.820429479417398 -0.785849133725721 -0.751268787780867 -0.716688441456849 -0.682108094618743 -0.647527747151306 -0.612947398944216 -0.578367049924033 -0.543786700164828 -0.509206349791462 -0.474625998984418 -0.440045647944027 -0.405465296894388 -0.370884946046014 -0.336304595531324 -0.301724245463207 -0.267143895913729 -0.23256354679165 -0.19798319799059 -0.163402849506923 -0.12882250136107 -0.0942421535668845 -0.0596618061137459 -0.0250814588996866 0.00949888820009662
-0.960858630134161 -0.942957827531728 -0.924517679435533 -0.904798767177077 -0.88302601435922 -0.858506543021306 -0.830911926677261 -0.800186450698735 -0.767000796413665 -0.732079202443513 -0.695633740627512 -0.657748441109344 -0.618646912757901 -0.57911107934293 -0.539893970918087 -0.501074727771833 -0.462658175535203 -0.425025770974733 -0.388519865112369 -0.352949754856173 -0.317991473585741 -0.283402115628801 -0.24926301910561 -0.215706901499936 -0.182747753957042 -0.150357151095921 -0.118455727768981 -0.0869332067852184 -0.0556066025465399 -0.0242747523530822
-1.00144072889528 -0.966851935985157 -0.932263143159092 -0.897674350535916 -0.863085558182988 -0.828496766152339 -0.793907974486141 -0.75931918321936 -0.724730392368006 -0.690141601914909 -0.655552811729152 -0.620964021651379 -0.586375231518484 -0.551786441152349 -0.517197650385448 -0.48260885910763 -0.448020067234042 -0.413431274723642 -0.378842481574274 -0.344253687895517 -0.309664893824883 -0.275076099502682 -0.240487305080422 -0.205898510679646 -0.171309716290837 -0.136720921870367 -0.10213212736922 -0.0675433327518159 -0.0329545380417157 0.00163425672273702
-0.842621139879431 -0.86707116506744 -0.885900963793014 -0.892751944894274 -0.884472137310894 -0.859988256267487 -0.823335142026886 -0.779485508495007 -0.732055439111899 -0.684301406148046 -0.63939806766155 -0.60049962815742 -0.569401892858517 -0.54246706985913 -0.515552897144109 -0.487932829389134 -0.460176705350574 -0.434624183416714 -0.412931144715631 -0.392248541702648 -0.368601094664898 -0.338911139948039 -0.30369147813182 -0.26376793049545 -0.217627936881883 -0.163647495046367 -0.102095215829585 -0.0339741967105243 0.0386671313640458 0.113519004080408
0.954217626005528 0.92040765517136 0.886611649971339 0.852852471291352 0.819162985787961 0.785576296640059 0.752116447345191 0.718802204305269 0.685640285221026 0.652638053769156 0.619817506231373 0.587204297040645 0.554817147029244 0.522647042626641 0.490679619221563 0.458906842442539 0.427323467363325 0.39592907659876 0.364715997878838 0.333642711853079 0.302659237400879 0.271720057621881 0.240797512496697 0.209870142567991 0.178923433745649 0.147951175723326 0.116973427962525 0.0860120801933394 0.0550700734523575 0.024145611602794
-1.00263649237156 -0.96936232487477 -0.936088157478543 -0.902813990235849 -0.869539823144118 -0.836265656196971 -0.80299148942835 -0.769717322857104 -0.736443156401393 -0.703168989939651 -0.669894823292099 -0.636620656264399 -0.603346488694668 -0.570072320550823 -0.536798151842955 -0.503523982620046 -0.470249812922399 -0.436975642716695 -0.403701471973186 -0.370427300750039 -0.337153129127398 -0.303878957188081 -0.270604785025588 -0.237330612720487 -0.204056440290921 -0.170782267742633 -0.1375080950942 -0.104233922368577 -0.0709597495933974 -0.037685576797462
-0.992842463952944 -0.959147521048315 -0.925452578146697 -0.891757635225762 -0.85806269221786 -0.824367749033626 -0.790672805542155 -0.756977861611316 -0.723282917145612 -0.689587972072798 -0.65589302637699 -0.622198080056394 -0.588503133128656 -0.554808185689189 -0.5211132378517 -0.487418289725312 -0.453723341390782 -0.420028392819984 -0.386333443978838 -0.35263849491833 -0.318943545710714 -0.285248596443054 -0.251553647261668 -0.217858698286608 -0.184163749473618 -0.150468800745536 -0.116773852057895 -0.0830789033829042 -0.0493839547267918 -0.0156890061042893
-1.03863857022181 -1.00358978169293 -0.968540993265738 -0.933492205072124 -0.898443417207156 -0.863394629722171 -0.82834584253038 -0.793297055502639 -0.7582482684785 -0.72319948130387 -0.688150693881394 -0.653101906127897 -0.61805311796962 -0.583004329370457 -0.547955540299371 -0.512906750707937 -0.477857960556481 -0.44280916985774 -0.407760378625365 -0.372711586824279 -0.33766279440722 -0.302614001359536 -0.26756520779702 -0.232516413852994 -0.197467619600447 -0.162418825099102 -0.127370030415952 -0.0923212356198015 -0.0572724407794371 -0.0222236459636426
-0.991822729408415 -0.956954737697548 -0.922126701540307 -0.887375011262898 -0.852720481812801 -0.818173947179457 -0.783721892898886 -0.749361015860415 -0.715153206820012 -0.681174445388426 -0.647491872728888 -0.614170420392753 -0.581264796793117 -0.548788817790072 -0.51675178730674 -0.485185854071406 -0.454111764334363 -0.423481809628798 -0.393243207384392 -0.363391333333923 -0.333933602785943 -0.304875531618757 -0.276215037989688 -0.247923311618643 -0.219872226196849 -0.191923966247291 -0.164001275648662 -0.136054922058217 -0.108087208891749 -0.0801133235046847
-1.00258704852678 -0.968277045934867 -0.933967043393592 -0.899657040922132 -0.865347038546273 -0.831037036309247 -0.796727034317466 -0.762417032664046 -0.728107031325734 -0.693797030265061 -0.659487029504075 -0.625177029079702 -0.590867029014922 -0.556557029276932 -0.522247029797496 -0.487937030422443 -0.453627030972258 -0.419317031252007 -0.385007031090829 -0.350697030429583 -0.316387029237058 -0.282077027476371 -0.247767025087932 -0.213457022037703 -0.179147018416533 -0.144837014369239 -0.110527010131626 -0.0762170059182836 -0.0419070017679736 -0.00759699767549875
-1.02929409315934 -0.992023215996303 -0.954752338746538 -0.917481461356459 -0.880210583782083 -0.842939705986325 -0.805668827950076 -0.768397949650517 -0.731127071032014 -0.693856192031295 -0.656585312587364 -0.619314432639796 -0.582043552153248 -0.544772671192718 -0.507501789859902 -0.470230908302964 -0.432960026680015 -0.395689145142505 -0.358418263819878 -0.321147382760207 -0.283876501991228 -0.246605621552393 -0.209334741530028 -0.172063861998103 -0.134792982934282 -0.0975221042636914 -0.0602512257976165 -0.0229803473566297 0.0142905310877018 0.0515614095260625
-0.965054034552945 -0.938995859691774 -0.912809065202069 -0.886343779457882 -0.859382381469827 -0.831716210639994 -0.803240197299807 -0.773892244588344 -0.743678555945975 -0.712595858920578 -0.680534677188786 -0.647358983459415 -0.61297474876164 -0.577455937406052 -0.540934978670157 -0.503610168417704 -0.465667843056207 -0.427180634582009 -0.388215371632529 -0.348929373820681 -0.30950258350325 -0.270094572112578 -0.230783427383235 -0.19160051611891 -0.15247180509755 -0.113316146841138 -0.0741293368735457 -0.0349253924924122 0.00428572491144233 0.0434950679239026
-0.925608419803463 -0.897334475874857 -0.869013668144511 -0.840600942087279 -0.812084517233009 -0.783449985100647 -0.754639151110547 -0.725589094866243 -0.696261778802583 -0.666621718354525 -0.636618758126171 -0.606199075013905 -0.575304061981475 -0.543855976262086 -0.511779974053239 -0.479031943140165 -0.445586689369363 -0.411463959244673 -0.376701004701259 -0.341360158742266 -0.305510024637831 -0.269211254529044 -0.232492696040803 -0.19536889799313 -0.15782901850273 -0.119867017557991 -0.0815214533373437 -0.0428509836501356 -0.00395006663931653 0.0350778894687624
1.02212649625114 0.987392705187823 0.952658914029608 0.917925122658825 0.883191330963162 0.848457538844942 0.813723746259684 0.778989953187928 0.744256159657124 0.709522365696542 0.674788571295818 0.640054776434681 0.605320981080817 0.570587185153739 0.535853388570741 0.501119591288412 0.466385793296732 0.431651994679927 0.396918195546228 0.362184396005629 0.327450596168561 0.292716796137993 0.257982995987037 0.223249195764441 0.188515395451362 0.1537815950264 0.119047794525534 0.0843139939928371 0.0495801934473538 0.0148463929018744
-1.03246890266021 -0.99334898753646 -0.954142669941808 -0.914820728437194 -0.875356041354404 -0.835763266523676 -0.796222079998218 -0.756908566917176 -0.717819430540487 -0.678929558196242 -0.640305955364362 -0.602038657062722 -0.564269693814009 -0.52734907816014 -0.491639776468501 -0.457348588389119 -0.424588543813458 -0.393253760316088 -0.363187324823286 -0.334247113985065 -0.306294701882369 -0.279235476979388 -0.253150085273293 -0.228126106709963 -0.204103599497135 -0.180956199812703 -0.158439377453347 -0.13630125015935 -0.114378693826616 -0.0925307738899556
-1.01491863325234 -0.979051655885095 -0.943184678441339 -0.907317700823452 -0.871450722905067 -0.835583744557971 -0.799716765675313 -0.763849786194917 -0.727982806211931 -0.692115825881802 -0.656248845443836 -0.620381865158305 -0.584514885283089 -0.548647906066484 -0.512780927756323 -0.476913950608152 -0.441046974826769 -0.405180000406267 -0.369313027278141 -0.333446055334221 -0.297579084456418 -0.261712114545559 -0.225845145578133 -0.189978177515527 -0.154111210183074 -0.118244243384983 -0.0823772769770268 -0.0465103108360815 -0.0106433448718583 0.0252236209977216
-1.00271779883443 -0.966252692248159 -0.929792977879383 -0.893342868693129 -0.856916992528368 -0.820528539702269 -0.78417453557086 -0.747856114683379 -0.711607013323069 -0.675470825541761 -0.639497974731641 -0.603740591619985 -0.568243927723843 -0.533025717719374 -0.49810156774252 -0.463506086609254 -0.429268176083624 -0.395374907041947 -0.361799087001477 -0.328498300930947 -0.295426328161958 -0.262545667005307 -0.229853691688574 -0.197344752450523 -0.164966227657862 -0.132653596039749 -0.100341709647194 -0.0679790369771764 -0.0355691389887133 -0.00312934975633081
0.934436850581661 0.909355238312794 0.884287449345 0.859176867963836 0.833828380130789 0.808013622962945 0.781509736523856 0.754120930810362 0.725754192605988 0.696349178967611 0.665873451258842 0.63430154691997 0.601652117234698 0.568120268860374 0.533934235714475 0.499278305381364 0.46431045331064 0.429127352745977 0.393798973155155 0.358349771108323 0.322792824951219 0.28711742955432 0.251217745887059 0.21501356970595 0.178622369816879 0.142190834294905 0.105784855242405 0.0694357001814038 0.0331169342851855 -0.00321230286015035
-1.04421018255255 -1.00701015460389 -0.969810126787485 -0.932610099253424 -0.895410072129486 -0.858210045531004 -0.82101001954582 -0.783809994264805 -0.746609969818423 -0.709409946343987 -0.672209923966603 -0.635009902808325 -0.597809882970751 -0.56060986447366 -0.523409847297751 -0.486209831349228 -0.449009816475989 -0.411809802367193 -0.374609788690383 -0.337409775185376 -0.300209761610055 -0.263009747759684 -0.225809733579039 -0.188609719060117 -0.151409704234277 -0.11420968912586 -0.0770096736917784 -0.0398096579056254 -0.00260964187514928 0.034590374258363
-0.989666107582739 -0.966537033015587 -0.939422979661883 -0.905333880849638 -0.872681469289808 -0.84820009913572 -0.820512810927209 -0.777282075030145 -0.720439394728006 -0.656031412517028 -0.592296294826873 -0.538020089070559 -0.500786538926771 -0.483370173136874 -0.484237845134046 -0.489434922056036 -0.483841433140452 -0.460097542319765 -0.415682480911497 -0.359671615078519 -0.304039344695038 -0.25750630025888 -0.215778034762339 -0.172109824246752 -0.122970914455153 -0.0695664322960468 -0.0288310596381386 -0.0165412674228869 -0.0281111279225661 -0.0538641137421554
-1.0010438731018 -0.965528010966177 -0.930012148863291 -0.894496286847475 -0.858980424984698 -0.823464563339444 -0.787948701958631 -0.752432840864234 -0.716916979996041 -0.681401119256761 -0.645885258483001 -0.610369397494836 -0.574853536115102 -0.539337674177655 -0.503821811539162 -0.468305948136495 -0.432790083940629 -0.397274218978713 -0.361758353309796 -0.326242487064335 -0.290726620390643 -0.25521075343217 -0.219694886312934 -0.184179019133169 -0.148663151917402 -0.113147284657277 -0.077631417288602 -0.0421155497558805 -0.00659968209421859 0.0289161856386261
-1.01503545626773 -0.979540635362452 -0.944045814530781 -0.908550993836072 -0.873056173231225 -0.83756135264412 -0.802066532013046 -0.76657171127395 -0.731076890343024 -0.695582069167639 -0.660087247839643 -0.624592426487003 -0.589097605273412 -0.553602784505472 -0.518107964471266 -0.48261314524189 -0.447118326868082 -0.411623509536128 -0.37612869343016 -0.340633878590137 -0.305139065019973 -0.269644252702105 -0.234149441533055 -0.198654631360118 -0.163159821919592 -0.127665012940186 -0.0921702042312444 -0.0566753956439439 -0.0211805871161673 0.0143142213925268
0.871523690308812 0.865512497220277 0.859215936970717 0.851910615685783 0.8415789014463 0.826161837407834 0.804729405069757 0.776919625972243 0.743513743474873 0.705711544286183 0.665243766691118 0.623973886868725 0.583399394145777 0.543553830439942 0.504408933516656 0.46715317194151 0.432826417798013 0.400657426441168 0.369515847767711 0.338646026569801 0.307385981363452 0.275312021252726 0.242953617693867 0.210743290692109 0.177772592096445 0.142776475514329 0.104404469743285 0.0618073975611596 0.0162266824770253 -0.0305736018172385
-0.956330966571295 -0.894259217840547 -0.889453131936685 -0.908085173647549 -0.884355131295099 -0.7791433504975 -0.692025082523634 -0.71356918331413 -0.759624021845885 -0.735246065111111 -0.67704465912701 -0.654517369667031 -0.698688255082881 -0.686687344039303 -0.523148071718543 -0.376611529059834 -0.408327426912276 -0.486472300007448 -0.455054052651756 -0.354479243568421 -0.274254095084874 -0.26925873402658 -0.255868905211161 -0.157378481392198 -0.063258229074965 -0.0652382525390851 -0.0979091134098909 -0.0776349783467515 -0.0050139767994745 0.0982972710845233
-0.961449761342796 -0.905338486889738 -0.855338304746584 -0.822520561615888 -0.80632622133722 -0.801343591768781 -0.794380739706294 -0.773365980027752 -0.7384888610027 -0.69336208153775 -0.643029709696236 -0.592893655830677 -0.547143367981661 -0.505118444942071 -0.465029356020416 -0.425419901835414 -0.386386958354453 -0.3539063716294 -0.333282851663291 -0.321257594179374 -0.312430916330945 -0.302265385700115 -0.289672571584244 -0.274039016847609 -0.253202156906919 -0.224481799845741 -0.184676351862665 -0.131505335566497 -0.0668941410918943 0.00618037454502055
-1.03633698102046 -0.999876396068876 -0.963415811071645 -0.926955225971084 -0.890494640679895 -0.854034055125422 -0.817573469323206 -0.78111288330031 -0.74465229704169 -0.708191710527402 -0.671731123760015 -0.635270536747726 -0.598809949493666 -0.562349361980711 -0.525888774182613 -0.489428186056905 -0.452967597564086 -0.416507008692724 -0.380046419427157 -0.343585829706715 -0.307125239459478 -0.270664648649541 -0.234204057385078 -0.19774346580426 -0.161282874021187 -0.124822282133488 -0.0883616901969997 -0.0519010982506877 -0.0154405063078335 0.0210200856247024
-1.01947825327871 -0.980717541765736 -0.941984446085564 -0.903325843762935 -0.864812413090462 -0.826513700336227 -0.788470922902301 -0.750718129372001 -0.713289021919636 -0.676212796898891 -0.639500973789969 -0.603160652854704 -0.567209120880954 -0.531704410760679 -0.496704394308199 -0.462225552923176 -0.428268731679246 -0.39481362076062 -0.361829495971654 -0.329265130486717 -0.297064171822686 -0.265152202360352 -0.233382543936179 -0.201616183639307 -0.169817030113913 -0.137981276682204 -0.106131333823464 -0.0742891330140953 -0.0424484725619051 -0.0105961174825492
-0.977953235990965 -0.945327162818624 -0.9127010894928 -0.880075015877572 -0.847448941928915 -0.814822867587871 -0.782196792643878 -0.749570716888096 -0.716944640270193 -0.684318562815242 -0.651692484691435 -0.619066406102744 -0.586440327232887 -0.553814248184573 -0.521188169036789 -0.488562089854659 -0.45593601070084 -0.423309931641987 -0.390683852728666 -0.358057773943093 -0.325431695250393 -0.292805616606954 -0.2601795379342 -0.227553459155128 -0.194927380233994 -0.162301301160787 -0.129675221987168 -0.0970491427706825 -0.0644230635307311 -0.0317969842771787
1.00135613352342 0.964861475066114 0.928360576328355 0.89183602476061 0.855236103822293 0.818508932515175 0.781636276001501 0.744610527528671 0.70743294652422 0.670122485027027 0.632759999341209 0.595441821837194 0.558259922137268 0.521288818871164 0.484593850806842 0.448221088257734 0.412220306056198 0.376675365564834 0.341660561693083 0.307177837007515 0.273211045988982 0.239733706238691 0.206677987839282 0.173955280812803 0.141435202457529 0.108992088038387 0.0765609174106982 0.0441023380339565 0.011619023193936 -0.0208758473670178
-0.959815591110881 -0.927018125571073 -0.894220660035993 -0.861423194484922 -0.828625728917831 -0.795828263324621 -0.763030797634227 -0.730233331799449 -0.697435865929528 -0.664638400179155 -0.631840934728398 -0.599043469763672 -0.566246005466192 -0.533448541996381 -0.500651079491706 -0.467853618018615 -0.435056157612961 -0.402258698259245 -0.369461239946696 -0.3366637827348 -0.303866326700611 -0.271068871870623 -0.238271418069103 -0.205473965085724 -0.172676512773995 -0.13987906099355 -0.107081609564671 -0.0742841583145238 -0.041486707137161 -0.00868925594335689
-1.01628929361521 -0.98053544135822 -0.944781589016127 -0.909027736494062 -0.873273883617317 -0.837520030190409 -0.801766176014602 -0.766012320897611 -0.730258464676227 -0.694504607204036 -0.658750748372733 -0.622996888083545 -0.587243026281262 -0.551489163084935 -0.515735298648824 -0.479981433093771 -0.444227566518041 -0.408473698962996 -0.372719830450374 -0.336965960980309 -0.301212090547534 -0.265458219167526 -0.229704346938739 -0.193950473961574 -0.158196600261248 -0.122442725880848 -0.0866888510101078 -0.0509349758535869 -0.015181100528495 0.0205727748697962
-0.909284146549536 -0.911558894290536 -0.91217476570774 -0.905578716556763 -0.887000615624366 -0.853290810576539 -0.806998651565017 -0.753425530024595 -0.703182000036544 -0.66585293350268 -0.641611310960506 -0.628277140106449 -0.62251748502348 -0.616387635340748 -0.600761874015664 -0.566402231772511 -0.509294562057917 -0.446432261441005 -0.395589599179787 -0.356656792165316 -0.325053044196905 -0.294447847746387 -0.251511849975663 -0.187226125358141 -0.116812302923198 -0.0589710077711165 -0.0220782947298465 -0.00955997725256526 -0.0153654735656918 -0.031075103088956
-0.984529291984608 -0.950144208270255 -0.915759124620398 -0.881374041110757 -0.846988957795982 -0.812603874687132 -0.778218791641968 -0.743833708489657 -0.709448625098279 -0.675063541363903 -0.640678457255652 -0.606293372760906 -0.571908287861579 -0.537523202517699 -0.503138116676755 -0.468753030257941 -0.434367943183402 -0.39998285541535 -0.36559776694713 -0.331212677856547 -0.296827588242518 -0.262442498188328 -0.228057407714725 -0.193672316835033 -0.159287225595431 -0.124902134051878 -0.0905170422666138 -0.0561319503020738 -0.0217468582152132 0.0126382339383837
-1.01481075128602 -0.980540534503269 -0.94627031756275 -0.912000100329161 -0.877729882761629 -0.843459664851678 -0.80918944662598 -0.774919228107216 -0.740649009266936 -0.7063787900812 -0.672108570595257 -0.637838350871649 -0.603568130966088 -0.569297910906961 -0.535027690712695 -0.500757470389187 -0.466487249921894 -0.432217029227032 -0.397946808208001 -0.363676586786187 -0.329406364887467 -0.295136142452563 -0.260865919481553 -0.22659569600996 -0.192325472155706 -0.158055248054051 -0.123785023827191 -0.0895147995738586 -0.0552445753119949 -0.0209743510393425
-1.03874888366477 -1.01903841270637 -0.966743964102822 -0.877907846986959 -0.795259034576358 -0.761463800427727 -0.772250955369579 -0.806747010667945 -0.824606742067128 -0.791681596652303 -0.718081442393829 -0.624980752483368 -0.536348745382265 -0.487333620630605 -0.496738032413173 -0.506803472414793 -0.460381363307133 -0.37932401420919 -0.301349926943358 -0.248641487698296 -0.239497053754224 -0.278190248288279 -0.312895758065239 -0.291634017653469 -0.217907389248028 -0.113987910860293 -0.0217443961402214 0.0248674768392958 0.0431413479522156 0.0631831865592064
-0.989545434618578 -0.956595877088198 -0.923646319536182 -0.890696761942493 -0.857747204219926 -0.824797646283804 -0.791848088126737 -0.75889852979889 -0.725948971503369 -0.692999413447719 -0.660049855704306 -0.627100298311698 -0.594150741298699 -0.56120118465504 -0.528251628391163 -0.495302072639406 -0.462352517533908 -0.429402963094088 -0.396453409287369 -0.363503855987913 -0.330554303046562 -0.297604750332226 -0.26465519778609 -0.231705645358517 -0.198756092964344 -0.165806540523125 -0.132856988008842 -0.0999074354197632 -0.0669578827968675 -0.0340083301918135
-1.04182464421213 -1.00504634807488 -0.968268051897209 -0.931489755590542 -0.894711459037471 -0.857933162148024 -0.821154864970843 -0.7843765676131 -0.747598270277498 -0.710819973203022 -0.67404167667828 -0.637263381004284 -0.600485086448759 -0.563706793146286 -0.526928501180418 -0.490150210563752 -0.453371921270719 -0.416593633194034 -0.379815346198196 -0.343037060116543 -0.306258774774626 -0.269480489990292 -0.232702205550589 -0.195923921252971 -0.159145636967318 -0.122367352601926 -0.0855890681462974 -0.0488107836113603 -0.0120324990125133 0.0247457856337266
-0.980832393395705 -0.946941056665915 -0.913077305568007 -0.879267216572876 -0.845526916371324 -0.811870742664879 -0.778315826978078 -0.744877035839617 -0.711557381971814 -0.678356773560459 -0.645274554451619 -0.612309927406427 -0.57946133540624 -0.546724182313291 -0.514093725503665 -0.481567675527965 -0.449145605499503 -0.416832085607923 -0.38463117886319 -0.352539922480219 -0.320553597225165 -0.288665399785567 -0.256860190534504 -0.225119218441101 -0.193417623173137 -0.161732007742972 -0.130050937842646 -0.0983675182751399 -0.0666810476075167 -0.03499237284786
-0.996345492362058 -0.962766276717039 -0.929187061291112 -0.895607846291604 -0.862028631875137 -0.82844941818166 -0.794870205335125 -0.76129099342109 -0.727711782387523 -0.694132572167325 -0.660553362770727 -0.626974154227289 -0.593394946570501 -0.559815739849554 -0.526236534105288 -0.492657329329431 -0.459078125522338 -0.425498922767973 -0.391919721157401 -0.358340520726467 -0.324761321497215 -0.291182123480557 -0.2576029266429 -0.224023730936631 -0.190444536302595 -0.156865342657352 -0.123286149831874 -0.0897069576298719 -0.0561277658315931 -0.0225485742114216
-1.04324880372505 -1.00650931630268 -0.969769828915907 -0.933030341577737 -0.896290854229337 -0.859551366828425 -0.822811879470762 -0.786072392298749 -0.749332905503306 -0.712593419271516 -0.675853933726593 -0.639114448975781 -0.602374965105726 -0.565635482120666 -0.528896000009934 -0.49215651878564 -0.455417038458965 -0.418677559014588 -0.381938080426133 -0.345198602649504 -0.308459125636174 -0.271719649302749 -0.234980173426367 -0.198240697783372 -0.161501222286401 -0.124761746891623 -0.0880222715930548 -0.0512827963902334 -0.0145433212669412 0.0221961537969782
1.03298802403227 0.997291091089455 0.961594158112007 0.925897225112759 0.890200292201734 0.854503359488943 0.818806426987192 0.783109494664671 0.747412562408327 0.711715630090245 0.676018697604288 0.640321764849768 0.604624831740018 0.568927898244467 0.533230964341573 0.497534029989833 0.461837095130375 0.426140159654835 0.390443223459335 0.354746286507449 0.319049348779614 0.283352410268706 0.247655471017368 0.21195853107417 0.176261590461627 0.140564649220754 0.104867707492635 0.0691707654371844 0.0334738231895794 -0.00222311912118797
0.991061520231296 0.959297028468037 0.927532536559748 0.895768044364439 0.864003551806578 0.832239058811401 0.80047456524075 0.768710070946528 0.73694557580427 0.705181079710118 0.673416582619012 0.64165208450059 0.609887585352471 0.578123085284187 0.546358584437474 0.514594082970971 0.482829580998822 0.451065078440287 0.419300575182354 0.387536071177817 0.355771566395921 0.324007060822834 0.292242554512403 0.260478047542754 0.228713540021429 0.196949032063405 0.165184523783997 0.133420015291823 0.101655506668392 0.0698909979884385
-1.02429868902538 -0.989161994680724 -0.954025300274545 -0.918888605700336 -0.883751910820793 -0.848615215523373 -0.813478519825375 -0.778341823763787 -0.743205127324519 -0.708068430477897 -0.672931733182989 -0.637795035396049 -0.602658337093353 -0.567521638331289 -0.532384939190547 -0.497248239768928 -0.462111540140442 -0.426974840266794 -0.391838140108233 -0.356701439731485 -0.32156473922989 -0.286428038674848 -0.251291338049991 -0.216154637333669 -0.181017936570866 -0.145881235808561 -0.110744535035061 -0.0756078342306261 -0.0404711334020054 -0.00533443256256806
-1.00332993336138 -0.968975879274256 -0.934621825127759 -0.900267770833117 -0.865913716345776 -0.831559661631914 -0.797205606656422 -0.762851551399807 -0.728497495906329 -0.694143440230519 -0.659789384404243 -0.625435328453699 -0.591081272397664 -0.55672721622524 -0.52237315993861 -0.488019103621961 -0.453665047369647 -0.419310991234653 -0.384956935245058 -0.350602879370668 -0.316248823566723 -0.281894767794976 -0.247540712043237 -0.213186656313001 -0.178832600634456 -0.144478545032957 -0.110124489485832 -0.0757704339609919 -0.0414163784366783 -0.00706232289371719
-0.996566833299687 -0.96195524344448 -0.927343653522403 -0.892732063461183 -0.858120473220298 -0.823508882740743 -0.788897291857843 -0.754285700406089 -0.71967410832231 -0.685062515608137 -0.650450922422068 -0.615839328961819 -0.581227735435048 -0.546616142089193 -0.512004549159368 -0.4773929567916 -0.442781365097576 -0.408169774140684 -0.37355818395461 -0.338946594502532 -0.304335005729998 -0.269723417575402 -0.235111829948504 -0.200500242745251 -0.165888655834966 -0.131277069095771 -0.0966654824676203 -0.0620538959109599 -0.0274423094063868 0.00716927706046455
