-1.01518373085112 -0.979549619386342 -0.943915507928603 -0.908281396487177 -0.87264728508574 -0.837013173750342 -0.801379062502139 -0.765744951348995 -0.730110840250502 -0.694476729155224 -0.658842618015904 -0.623208506786328 -0.587574395441843 -0.551940284044035 -0.516306172642686 -0.480672061154121 -0.445037949463403 -0.409403837463999 -0.373769725077214 -0.338135612327299 -0.302501499264244 -0.266867385922783 -0.231233272276647 -0.195599158294095 -0.159965043982494 -0.124330929377314 -0.0886968145873228 -0.0530626997222316 -0.0174285848222427 0.0182055300898201
-0.992329979305981 -0.957474473853467 -0.922618968367278 -0.887763462790289 -0.852907957011828 -0.818052450922782 -0.783196944473831 -0.748341437617703 -0.713485930255543 -0.678630422302302 -0.643774913779735 -0.6089194047363 -0.574063895218264 -0.539208385263154 -0.50435287491568 -0.469497364258048 -0.434641853382558 -0.399786342384411 -0.364930831356381 -0.33007532037864 -0.295219809528206 -0.260364298880056 -0.225508788500999 -0.190653278442696 -0.155797768704393 -0.120942259282664 -0.0860867502158323 -0.0512312415220956 -0.0163757330974177 0.0184797751927976
-1.0326220325105 -0.995400037068269 -0.958178041623962 -0.920956046137074 -0.883734050534071 -0.846512054752476 -0.809290058807055 -0.772068062766243 -0.734846066835897 -0.697624071229429 -0.660402076053042 -0.623180081386138 -0.585958087297447 -0.548736093813029 -0.511514100928048 -0.474292108556785 -0.437070116607006 -0.399848125041319 -0.362626133852412 -0.325404143098456 -0.28818215285399 -0.250960163169936 -0.213738174002743 -0.17651618530533 -0.139294197110955 -0.10207220946811 -0.0648502224058723 -0.0276282359141756 0.00959375015421961 0.0468157359808453
-1.04588117508421 -1.00824492324981 -0.970608671455846 -0.932972419752534 -0.895336168185749 -0.857699916806184 -0.820063665688138 -0.78242741491999 -0.744791164622822 -0.707154914911337 -0.669518665842013 -0.631882417456773 -0.594246169775076 -0.556609922726532 -0.518973676217871 -0.481337430154158 -0.443701184417859 -0.406064938802723 -0.368428693100629 -0.330792447184717 -0.293156200948442 -0.255519954334505 -0.217883707482578 -0.180247460564677 -0.142611213685202 -0.104974966913508 -0.0673387202463852 -0.0297024736588638 0.00793377288851548 0.0455700194388334
-1.00687906208398 -0.972674665284326 -0.938470268495492 -0.904265871721946 -0.870061474973369 -0.835857078241738 -0.801652681443022 -0.767448284461476 -0.733243887130497 -0.699039489291712 -0.664835090870513 -0.630630691813231 -0.596426292053779 -0.56222189147639 -0.528017489985778 -0.493813087618243 -0.459608684471956 -0.425404280760974 -0.391199876729566 -0.356995472626982 -0.322791068703717 -0.288586665183682 -0.254382262184459 -0.220177859778034 -0.185973457960335 -0.151769056702143 -0.117564655949727 -0.0833602556267621 -0.0491558555910816 -0.0149514556840567
-0.97417945974446 -0.940291930468323 -0.906408274760486 -0.87252851827266 -0.838647196457324 -0.8047555553769 -0.770837173732839 -0.736874137626324 -0.702850230118463 -0.668752112472885 -0.634576261803392 -0.600321609186326 -0.565986295888188 -0.531565303936108 -0.497053715230073 -0.462450170400861 -0.427757352374245 -0.392990554525176 -0.358166381044941 -0.323294068940985 -0.288381013424789 -0.253434418369847 -0.218460722297684 -0.183466203704866 -0.148457266340077 -0.113440147001914 -0.0784202894365055 -0.0434017875005363 -0.00838412854538761 0.0266343517038853
-0.933259002057684 -0.906449132892864 -0.879683449857195 -0.852977356323096 -0.826311132280922 -0.799636986417737 -0.772829965589504 -0.745737480464819 -0.718173558793921 -0.689969095597983 -0.661055837900273 -0.631390745724585 -0.600943931759065 -0.569738119349275 -0.537801619911043 -0.505132486483847 -0.471695030345263 -0.437348854101605 -0.401979457476768 -0.365680637336231 -0.32859826483087 -0.290860750432072 -0.252526661893274 -0.213640518519526 -0.174260488540287 -0.134453008336285 -0.0943039379689123 -0.0539017544574114 -0.0133259789717403 0.0273461062804633
-1.00075514164882 -0.96837331493734 -0.935991488218033 -0.903609661497743 -0.871227834728631 -0.838846007872916 -0.806464180987712 -0.774082354135857 -0.741700527308183 -0.709318700470819 -0.67693687356309 -0.644555046517619 -0.612173219288762 -0.579791391917811 -0.547409564448826 -0.51502773685002 -0.482645909069899 -0.450264081054002 -0.417882252764978 -0.38550042423688 -0.353118595521615 -0.320736766685105 -0.288354937849336 -0.255973109137513 -0.223591280621659 -0.191209452339606 -0.158827624243601 -0.126445796267889 -0.0940639683603013 -0.061682140472066
-0.929752390977238 -0.94056732675211 -0.944119674424104 -0.934601066703446 -0.914248460183623 -0.886450117513982 -0.851154201684041 -0.808105242073854 -0.759673333285461 -0.708902519537591 -0.658907078293735 -0.612818845328578 -0.573766782571868 -0.54486835657361 -0.526966333232163 -0.51181617121905 -0.490435842728054 -0.459980681268835 -0.4196806025827 -0.370926490021677 -0.315649468840472 -0.257067442851042 -0.203545430094339 -0.162569293064199 -0.132961157836976 -0.1115736465516 -0.0960451020147667 -0.0844492763405701 -0.0758158382049256 -0.0694134354242045
-0.988354536642433 -0.952600094616977 -0.916858221070468 -0.881155433489828 -0.845519265318001 -0.80997613285358 -0.774546967861721 -0.739250684376896 -0.704103610044292 -0.669119106753511 -0.634301259761106 -0.59965183516537 -0.565175223136602 -0.530886310133138 -0.496801154774206 -0.462930008034566 -0.429283542600554 -0.39587992564928 -0.362734479659273 -0.329843653823985 -0.297199179015597 -0.264785635115618 -0.232558998042861 -0.20047144759837 -0.168488583074791 -0.136584122317096 -0.104750837887944 -0.0729826114375113 -0.04125870624835 -0.00955473101110703
-1.02009552993197 -0.98470190926639 -0.949308288678515 -0.913914668233377 -0.878521047932808 -0.843127427720419 -0.80773380737015 -0.7723401866328 -0.736946565336283 -0.701552943337148 -0.666159320529369 -0.630765696816274 -0.595372072098559 -0.559978446266388 -0.524584819224372 -0.489191190945462 -0.45379756142003 -0.418403930639791 -0.383010298622723 -0.347616665490516 -0.312223031390784 -0.276829396498183 -0.241435761095513 -0.206042125472623 -0.170648489839391 -0.135254854345801 -0.0998612189822387 -0.0644675837019019 -0.0290739484688355 0.00631968675020349
-0.986234219970668 -0.953202099644255 -0.920169979385777 -0.887137859350976 -0.854105739751684 -0.821073620783597 -0.788041502521785 -0.755009385004747 -0.721977268245335 -0.688945152256026 -0.655913037073439 -0.622880922740231 -0.589848809279004 -0.55681669663215 -0.523784584726566 -0.49075247350739 -0.457720362920367 -0.424688252895442 -0.39165614338635 -0.358624034457792 -0.325591926202211 -0.292559818689439 -0.25952771189885 -0.226495605761177 -0.193463500103017 -0.160431394745855 -0.12739928959484 -0.0943671845808477 -0.0613350796539625 -0.0283029747690737
-1.03185510693601 -0.997479001886385 -0.963103958579665 -0.928727505653408 -0.894345456543593 -0.859953277916236 -0.825546764559088 -0.791120601588534 -0.756664707313776 -0.722167424339647 -0.687615559260704 -0.652995534668937 -0.618293755283589 -0.583496554332931 -0.548591215509102 -0.513568895850679 -0.47842504343563 -0.443168397153039 -0.407812081885235 -0.372373475676393 -0.336871019861147 -0.301323148076578 -0.265748263169531 -0.230162738659928 -0.194574861550241 -0.158989870148207 -0.123408894500088 -0.087831231269703 -0.0522529518525629 -0.0166693213271027
-1.00878369757627 -0.974584611120649 -0.940385524710597 -0.906186438358621 -0.871987352132518 -0.837788266081002 -0.803589180121162 -0.769390094123596 -0.735191007904568 -0.700991921290335 -0.666792834201465 -0.632593746582099 -0.598394658395842 -0.564195569684133 -0.529996480485915 -0.495797390752312 -0.461598300433095 -0.427399209560457 -0.393200118169359 -0.359001026223425 -0.324801933668445 -0.290602840462541 -0.256403746613157 -0.222204652158086 -0.188005557207183 -0.153806461897363 -0.119607366401706 -0.0854082708740215 -0.0512091753548577 -0.0170100798564484
-0.986781189152266 -0.953495355847362 -0.920209522521094 -0.886923689138948 -0.853637855585138 -0.820352021726519 -0.787066187441788 -0.753780352614826 -0.720494517138403 -0.687208680913325 -0.65392284386364 -0.620637005919211 -0.587351167015033 -0.554065327106635 -0.52077948617249 -0.487493644262311 -0.454207801467129 -0.420921957971994 -0.387636113981563 -0.354350269684886 -0.321064425267115 -0.287778580863801 -0.2544927364121 -0.221206891803407 -0.187921046944468 -0.154635201766519 -0.12134935628342 -0.088063510538011 -0.0547776646064188 -0.0214918185730949
-1.05458697198018 -1.01219364599012 -0.969604936997944 -0.926640775560518 -0.883220302443689 -0.839346211618277 -0.795256199665994 -0.751239857476446 -0.707559350559934 -0.664449384067304 -0.622062247090922 -0.580529624708527 -0.5399931325485 -0.500634108441779 -0.46261337749922 -0.42596999174879 -0.390713992074505 -0.356861147867457 -0.324407021263211 -0.29326061686815 -0.26330929990636 -0.234450867662779 -0.206624845665748 -0.179721058496775 -0.153388798706615 -0.127268846416109 -0.101208464057186 -0.0751261732474957 -0.0490190500364751 -0.0229038090815062
-0.979698483148985 -0.946598246066015 -0.913500183930091 -0.880412002187265 -0.847344311084661 -0.814307615569314 -0.781309094586834 -0.748355067114166 -0.715451738255034 -0.682604382647637 -0.6498146669413 -0.617083355788131 -0.58441106292117 -0.551797798397185 -0.519242803214197 -0.486742845811502 -0.45429530841869 -0.421902500985226 -0.389567544119858 -0.35729187334857 -0.325076502926656 -0.292922119585044 -0.260828099957206 -0.228792449530393 -0.196808999304439 -0.164868661571931 -0.132954848283875 -0.101051585928428 -0.0691528594839352 -0.0372551435512884
-0.971126967169889 -0.938720934041646 -0.906314900870338 -0.873908867634837 -0.841502834304612 -0.809096800817232 -0.776690766992055 -0.744284732628208 -0.7118786975621 -0.679472661641294 -0.647066624720683 -0.614660586656993 -0.582254547351644 -0.549848506884833 -0.517442465374203 -0.485036422908404 -0.452630379568404 -0.420224335433421 -0.387818290609193 -0.355412245309276 -0.323006199774177 -0.290600154234955 -0.258194108884856 -0.22578806388606 -0.193382019314274 -0.160975975186806 -0.128569931373827 -0.0961638877209844 -0.0637578441229785 -0.0313518004867709
-0.986497300391101 -0.951218374499064 -0.915939448652811 -0.880660522891161 -0.845381597284838 -0.81010267192054 -0.774823746916981 -0.7395448224005 -0.704265898495936 -0.66898697533003 -0.633708053038616 -0.598429131759808 -0.563150211591679 -0.527871292472156 -0.492592374316947 -0.457313457113054 -0.422034540865469 -0.386755625579874 -0.351476711240899 -0.316197797748285 -0.280918884980553 -0.245639972838095 -0.210361061308789 -0.175082150369945 -0.139803239869097 -0.104524329631145 -0.0692454195202211 -0.0339665094277667 0.00131240068477986 0.0365913108384804
0.968749666518991 0.937033428245523 0.9053171899567 0.873600951651192 0.841884713291216 0.810168474827308 0.778452236199727 0.746735997347718 0.715019758216729 0.683303518777346 0.651587279094484 0.619871039256642 0.588154799346332 0.556438559422127 0.524722319538534 0.493006079757726 0.461289840110238 0.429573600492361 0.397857360778945 0.366141120893313 0.334424880770907 0.302708640344671 0.270992399537568 0.239276158282684 0.207559916563588 0.175843674399298 0.144127431900132 0.112411189187647 0.0806949463370511 0.0489787034119618
-1.03213110488993 -0.996631430495775 -0.961131756132851 -0.925632081800642 -0.8901324075013 -0.854632733259184 -0.819133059184839 -0.78363338539604 -0.748133711953324 -0.712634038879907 -0.677134366106976 -0.64163469354271 -0.606135021092071 -0.570635348647144 -0.535135676115407 -0.499636003478756 -0.464136330723168 -0.42863665777651 -0.393136984580215 -0.35763731118809 -0.322137637682034 -0.286637964139433 -0.251138290619616 -0.215638617154745 -0.180138943686366 -0.144639270144503 -0.109139596503691 -0.073639922759901 -0.038140248950325 -0.00264057512246101
1.00404795014458 0.968233322678126 0.93241869497677 0.89660406683433 0.860789438076044 0.824974808533125 0.789160178029268 0.753345546406933 0.717530913591177 0.68171627955177 0.645901644354751 0.610087008090227 0.57427237082539 0.538457732535778 0.50264309317329 0.466828452686911 0.431013811023371 0.395199168123284 0.359384523964724 0.323569878681705 0.287755232447227 0.251940585422725 0.216125937723368 0.180311289458351 0.144496640759223 0.108681991765528 0.0728673426264524 0.0370526934667387 0.00123804430371878 -0.0345766048721275
-1.06951483262387 -1.03148939686822 -0.993463961244227 -0.955438525934354 -0.91741309116372 -0.879387657143525 -0.841362223986675 -0.803336791779373 -0.765311360599288 -0.727285930521464 -0.689260501618983 -0.651235073964437 -0.613209647595216 -0.575184222407902 -0.537158798259504 -0.499133374989545 -0.461107952437413 -0.423082530459439 -0.385057108940676 -0.347031687864105 -0.309006267237191 -0.270980847066872 -0.23295542735799 -0.19493000810699 -0.156904589278825 -0.118879170839194 -0.0808537527882766 -0.0428283351086815 -0.00480291767826809 0.0332224996512919
0.984338606279084 0.951940019668803 0.919529924087332 0.887095268317559 0.854608141096511 0.822041251010961 0.789384646092542 0.756633959555879 0.723789825902697 0.690849595597797 0.65779248167119 0.62459316279419 0.591227190777774 0.55767360999156 0.523912136997982 0.489921684572082 0.455683402102717 0.421188189221405 0.386434970582136 0.351445020686128 0.316245201496401 0.28086673365037 0.245358272483016 0.209768297670087 0.174127151552843 0.13845543812435 0.102752945319393 0.0670168723428479 0.0312548795382108 -0.00452275746636458
-0.979304504743012 -0.946990578495786 -0.914676652304763 -0.882362726223017 -0.850048800212011 -0.817734874202931 -0.785420948097475 -0.753107021780852 -0.720793095101819 -0.688479167932924 -0.656165240278323 -0.623851312175079 -0.591537383656467 -0.559223454740616 -0.526909525441484 -0.494595595771484 -0.462281665750629 -0.429967735430879 -0.397653804881734 -0.365339874210892 -0.333025943535602 -0.300712012961926 -0.268398082551163 -0.236084152346259 -0.203770222361499 -0.171456292603593 -0.139142363077603 -0.1068284337753 -0.0745145046369393 -0.0422005755898985
0.981443663263542 0.949418517314967 0.917393371247782 0.885368224957252 0.85334307832133 0.821317931233499 0.789292783666678 0.75726763560006 0.725242486958522 0.693217337673774 0.661192187759188 0.629167037248551 0.597141886172969 0.565116734552818 0.533091582388406 0.501066429610486 0.469041276138099 0.43701612191298 0.404990966894769 0.372965811092035 0.340940654525578 0.308915497215591 0.276890339179841 0.244865180445226 0.212840021077592 0.180814861161612 0.148789700818339 0.116764540174252 0.0847393793411406 0.0527142184271271
-1.00790861234151 -0.973655151168715 -0.939401690040202 -0.905148228965765 -0.870894767867033 -0.836641306635401 -0.802387845129507 -0.768134383201146 -0.733880920707494 -0.699627457547867 -0.665373993784751 -0.631120529521426 -0.596867064853384 -0.562613599844974 -0.528360134563044 -0.494106669115579 -0.459853203624379 -0.425599738225355 -0.391346273029573 -0.357092808034617 -0.322839343209701 -0.288585878548242 -0.254332414140479 -0.220078950099068 -0.185825486529528 -0.151572023510031 -0.117318561016522 -0.0830650989770071 -0.0488116372299905 -0.0145581755915976
-0.99839709745573 -0.9657744044988 -0.933135080444871 -0.900459648028658 -0.867734140053184 -0.834948782797846 -0.802105066379212 -0.76920525478854 -0.736243443678663 -0.7032101984244 -0.670090131626925 -0.636866367694002 -0.603524192525533 -0.570057537989952 -0.536463173956315 -0.502740576327593 -0.468894435283296 -0.434947592075154 -0.400926280201487 -0.366852151074729 -0.332745710585843 -0.298626606742602 -0.264511056020002 -0.230411381236537 -0.196327762117455 -0.162256472211742 -0.128190303456573 -0.0941226301392027 -0.0600526375590053 -0.0259809637683861
-1.03201249156116 -0.994536320737365 -0.957060149877799 -0.919583978970384 -0.882107808016719 -0.844631636992831 -0.807155465758797 -0.769679294144869 -0.732203121977952 -0.694726949140999 -0.65725077574452 -0.619774601955911 -0.582298427937996 -0.544822253835304 -0.50734607976335 -0.469869905739872 -0.432393731745484 -0.394917557710065 -0.35744138357154 -0.319965209350756 -0.282489035089293 -0.245012860834903 -0.207536686660024 -0.170060512632784 -0.13258433877937 -0.0951081650993991 -0.0576319915281396 -0.020155817994297 0.0173203555353344 0.0547965290844385
-0.987635108401688 -0.954866927749551 -0.922098747039706 -0.889330566189665 -0.856562385092339 -0.823794203641224 -0.79102602175675 -0.758257839377311 -0.72548965648622 -0.692721473083439 -0.659953289190602 -0.627185104834763 -0.594416920044722 -0.56164873485627 -0.528880549322553 -0.496112363559143 -0.463344177688016 -0.430575991794336 -0.397807805928456 -0.365039620038305 -0.332271434046208 -0.299503247880633 -0.26673506149463 -0.233966874871507 -0.201198688091024 -0.168430501235742 -0.135662314302974 -0.102894127274277 -0.0701259401534426 -0.0373577529498177
-1.00615209131538 -0.970650852721864 -0.935149614034881 -0.899648375183581 -0.864147136134913 -0.828645896855146 -0.793144657270041 -0.757643417274877 -0.722142176683514 -0.68664093530676 -0.651139693024652 -0.61563844973453 -0.580137205362155 -0.544635959946957 -0.509134713527511 -0.473633466025294 -0.43813221735666 -0.402630967534558 -0.367129716599032 -0.331628464601898 -0.296127211597913 -0.260625957645542 -0.225124702818074 -0.189623447207385 -0.154122190964875 -0.118620934255046 -0.0831196772352932 -0.0476184200453805 -0.0121171627616423 0.023384094555444
-0.976928304228705 -0.94333594643705 -0.909743588584353 -0.876151230607553 -0.842558872432011 -0.80896651398962 -0.775374155249983 -0.741781796191289 -0.708189436788345 -0.674597077006061 -0.641004716773125 -0.607412356009171 -0.573819994646085 -0.540227632664776 -0.506635270093582 -0.473042907101562 -0.439450543890537 -0.405858180652651 -0.372265817556777 -0.338673454688371 -0.305081092112034 -0.27148872988331 -0.237896368021508 -0.204304006548883 -0.170711645535711 -0.137119285042753 -0.103526925044696 -0.069934565476236 -0.0363422061981717 -0.00274984705282877
1.0499186238747 1.00834060623779 0.966756594465363 0.925181274256198 0.883685220419736 0.842351866328112 0.801260190493614 0.760483426781307 0.720076285327235 0.680087516694817 0.640560556886017 0.601537513262431 0.563054503190821 0.525123684058596 0.487753832807374 0.450964164574938 0.414751283694042 0.379010913081167 0.343618006026407 0.308465318730611 0.273450058122309 0.238485420193568 0.203548557190587 0.16863764227299 0.13377097599999 0.0989597002800494 0.0641661950190583 0.0293503824202828 -0.00548888412093306 -0.0403430184112259
-1.00658733083968 -0.97208952804126 -0.937588120719756 -0.903079487756659 -0.868557051186403 -0.834015256990814 -0.799455603788349 -0.764883810196694 -0.730315422193836 -0.69576930894573 -0.661267805009887 -0.626834111291714 -0.592491176540676 -0.55826094088248 -0.524159962495139 -0.490184280389639 -0.456324286773541 -0.422568305807721 -0.388904699364015 -0.355324048204787 -0.321817487815031 -0.2883742893462 -0.254976266615577 -0.221603826234348 -0.188239203323477 -0.154867718698856 -0.121485207446301 -0.0880908124230176 -0.0546863933018261 -0.0212744889594522
-1.04338099378775 -1.007456912225 -0.971532830615925 -0.935608748938534 -0.899684667155974 -0.863760585227842 -0.827836503114413 -0.791912420771116 -0.755988338133327 -0.720064255138931 -0.684140171755916 -0.648216087959791 -0.612292003744656 -0.576367919178961 -0.54044383437955 -0.504519749582495 -0.468595665023777 -0.432671580819797 -0.396747497044006 -0.360823413717638 -0.324899330848876 -0.288975248412311 -0.253051166248178 -0.217127084159447 -0.181203001934383 -0.145278919407485 -0.10935483661291 -0.0734307536293587 -0.0375066705140527 -0.00158258731884255
-0.996672774000292 -0.958952845354634 -0.921244525605364 -0.883551262679427 -0.845923408438676 -0.808438440187658 -0.771235433066804 -0.734460295977883 -0.698224675032132 -0.662615975259371 -0.627658900154286 -0.59336247782778 -0.55972644131535 -0.526713343350879 -0.494279209540147 -0.462391137278145 -0.431009210326084 -0.40005438612084 -0.36943526403577 -0.339050137514471 -0.308794723518102 -0.278585951154211 -0.248425598115911 -0.218328427365787 -0.188276294358756 -0.158248517178923 -0.128247171934827 -0.0982779570725052 -0.0683383023635451 -0.0384235704109226
-0.984122044078602 -0.94921008192117 -0.914341941077697 -0.879661643673541 -0.84535077872835 -0.811596499955545 -0.778570652949342 -0.746371777318267 -0.714820496847291 -0.683669885199129 -0.652680731371043 -0.621615753193929 -0.590267814631114 -0.558550364175652 -0.526391039513058 -0.493653650568947 -0.460207966278894 -0.426011419378191 -0.391023993258309 -0.355128210135709 -0.318187226933101 -0.280117553801482 -0.241049113804979 -0.201141276070033 -0.160457781059171 -0.1190735800163 -0.0772040959747303 -0.0350810322629508 0.00713925839924883 0.0493192609442536
-0.95715090820815 -0.924275386529237 -0.891383881100065 -0.85847286359034 -0.825559822191782 -0.792664884329166 -0.759797717837496 -0.726958132451229 -0.69411696509241 -0.661253796595041 -0.628412156253368 -0.5956515604767 -0.563029841716855 -0.530598096595687 -0.498397931896871 -0.46643973088134 -0.434728979715846 -0.40328279971316 -0.372120690388684 -0.341260028922307 -0.310717661910045 -0.280505192163477 -0.250613247356446 -0.221021945523813 -0.191690341282248 -0.162573716527981 -0.133633325693682 -0.104828907465881 -0.0761081650101113 -0.0474157926116539
1.02367416190574 0.988021742751506 0.952369323651071 0.916716904607174 0.881064485609624 0.845412066642654 0.809759647681137 0.774107228728158 0.738454809909029 0.702802391347209 0.667149973036522 0.63149755493838 0.595845137021414 0.56019271928312 0.524540301733396 0.488887884402874 0.453235467327341 0.41758305054247 0.381930634087466 0.346278218015763 0.310625802384353 0.274973387223363 0.239320972455447 0.203668557985775 0.168016143757048 0.132363729717331 0.0967113157986023 0.0610589019380135 0.0254064881094938 -0.0102459257038333
-1.01461740431854 -0.977792801734757 -0.941000200860872 -0.904265582025402 -0.867607324836828 -0.831040202976953 -0.794572167140906 -0.758210725621866 -0.72196844009189 -0.68585850167873 -0.649891565954035 -0.614077654600431 -0.578425886550556 -0.542941769737113 -0.507624712923443 -0.472453339195408 -0.437400803756045 -0.402439175954593 -0.36754566683928 -0.332719140108099 -0.297963872621484 -0.26328318792348 -0.228676596292573 -0.194140305448484 -0.159661126141435 -0.125223086969537 -0.0908084848919401 -0.056401763635915 -0.0219976856401652 0.0124064069787478
-0.975873784674875 -0.942485519670796 -0.909097254578106 -0.875708989300491 -0.84232072376835 -0.808932457922184 -0.775544191716209 -0.742155925106498 -0.708767658042849 -0.675379390485221 -0.641991122440473 -0.608602853927189 -0.575214584992799 -0.541826315800105 -0.508438046501026 -0.475049777088572 -0.441661507514503 -0.408273237724475 -0.374884967694433 -0.341496697527557 -0.308108427358835 -0.274720157307073 -0.241331887426323 -0.207943617746788 -0.174555348268 -0.141167078974586 -0.10777880982222 -0.0743905407609782 -0.0410022717475166 -0.00761400274013496
-0.936964252450281 -0.906516396974228 -0.876068539995515 -0.845620679906955 -0.815172814626014 -0.784724942141837 -0.754277061205647 -0.723829170811863 -0.693381270165617 -0.662933358733873 -0.632485436820223 -0.602037504937418 -0.57158956356273 -0.541141613031517 -0.510693653666254 -0.480245685879809 -0.4497977100184 -0.419349726071261 -0.388901733952846 -0.358453733635474 -0.328005725105924 -0.29755770845939 -0.267109684224693 -0.23666165314338 -0.206213616374245 -0.175765575317066 -0.145317531918298 -0.114869487939691 -0.0844214438574956 -0.0539733998265881
1.01704920615319 0.982660770851712 0.948272335387796 0.913883899614419 0.879495463471044 0.845107026920497 0.810718589932597 0.77633015250449 0.741941714735641 0.707553276752983 0.67316483869101 0.638776400686104 0.604387962865395 0.569999525319008 0.535611088058468 0.501222650817899 0.466834213301903 0.432445775374401 0.398057336953715 0.363668898016458 0.329280458553818 0.294892018581061 0.260503578209782 0.226115137555853 0.191726696655933 0.157338255530128 0.122949814211538 0.088561372739016 0.0541729311614278 0.019784489530143
-1.00839688816993 -0.975121116272997 -0.941845344368296 -0.90856957244037 -0.875293800552326 -0.842018028782863 -0.808742257194477 -0.775466485828531 -0.742190714658051 -0.70891494363441 -0.675639172690711 -0.642363401755488 -0.609087630740009 -0.575811859486468 -0.542536087861023 -0.509260315894761 -0.475984543680756 -0.442708771395119 -0.40943299923318 -0.376157227384118 -0.342881456035576 -0.309605685349879 -0.276329915388081 -0.24305414614988 -0.209778377490834 -0.176502609247371 -0.143226841323555 -0.109951073640515 -0.0766753061200184 -0.0433995386839878
-1.00351036312546 -0.968321571441612 -0.933132779778194 -0.897943988181561 -0.862755196715123 -0.827566405436802 -0.792377614365504 -0.757188823487626 -0.722000032698522 -0.686811241887684 -0.651622451012185 -0.616433660045987 -0.581244868997253 -0.546056078010927 -0.510867287251457 -0.475678496824507 -0.44048970682198 -0.405300917339515 -0.370112128456413 -0.334923340182895 -0.299734552511914 -0.264545765405961 -0.229356978705676 -0.194168192235711 -0.15897940587859 -0.123790619530584 -0.0886018330850569 -0.0534130464630858 -0.018224259699488 0.0169645271424833
-0.98751839920253 -0.954469827556359 -0.921494880512476 -0.888684620584956 -0.85614820539939 -0.823963545550744 -0.792065468399942 -0.760350186127641 -0.728702533427467 -0.697005690444921 -0.665147596620045 -0.633017381216516 -0.60051812415497 -0.567608707983877 -0.534257327363985 -0.500413622777309 -0.466009619903846 -0.43092543939427 -0.395052936959337 -0.358382813579463 -0.32093048155248 -0.282735589221248 -0.243934729108753 -0.204679443520896 -0.165084129715132 -0.125244270029423 -0.0852168321721999 -0.0450498777749854 -0.00479435879117838 0.0354980502453524
-0.974477552261712 -0.940642744542045 -0.906807936793167 -0.87297312899602 -0.839138321162045 -0.805303513303718 -0.771468705407136 -0.73763389745724 -0.703799089460698 -0.669964281419269 -0.63612947329333 -0.602294665032917 -0.568459856594309 -0.534625047958769 -0.500790239113673 -0.466955430045891 -0.433120620730118 -0.399285811092859 -0.365451001045943 -0.331616190490672 -0.29778137932572 -0.263946567512887 -0.23011175526649 -0.196276942842522 -0.162442130411173 -0.128607318094927 -0.0947725059112489 -0.0609376938459581 -0.0271028818633132 0.00673193007781701
-1.00151725593264 -0.96938324977561 -0.93680719174479 -0.90345574996873 -0.869265776640157 -0.834243497604429 -0.798402449253254 -0.761773136662398 -0.724446629097537 -0.686522126365845 -0.648070786250603 -0.609156756029115 -0.56988328344483 -0.530510018105762 -0.491365048648884 -0.452893817962431 -0.415544848107745 -0.379661623587334 -0.345505426586096 -0.313113767577326 -0.282468214106414 -0.253538325641895 -0.226245629344863 -0.200428591911866 -0.175641470488695 -0.151383230846426 -0.127215882808034 -0.102805788969781 -0.0781736789691641 -0.0534288742039911
-0.978469440666593 -0.94483655552129 -0.911203670332607 -0.877570785013431 -0.843937899427226 -0.810305013449625 -0.776672127054349 -0.743039240228939 -0.709406352918121 -0.675773465078234 -0.642140576754873 -0.60850768801595 -0.574874798945356 -0.541241909690891 -0.507609020407599 -0.473976131215569 -0.440343242209812 -0.406710353419954 -0.373077464846095 -0.339444576435616 -0.305811688122718 -0.272178799829789 -0.23854591143196 -0.204913022809568 -0.17128013391104 -0.137647244732964 -0.104014355396496 -0.0703814660299504 -0.036748576665709 -0.00311568731216854
-1.04718924786614 -0.995705878986003 -0.945255887077814 -0.896639791181612 -0.850841972037759 -0.808674882687908 -0.770079403678529 -0.734576789859896 -0.700881365792664 -0.667734056362226 -0.634789118042567 -0.601929140204813 -0.56894116734276 -0.535230064440861 -0.500430064285579 -0.465475050380763 -0.431768087106688 -0.401289311631934 -0.375349664570257 -0.352006227527785 -0.328502617358742 -0.302684935831491 -0.274809224370962 -0.245332449136882 -0.21310533557161 -0.176636720110494 -0.134674123878197 -0.0866295002282637 -0.0343338467404488 0.0197770779489424
1.01011506903081 0.975566937784215 0.941028285762665 0.906496078597951 0.871954586509764 0.837387833797696 0.802791556493013 0.768168410869169 0.733537022436678 0.698922803553305 0.66436234472876 0.629895031010738 0.595561298878792 0.561405790539909 0.527469202421076 0.493772242101862 0.460329197139152 0.427148663846523 0.394237316604499 0.361599833304703 0.329240392716531 0.29715413905523 0.265300078319454 0.233628220866227 0.202088732702659 0.170636323832306 0.139243724594425 0.107890448322171 0.076565119988587 0.0452586424766875
-1.03743364236956 -0.984498394331326 -0.93200921452688 -0.880802279854442 -0.831745930586188 -0.785816524317057 -0.744390324559053 -0.708682349239028 -0.678862728026147 -0.654626605358846 -0.634814073010349 -0.618051459587574 -0.602610180956366 -0.585342002018282 -0.563283848887388 -0.535632943492093 -0.50228519026437 -0.463770927836107 -0.421000433089514 -0.375769301708174 -0.330094459076016 -0.286122107618054 -0.246515557923654 -0.213480298606084 -0.186873422209867 -0.166209413131661 -0.151980719245407 -0.144428289263135 -0.141809111771953 -0.141884185327734
-1.00726135870627 -0.974064630771575 -0.940868412677769 -0.907671584039265 -0.874446646332432 -0.841150743243122 -0.807705965433161 -0.774030403443728 -0.740061200357449 -0.705746128246604 -0.671056422600646 -0.635969184763323 -0.600469328927585 -0.564573020683188 -0.528307984181008 -0.491716926419588 -0.454856000496332 -0.417820161056412 -0.380698141507536 -0.343514988759774 -0.306279828098789 -0.26900085597669 -0.231682553511376 -0.194334593308635 -0.156991129260012 -0.11967892809768 -0.0823707266305717 -0.0450337299885922 -0.00766704650879586 0.0297222396699769
-0.9881882239042 -0.953696935334711 -0.919205646761075 -0.884714358236987 -0.850223069821095 -0.815731781561909 -0.781240493462425 -0.746749205509247 -0.7122579176689 -0.677766629917991 -0.643275342293528 -0.608784054847615 -0.574292767641198 -0.53980148077057 -0.505310194324655 -0.470818908327552 -0.436327622762891 -0.401836337517248 -0.367345052481645 -0.332853767661912 -0.298362483092584 -0.263871198793581 -0.229379914726367 -0.194888630849458 -0.16039734716805 -0.125906063690128 -0.0914147803881789 -0.0569234972249066 -0.0224322141593951 0.0120590688501774
-0.968744518971561 -0.939561679572656 -0.910239881685269 -0.880690221408356 -0.850929630053875 -0.820977867051752 -0.790760169090793 -0.760175857453449 -0.729115114537853 -0.697491537872576 -0.66532152439224 -0.632647170882978 -0.599507083072887 -0.565925902457913 -0.531908239422574 -0.497392544137843 -0.462305866474412 -0.42659581531539 -0.390231585271786 -0.353248154853788 -0.315696948546378 -0.277620289700138 -0.23902409712804 -0.199907547824843 -0.160279256050035 -0.120158881206057 -0.0796008260024189 -0.0386786278314731 0.00249238049014058 0.0437864172897097
-1.01421946516545 -0.979311201940007 -0.944402938774898 -0.909494675622539 -0.874586412223888 -0.839678148297021 -0.804769883679922 -0.769861618258806 -0.734953351992886 -0.700045084867419 -0.665136816898826 -0.630228548111314 -0.59532027854006 -0.560412008264105 -0.52550373736416 -0.490595465883743 -0.455687193845163 -0.42077892122306 -0.38587064797241 -0.350962374017198 -0.316054099273659 -0.281145823712507 -0.246237547522369 -0.211329270934249 -0.176420994130734 -0.141512717276965 -0.106604440516704 -0.0716961639574125 -0.0367878875827248 -0.00187961134531936
-0.949744397027646 -0.918496719961938 -0.887249042916562 -0.856001365952507 -0.824753689100764 -0.793506012360079 -0.762258335630206 -0.731010658799557 -0.699762981810147 -0.668515304633835 -0.637267627308233 -0.606019949887389 -0.574772272434464 -0.543524595049056 -0.512276917843413 -0.481029240943941 -0.449781564492779 -0.418533888680858 -0.387286213697515 -0.356038539676931 -0.324790866739497 -0.293543194954299 -0.262295524185191 -0.231047854257096 -0.199800185044425 -0.168552516427242 -0.137304848258715 -0.106057180391967 -0.0748095127068228 -0.043561845089786
-0.996811206554657 -0.967194370452514 -0.937160208678801 -0.906443349277712 -0.874904104254428 -0.842372820477197 -0.808434300305555 -0.772728222157477 -0.735359313193404 -0.696566395370209 -0.656659621088026 -0.615966975357805 -0.574854899046718 -0.533843656446815 -0.493422651654062 -0.453804024555205 -0.415149005975748 -0.377692454705465 -0.341676393102379 -0.307297869833256 -0.274742690142049 -0.244138824878071 -0.21538290731208 -0.188257038821729 -0.162316530790799 -0.137153727112735 -0.112735891713504 -0.089062259763899 -0.0658850313814945 -0.0428946479205608
-0.994701275049974 -0.960003608271035 -0.925305941555041 -0.890608274961301 -0.855910608543125 -0.821212942363211 -0.786515276527829 -0.751817611126123 -0.717119946135143 -0.682422281483379 -0.647724617017167 -0.613026952562301 -0.578329287939986 -0.543631622953055 -0.508933957421615 -0.47423629125323 -0.439538624403061 -0.404840956929205 -0.370143288923873 -0.335445620512792 -0.300747951830065 -0.266050282987037 -0.231352614004005 -0.196654944871693 -0.161957275553573 -0.127259606022281 -0.0925619363143852 -0.0578642664834278 -0.023166596586924 0.0115310733166178
1.0113274606673 0.975233555536246 0.939139650440795 0.903045745361924 0.866951840266921 0.830857935109161 0.794764029800052 0.758670124241397 0.72257621833853 0.686482312021586 0.650388405316374 0.614294498272622 0.578200590948106 0.542106683432807 0.506012775840338 0.469918868346655 0.433824961110436 0.397731054158928 0.361637147482587 0.325543241056161 0.28944933485047 0.253355428859466 0.217261523169635 0.181167617874827 0.145073713005802 0.108979808553694 0.0728859044142004 0.0367920004685254 0.000698096635314235 -0.0353958071574266
-1.02647614894207 -0.987882260325919 -0.949298693454547 -0.910760635889114 -0.872283368706763 -0.833876273034109 -0.795545036679677 -0.75729776048852 -0.719155890769886 -0.681152853879914 -0.643356650898109 -0.605843926584814 -0.568686436866165 -0.531936382331454 -0.495640626337248 -0.459844238646041 -0.424590801790271 -0.389919742976225 -0.355858405850045 -0.322389955143451 -0.289486510859557 -0.257096806192369 -0.225076027099459 -0.19328424373292 -0.161694610259367 -0.130302740103917 -0.099080999711166 -0.0679930866058184 -0.0369912696135207 -0.00602496038515516
-0.990784480023918 -0.956761695179446 -0.922738910371902 -0.888716125605687 -0.85469334075919 -0.820670555674432 -0.786647770173966 -0.75262498407498 -0.71860219719266 -0.684579409397007 -0.65055662077927 -0.616533831486013 -0.582511041665547 -0.548488251473184 -0.5144654610472 -0.480442670450722 -0.446419879738535 -0.412397089007204 -0.378374298367958 -0.344351507948907 -0.310328717882381 -0.276305928295422 -0.242283139293925 -0.208260350973257 -0.17423756340783 -0.140214776638859 -0.106191990595724 -0.0721692051602267 -0.0381464201356817 -0.00412363530578191
-1.012313313227 -0.967439862506178 -0.922958878663092 -0.879179560020637 -0.836336402016461 -0.794625913465164 -0.754167359574414 -0.715066243916697 -0.67745026713072 -0.641378674674342 -0.606614694215819 -0.572847548976009 -0.539804298743627 -0.507363349578834 -0.475452375307367 -0.444044774545838 -0.413138722143817 -0.382785773091849 -0.353011127129804 -0.3236811828539 -0.294622638574438 -0.265647935562542 -0.236512486932624 -0.207017508307089 -0.177204453497017 -0.147157318541315 -0.116890030201513 -0.0864071673110657 -0.0557459862684981 -0.0249519128636021
-0.978079115143191 -0.947133254748909 -0.916183561589527 -0.885214481445 -0.85418140990637 -0.823029110797394 -0.791688871061604 -0.760096396494685 -0.728218545181145 -0.696038477817867 -0.663573413262407 -0.630849084912493 -0.597886109357236 -0.564684635951301 -0.531238058157567 -0.497533213106222 -0.463562674786196 -0.429348520954063 -0.394922311250686 -0.360324029086431 -0.325595763814041 -0.290776053448828 -0.255889230656366 -0.220953459184683 -0.185976432461335 -0.150965242042504 -0.115935042319327 -0.0809010907496703 -0.0458709942233402 -0.0108504469881305
-1.03120064053664 -0.995435704418156 -0.959670768339824 -0.92390583235452 -0.888140896438723 -0.85237596056524 -0.816611024768592 -0.780846089123556 -0.745081153804208 -0.709316218982307 -0.673551284721022 -0.637786351056378 -0.602021418020723 -0.566256485631715 -0.530491553922875 -0.494726623005883 -0.458961692991919 -0.423196763911993 -0.387431835773832 -0.351666908572186 -0.315901982298563 -0.280137056916467 -0.24437213227739 -0.208607208206911 -0.172842284538976 -0.137077361120974 -0.101312437845725 -0.0655475146278389 -0.0297825914236765 0.00598233179996411
-0.977433029903043 -0.945300305594883 -0.913176836864671 -0.881079913104161 -0.849007981595062 -0.816951652061225 -0.784889026105139 -0.7527884856589 -0.720592042094388 -0.688241218798441 -0.655701957777911 -0.622946305694661 -0.589944188526205 -0.556657049512675 -0.52305201466218 -0.489127423792125 -0.454890242199043 -0.420350723286689 -0.385521179252714 -0.350418869363139 -0.315062289651077 -0.279475526701826 -0.243705029309433 -0.207801927190464 -0.17181371154282 -0.135781381883452 -0.0997236095241677 -0.0636515049459746 -0.0275682635118194 0.00852489819486682
-1.0633558829807 -1.02426351663407 -0.985195308797625 -0.946178039831037 -0.907248116261554 -0.868441638798262 -0.829783858710063 -0.79129405701944 -0.752978483203403 -0.714845220200173 -0.676922716338282 -0.639244511293842 -0.601840587368008 -0.564726697362099 -0.527907076689922 -0.491354120715058 -0.455037644674006 -0.418948983345157 -0.383084734118372 -0.347441025287503 -0.312013867872401 -0.276802598067065 -0.241819852762081 -0.207075824069034 -0.172557624286903 -0.138245489784746 -0.104115233024548 -0.0701370176986815 -0.036262836328162 -0.00244013864116311
-1.00692556412762 -0.970308165769938 -0.933690767298987 -0.897073368622575 -0.860455969698916 -0.823838570507343 -0.787221171061258 -0.750603771387823 -0.713986371535179 -0.677368971567226 -0.640751571589929 -0.604134171719771 -0.567516772076508 -0.53089937279299 -0.494281973996583 -0.457664575779627 -0.421047178217966 -0.384429781356481 -0.347812385202821 -0.311194989646663 -0.274577594548192 -0.23796019979589 -0.201342805391437 -0.164725411374704 -0.128108017825134 -0.0914906247895895 -0.0548732321450432 -0.0182558397366882 0.0183615525475141 0.0549789448089106
1.01487283909682 0.97843146561937 0.941990092027161 0.905548718169012 0.869107344000993 0.832665969522901 0.796224594802178 0.759783219926157 0.723341844994089 0.686900470122341 0.650459095483837 0.614017721265638 0.577576347656486 0.541134974851854 0.504693603050465 0.468252232457326 0.431810863268855 0.39536949564083 0.358928129686439 0.322486765389171 0.286045402700085 0.249604041532113 0.213162681645672 0.176721322751109 0.140279964511007 0.103838606597001 0.0673972487646964 0.0309558908387263 -0.00548546716415238 -0.0419268251791508
-1.01700242286537 -0.981234941255961 -0.945467459639816 -0.909699978043124 -0.873932496555252 -0.838165015265035 -0.802397534195978 -0.76663005332167 -0.730862572481348 -0.695095091493003 -0.659327610223992 -0.623560128554012 -0.587792646364946 -0.552025163547419 -0.516257680008697 -0.480490195713869 -0.444722710690024 -0.408955225154408 -0.373187739353218 -0.337420253458279 -0.301652767622827 -0.265885281941327 -0.230117796273162 -0.194350310452572 -0.158582824448282 -0.12281533827614 -0.0870478520059906 -0.0512803657085486 -0.0155128794040199 0.0202546069000168
-0.968586641520744 -0.937247942415168 -0.905909243297422 -0.874570544096204 -0.843231844771443 -0.811893145299321 -0.780554445689819 -0.7492157459863 -0.7178770463319 -0.686538346867882 -0.655199647628277 -0.623860948620306 -0.592522249850778 -0.561183551324856 -0.529844853067367 -0.498506155183442 -0.467167457782632 -0.435828760911869 -0.404490064595176 -0.373151368827564 -0.341812673596789 -0.310473978903823 -0.279135284802494 -0.247796591348048 -0.216457898548546 -0.185119206379116 -0.153780514730339 -0.122441823471218 -0.091103132468997 -0.0597644415904827
-0.853970429668187 -0.927465434437493 -0.973045340757585 -0.994568349244009 -0.974719948827448 -0.90022353364614 -0.795126830353389 -0.693151294901377 -0.629388967922726 -0.624526103090093 -0.640255221555845 -0.623520411342272 -0.545340177839057 -0.473030695905445 -0.468990267646265 -0.479648034679121 -0.443756654798819 -0.385332010996199 -0.341233514035391 -0.314431460577637 -0.299423868758461 -0.287958896786196 -0.260785263160413 -0.206346691469015 -0.154866365362008 -0.134954852211008 -0.126992794211984 -0.10644837513398 -0.0773698702139783 -0.0509505775559471
1.01517342490757 0.977786453796561 0.940399482671809 0.903012511514682 0.865625540324012 0.828238569111359 0.790851597921735 0.753464626805992 0.716077655804912 0.678690684976918 0.641303714461101 0.603916744416716 0.566529774972081 0.529142806131777 0.491755837877819 0.454368870225693 0.416981903203094 0.379594936853058 0.34220797122077 0.30482100634466 0.267434042261471 0.230047079001885 0.192660116572348 0.155273154964706 0.117886194136635 0.080499234016779 0.0431122744518343 0.00572531526859032 -0.0316616437038362 -0.0690486026357468
-1.01400447973199 -0.978031232894181 -0.942057986026973 -0.906084739142764 -0.870111492314264 -0.834138245607927 -0.798164999004883 -0.762191752475367 -0.726218506031369 -0.69024525969163 -0.654272013460146 -0.618298767337222 -0.582325521324997 -0.546352275432926 -0.51037902968218 -0.47440578413347 -0.438432538851107 -0.402459293874267 -0.366486049219102 -0.330512804834812 -0.294539560653861 -0.258566316600467 -0.222593072565868 -0.186619828443383 -0.150646584167642 -0.114673339697442 -0.0787000950469556 -0.0427268502463989 -0.00675360533478102 0.0292196396466907
-0.981035034848402 -0.947568093481151 -0.914101152182665 -0.880634211042816 -0.847167270192519 -0.813700329756546 -0.780233389794041 -0.74676645033099 -0.713299511326382 -0.679832572718183 -0.646365634427274 -0.612898696370264 -0.579431758467109 -0.545964820651145 -0.512497882865131 -0.479030945076144 -0.445564007271097 -0.412097069491917 -0.378630131789137 -0.345163194192684 -0.311696256727335 -0.278229319410885 -0.244762382233218 -0.211295445163451 -0.17782850811557 -0.144361571012767 -0.11089463387019 -0.0774276967204889 -0.0439607595743591 -0.010493822437009
-0.967966217126424 -0.936076434086384 -0.904186024128623 -0.8722941556139 -0.840400169865776 -0.808503552984275 -0.776604197212471 -0.74470198963255 -0.7127963905401 -0.680886643980001 -0.648971555780909 -0.617049822217421 -0.585120216894565 -0.55318182273909 -0.521233774237828 -0.489275102796205 -0.45730502923706 -0.425323635134283 -0.393331514427337 -0.361330449766914 -0.329322520981518 -0.297309740092073 -0.265293847889192 -0.23327655993976 -0.201259762146061 -0.169244931483789 -0.13723173888687 -0.105219470898538 -0.0732076825410194 -0.0411959959562902
-1.01512338576887 -0.977955296433664 -0.940787207089781 -0.903619117714372 -0.866451028282402 -0.829282938782605 -0.792114849260998 -0.754946759771421 -0.717778670341725 -0.680610581002748 -0.643442491823259 -0.606274402881514 -0.569106314261366 -0.53193822606906 -0.494770138397151 -0.457602051261026 -0.420433964646348 -0.383265878497042 -0.346097792731407 -0.308929707206971 -0.271761621766069 -0.234593536239485 -0.197425450411782 -0.160257364095011 -0.123089277257377 -0.0859211899223904 -0.0487531021786163 -0.0115850141362879 0.0255830740727524 0.0627511623112596
0.939807406650619 0.911948158235699 0.884069318936778 0.856143614845195 0.828110419930603 0.799906868414412 0.771494487646729 0.742840772089788 0.713912691525629 0.684681930404057 0.655139556526142 0.625281483530771 0.595098732976021 0.564562758096724 0.533651882602726 0.502391480427178 0.470814731197393 0.438938987094028 0.406774719550192 0.374320704455432 0.341572793813405 0.30852826492979 0.27519009631833 0.241567533450521 0.207689188420789 0.173591340420282 0.139321570404115 0.104929815694975 0.0704641373218817 0.0359721272404406
-1.00826353382237 -0.974067438578322 -0.939871343472477 -0.905675248660467 -0.871479154221777 -0.837283060163476 -0.803086966279115 -0.768890872344526 -0.734694778278177 -0.700498684042244 -0.666302589631103 -0.63210649504718 -0.597910400270219 -0.563714305189233 -0.529518209678201 -0.495322113641678 -0.461126016998496 -0.426929919694 -0.392733821699264 -0.358537723061754 -0.324341623848039 -0.290145524125701 -0.255949423966377 -0.221753323437879 -0.187557222588643 -0.153361121482744 -0.119165020266193 -0.0849689190726131 -0.0507728179041496 -0.0165767167300781
-0.997510205376384 -0.964317631179956 -0.931125056981615 -0.897932482844478 -0.864739908919207 -0.831547335368549 -0.798354762316034 -0.765162189861714 -0.731969618050928 -0.698777046922876 -0.665584476546923 -0.632391906999975 -0.599199338328344 -0.566006770455967 -0.532814203254401 -0.499621636508055 -0.466429070002804 -0.433236503617555 -0.400043937240247 -0.366851370701916 -0.333658803819373 -0.300466236445694 -0.267273668579016 -0.234081100279525 -0.200888531710534 -0.167695963051889 -0.134503394446436 -0.101310825996656 -0.0681182576805798 -0.0349256894451262
-1.05641695038447 -1.01817812218383 -0.979939293944571 -0.941700465630473 -0.903461637134733 -0.865222808358984 -0.826983979309191 -0.788745150023694 -0.750506320566013 -0.712267491009341 -0.674028661440394 -0.635789831949268 -0.597551002642887 -0.55931217369549 -0.521073345274846 -0.482834517455542 -0.444595690276851 -0.406356863729963 -0.368118037797505 -0.329879212475922 -0.291640387765115 -0.253401563639898 -0.215162739974722 -0.176923916635257 -0.138685093552395 -0.100446270663984 -0.0622074478704703 -0.0239686250784989 0.0142701977430963 0.0525090206099341
-0.954692998464671 -0.922088056310612 -0.889483114090234 -0.856878171736991 -0.824273229239667 -0.791668286627221 -0.759063344033991 -0.726458401588602 -0.693853459291449 -0.661248517130047 -0.628643575168597 -0.596038633490472 -0.563433692155236 -0.530828751127202 -0.498223810352614 -0.465618869800672 -0.433013929425341 -0.400408989096681 -0.367804048676649 -0.335199108078703 -0.302594167229175 -0.269989226072647 -0.237384284626702 -0.204779342917004 -0.172174400928545 -0.13956945864158 -0.106964516058109 -0.0743595731963391 -0.04175463011755 -0.00914968689379163
-0.979368331869242 -0.943663399864885 -0.907957465793838 -0.872253778238129 -0.836563400186411 -0.800896929140618 -0.765255286249194 -0.729638815808449 -0.694055231059661 -0.658515761466954 -0.623038332440854 -0.58764254337849 -0.552344194130073 -0.517143886358139 -0.482038000227196 -0.4470212280973 -0.412087753773525 -0.377231414645447 -0.342446175891634 -0.307726860262119 -0.273068504899798 -0.238465866177021 -0.203912577383956 -0.169401057718425 -0.134919993091068 -0.100457663502444 -0.066004458599968 -0.031552718224693 0.00289952665464147 0.0373528222873739
0.980910026848565 0.946888703998653 0.912867381090488 0.878846058065398 0.844824734870287 0.81080341146979 0.776782087893905 0.742760764208868 0.708739440560518 0.674718117105561 0.640696793964556 0.60667547124903 0.57265414905859 0.538632827445161 0.504611506420093 0.470590185880128 0.436568865701702 0.402547545794638 0.368526226099167 0.334504906643758 0.300483587478936 0.266462268628555 0.232440950009783 0.198419631522581 0.164398313104787 0.130376994695444 0.0963556762005608 0.0623343575424387 0.0283130387415815 -0.00570828015695568
-1.01561454529831 -0.978739417241838 -0.941867289912091 -0.905000291590515 -0.868153217088437 -0.831348119087784 -0.794623415223001 -0.758018757858178 -0.721562373323469 -0.685276296013951 -0.649169218618312 -0.613246498398649 -0.577512400099698 -0.541966818396771 -0.506612651393128 -0.471469180973236 -0.43655647451028 -0.401881357551097 -0.367443225311118 -0.333224993506499 -0.299205457978579 -0.265357891109033 -0.231633471440895 -0.197977093022501 -0.16433060576203 -0.130641957162951 -0.096886529250046 -0.0630540181982682 -0.029163942261948 0.00475672478474008
-1.00273677862263 -0.96668970374671 -0.930647889910183 -0.894620545155683 -0.858622655753196 -0.822669715513054 -0.786773470179608 -0.750948873598829 -0.715227460089131 -0.679642235144563 -0.644215508489244 -0.608966915904813 -0.5739103448589 -0.539036689563101 -0.504330110295749 -0.469770824858151 -0.435341534985103 -0.401038820622381 -0.366861199382627 -0.332801061334975 -0.298849264662681 -0.264990281407776 -0.231183039047382 -0.197386598034559 -0.163586095291014 -0.129777509337329 -0.0959741086209247 -0.0621891928888662 -0.0284188971599439 0.00534493472911989
-1.0029139405801 -0.967381335699913 -0.93184873075282 -0.896316125668076 -0.860783520317952 -0.82525091456959 -0.789718308326577 -0.754185701493561 -0.718653093942968 -0.683120485562965 -0.647587876336897 -0.6120552662719 -0.576522655401428 -0.540990043864186 -0.50545743181236 -0.469924819346791 -0.434392206530653 -0.398859593327774 -0.363326979709444 -0.327794365776122 -0.29226175166056 -0.256729137495223 -0.221196523411426 -0.185663909534763 -0.150131295969115 -0.11459868280395 -0.0790660700928325 -0.0435334578488603 -0.00800084595917986 0.0275317657205501
-1.00162637893295 -0.967014875675246 -0.93240337237799 -0.897791869042775 -0.863180365731082 -0.828568862500268 -0.793957359331309 -0.75934585618603 -0.724734353026043 -0.690122849788916 -0.655511346316253 -0.620899842425663 -0.586288337966663 -0.551676832916384 -0.517065327295454 -0.482453821170856 -0.447842314633259 -0.413230807821725 -0.378619300863556 -0.344007793790626 -0.309396286610949 -0.274784779323463 -0.240173271890775 -0.205561764270205 -0.170950256434239 -0.136338748364738 -0.10172724006589 -0.0671157315593598 -0.0325042229143867 0.00210728578789485
-0.967433969772444 -0.936239621611646 -0.905169740186405 -0.874330685984162 -0.843749317448024 -0.813418105245565 -0.783271470986529 -0.753219567835084 -0.723133524230906 -0.69287789181419 -0.662329939751713 -0.631370116591897 -0.599888213778795 -0.567811394338983 -0.53508222212568 -0.501667492716153 -0.467538618111696 -0.432661244285669 -0.397015501402137 -0.360645222415921 -0.32361016597953 -0.28597537802742 -0.247827053621831 -0.20925337664229 -0.170329337109683 -0.131127213921284 -0.0917216353385624 -0.0521823456015882 -0.0125572035006402 0.0271114035364506
-1.00402157677904 -0.968479429032813 -0.932937281180207 -0.89739513311457 -0.861852984681584 -0.826310835735958 -0.790768686216181 -0.75522653611209 -0.719684385535146 -0.684142234617442 -0.648600083451979 -0.613057932121986 -0.577515780713687 -0.541973629325294 -0.506431478045715 -0.470889326914662 -0.435347175921577 -0.399805024904025 -0.364262873674172 -0.328720722094474 -0.293178570039959 -0.257636417413155 -0.222094264226585 -0.186552110550224 -0.151009956573833 -0.115467802487771 -0.0799256483649965 -0.0443834942418949 -0.00884134012596412 0.0267008139825197
-1.01411712624793 -0.977996761281553 -0.941876396274432 -0.905756031280723 -0.869635666414538 -0.833515301786226 -0.797394937431139 -0.761274573370081 -0.725154209640677 -0.689033846307536 -0.652913483526373 -0.616793121475682 -0.580672760320267 -0.544552400170183 -0.508432041087848 -0.472311682999879 -0.436191325808978 -0.400070969457977 -0.363950613897177 -0.327830259066616 -0.291709904903764 -0.255589551344324 -0.219469198316927 -0.183348845754321 -0.147228493612783 -0.111108141848459 -0.0749877903934477 -0.0388674391706151 -0.00274708808993833 0.0333732629418269
-0.982308747365969 -0.963332355045655 -0.941902020203738 -0.917969146822384 -0.890772567187351 -0.860006114135791 -0.827896194406823 -0.796137979865123 -0.761769128975599 -0.721506188426984 -0.675438771203077 -0.624499756861441 -0.571345080365203 -0.525522898299748 -0.495233584863704 -0.476394163086436 -0.461570120608091 -0.442204154681203 -0.411147697224043 -0.368009909205444 -0.314089383856875 -0.251917779979152 -0.188959018650463 -0.133255516404004 -0.0902314093156194 -0.0632328913570499 -0.0499126685409815 -0.0461471629121949 -0.0464011486029038 -0.044786487767181
-1.03886877434408 -1.00232740325376 -0.965786032372067 -0.929244661913367 -0.892703292067848 -0.856161922993623 -0.819620554744662 -0.783079187330271 -0.74653782068523 -0.709996454721953 -0.673455089337919 -0.636913724426872 -0.600372359875914 -0.563830995545568 -0.527289631296631 -0.490748267017562 -0.45420690261954 -0.41766553807696 -0.381124173399808 -0.344582808677214 -0.308041444018095 -0.271500079519833 -0.234958715233689 -0.198417351201241 -0.16187598747146 -0.125334624074157 -0.0887932609551011 -0.0522518980384157 -0.0157105352456612 0.0208308275022415
-1.00522561944792 -0.970839422835734 -0.936453226273277 -0.902067029807661 -0.867680833506413 -0.833294637445479 -0.798908441714037 -0.764522246394616 -0.730136051529908 -0.695749857144387 -0.661363663229467 -0.626977469768301 -0.592591276761207 -0.558205084277158 -0.523818892380586 -0.489432701049098 -0.455046510208054 -0.420660319660654 -0.386274129187208 -0.351887938598614 -0.317501747713417 -0.283115556412962 -0.248729364829785 -0.214343173126355 -0.179956981333691 -0.14557078947215 -0.111184597650902 -0.0767984059715999 -0.0424122144170362 -0.00802602294028616
-1.01807462277807 -0.979509936948487 -0.940927512585149 -0.902312269444318 -0.863695821640684 -0.825112091771718 -0.786557542007578 -0.748020295666125 -0.709492581083339 -0.670970797391417 -0.632463921889287 -0.593984076417566 -0.555592144280123 -0.517544054633857 -0.480128427228214 -0.443569598329794 -0.408054317279679 -0.373683269199708 -0.340499012739805 -0.308397664881465 -0.277238732189074 -0.246860904376279 -0.217019603753749 -0.187469433405121 -0.158044986908858 -0.128621864781579 -0.0991597047977053 -0.0696466146977673 -0.0401005448289283 -0.0105469061900097
1.03870923479974 0.925549373099363 0.915813205858543 0.984400233324 0.982554218341623 0.805919253570337 0.651396488322011 0.705272690831535 0.810120048372911 0.780890718361061 0.665771319735457 0.571257086816709 0.566589747513727 0.571997004088623 0.50769051906461 0.442831821656119 0.448572391315686 0.455073641757051 0.38705057548632 0.288422615917844 0.232910291693036 0.258890286656206 0.26336390546325 0.157082142395189 0.0471701294219657 0.0458590078706879 0.0894298188081964 0.0947911378873374 0.0773117793652451 0.0769756171501257
0.893604287362252 0.934021522129178 0.961807132965528 0.902897789049204 0.824536929485195 0.800380673774715 0.788429093076778 0.73722723063071 0.673156066339263 0.632495517661374 0.613285315617286 0.604005144617568 0.596907104211293 0.599332954501553 0.612795813584416 0.600404570973817 0.531369255583873 0.437708682511556 0.360669784984935 0.315603182573607 0.311385416432557 0.341491164554786 0.337787652285379 0.249598030957084 0.157676608501228 0.140921544146553 0.139375245712897 0.0819970962837804 -0.00772986859365837 -0.0826917002563738
-1.03604402396003 -0.99512287782219 -0.954160750949143 -0.913138245389026 -0.872061566057086 -0.830958286708009 -0.789915853587157 -0.749062116130144 -0.708626664042934 -0.668842390380815 -0.629853661326045 -0.591782711342616 -0.554755814817034 -0.518915405825842 -0.484360399245226 -0.450999473459906 -0.418696538998894 -0.387326671459832 -0.356777279760858 -0.326973941033455 -0.297851774462445 -0.269331068977937 -0.241272792491191 -0.213518112387223 -0.185888314964897 -0.158245874404209 -0.130637897495824 -0.103139829587103 -0.0757558376415418 -0.0484722690266693
-0.984431598922796 -0.951588311013054 -0.918745023226329 -0.885901735660589 -0.853058448323212 -0.820215161197991 -0.787371874264975 -0.754528587490801 -0.721685300792215 -0.688842014065966 -0.65599872717871 -0.623155439989582 -0.590312152377934 -0.55746886430399 -0.524625575759452 -0.491782286781044 -0.458938997430121 -0.426095707821522 -0.393252418087134 -0.360409128373536 -0.327565838830982 -0.294722549608051 -0.261879260846633 -0.229035972656271 -0.196192685023823 -0.163349397887234 -0.130506111111475 -0.097662824554925 -0.0648195381225642 -0.0319762517310225
-0.989087966835661 -0.957341889674486 -0.92558987710917 -0.893828643854327 -0.862061171568041 -0.830284923562365 -0.798469022821787 -0.766570469037362 -0.734526109054007 -0.702275651009885 -0.669790401062302 -0.637049564873345 -0.604025333623959 -0.570661840570503 -0.536907574565091 -0.502756504767438 -0.468220014748974 -0.433333665420395 -0.398144850980883 -0.362724121444315 -0.327147815778236 -0.291490777693445 -0.255821869873741 -0.220197603263992 -0.184631062880334 -0.149119699752242 -0.113641854891274 -0.0781744358491524 -0.042707726356194 -0.00723535418736106
