-0.991809165971439 -0.959458682491478 -0.927108198987564 -0.894757715440841 -0.862407231848932 -0.830056748222312 -0.797706264606395 -0.765355781029476 -0.733005297416429 -0.700654813660743 -0.668304329633789 -0.635953845201408 -0.603603360233822 -0.571252874618783 -0.538902388274597 -0.50655190122427 -0.474201413530121 -0.441850925307036 -0.409500436690664 -0.377149947847177 -0.34479945895037 -0.312448970161261 -0.280098481589754 -0.247747993333957 -0.215397505495912 -0.183047018156245 -0.150696531305987 -0.118346044894144 -0.0859955587912356 -0.0536450728481592
-1.01400528800582 -0.980405518266919 -0.94680574844058 -0.913205978461766 -0.879606208332611 -0.846006438069201 -0.81240666767627 -0.778806897131772 -0.745207126317907 -0.711607355116113 -0.678007583500538 -0.64440781146851 -0.610808039015386 -0.57720826612865 -0.543608492799849 -0.510008719044671 -0.476408944873688 -0.442809170252874 -0.409209395148603 -0.375609619573457 -0.342009843551563 -0.308410067117606 -0.274810290348472 -0.241210513322558 -0.207610736082069 -0.174010958658662 -0.140411181077966 -0.106811403366762 -0.073211625562444 -0.0396118477050614
-1.05398796320366 -1.01673144754839 -0.979474931868699 -0.942218416139466 -0.904961900368656 -0.867705384611943 -0.830448869082719 -0.793192354044876 -0.755935839806611 -0.718679326635172 -0.681422814589732 -0.644166303677444 -0.606909793904498 -0.569653285273233 -0.532396777767612 -0.495140271301956 -0.457883765777822 -0.420627261115361 -0.383370757224978 -0.346114253959518 -0.308857751157436 -0.271601248676586 -0.234344746452412 -0.197088244440951 -0.159831742603018 -0.122575240885689 -0.0853187391762971 -0.0480622373713782 -0.0108057354640288 0.0264507665285152
-0.942735508835083 -0.915937035193294 -0.88906928045867 -0.862067149239065 -0.834857193130528 -0.807359026502263 -0.779472867827898 -0.751118573736989 -0.722313949378363 -0.693087139425483 -0.663409698131069 -0.633239032142656 -0.602530171931994 -0.571228643267691 -0.539281434549889 -0.506650889408005 -0.473290750996139 -0.43910500533783 -0.404021463169588 -0.368112991210362 -0.331488720174706 -0.294271259697983 -0.256637135098783 -0.218754193167218 -0.180701650896255 -0.14253020502034 -0.10426510103697 -0.0659291666486602 -0.0275610096149278 0.0107968172904574
-0.905606630929202 -0.916866735514739 -0.921379042616025 -0.912397976673055 -0.886532563801667 -0.843058473177088 -0.788563344536255 -0.731549285950216 -0.680864308264765 -0.643176850672601 -0.616091162979306 -0.594945447643684 -0.575603513235603 -0.556031592769203 -0.534421093921528 -0.507761698576978 -0.47334962567488 -0.430908968166911 -0.381457438240165 -0.328759351011045 -0.27726567232828 -0.230833764653825 -0.190946576902517 -0.158137587162954 -0.131516803765868 -0.110138215426537 -0.094255202156285 -0.0836875047766506 -0.0753209160539671 -0.0653077417407674
-0.952313785075339 -0.919552520335346 -0.88679125566865 -0.854029991181965 -0.821268727061568 -0.7885074635043 -0.755746200669688 -0.722984938739281 -0.690223678020035 -0.657462418807241 -0.624701161224129 -0.591939905350911 -0.559178651244803 -0.526417398871025 -0.493656148131604 -0.460894898767775 -0.428133650478929 -0.395372402957878 -0.362611155907626 -0.329849909078545 -0.297088662232847 -0.264327415171356 -0.231566167849339 -0.198804920267611 -0.166043672454736 -0.133282424443774 -0.100521176258016 -0.0677599279218707 -0.0349986794739922 -0.00223743095659517
-0.999975505704276 -0.973101428440194 -0.907204157315446 -0.803589414178315 -0.751983617668403 -0.816231600054142 -0.868231151327984 -0.787250959945125 -0.6739903504877 -0.645907478813472 -0.666065189755737 -0.658927500391675 -0.581930730904353 -0.524400413900374 -0.561752750358873 -0.581877402325565 -0.477980117736301 -0.352057527020902 -0.320925190322658 -0.351883504144785 -0.374854074080476 -0.334976877531977 -0.238265379137731 -0.122066578473634 -0.0881881276291955 -0.193144390117294 -0.247815922630674 -0.0935570084357385 0.0607493560863352 -0.0856620037243237
-0.946537299435397 -0.915722381374671 -0.884907463311483 -0.85409254525202 -0.823277627159092 -0.792462708954933 -0.76164779044289 -0.730832871419452 -0.70001795177259 -0.669203031447924 -0.638388110530181 -0.607573189138864 -0.576758267372702 -0.545943345247325 -0.515128422768304 -0.484313499984063 -0.453498576954282 -0.422683653740787 -0.39186873041222 -0.361053807062339 -0.330238883791178 -0.299423960686304 -0.268609037785402 -0.237794115101601 -0.206979192599679 -0.176164270243387 -0.145349348040714 -0.114534425997498 -0.0837195040667439 -0.0529045821882463
-0.981433737421788 -0.949992052663429 -0.918550368084072 -0.887108683903517 -0.855667000358645 -0.824225317717903 -0.792783636358909 -0.761341956652906 -0.729900278836457 -0.698458603126234 -0.667016929794027 -0.635575259125405 -0.604133591343084 -0.57269192641836 -0.541250264268524 -0.509808604846251 -0.478366948077552 -0.446925293746387 -0.415483641620098 -0.384041991541597 -0.352600343372688 -0.321158696990569 -0.289717052334014 -0.258275409342749 -0.226833767898719 -0.195392127871782 -0.163950489141216 -0.132508851547347 -0.101067214765292 -0.0696255784288647
-0.986762095414258 -0.952372383156209 -0.918011083681636 -0.883690825485069 -0.84940163829352 -0.815127843584853 -0.780853528607843 -0.746556787115233 -0.712191973104733 -0.677711230731041 -0.64308160453183 -0.608273864140519 -0.573266335570281 -0.538067570353307 -0.502688288255623 -0.467117656459563 -0.431341890271803 -0.395356950080069 -0.359160889680721 -0.322750391423617 -0.286121794796984 -0.249272443750903 -0.212203700082865 -0.174921706811232 -0.137447713990439 -0.0998080658762363 -0.0620343764935485 -0.0241596865679349 0.0137825261416912 0.0517586746180781
-1.0099619358591 -0.974669238961419 -0.939377325724221 -0.904086956215515 -0.868800793733808 -0.833522739094331 -0.798259739948698 -0.763019558565169 -0.72781016884219 -0.692638731735695 -0.657508944801397 -0.622423639744948 -0.587385554439087 -0.552397051424887 -0.517459413230317 -0.482569977662586 -0.44772511341605 -0.412921257454395 -0.378154119999825 -0.343416436039275 -0.308700196750863 -0.273996989096826 -0.239296783175869 -0.204590714196119 -0.169876194666917 -0.135152087636356 -0.100416781006329 -0.0656694298663285 -0.0309127332024251 0.00384972402516388
-0.932565745691737 -0.908070276966112 -0.883438585545073 -0.858561422128252 -0.833425504317125 -0.808022791665027 -0.782270244630875 -0.756050450146224 -0.729183500127595 -0.701484534834165 -0.672811382910763 -0.643032545098631 -0.612042762438525 -0.579841737169244 -0.546491012080365 -0.51219453096651 -0.477164742721667 -0.441505715632222 -0.405313436347859 -0.368759945579049 -0.332036297551459 -0.295350610264293 -0.258979256810907 -0.223151513319826 -0.187840012966097 -0.152952583312961 -0.118394472429895 -0.0840736438928055 -0.0499115027970586 -0.0158328146178882
-1.02603483150869 -0.990427872940968 -0.954822463459136 -0.919220045854003 -0.883621100843939 -0.848025814135589 -0.812434153461147 -0.776846219493068 -0.74126286263931 -0.705685313731581 -0.670115575561115 -0.634555843909024 -0.599008076490133 -0.563473278754132 -0.52795209870303 -0.492444706813272 -0.456950814729002 -0.421468776290728 -0.385996659427026 -0.350532746222379 -0.315075372300249 -0.279623128096737 -0.244175623298506 -0.208732646365375 -0.17329368159922 -0.137857923762757 -0.102423713619984 -0.0669894667273578 -0.0315547518098692 0.00388057411535508
-0.999831162276499 -0.964439575032949 -0.929047987811387 -0.893656400676746 -0.858264813786017 -0.822873227320072 -0.787481641463267 -0.752090056362502 -0.716698472011361 -0.681306888366056 -0.64591530538661 -0.610523723033999 -0.575132141271336 -0.539740560070266 -0.504348979402511 -0.468957399231562 -0.433565819510281 -0.398174240157252 -0.362782661086278 -0.327391082226323 -0.291999503510143 -0.256607924856973 -0.221216346131975 -0.185824767198251 -0.150433187964746 -0.115041608373696 -0.0796500284546809 -0.0442584482647799 -0.00886686788371919 0.0265247126031124
-1.01257621648496 -0.980065803254209 -0.947528688853254 -0.91494995903009 -0.882336282569522 -0.849692657429799 -0.81699581522614 -0.7842157194547 -0.751323527478408 -0.71829095653277 -0.685090769476813 -0.651695990575448 -0.618082607169423 -0.584238458902835 -0.550159755213221 -0.515864332408544 -0.481373882579966 -0.446703894081037 -0.411866376765159 -0.376865630222769 -0.341704026478559 -0.306383813261048 -0.270906741114058 -0.235278044262714 -0.199517388842036 -0.163653000343661 -0.127732909775797 -0.0918013131110134 -0.0558672606627471 -0.0199310163296515
-0.969316064069125 -0.936887419494851 -0.90445877489905 -0.872030130286737 -0.839601485741715 -0.807172841338569 -0.774744197036255 -0.742315552773968 -0.709886908527481 -0.677458264279571 -0.645029620004437 -0.612600975674133 -0.580172331243628 -0.547743686599541 -0.515315041618541 -0.482886396205825 -0.450457750279503 -0.418029103780791 -0.385600456671165 -0.353171808970021 -0.320743160711235 -0.288314511918177 -0.255885862572184 -0.223457212664754 -0.191028562270056 -0.158599911492535 -0.12617126047506 -0.0937426093539822 -0.0613139582011377 -0.0288853070722367
-1.05327307557681 -1.01488934480335 -0.976505614138435 -0.938121883652216 -0.899738153395094 -0.861354423443445 -0.822970693997294 -0.784586965237492 -0.746203237144553 -0.707819509639024 -0.669435782601939 -0.631052055904452 -0.59266832941165 -0.554284602964349 -0.515900876406787 -0.477517149621153 -0.439133422506365 -0.400749694990312 -0.36236596703133 -0.323982238680579 -0.285598510012426 -0.247214781093857 -0.208831051962347 -0.17044732266323 -0.132063593302789 -0.0936798639808882 -0.0552961347107851 -0.0169124054841064 0.0214713237074261 0.0598550528720667
-1.01370170965683 -0.975919683423447 -0.938172556830205 -0.900502389639859 -0.862936694717579 -0.825501406058577 -0.788230689075787 -0.751161326830284 -0.714332341557973 -0.677773689768679 -0.641476825893065 -0.605423578842005 -0.569595850499347 -0.53397583464083 -0.498553904940998 -0.463352862777714 -0.428401661313379 -0.393721433145235 -0.359326167431896 -0.325209100142641 -0.291358278949412 -0.257765394735785 -0.224436711231869 -0.191382550904408 -0.158614898320159 -0.126139943624878 -0.0939390371802853 -0.0619778223545005 -0.0301839543252599 0.00152440877729559
-0.989914381779727 -0.955757129684549 -0.9213932746791 -0.886655675270387 -0.851535125442928 -0.816063130409833 -0.780276104821071 -0.744246290589097 -0.708184329239459 -0.672311102266966 -0.636750051430374 -0.601600258554426 -0.566944653481598 -0.532801558125309 -0.499196078737393 -0.466245066852408 -0.434059846533602 -0.402637886676237 -0.371970824544734 -0.342140826048155 -0.313252689256715 -0.285391167598192 -0.258560835930603 -0.232721312087846 -0.207732564377099 -0.183433116907749 -0.159675366524727 -0.136319496027191 -0.113242959295645 -0.0903275279809284
1.02027669556008 0.984574432977357 0.948872170359113 0.913169907725756 0.877467645177954 0.841765382809753 0.806063120608463 0.770360858560997 0.734658596759398 0.698956335308758 0.663254074261206 0.627551813655635 0.591849553501807 0.556147293692978 0.52044503410688 0.484742774675664 0.449040515344263 0.41333825605432 0.377635996759333 0.341933737463532 0.306231478183832 0.270529218923186 0.234826959628707 0.199124700241169 0.163422440731816 0.127720181086816 0.0920179213215399 0.0563156614621031 0.020613401548392 -0.0150888583762647
-1.04684593251602 -1.00644288203102 -0.967528876865461 -0.930021978071984 -0.897232247928514 -0.871778388201497 -0.850121657386177 -0.827408100494945 -0.799680351880006 -0.763967383381992 -0.720346927455444 -0.669658906708384 -0.613198957132716 -0.554085568255895 -0.495907110008803 -0.442308620400485 -0.396700538996334 -0.361498243508968 -0.337661253753038 -0.321320719804083 -0.307400699302866 -0.291411353410744 -0.27120725737145 -0.24536670424093 -0.213018444241596 -0.173232178777973 -0.124290956816562 -0.0653317090374481 0.000306454586924854 0.0682338792610213
1.04088393977133 1.00481961636195 0.968755293017658 0.932690969838601 0.896626646895939 0.860562324228842 0.824498001777501 0.788433679447058 0.752369357101424 0.716305034606376 0.680240711876368 0.644176388838024 0.608112065452645 0.572047741820236 0.535983418076208 0.499919094358884 0.463854770792043 0.427790447438361 0.391726124336163 0.35566180148746 0.319597478885188 0.283533156528761 0.247468834443509 0.21140451264086 0.175340191050715 0.139275869587826 0.103211548187859 0.0671472268014735 0.0310829054183796 -0.00498141596195036
-0.933828788572069 -0.948313887717984 -0.95859955275115 -0.956518065298716 -0.93534388532015 -0.89198253833453 -0.836421633767029 -0.780201875387458 -0.72799426043807 -0.682049711424886 -0.641808558436544 -0.606008483457337 -0.573043921938391 -0.539936323198172 -0.504372862545223 -0.468076605381064 -0.432890013322609 -0.397097242755354 -0.359530820082402 -0.324775057008707 -0.298852211564688 -0.285617339605519 -0.2802566882854 -0.275218211255832 -0.260665496858497 -0.229444121945074 -0.187411982717047 -0.142403710455855 -0.0971485574129351 -0.0530994310822249
1.01485639852164 0.977862450931247 0.94086850349338 0.903874556345746 0.866880609568844 0.829886663233978 0.792892717432852 0.755898772252332 0.718904827739538 0.681910883933988 0.644916940884552 0.607922998642435 0.570929057246963 0.533935116689933 0.496941176929694 0.45994723783833 0.422953299288188 0.38595936123892 0.348965423675301 0.311971486595297 0.274977550000171 0.23798361387124 0.200989678110044 0.163995742602277 0.12700180725006 0.090007871984709 0.0530139368379167 0.0160200018513256 -0.020973932994 -0.0579678677321405
-0.975012116504362 -0.943061720188585 -0.910052333174332 -0.875540391056274 -0.839483046030662 -0.80217861691728 -0.764889372428463 -0.729070586745791 -0.695985606035291 -0.66657753566467 -0.640700445823916 -0.61793614790859 -0.597569300644874 -0.577695952081443 -0.556295879840212 -0.532072390513571 -0.50387672478531 -0.470428330734353 -0.430885212754667 -0.386291393105265 -0.338162398511416 -0.287988581966004 -0.23715960153236 -0.187153300867734 -0.139900960934619 -0.097006834562546 -0.0583136247439678 -0.0231469176178454 0.00947461825375128 0.0406090437029749
0.99184412689849 0.957282185969282 0.922720244977799 0.888158303858409 0.853596362513255 0.819034420828695 0.784472478660192 0.74991053587393 0.715348592409886 0.680786648236905 0.646224703365515 0.611662757816667 0.577100811622232 0.542538864857773 0.507976917610585 0.473414969971217 0.438853022045082 0.404291073993809 0.369729125960339 0.335167177956651 0.300605229961983 0.266043281968344 0.231481334018818 0.196919386151178 0.16235743833088 0.127795490520065 0.0932335427399441 0.0586715950215028 0.024109647375759 -0.010452300191261
-1.00986036805212 -0.972999428697454 -0.936134619325909 -0.899275243621196 -0.86246579045378 -0.825755871495145 -0.789180404434079 -0.75277257950042 -0.716573371070881 -0.680619368033055 -0.644921833171163 -0.609485697743584 -0.574312494264052 -0.539390160267713 -0.504706529235059 -0.470262613406544 -0.436063058284098 -0.402113863655583 -0.368416474179619 -0.334952759711956 -0.30169969640762 -0.268632913769232 -0.235722654689775 -0.202933312807262 -0.170211271349446 -0.137505446920214 -0.104792900038232 -0.0720609391920011 -0.0393097208345923 -0.00654261341021673
-0.967296454264452 -0.93498354988655 -0.902670645518181 -0.870357741179443 -0.83804483685588 -0.805731932501303 -0.773419027977145 -0.74110612314145 -0.708793217931094 -0.676480312317894 -0.644167406334617 -0.61185450002927 -0.579541593468768 -0.547228686795681 -0.514915780162789 -0.482602873688071 -0.450289967482242 -0.417977061661765 -0.385664156313722 -0.353351251401917 -0.321038346859335 -0.288725442598763 -0.256412538452202 -0.224099634248048 -0.191786729881064 -0.15947382525473 -0.127160920241023 -0.0948480147535359 -0.0625351089038236 -0.0302222028529314
-1.01675740703054 -0.980315972046018 -0.943872204004488 -0.907432830805898 -0.871033325619574 -0.834721167149286 -0.798563110967217 -0.762629461694404 -0.726985443278867 -0.691688864358054 -0.656772953000121 -0.622264792130901 -0.588183872744811 -0.554519318110609 -0.521247937285698 -0.488327650207736 -0.455709762419197 -0.423338011001589 -0.391163102526626 -0.359171189987827 -0.327357287984161 -0.295716337737645 -0.264242986962492 -0.232919016927534 -0.201675036627904 -0.170443500031762 -0.139215413273086 -0.107994899546734 -0.0767799981252588 -0.0455672273006364
-0.969570773723981 -0.935973909220949 -0.902377044809936 -0.86878018054572 -0.83518331639045 -0.801586452277527 -0.767989588117993 -0.734392723835327 -0.700795859425111 -0.667198994911909 -0.63360213036409 -0.60000526586098 -0.566408401450838 -0.532811537057674 -0.499214672580258 -0.465617807940651 -0.432020943056047 -0.398424077800855 -0.364827212052846 -0.331230345746005 -0.297633478828373 -0.264036611282535 -0.230439743229265 -0.196842874822882 -0.163246006213704 -0.129649137529227 -0.0960522688096455 -0.0624554000711351 -0.0288585313210761 0.00473833743534906
-1.00819318997757 -0.97274474878903 -0.937296307691145 -0.90184786673695 -0.866399426009407 -0.830950985604575 -0.795502545641006 -0.760054106208389 -0.724605667258485 -0.689157228702676 -0.653708790428771 -0.618260352318686 -0.582811914242159 -0.547363476020231 -0.511915037479003 -0.476466598513523 -0.441018159049805 -0.40556971906879 -0.370121278560539 -0.334672837496655 -0.299224395844128 -0.263775953577643 -0.228327510702654 -0.192879067264998 -0.15743062344125 -0.121982179428701 -0.0865337353767667 -0.0510852913921078 -0.0156368474582575 0.0198115964720336
-0.946647917251669 -0.925413303589603 -0.904468268371493 -0.883950512840392 -0.863959019643511 -0.844434932727148 -0.824726759829783 -0.803927585435596 -0.780701437219373 -0.753882629966996 -0.723415683718129 -0.689522669825881 -0.652476043409202 -0.61274979465042 -0.570907818497636 -0.52767209389867 -0.483753943001585 -0.439663976755668 -0.395820838313111 -0.35247601083649 -0.309839187490981 -0.268163261048574 -0.22787392270852 -0.189476226673305 -0.153619880731095 -0.120850804051718 -0.0911551077459955 -0.0642769606854001 -0.0395525708430335 -0.016216155967404
0.788108751064627 0.906136851326105 0.895866548847324 0.992812010184073 1.04282703092923 0.882072373683958 0.697597040045549 0.687657388686833 0.744450967586741 0.722604261495513 0.632518312942538 0.523537803901994 0.443106940958805 0.431068029140906 0.496436688857333 0.532523703598543 0.452460135128612 0.364362995224676 0.382349374547234 0.449550729277178 0.466352106975502 0.370139954449397 0.24630631549085 0.183346089019535 0.13415999748107 0.0486161898590907 4.66977633624028e-05 0.0510711428497983 0.0979956243327729 -0.00445213918372422
-1.00969993608481 -0.97475747458722 -0.93981501305646 -0.904872551449505 -0.869930089770257 -0.834987628007448 -0.800045166042201 -0.765102703746969 -0.730160241067136 -0.695217777963281 -0.660275314383835 -0.625332850274189 -0.590390385582671 -0.555447920269348 -0.520505454301709 -0.485562987665169 -0.450620520367493 -0.4156780524879 -0.380735584137526 -0.345793115483729 -0.310850646707921 -0.275908177972354 -0.240965709362631 -0.206023240921583 -0.171080772597587 -0.136138304331413 -0.101195836127862 -0.0662533679977641 -0.0313108999120339 0.00363156816839373
-1.02437360967864 -1.00478298998289 -0.986408443058449 -0.967961854102745 -0.938835294240956 -0.88929613621398 -0.822432773297871 -0.745459680006047 -0.669274635266227 -0.604155144028216 -0.554214310915866 -0.52202414047154 -0.50798384167849 -0.50380144128353 -0.499773555166641 -0.489242337976916 -0.467555910144328 -0.435040716453253 -0.393274907924767 -0.343865136172347 -0.288425177957566 -0.229929914452334 -0.176798644469891 -0.136322373909587 -0.105834519373878 -0.0795662671971321 -0.0492974719382507 -0.00867822053797989 0.0387091387600974 0.0867991923866892
-0.910767389239319 -0.905624274664273 -0.899180010091424 -0.889068928349829 -0.873555355354357 -0.851511083197794 -0.823607775598795 -0.790999310870399 -0.754968554077315 -0.71676046709692 -0.677339412305595 -0.637599602204471 -0.598264040157516 -0.55937089298004 -0.520690657025562 -0.481607983349103 -0.441616066628516 -0.401028121331494 -0.360343005473497 -0.319982131471222 -0.280347550341676 -0.241903880550663 -0.205366010359186 -0.171179142878106 -0.13845947082251 -0.106296211814613 -0.0749996935009075 -0.0450609931861722 -0.0164730767840455 0.0108956176396194
-1.08779622744132 -1.03846891708187 -0.989396852615702 -0.940920730794495 -0.893383552937381 -0.847112895905111 -0.802372334157413 -0.75938204811583 -0.718252644450175 -0.679028036566364 -0.64159493856643 -0.605800764726439 -0.571429431683979 -0.538010865522743 -0.505086437227972 -0.472497287945 -0.440165750175129 -0.40803915168343 -0.376052864012587 -0.344069438551972 -0.311933221652627 -0.279463547594826 -0.246379702375759 -0.212471865466624 -0.177913838517716 -0.142941186564789 -0.107652906006345 -0.0721284097289794 -0.0365053452089021 -0.000935918569729766
-1.02153134859554 -0.986187450018756 -0.95084355138104 -0.915499652696614 -0.880155754034479 -0.844811855487341 -0.809467957187955 -0.774124059273325 -0.738780161857398 -0.703436265029763 -0.668092368805616 -0.632748473181554 -0.59740457815563 -0.562060683731733 -0.526716789930956 -0.491372896837399 -0.456029004546039 -0.420685113132357 -0.38534122263895 -0.349997332996373 -0.314653444107169 -0.279309555875982 -0.243965668215865 -0.208621781038772 -0.173277894243868 -0.137934007721056 -0.102590121335971 -0.067246234969703 -0.031902348589428 0.00344153781615648
1.01946864337179 0.985292023880391 0.95111540431757 0.916938784664814 0.882762164887368 0.84858554494686 0.81440892480669 0.780232304411092 0.746055683625856 0.711879062297612 0.67770244027479 0.643525817406276 0.609349193573196 0.575172568785663 0.540995943102318 0.506819316646941 0.472642689543122 0.438466061848533 0.404289433615007 0.370112804936907 0.335936175919231 0.301759546659159 0.267582917222611 0.23340628766056 0.199229657995471 0.165053028250085 0.130876398476783 0.0966997687222382 0.0625231389806671 0.0283465092331713
-0.983368094319552 -0.950087575434597 -0.916807056564232 -0.883526537686485 -0.850246018743452 -0.816965499655175 -0.783684980289425 -0.750404460506401 -0.71712394018827 -0.683843419235692 -0.650562897601294 -0.617282375250701 -0.584001852156453 -0.55072132831877 -0.51744080374003 -0.484160278403568 -0.450879752331128 -0.417599225717135 -0.384318698778541 -0.351038171649727 -0.317757644444433 -0.284477117245794 -0.251196590014512 -0.217916062684752 -0.184635535206967 -0.151355007555709 -0.118074479785646 -0.0847939519621606 -0.0515134241133872 -0.0182328962581461
-0.998471444094767 -0.965052226668479 -0.931629058559011 -0.898197090475822 -0.864750892907072 -0.831285302338303 -0.797796799465872 -0.764282856381372 -0.730743266546523 -0.697178260507272 -0.663587495776381 -0.62997048660831 -0.596326477378061 -0.562653632942805 -0.528950478454606 -0.495218059762939 -0.461457981931662 -0.427671566184752 -0.393860753999854 -0.360030251709164 -0.326185456858513 -0.292331051727586 -0.258468857531476 -0.224600117555807 -0.190726624432926 -0.156850386458182 -0.122973725232204 -0.0890985108955219 -0.0552244944429909 -0.0213508970830475
-0.952643145549632 -0.920089488405401 -0.887535831230979 -0.854982173981856 -0.822428516553855 -0.789874858853481 -0.757321200889621 -0.724767542671012 -0.692213884103413 -0.65966022507847 -0.62710656553436 -0.594552905420894 -0.561999244713266 -0.529445583488217 -0.496891921868769 -0.464338260061537 -0.431784598270375 -0.399230936604493 -0.366677275122175 -0.334123613772654 -0.301569952477894 -0.269016291172095 -0.236462629838381 -0.203908968472089 -0.17135530706849 -0.138801645619875 -0.106247984106693 -0.0736943225188856 -0.041140660896198 -0.00858699929082545
0.9332980899211 0.902178637064122 0.871059184097097 0.83993973090065 0.80882027742293 0.777700823657446 0.746581369711624 0.715461915722293 0.684342461829969 0.653223008157444 0.62210355475293 0.590984101645992 0.559864648875301 0.528745196515952 0.497625744651904 0.466506293366164 0.435386842739722 0.404267392846463 0.373147943733633 0.342028495349022 0.310909047615556 0.279789600452035 0.248670153760758 0.217550707446441 0.186431261439982 0.155311815684638 0.124192370146939 0.0930729247919949 0.0619534795559615 0.0308340343677574
-0.988006458125708 -0.954838325847239 -0.921670193593585 -0.888502061438054 -0.855333929521111 -0.822165798008756 -0.788997667101967 -0.755829537006855 -0.722661407915089 -0.689493279985138 -0.656325153257105 -0.623157027741508 -0.589988903414293 -0.556820780113129 -0.523652657652247 -0.490484535890397 -0.457316414686597 -0.424148293856425 -0.390980173222018 -0.357812052675196 -0.324643932125197 -0.291475811510656 -0.258307690887802 -0.225139570337553 -0.191971449922005 -0.15880332967672 -0.125635209549961 -0.0924670894748621 -0.0592989694113472 -0.0261308493260387
-1.01287345383527 -0.97783935938514 -0.942805265008761 -0.907771170776813 -0.872737076707342 -0.837702982793272 -0.802668888979666 -0.767634795209473 -0.732600701465027 -0.697566607740525 -0.662532514038215 -0.62749842036236 -0.592464326711178 -0.557430233058717 -0.522396139375741 -0.487362045644068 -0.452327951861425 -0.417293858078119 -0.382259764348713 -0.347225670692211 -0.312191577118724 -0.27715748363772 -0.242123390256088 -0.207089296986601 -0.172055203868132 -0.137021110936861 -0.101987018192074 -0.0669529256131294 -0.0319188331365525 0.00311525931183939
-1.0231135767514 -0.987350474232218 -0.951587371681553 -0.915824269085203 -0.880061166453124 -0.84429806380622 -0.80853496118505 -0.772771858616496 -0.737008756053097 -0.701245653423834 -0.665482550637804 -0.629719447599131 -0.593956344214222 -0.558193240398606 -0.522430136056454 -0.48666703103736 -0.450903925215538 -0.415140818618251 -0.379377711329034 -0.343614603503467 -0.307851495315135 -0.272088386922373 -0.236325278422491 -0.200562169878626 -0.164799061278253 -0.129035952579322 -0.0932728436973358 -0.0575097345667727 -0.0217466252404399 0.0140164841992727
-0.945977196025866 -0.912637229260041 -0.879297262452139 -0.845957295541531 -0.812617328441046 -0.779277361065418 -0.745937393363535 -0.712597425315816 -0.679257456994657 -0.645917488483522 -0.612577519818187 -0.579237551022499 -0.545897582093149 -0.512557612918178 -0.479217643373154 -0.445877673392381 -0.412537702934612 -0.379197731997639 -0.345857760607143 -0.31251778886132 -0.279177816876497 -0.245837844778074 -0.212497872727763 -0.179157900882295 -0.145817929342185 -0.112477958184045 -0.0791379874450943 -0.0457980171192734 -0.0124580470668037 0.0208819228855234
-1.02117542430727 -0.986607330999933 -0.952039237654323 -0.917471144233893 -0.88290305068655 -0.84833495697132 -0.813766863107247 -0.779198769127067 -0.74463067505826 -0.7100625809266 -0.675494486756308 -0.640926392571215 -0.606358298419533 -0.571790204447006 -0.537222110798789 -0.502654017520163 -0.468085924624269 -0.43351783209558 -0.398949739899766 -0.364381647955965 -0.329813556171685 -0.295245464438886 -0.260677372587349 -0.226109280467292 -0.191541188072865 -0.156973095440697 -0.122405002633413 -0.0878369097138763 -0.0532688167199035 -0.0187007236830506
-0.990587574170306 -0.954392420219888 -0.918197266306124 -0.882002112447883 -0.845806958599088 -0.809611804670611 -0.773416650466064 -0.737221495751392 -0.701026340249132 -0.664831183708567 -0.628636026029386 -0.592440867148874 -0.556245707023849 -0.520050545689234 -0.483855383201484 -0.447660219625065 -0.41146505501126 -0.375269889350628 -0.339074722630438 -0.302879554885542 -0.266684386162688 -0.230489216509 -0.194294045973112 -0.158098874604776 -0.121903702456707 -0.0857085295921168 -0.0495133561132387 -0.0133181821442492 0.0228769921419325 0.0590721665602014
-1.05318188067622 -1.01744131928061 -0.981700757896823 -0.94596019653353 -0.910219635224537 -0.874479074006358 -0.838738512901203 -0.802997951934447 -0.767257391158429 -0.731516830628144 -0.695776270382246 -0.660035710455302 -0.624295150877581 -0.588554591662146 -0.552814032817044 -0.51707347434746 -0.481332916251625 -0.445592358502827 -0.409851801067084 -0.374111243906308 -0.338370686981379 -0.302630130292302 -0.26688957399556 -0.231149018260477 -0.195408463151265 -0.159667908673988 -0.123927354707252 -0.0881868011021181 -0.0524462477269233 -0.0167056944543235
0.989491719232522 1.02048002644948 0.918560032399164 0.785777164632067 0.732131179305352 0.821944933878028 0.928879362409816 0.921655943808091 0.839900259770117 0.75282973088044 0.677125030482822 0.616332645110834 0.576711420189593 0.575369636710417 0.611524909473958 0.601982752951997 0.48261869228414 0.348000395610147 0.299141564725694 0.304147893049969 0.297898071908037 0.240581322070237 0.193628982087995 0.21151248431972 0.219621518570656 0.144619799205819 0.0473488813824871 -0.0019060434949003 -0.0292630798255155 -0.0849411559594342
-1.011804125416 -0.979313736970387 -0.946823348409106 -0.914332959625986 -0.881842570534245 -0.849352181046288 -0.816861791051879 -0.7843714004472 -0.751881009176758 -0.719390617203327 -0.686900224514443 -0.654409831103832 -0.621919436994074 -0.589429042323155 -0.55693864726466 -0.524448252019174 -0.491957856766163 -0.459467461573642 -0.426977066455533 -0.394486671320866 -0.361996276052446 -0.32950588053783 -0.297015484683578 -0.264525088413231 -0.232034691699272 -0.19954429455254 -0.167053897088371 -0.134563499434135 -0.102073101660831 -0.0695827038253689
-1.02154412743446 -0.985652468661011 -0.949760809886356 -0.91386915114928 -0.877977492501655 -0.842085833970325 -0.806194175468933 -0.770302516923827 -0.734410858425389 -0.698519200067915 -0.662627541797309 -0.626735883522381 -0.590844225142336 -0.554952566517974 -0.519060907495275 -0.483169247899359 -0.447277587572286 -0.411385926444758 -0.375494264500109 -0.339602601843564 -0.303710938610824 -0.267819274909322 -0.231927610733421 -0.196035946062996 -0.160144280933035 -0.124252615402607 -0.0883609495719854 -0.0524692835489745 -0.0165776174302796 0.0193140486901681
-0.991193448586591 -0.957660190900646 -0.924126933281899 -0.890593675803831 -0.857060418555199 -0.823527161620454 -0.789993905051534 -0.756460648903247 -0.722927393274375 -0.689394138267971 -0.65586088396017 -0.622327630420377 -0.58879437770689 -0.555261125833574 -0.521727874792675 -0.488194624534414 -0.454661374978293 -0.421128125962947 -0.3875948773129 -0.354061628877082 -0.320528380510522 -0.286995132085943 -0.253461883546829 -0.219928634862612 -0.186395386035732 -0.152862137071627 -0.119328887954706 -0.0857956386748388 -0.0522623892647577 -0.0187291397679112
-1.06139100001131 -1.0235484920633 -0.985705984120768 -0.947863476206176 -0.910020968353402 -0.872178460605187 -0.834335953028311 -0.796493445714922 -0.758650938834574 -0.720808432568084 -0.682965927063908 -0.645123422462412 -0.607280918860385 -0.569438416180307 -0.531595914307147 -0.493753413150143 -0.455910912629545 -0.418068412685376 -0.380225913275731 -0.342383414411222 -0.304540916115589 -0.266698418422888 -0.228855921408441 -0.191013425124463 -0.15317092948947 -0.115328434372072 -0.077485939574947 -0.0396434449082335 -0.0018009502778319 0.0360415443864161
-0.955493121582868 -0.923102161936554 -0.890711202216323 -0.858320242336461 -0.825929282202611 -0.793538321711243 -0.761147360730755 -0.728756399142045 -0.696365436904084 -0.6639744740046 -0.631583510468273 -0.599192546329022 -0.566801581628761 -0.534410616441381 -0.5020196508308 -0.469628684789082 -0.437237718308483 -0.404846751453901 -0.372455784304717 -0.340064816925621 -0.307673849377628 -0.275282881723384 -0.242891914032058 -0.210500946369698 -0.178109978783356 -0.145719011303921 -0.113328043916656 -0.0809370765968521 -0.048546109325556 -0.0161551420852531
-0.912971611838564 -0.886063024839193 -0.85936968615936 -0.833058539307717 -0.807175016224055 -0.781710141346155 -0.756558820672627 -0.731621700835335 -0.706918509438338 -0.682439997288979 -0.657941927035536 -0.633121314286517 -0.607674578390207 -0.581295753653992 -0.553682915291621 -0.524552687183192 -0.493706472833995 -0.461266245583736 -0.427414026516276 -0.392251457857669 -0.355860087119525 -0.318371184015858 -0.280114907070313 -0.241459397097252 -0.202725835264274 -0.164204391589258 -0.126108151137968 -0.088567931266928 -0.051462563447821 -0.0146078826811192
-1.01783050922267 -0.983876781557152 -0.949923053846122 -0.915969326059709 -0.882015598240699 -0.848061870464101 -0.814108142861169 -0.780154415552319 -0.746200688558362 -0.712246961854149 -0.678293235330298 -0.644339508856364 -0.610385782274116 -0.576432055314167 -0.542478327714202 -0.508524599351354 -0.474570870166129 -0.440617140213091 -0.406663409598309 -0.372709678519804 -0.338755947198585 -0.304802215846507 -0.270848484638805 -0.23689475371135 -0.20294102307919 -0.168987292692062 -0.135033562359319 -0.101079831903989 -0.0671261013442136 -0.0331723707469079
-0.981576318410225 -0.948653814927868 -0.91573131137243 -0.882808807676862 -0.849886303755559 -0.816963799533993 -0.784041295000495 -0.751118790178738 -0.71819628517091 -0.685273780094247 -0.652351275047684 -0.619428770125579 -0.58650626541272 -0.553583760955636 -0.520661256769939 -0.487738752785848 -0.454816248923236 -0.421893745145996 -0.388971241448687 -0.356048737904531 -0.323126234606414 -0.290203731639322 -0.257281229056634 -0.224358726893763 -0.191436225145874 -0.158513723800454 -0.12559122285453 -0.0926687222871149 -0.059746221995631 -0.0268237218571012
0.972253410070458 0.937915225273394 0.903577040404648 0.86923885535035 0.834900669951583 0.80056248407576 0.766224297740644 0.731886110958879 0.697547923572276 0.66320973541176 0.628871546435562 0.594533356633735 0.560195165995055 0.525856974503161 0.491518782133443 0.457180588833407 0.422842394574777 0.388504199454033 0.354166003588047 0.31982780705051 0.285489609904317 0.251151412197406 0.216813213917873 0.18247501504454 0.148136815578968 0.113798615557284 0.079460415131158 0.0451222144661367 0.0107840136677476 -0.0235541871734871
-0.991227680620876 -0.955894796350117 -0.920561912089725 -0.885229027793393 -0.849896143406967 -0.814563258882406 -0.779230374203994 -0.743897489385157 -0.708564604523598 -0.673231719735774 -0.6378988351289 -0.602565950807884 -0.567233066879907 -0.531900183461268 -0.496567300661214 -0.461234418551683 -0.425901537186637 -0.39056865658544 -0.355235776748095 -0.319902897631758 -0.284570019182869 -0.249237141323047 -0.213904263874603 -0.178571386665299 -0.143238509643995 -0.107905632790176 -0.0725727560847332 -0.0372398795055002 -0.00190700301669306 0.0334258734208778
-0.961384032147916 -0.939640481702144 -0.918329623486096 -0.897727315150989 -0.876882211593809 -0.854362943946088 -0.82804525103177 -0.796092350919015 -0.758510270960448 -0.715952604822405 -0.669820402141598 -0.621701576547335 -0.573072202657991 -0.524960999048199 -0.478328813735085 -0.434312368549477 -0.393898789552253 -0.357300945910795 -0.324530636222118 -0.295569633695248 -0.270392205192215 -0.248643885208824 -0.228655278775984 -0.20855735688239 -0.186997483812772 -0.162674893689474 -0.133979906689259 -0.0998599828745041 -0.0618000557956345 -0.0219194273750859
-1.02981314018562 -1.08718050256671 -0.987273141215453 -0.883763826447326 -0.834503900131331 -0.851076754829371 -0.855815414321386 -0.781039897498677 -0.688268572479926 -0.649558173814869 -0.649920552550048 -0.652606338856209 -0.628217163363569 -0.576758658540235 -0.504733791461874 -0.415230865796513 -0.317723124651834 -0.250638232301778 -0.244811760078557 -0.271756486381199 -0.288154491375436 -0.2637902230752 -0.220857600887227 -0.191741534454021 -0.19718142296835 -0.230275119513095 -0.185199803181298 0.00720049862936259 0.170493691312853 0.0668506634610484
-1.0440686067869 -1.00441648402893 -0.964856999112894 -0.925461375492281 -0.88629410780442 -0.847414434178323 -0.808867295525864 -0.770699873405144 -0.732982609176314 -0.695786343858741 -0.659160257306602 -0.623148114082779 -0.587777413833034 -0.553010596534654 -0.51879413024464 -0.485075655007325 -0.451797119273863 -0.418876533135359 -0.386224816736815 -0.353748468798874 -0.321352882686087 -0.288960800859575 -0.256564362166737 -0.224174416786553 -0.19180726383806 -0.159479861412516 -0.127206354550011 -0.094993413143836 -0.062820619551234 -0.0306607842454385
-1.01049128212216 -0.976051180003469 -0.941612387796155 -0.907172118348369 -0.872706464380927 -0.838183935453557 -0.803563828608962 -0.768809765443269 -0.733911878283295 -0.698864365299982 -0.663651177310072 -0.628253703291759 -0.592653791684737 -0.556835128774704 -0.520788730311682 -0.484533092056986 -0.448093272088911 -0.411493097742374 -0.374756750304147 -0.337911057611787 -0.30098350914055 -0.264001867130463 -0.226994984880632 -0.189990063429123 -0.153006603710737 -0.116060231922511 -0.0791587754136874 -0.0423043495939564 -0.00548402096260114 0.0313189062086972
-1.02811994112817 -0.992592758210692 -0.957065575272357 -0.921538392237966 -0.886011209058235 -0.850484025709696 -0.814956842246226 -0.779429658741928 -0.743902475274457 -0.708375291911831 -0.672848108679948 -0.637320925594176 -0.60179374266288 -0.566266559866408 -0.530739377175974 -0.495212194554266 -0.45968501197052 -0.424157829428676 -0.388630646919622 -0.353103464347322 -0.317576281594012 -0.2820490985617 -0.24652191523149 -0.210994731610619 -0.175467547731763 -0.139940363631788 -0.104413179338873 -0.0688859948824016 -0.0333588103052649 0.00216837434626869
-0.949019118139292 -0.841538631853048 -0.831399397422896 -0.875780171440854 -0.915021841437768 -0.902731917023648 -0.862422265186295 -0.825411085819294 -0.784337553061561 -0.726156208902772 -0.653762092490288 -0.574035367260893 -0.504233023562327 -0.503119359386156 -0.599011442564146 -0.656930112645061 -0.559771220343089 -0.425226889317146 -0.387894697650407 -0.415197768178371 -0.432765609924615 -0.386823926106784 -0.305983196718782 -0.229131136596755 -0.153879623169551 -0.0824660228816943 -0.0769054956477376 -0.164471248621892 -0.173690884446982 0.116594395362015
-1.07333295803152 -1.03584117168079 -0.99826502900308 -0.960533477378144 -0.922610122778576 -0.884475110272021 -0.846140082713502 -0.80763324737297 -0.769017571392704 -0.730366811778402 -0.691763125117135 -0.653290767891313 -0.615044994052612 -0.577165047429769 -0.539788669920147 -0.503003605818539 -0.466874387211046 -0.431422694951552 -0.39663925027886 -0.362433787203668 -0.328695792929645 -0.295318182024477 -0.262207578511912 -0.229289850446708 -0.196554132551594 -0.16399050197309 -0.131529538884897 -0.0990987639330589 -0.0666729566257873 -0.0342387111868382
0.97611389108641 0.945038501687114 0.913950429200811 0.882827789995158 0.851641900978014 0.820368605727351 0.789008653961393 0.757567101268376 0.726041320576338 0.694423713368231 0.662694478006862 0.630830762075002 0.598808725790787 0.566600579913824 0.534182964899305 0.501554189443297 0.468720013970202 0.43569433757687 0.402491276602614 0.369117677684162 0.335578570032594 0.301883406408472 0.268059333770288 0.234136997048632 0.200143338864573 0.166106484872395 0.132062995168775 0.0980439695934382 0.0640502325158978 0.0300750394381146
-1.01879490172753 -0.984109751180759 -0.949424600631868 -0.914739450099249 -0.880054299768122 -0.845369149851758 -0.810684000508799 -0.77599885188514 -0.741313704130312 -0.706628557366353 -0.671943411601671 -0.637258266816265 -0.602573122981641 -0.567887980035308 -0.533202837929054 -0.498517696705763 -0.463832556420529 -0.429147417086167 -0.394462278693165 -0.359777141184959 -0.325092004493222 -0.29040686852764 -0.255721733109949 -0.221036598070187 -0.186351463359562 -0.151666328947002 -0.116981194751157 -0.0822960606863248 -0.0476109266996822 -0.0129257927466245
-1.02413996756218 -0.987847125122168 -0.951554282588721 -0.915261439900048 -0.878968596990068 -0.842675753797185 -0.806382910282043 -0.770090066409561 -0.733797222139534 -0.697504377444271 -0.66121153235125 -0.624918686901739 -0.588625841157848 -0.552332995265032 -0.516040149368729 -0.479747303530941 -0.443454457759057 -0.40716161192545 -0.370868765886834 -0.334575919572304 -0.298283072929054 -0.261990225917202 -0.225697378548569 -0.189404530855372 -0.1531116828997 -0.116818834739121 -0.0805259863832518 -0.0442331378391466 -0.00794028915155253 0.0283525596253593
-0.990417167378363 -0.956754168184913 -0.923091169145825 -0.889428170392588 -0.85576517196244 -0.82210217387734 -0.788439176192388 -0.754776178951584 -0.721113182121398 -0.687450185625311 -0.653787189292383 -0.620124192928064 -0.58646119636018 -0.552798199506059 -0.519135202296384 -0.485472204625753 -0.451809206405011 -0.418146207646067 -0.384483208366291 -0.35082020850383 -0.317157207977027 -0.283494206714146 -0.249831204683129 -0.216168201893793 -0.182505198483771 -0.148842194614372 -0.115179190413811 -0.0815161859947306 -0.047853181440583 -0.014190176827524
0.935883926360536 0.895757273872634 0.856672726193691 0.816788401307873 0.778842408865952 0.746756308976897 0.724605471915848 0.714197097333155 0.708111892213832 0.697700630098863 0.678620843418441 0.647606754325062 0.603534096946257 0.553844653309696 0.506371155824157 0.461944090522693 0.4194148723723 0.376720878451444 0.332488859641952 0.289017099927599 0.249521766567651 0.217359071800086 0.196445407777742 0.188568329045369 0.186439859800522 0.179765231921378 0.155298038355811 0.10295802359056 0.0282811771981434 -0.0592924499774766
-1.02994203390088 -0.988890584043999 -0.947906464482411 -0.907102175697705 -0.866679382011699 -0.826844613993131 -0.787734703358192 -0.749460684897494 -0.712100104551889 -0.675696157367929 -0.640188123664724 -0.605489305079527 -0.571499367132205 -0.538063430873096 -0.505052971020421 -0.472499421433464 -0.440434914917613 -0.408734420921612 -0.377249296666481 -0.345893613818982 -0.314597122657311 -0.283304014468756 -0.252016244576966 -0.2207461069566 -0.189489486149979 -0.158234154782929 -0.126951847247628 -0.0956207383747953 -0.0642608029829568 -0.0329024658875902
-1.01148798245109 -0.97518836992928 -0.938888757313163 -0.902589144579245 -0.86628953180924 -0.829989919100761 -0.793690306509826 -0.757390694096073 -0.721091081975224 -0.68479147027789 -0.648491859138152 -0.612192248690959 -0.575892639058712 -0.539593030313615 -0.503293422498946 -0.466993815592481 -0.430694209560743 -0.394394604390756 -0.358095000066817 -0.321795396541814 -0.285495793760782 -0.249196191647206 -0.212896590038368 -0.176596988771177 -0.140297387767252 -0.10399778696613 -0.0676981862943028 -0.0313985856853131 0.00490101488603697 0.0412006154346313
-0.996699886320284 -0.962330626102114 -0.927961365859437 -0.893592105509197 -0.85922284490698 -0.824853583919005 -0.790484322515381 -0.756115060676719 -0.721745798321741 -0.687376535336761 -0.653007271540317 -0.618638006734006 -0.584268740733109 -0.549899473407635 -0.515530204679967 -0.481160934627236 -0.446791663375039 -0.412422391088063 -0.378053117950525 -0.343683844185673 -0.309314570026505 -0.274945295698179 -0.240576021394477 -0.206206747271697 -0.171837473367588 -0.137468199703698 -0.103098926355326 -0.0687296533752591 -0.0343603806724875 8.89187994809544e-06
-1.04434729964766 -1.00727906934602 -0.970210839150452 -0.933142609153381 -0.896074379358931 -0.859006149747906 -0.821937920296153 -0.784869690971178 -0.747801461712063 -0.710733232432835 -0.673665002975734 -0.636596773165049 -0.599528542850372 -0.562460311982488 -0.525392080552418 -0.488323848610918 -0.451255616217748 -0.41418738340894 -0.377119150199196 -0.340050916541631 -0.302982682373963 -0.265914447659552 -0.228846212464334 -0.191777976880155 -0.154709740999942 -0.117641504910253 -0.0805732686710833 -0.0435050323328628 -0.0064367959343044 0.0306314404888074
0.95315055183465 0.917824965166441 0.885350459105774 0.858218629502869 0.83512780037573 0.813729249429718 0.791279340951814 0.765437110870294 0.735867195096983 0.70296908802608 0.668076117997738 0.632755071838596 0.598532614069047 0.566774919984503 0.538220369812707 0.511256652735711 0.483859124398636 0.454704497344565 0.42234813280871 0.384158629896834 0.337207897182334 0.280371846828743 0.219742405360122 0.162797092069961 0.115339782968959 0.0812848364803631 0.058662183960424 0.0440774135221623 0.0343231673726661 0.0262388512425412
-0.970669007265615 -0.938516602219033 -0.906364197185172 -0.874211792158488 -0.842059387155998 -0.809906982194971 -0.777754577271115 -0.745602172350416 -0.713449767301533 -0.681297361986208 -0.649144956335834 -0.616992550299216 -0.58484014384483 -0.552687737019823 -0.520535329900991 -0.48838292260504 -0.456230515267431 -0.424078108058729 -0.391925701125062 -0.359773294479687 -0.327620888102647 -0.295468481969645 -0.263316076039034 -0.231163670267492 -0.199011264622346 -0.166858859077106 -0.134706453619368 -0.102554048237768 -0.0704016429110193 -0.0382492376153543
-0.977378340326184 -0.944260221186243 -0.911142102149525 -0.878023983319246 -0.844905864804319 -0.811787746698269 -0.77866962902736 -0.745551511809499 -0.712433395096415 -0.679315278951152 -0.646197163448205 -0.613079048664925 -0.579960934669569 -0.546842821493993 -0.513724709149044 -0.480606597597939 -0.447488486795644 -0.414370376711772 -0.381252267307306 -0.348134158494073 -0.315016050171608 -0.281897942233371 -0.248779834548505 -0.215661726994997 -0.182543619510521 -0.14942551205949 -0.116307404653594 -0.0831892973116637 -0.050071190033806 -0.0169530828154466
-0.997602714499883 -0.963136150667081 -0.928669586773356 -0.894203022759418 -0.859736458531247 -0.8252698939878 -0.790803329034666 -0.756336763631591 -0.721870197948338 -0.687403632208977 -0.652937066644797 -0.61847050148889 -0.584003936947665 -0.549537373120802 -0.515070810078996 -0.480604247883745 -0.446137686565463 -0.411671126039417 -0.377204566189809 -0.342738006891716 -0.308271448017933 -0.273804889440722 -0.239338331030202 -0.204871772663097 -0.170405214244685 -0.135938655713686 -0.101472097114037 -0.0670055385047398 -0.0325389798998311 0.00192757869789183
-0.967177353316965 -0.932884537528838 -0.898591721636573 -0.864298905513662 -0.8300060890006 -0.795713271943963 -0.761420454247653 -0.727127635847899 -0.692834816752915 -0.658541996994709 -0.624249176628477 -0.589956355715213 -0.555663534328173 -0.521370712589653 -0.487077890620801 -0.452785068489107 -0.418492246230403 -0.384199423807529 -0.349906601173195 -0.315613778312571 -0.281320955218944 -0.247028131881583 -0.212735308273684 -0.178442484365591 -0.144149660132315 -0.10985683557572 -0.0755640108004135 -0.0412711859250291 -0.0069783610215462 0.0273144638497187
-1.00255568220389 -0.96905970160098 -0.935552881784475 -0.902017220538748 -0.868385598102872 -0.834579362457577 -0.800522850095525 -0.76615963604005 -0.731507260925246 -0.696590697006211 -0.661390677411313 -0.625876875487235 -0.590020781434287 -0.553801152867287 -0.517194267808916 -0.480159218498795 -0.442656163456858 -0.404666712107348 -0.366182938497449 -0.327217324261796 -0.287787452931886 -0.247919784397418 -0.207676283980893 -0.167126083116013 -0.126331472248481 -0.0853599513900812 -0.0443066998049374 -0.00325745064277692 0.0377675266565932 0.0787643285808458
0.990416110495093 0.955385374413026 0.920354638367392 0.885323902394084 0.850293166492333 0.815262430670801 0.780231695012542 0.745200959628038 0.710170224663065 0.675139490239887 0.640108756351402 0.605078022958169 0.570047290001623 0.535016557346714 0.499985824844496 0.464955092366929 0.429924359787517 0.394893626965042 0.359862893771089 0.324832160143178 0.289801426035314 0.254770691428188 0.219739956409236 0.184709221118238 0.149678485797609 0.114647750663747 0.0796170157263607 0.0445862809375028 0.00955554622530165 -0.0254751884880963
-0.994718517621801 -0.960791061177463 -0.926863604837192 -0.892936148732894 -0.859008693060472 -0.825081238024991 -0.791153783804162 -0.75722633055817 -0.723298878404455 -0.68937142742033 -0.655443977565362 -0.621516528769681 -0.587589080930248 -0.553661633811352 -0.519734187142803 -0.485806740649167 -0.451879294093102 -0.417951847394883 -0.384024400517306 -0.350096953435631 -0.316169506128239 -0.282242058544044 -0.248314610514109 -0.214387161881388 -0.180459712654244 -0.146532262901917 -0.112604812771747 -0.0786773624169753 -0.0447499119363588 -0.0108224614150319
-1.04973113548729 -1.00897319958121 -0.968313457322107 -0.927801737483956 -0.887500574988834 -0.847480965903038 -0.807835044721671 -0.768656206190116 -0.730021747626093 -0.69200990491235 -0.654718765619426 -0.618251380239806 -0.582691504561779 -0.548045715556836 -0.514272811147562 -0.481217651877703 -0.448734321366041 -0.416827732910327 -0.385526103934013 -0.354800038684383 -0.324605738114679 -0.294906977224898 -0.265697827202061 -0.236970073506067 -0.208676062501307 -0.180756426505982 -0.153144380749063 -0.125769149232107 -0.0985514081362603 -0.0714096966875651
-0.950823298297924 -0.918882974058943 -0.886942649944557 -0.85500232601995 -0.823062002268266 -0.791121678638604 -0.759181355025931 -0.727241031336352 -0.695300707574657 -0.663360383763554 -0.631420059898712 -0.599479735969044 -0.56753941198377 -0.535599088033336 -0.503658764209983 -0.471718440531904 -0.439778116976307 -0.4078377934305 -0.375897469766702 -0.343957145886664 -0.312016821699516 -0.280076497110109 -0.248136172006167 -0.216195846275961 -0.184255519827073 -0.152315192614921 -0.120374864766934 -0.0884345364539358 -0.0564942078482979 -0.0245538791227808
-0.98233224374155 -0.947493049709316 -0.91265385582986 -0.877814662239678 -0.842975469028816 -0.808136276273098 -0.773297084037895 -0.738457892406173 -0.703618701541714 -0.668779511612331 -0.633940322721147 -0.599101134955117 -0.56426194838286 -0.529422762999667 -0.494583578765399 -0.459744395571528 -0.424905213278402 -0.390066031690278 -0.355226850608807 -0.320387669881312 -0.285548489366532 -0.25070930896296 -0.215870128728103 -0.181030948735729 -0.146191768965657 -0.11135258937764 -0.0765134099451162 -0.0416742306413466 -0.00683505142518263 0.0280041277481262
-0.852547314981772 -0.951609956550688 -0.97458025397299 -0.917148005714506 -0.86007917997087 -0.870934704277139 -0.879379173796261 -0.809758460555085 -0.703039876408176 -0.61935671104411 -0.578884725659796 -0.591810299329222 -0.647272582540628 -0.650221811439251 -0.529583161341558 -0.394370478591948 -0.358447577461611 -0.374989472900981 -0.373252688239252 -0.347508579641429 -0.308282211481469 -0.263301157922457 -0.209103032283989 -0.142389531371659 -0.071708646778551 -0.0147968424427757 -0.014298176895061 -0.0927189878574586 -0.167107135224699 -0.128145859434681
-1.01714271626157 -0.980979861915178 -0.944817007524807 -0.908654153077592 -0.872491298635066 -0.836328444288077 -0.800165590170344 -0.76400273638455 -0.727839882866347 -0.691677029502526 -0.655514176151434 -0.619351322664308 -0.583188468903592 -0.547025614776544 -0.510862760211065 -0.474699905172802 -0.438537049642006 -0.402374193619593 -0.366211337104645 -0.330048480068245 -0.293885622474477 -0.257722764291352 -0.221559905502599 -0.185397046113366 -0.149234186198762 -0.113071325853401 -0.0769084651799575 -0.0407456042777568 -0.00458274322467315 0.031580117906782
-0.964583836668064 -0.931478773265615 -0.898373709788447 -0.865268646175713 -0.832163582433621 -0.799058518560642 -0.765953454457267 -0.732848389996303 -0.699743325037805 -0.666638259460476 -0.633533193230376 -0.6004281263354 -0.567323058758753 -0.534217990464876 -0.501112921433217 -0.468007851722014 -0.434902781413967 -0.401797710610803 -0.368692639416126 -0.335587567921988 -0.302482496217557 -0.269377424400242 -0.236272352600414 -0.203167280931385 -0.170062209405262 -0.136957137996435 -0.103852066629631 -0.0707469952324025 -0.0376419237932636 -0.0045368523159693
-0.997265417277124 -0.961948016869601 -0.926666223491994 -0.891463063295784 -0.856206131659885 -0.820691389045067 -0.78460368701209 -0.747648326196029 -0.709723512429225 -0.670852641057768 -0.631366960285451 -0.591674681530496 -0.552211560496536 -0.513523530028845 -0.476121725021505 -0.440267911422189 -0.40612325473473 -0.373695887633998 -0.342975659741243 -0.314032321292194 -0.286955597676201 -0.261756798729084 -0.238133572072553 -0.215747362528436 -0.194428465933148 -0.174079101985742 -0.154720334821222 -0.136338598361955 -0.118662961243804 -0.101358150781009
-1.00896100076744 -0.975325027458845 -0.941689054203331 -0.908053081033399 -0.874417107969982 -0.840781135011548 -0.807145162078262 -0.77350918909113 -0.739873216052815 -0.706237242995394 -0.67260126998694 -0.638965297104524 -0.605329324417582 -0.571693351965005 -0.538057379786535 -0.504421407955838 -0.470785436555972 -0.437149465673626 -0.403513495401451 -0.369877525852322 -0.336241557144172 -0.302605589385727 -0.268969622648898 -0.235333656957473 -0.201697692179573 -0.168061728135668 -0.134425764611309 -0.100789801404653 -0.0671538383992017 -0.0335178754997968
-0.986870491633777 -0.951495818165441 -0.916121144744561 -0.880746471411806 -0.845371798221383 -0.809997125260394 -0.774622452733979 -0.739247780834194 -0.703873109582724 -0.668498438934159 -0.633123768745084 -0.597749098847585 -0.562374429085412 -0.526999759348983 -0.491625089553216 -0.456250419664372 -0.420875749674701 -0.385501079629069 -0.350126409559885 -0.314751739397123 -0.279377069045147 -0.244002398420289 -0.208627727486747 -0.173253056237806 -0.137878384735243 -0.102503713066278 -0.0671290413513962 -0.0317543696950911 0.00362030189540135 0.0389949734371586
-1.01012929188305 -0.97463545455725 -0.939141617259858 -0.90364778005231 -0.868153943046337 -0.832660106363318 -0.797166270112941 -0.761672434372909 -0.72617859910465 -0.690684764223438 -0.65519092957618 -0.619697094992693 -0.58420326032086 -0.548709425480828 -0.513215590412323 -0.4777217550611 -0.442227919352774 -0.406734083126361 -0.371240246209698 -0.335746408472514 -0.300252569795012 -0.264758730106726 -0.229264889534517 -0.193771048248302 -0.158277206392893 -0.122783364109739 -0.0872895215519345 -0.0517956788542314 -0.0163018360663603 0.0191920067832034
0.998858600112204 0.965293624895695 0.931728649751091 0.898163674712453 0.864598699783597 0.831033724943091 0.797468750098771 0.763903775144096 0.730338799985755 0.696773824568262 0.663208848974201 0.629643873320678 0.596078897721156 0.56251392227453 0.52894894708844 0.495383972320048 0.461818998157921 0.428254024866696 0.394689052693119 0.361124081736271 0.327559112058322 0.293994143683329 0.260429176482913 0.226864210294633 0.193299244972249 0.159734280374961 0.126169316367543 0.0926043528168202 0.059039389592255 0.02547442656397
0.930420385009129 0.904577903274153 0.878626873136885 0.852451573862211 0.82597416333241 0.799129452187072 0.771864983477636 0.744117642938815 0.715768954626557 0.686699817166409 0.656843989141074 0.626148444122543 0.594570360903475 0.562107739159196 0.528797435484156 0.494790913266633 0.460250251000124 0.425265380805174 0.389906507257445 0.354237071126022 0.318318822228345 0.282205679484965 0.245920238228865 0.209479145344083 0.172906577506414 0.136226874815216 0.0994575012723171 0.0626184695845566 0.025746863376342 -0.0111159659985276
-1.04055148139285 -0.999953942086266 -0.959353804071083 -0.918771171555563 -0.878262569144698 -0.837887317670605 -0.797679502477165 -0.75768432145075 -0.718016658135923 -0.678797781804194 -0.64010481897669 -0.602003860486935 -0.56454479691284 -0.527712717809849 -0.491469355558458 -0.455747814861857 -0.420474467462137 -0.3855773809343 -0.350988538952482 -0.31665389375444 -0.28252288971883 -0.248533879800954 -0.214580851262679 -0.180570001294099 -0.146500732491641 -0.112402184613379 -0.0783292406576515 -0.0443301841793669 -0.0104011577194606 0.0234747314346262
-1.0826043573709 -1.04459190927229 -1.00657946119504 -0.968567013149768 -0.930554565142133 -0.892542117170312 -0.854529669207596 -0.816517221232171 -0.778504773266705 -0.740492325324034 -0.702479877333182 -0.664467429202223 -0.626454980844471 -0.588442532194209 -0.550430083202387 -0.51241763386566 -0.474405184195931 -0.436392734220389 -0.398380283968543 -0.360367833463891 -0.322355382728432 -0.284342931790977 -0.2463304807076 -0.208318029538676 -0.17030557833452 -0.132293127114257 -0.0942806757823093 -0.0562682242497539 -0.0182557725689766 0.0197566791723082
-0.944847499741719 -0.914058127132475 -0.883268754507392 -0.852479381850172 -0.821690009217965 -0.790900636673039 -0.760111264224697 -0.729321891880134 -0.69853251969108 -0.667743147714347 -0.636953775982535 -0.606164404522187 -0.575375033320188 -0.544585662204772 -0.51379629097974 -0.483006919509805 -0.452217547690057 -0.421428175476174 -0.390638802840661 -0.359849429762726 -0.329060056223254 -0.298270682217344 -0.26748130779696 -0.236691933026965 -0.205902557966974 -0.175113182687205 -0.144323807305553 -0.113534431931774 -0.0827450565954206 -0.0519556813059913
