-0.989311411564473 -0.956266594475627 -0.923221515689712 -0.890175876202433 -0.857129334670703 -0.824081537611299 -0.791032125319232 -0.75798076538628 -0.724927240813041 -0.691871403602896 -0.658813266361526 -0.625752881845185 -0.592690310098192 -0.559625640317114 -0.526558956119535 -0.493490289654855 -0.460419655122963 -0.427347046393888 -0.394272510405817 -0.361196326699439 -0.328118832966068 -0.295040379912106 -0.26196137030431 -0.228882193340724 -0.195803131884179 -0.162724394723125 -0.129646000683715 -0.0965679055209101 -0.0634900026672111 -0.0304121699745038
-0.968472889860335 -0.936428250207414 -0.904383610513465 -0.87233897070728 -0.840294330736577 -0.808249690563125 -0.776205050185977 -0.744160409618025 -0.712115768890251 -0.680071128045029 -0.648026487152233 -0.615981846288608 -0.583937205519623 -0.551892564865642 -0.519847924312304 -0.487803283751456 -0.455758643049871 -0.423714002067822 -0.391669360697595 -0.359624718966022 -0.327580076933574 -0.295535434670229 -0.263490792283997 -0.231446149863223 -0.199401507379559 -0.167356864791559 -0.135312222122066 -0.103267579403792 -0.0712229366446202 -0.039178293846229
-1.01681632504826 -0.98171422002034 -0.94661211507172 -0.911510010286989 -0.87640790570026 -0.841305801298373 -0.806203696929563 -0.771101592416548 -0.735999487618592 -0.700897382432509 -0.665795276868768 -0.630693170966254 -0.595591064744355 -0.560488958144474 -0.525386851103588 -0.490284743618958 -0.455182635713924 -0.420080527455879 -0.384978418935666 -0.349876310293877 -0.314774201683543 -0.279672093255828 -0.244569985154423 -0.209467877515035 -0.174365770448909 -0.139263664015494 -0.104161558091531 -0.0690594525157868 -0.0339573471578699 0.00114475810490443
-1.07026744803198 -1.03152599727942 -0.992784546506839 -0.954043095658398 -0.915301644631763 -0.876560193302451 -0.837818741503836 -0.799077289082107 -0.760335835976872 -0.72159438215399 -0.682852927590904 -0.644111472267957 -0.605370016173684 -0.566628559329399 -0.527887101784332 -0.48914564366662 -0.450404185099284 -0.41166272610598 -0.372921266687923 -0.334179806855913 -0.295438346623152 -0.256696886011475 -0.217955425077268 -0.179213963899209 -0.140472502610611 -0.101731041334388 -0.0629895800972369 -0.0242481189007422 0.0144933422577529 0.0532348033819649
-1.03228253851773 -0.997137975802295 -0.961993413097405 -0.92684885042412 -0.891704287782224 -0.856559725175536 -0.821415162645283 -0.786270600190797 -0.751126037606443 -0.715981474692153 -0.680836911475126 -0.645692348039376 -0.610547784455886 -0.575403220743533 -0.540258656909817 -0.505114092968861 -0.469969528913836 -0.434824964647473 -0.399680400070041 -0.364535835162395 -0.329391269925535 -0.294246704363896 -0.259102138495648 -0.223957572345331 -0.188813005949232 -0.153668439354413 -0.118523872639285 -0.0833793058809736 -0.0482347391200997 -0.0130901723881588
-0.984060421190413 -0.949812206132299 -0.915563991221907 -0.881315776540191 -0.847067562090068 -0.812819347862362 -0.778571133877548 -0.744322920188955 -0.710074706951683 -0.675826494337569 -0.641578282483647 -0.607330071518247 -0.573081861550665 -0.538833652614065 -0.504585444717329 -0.47033723784836 -0.436089031978033 -0.401840827030096 -0.367592622926422 -0.333344419628511 -0.299096217107774 -0.264848015343507 -0.230599814346567 -0.196351614112193 -0.162103414541597 -0.127855215520428 -0.0936070169661076 -0.0593588187932311 -0.0251106208733189 0.00913757693287779
-1.01410213027253 -0.981427619171104 -0.948726654317689 -0.915982957112982 -0.883176817725453 -0.850296135320655 -0.817362676284689 -0.784396556155049 -0.751377419854251 -0.71827111363594 -0.685028759693257 -0.65159779920422 -0.617926589315271 -0.583967151046559 -0.549671156456497 -0.514985217882845 -0.47985698766961 -0.444243337906422 -0.408120549972503 -0.37153332265983 -0.334543459113564 -0.297221778144569 -0.259675161226513 -0.222004608874774 -0.184251535108772 -0.146441898180923 -0.108599419771584 -0.0707445695820953 -0.0328870459697753 0.00496614554406095
-0.99618275988519 -0.961715985801401 -0.927248644101133 -0.892779835918663 -0.858309644316325 -0.823838094843613 -0.7893640010706 -0.754885884285484 -0.720402308628383 -0.68591162141531 -0.651411259813939 -0.616898433454857 -0.582370554449396 -0.547825844831859 -0.513262914675157 -0.478681116283677 -0.444080065813426 -0.409459692595445 -0.374819919396232 -0.340160329549076 -0.305480421528967 -0.27077952192631 -0.236056269793181 -0.201309701725023 -0.166541132029083 -0.131752900577264 -0.0969491717882972 -0.0621344393566564 -0.0273126895329723 0.00751221829308562
-1.0496016685562 -1.01338444776471 -0.977128606844742 -0.940614781662084 -0.903676034106062 -0.866129789625935 -0.82767850188716 -0.788105388495241 -0.74763169459968 -0.706587155328453 -0.665297438179434 -0.624087193742973 -0.583217605924469 -0.54269599188953 -0.502535223663784 -0.463024259452738 -0.42448692889069 -0.387110461147194 -0.351072445689068 -0.316648513636915 -0.284138806524779 -0.253763106268785 -0.225419756313357 -0.198893493843315 -0.17383606947675 -0.14984056501955 -0.126398373595537 -0.103054401550411 -0.0796692967994747 -0.0561826426504293
-0.953285770719679 -0.921943572769113 -0.890601374831751 -0.859259176920937 -0.827916979022617 -0.796574781089365 -0.765232582967669 -0.733890384504977 -0.70254818565867 -0.671205986411061 -0.639863786734255 -0.608521586597806 -0.577179385977368 -0.545837184872987 -0.514494983294986 -0.483152781270381 -0.45181057881071 -0.420468375848897 -0.389126172317246 -0.357783968224184 -0.326441763597164 -0.295099558461517 -0.263757352834068 -0.232415146729121 -0.201072940159398 -0.169730733152795 -0.138388525799473 -0.107046318202341 -0.0757041104530244 -0.0443619026403307
-0.99290150289203 -0.963425722216174 -0.933885197712959 -0.904178045310341 -0.874112709579085 -0.843510558550286 -0.812334325453555 -0.780574369415641 -0.748190187953309 -0.715135177308549 -0.681369190234216 -0.646853693610883 -0.6115585286858 -0.57548703417293 -0.538667249581831 -0.501192520137712 -0.463163014143175 -0.424640886494733 -0.385673597190051 -0.34628784003749 -0.30650511729809 -0.266361994663862 -0.225955291550731 -0.185387585294425 -0.144724231185985 -0.104004151588732 -0.0631977591998061 -0.0222752175376791 0.0187257969276507 0.059750729488304
-0.846971220515066 -1.06308966166091 -0.890377208870237 -0.924884147120647 -1.01091140447098 -0.90630926658723 -0.774874806482698 -0.803821408738766 -0.868080916861791 -0.814492613499329 -0.689807078938763 -0.590752717877431 -0.582282830666262 -0.60225030027055 -0.5787306442977 -0.527790336309186 -0.480761700901701 -0.44204951085872 -0.408317458597496 -0.372192466883606 -0.325292266069709 -0.265187359812901 -0.213259344988032 -0.183146790649361 -0.133705061351018 -0.0400102881525089 0.00319512736503373 -0.0722626972252827 -0.108617297211765 0.108382878901929
-0.990185884761246 -0.956877083054824 -0.923568281505896 -0.8902594802498 -0.856950679388131 -0.823641878987147 -0.790333079005509 -0.757024279379629 -0.723715480064523 -0.690406681005055 -0.657097882086864 -0.623789083180788 -0.590480284156708 -0.5571714848807 -0.523862685212553 -0.490553884990727 -0.457245084076243 -0.423936282441686 -0.390627480088988 -0.357318677025897 -0.324009873261616 -0.290701068799926 -0.257392263622918 -0.224083457718759 -0.190774651121618 -0.157465843895238 -0.124157036175658 -0.0908482281113552 -0.057539419828267 -0.0242306114466942
-1.02372933666401 -0.987350579543629 -0.950971822374756 -0.91459306515031 -0.878214307942903 -0.841835550836638 -0.805456793881878 -0.769078037130423 -0.732699280673546 -0.696320524606463 -0.659941769000704 -0.623563013921872 -0.587184259453213 -0.550805505748536 -0.514426752951575 -0.478048001095186 -0.441669250195868 -0.405290500315563 -0.36891175152131 -0.332533003855079 -0.296154257352577 -0.259775512029087 -0.223396767818195 -0.187018024605465 -0.150639282166061 -0.114260540257968 -0.0778817986808359 -0.0415030572675863 -0.00512431594253569 0.03125442534715
-1.02015445717236 -0.982719677109827 -0.945307811799826 -0.907917331704627 -0.87054051667837 -0.83318416662102 -0.795919352223946 -0.758828180607209 -0.721972633814203 -0.685407264855476 -0.649177035686834 -0.613324510500396 -0.577895177878596 -0.542946223965124 -0.508534310246207 -0.474702302016985 -0.441484993329651 -0.408898689455715 -0.376946763939831 -0.345599352199937 -0.31481828012229 -0.284563266268132 -0.254785599898656 -0.225435353443858 -0.196466161309013 -0.167819747397659 -0.139386631631117 -0.111058186007554 -0.0827803948147343 -0.0545128954128266
-1.0028033800043 -0.968205654219027 -0.933607928400556 -0.899010202538236 -0.864412476700249 -0.829814750963896 -0.795217025364126 -0.760619299911369 -0.726021574560322 -0.691423849260308 -0.656826123994896 -0.622228398756213 -0.587630673545708 -0.553032948402115 -0.518435223340429 -0.483837498243419 -0.449239772977116 -0.414642047472841 -0.380044321696985 -0.345446595690937 -0.310848869514834 -0.276251143239697 -0.241653416980076 -0.207055690829715 -0.172457964755601 -0.137860238695179 -0.103262512594493 -0.0686647864150957 -0.0340670601719692 0.000530666106547525
-0.982929588784408 -0.951249772396901 -0.919660253406053 -0.888198157656526 -0.856792487798835 -0.825359062896057 -0.793869090855692 -0.762300374499414 -0.730601707461169 -0.698719857630398 -0.666622499106231 -0.634282532540221 -0.601672687972961 -0.568765013001197 -0.535516016444029 -0.501820734453825 -0.46757487119918 -0.432738275580332 -0.397282476861799 -0.361161581033581 -0.324325338267046 -0.286733883224025 -0.248388888528194 -0.209318409991829 -0.169614498219767 -0.129396295816097 -0.0888273185893719 -0.0480671047087475 -0.00721490858133425 0.0336450863262686
-0.985458615401834 -0.953002073234203 -0.920545531075499 -0.88808898895949 -0.855632446908295 -0.823175904962587 -0.790719363248931 -0.758262821893758 -0.725806280937075 -0.693349740371655 -0.660893200087734 -0.628436659949921 -0.595980119842388 -0.563523579727571 -0.531067039566232 -0.498610499234144 -0.466153958599225 -0.433697417582937 -0.401240876121834 -0.368784334159304 -0.336327791640439 -0.303871248515854 -0.271414704758248 -0.238958160353991 -0.206501615322046 -0.174045069701757 -0.141588523581396 -0.109131977068604 -0.0766754302995575 -0.0442188834175713
-0.983777417682638 -0.950842005374853 -0.917906593038215 -0.884971180620526 -0.852035768100903 -0.819100355501936 -0.786164942988776 -0.753229530729449 -0.720294118760924 -0.68735870709338 -0.654423295760891 -0.621487884803509 -0.588552474271897 -0.555617064259177 -0.522681654881607 -0.489746246305537 -0.456810838692479 -0.423875432134508 -0.390940026672445 -0.358004622211557 -0.325069218623221 -0.292133815778016 -0.25919841354333 -0.226263011774292 -0.19332761028017 -0.160392208892656 -0.12745680757901 -0.0945214063358103 -0.0615860051413522 -0.0286506039693608
1.03073602409862 0.994355545366608 0.957973867575046 0.921589009720926 0.885199028783351 0.848801677700178 0.81239345526216 0.775970428168416 0.739528188898641 0.70306291383061 0.66657358915385 0.630059903510825 0.593521182019259 0.556955295697924 0.520360489713446 0.48373795992284 0.44708992487393 0.410419743187415 0.373731201271368 0.337028656610513 0.300316609458735 0.263599093849994 0.226878278938562 0.190155963854321 0.153434332509295 0.116714974446609 0.0799967169516569 0.0432780289712434 0.0065587083555305 -0.0301611148194793
-0.921024991486369 -0.899122135247611 -0.877134577051876 -0.854912087577677 -0.832112165477362 -0.808403870391409 -0.783694777939008 -0.757955504766474 -0.731170315649917 -0.703317100142576 -0.674334598776401 -0.644151764828024 -0.612737705215214 -0.5802221414203 -0.546741818933448 -0.512300964711603 -0.476855564707169 -0.440301159387588 -0.402569499352749 -0.363797621217291 -0.324173883099538 -0.283888172236325 -0.243136492338519 -0.202093236193162 -0.16084023641797 -0.119442859536401 -0.0779931678642092 -0.0365787440384798 0.00475744381067749 0.0459835811798964
0.975455629933901 0.94215104392351 0.908846457904806 0.875541871868809 0.842237285699069 0.808932699262985 0.775628112470816 0.742323525241628 0.709018937486868 0.675714349105176 0.642409759951585 0.609105169870229 0.57580057871972 0.542495986416593 0.509191392923779 0.475886798331878 0.44258220275265 0.409277606254808 0.375973008903546 0.342668410793008 0.309363812024575 0.276059212687501 0.24275461282252 0.209450012462127 0.176145411654393 0.142840810470496 0.109536209058483 0.0762316075640953 0.042927006046998 0.00962240454533668
-1.0055755817487 -0.974682160370365 -0.943829492657968 -0.913023649132599 -0.882226130191306 -0.851395372909331 -0.820522131198712 -0.789607387464749 -0.758660721248974 -0.72767766612685 -0.696588974673322 -0.665309204213208 -0.633744354604552 -0.601766195838306 -0.569229036464599 -0.535951569137339 -0.501776920185971 -0.466681566538288 -0.430690425604831 -0.393888826128769 -0.356377199686427 -0.31826404852491 -0.279690157574437 -0.240788901287844 -0.201631729525298 -0.162266476093819 -0.122708435180486 -0.082974373364415 -0.0431194864127952 -0.00320857738983254
0.963888326650802 0.931854386836186 0.899820447056348 0.867786507317997 0.835752567499492 0.803718627461465 0.771684687122012 0.739650746394373 0.707616805114899 0.675582863140645 0.643548920488352 0.611514977214687 0.579481033406574 0.547447089271971 0.515413145039414 0.483379200898707 0.451345257043351 0.419311313720356 0.387277371151334 0.355243429402796 0.323209488502478 0.291175548455951 0.259141609180136 0.227107670574622 0.19507373255833 0.163039795053068 0.13100585797286 0.098971921227932 0.0669379847211151 0.0349040483533896
-1.00325862858546 -0.967557095723587 -0.931855562898473 -0.896154030142225 -0.860452497543938 -0.824750965224308 -0.78904943337346 -0.753347902179127 -0.717646371750032 -0.681944842140249 -0.646243313264252 -0.610541785001618 -0.574840257211941 -0.539138729674895 -0.503437202166978 -0.467735674531912 -0.432034146647509 -0.39633261846071 -0.36063108996117 -0.324929561240294 -0.289228032414921 -0.25352650362283 -0.217824975085556 -0.182123446998254 -0.146421919366795 -0.110720392131668 -0.0750188651611076 -0.0393173383219615 -0.00361581154778489 0.032085715211191
1.00810704079299 0.97500449178288 0.941903817297264 0.908789659364055 0.875625284702551 0.842364087431449 0.808941346575672 0.775296659464556 0.741405011738897 0.707253032142647 0.672838533520922 0.63816212474413 0.603222190964899 0.56800822246474 0.532509115822486 0.496720287677355 0.460639491878701 0.424267311056032 0.387606879635912 0.350668710453007 0.313465160944005 0.276016397127245 0.238373819347658 0.200586811993339 0.162665461298455 0.124616913667781 0.0864758543424761 0.0482802740713736 0.0100538467976291 -0.0281833327370214
-1.00248172014599 -0.967625467708048 -0.932769215271016 -0.897912962838026 -0.863056710431644 -0.828200458067612 -0.79334420571492 -0.758487953343907 -0.723631700977061 -0.688775448653125 -0.653919196423738 -0.619062944343755 -0.584206692468323 -0.549350440853744 -0.514494189542131 -0.479637938517705 -0.444781687754164 -0.409925437240994 -0.375069186987542 -0.340212937066789 -0.30535668756763 -0.270500438570645 -0.235644190123168 -0.200787942243974 -0.16593169487084 -0.131075447919983 -0.0962192013023655 -0.0613629549267118 -0.0265067086980345 0.00834953747958074
-0.974311505899785 -0.939735616186263 -0.905159726366027 -0.870583836395892 -0.836007946321967 -0.801432056200387 -0.766856166038091 -0.732280275789272 -0.697704385246322 -0.66312849418735 -0.628552602495142 -0.593976710078652 -0.559400816866736 -0.524824922867873 -0.49024902809288 -0.455673132482327 -0.421097235951842 -0.386521338387553 -0.351945439707809 -0.317369539989361 -0.282793639348556 -0.24821773790064 -0.21364183575644 -0.179065933024095 -0.144490029805408 -0.109914126206367 -0.0753382223560675 -0.0407623183759974 -0.00618641433412798 0.0283894897149491
-0.939390238109721 -0.909280367062839 -0.879170495927244 -0.84906062459635 -0.818950752910881 -0.788840880708482 -0.758731007867153 -0.728621134286938 -0.698511259915696 -0.668401384707984 -0.638291508597342 -0.608181631512059 -0.578071753395234 -0.547961874249224 -0.517851994102455 -0.487742113028371 -0.457632231125374 -0.427522348546673 -0.397412465466148 -0.367302582085532 -0.337192698613526 -0.307082815249304 -0.27697293215394 -0.246863049433381 -0.216753167011156 -0.186643284800143 -0.156533402853025 -0.126423521228038 -0.096313639865823 -0.0662037586776213
-0.998138094327008 -0.964155936492612 -0.930172694438349 -0.896186463120135 -0.86219455432512 -0.828193952815214 -0.794181118420136 -0.760152206905032 -0.726102682708939 -0.692028220984315 -0.65792603106343 -0.623793705823506 -0.589629374960513 -0.555433315445416 -0.521206624809109 -0.486951535547201 -0.452670786744177 -0.418368008875301 -0.38404711967173 -0.349712294497411 -0.315367773124491 -0.2810168615897 -0.246659130988103 -0.212293688797828 -0.177921522970909 -0.143544310333876 -0.10916460273733 -0.0747846488408847 -0.0404046095161394 -0.00602412368768866
-0.980442855962885 -0.947901283473767 -0.915359711042986 -0.882818138690696 -0.850276566394852 -0.817734994112669 -0.785193421760637 -0.7526518492711 -0.720110276680552 -0.687568704048291 -0.655027131420675 -0.62248555884083 -0.589943986345147 -0.557402413943082 -0.524860841647742 -0.492319269513759 -0.459777697592369 -0.427236125879694 -0.394694554355015 -0.362152982985357 -0.329611411734681 -0.297069840574701 -0.26452826950814 -0.231986698531583 -0.199445127586055 -0.166903556602342 -0.134361985525852 -0.101820414322426 -0.0692788430250165 -0.0367372716833567
-0.990575384104986 -0.956613620893258 -0.92265185766521 -0.888690094402004 -0.85472833106522 -0.820766567621987 -0.786804804081198 -0.752843040442681 -0.718881276628228 -0.684919512538952 -0.650957748071281 -0.616995983120477 -0.583034217612614 -0.549072451597034 -0.515110685156391 -0.481148918383327 -0.447187151349825 -0.413225384035248 -0.379263616397329 -0.345301848399905 -0.311340080008338 -0.277378311192997 -0.243416541944272 -0.209454772268716 -0.175493002217513 -0.141531231855047 -0.107569461253878 -0.0736076904864032 -0.0396459196162062 -0.00568414870466685
0.994361696011968 0.965991670901899 0.937379565184742 0.908051232279828 0.877513884645271 0.845307741553501 0.811123690495436 0.774851947653258 0.737029375755702 0.698339140682975 0.659402974374589 0.620827250284889 0.583082230043155 0.546093727978422 0.50966448284434 0.473649378393252 0.43804721290614 0.403380297779824 0.370182733304295 0.338512262226388 0.308307537907147 0.279556111338436 0.252441124035401 0.227206212157731 0.204141399920004 0.183442271872584 0.164880265854073 0.148062624426969 0.132363955761101 0.117100709428132
-1.0481148670186 -1.01157651716569 -0.975038167294242 -0.938499817354379 -0.901961467272367 -0.865423116990118 -0.828884766536008 -0.79234641597052 -0.755808065396127 -0.719269714939489 -0.682731364782033 -0.646193015118879 -0.609654666145127 -0.573116318055796 -0.536577971014941 -0.500039625062811 -0.463501280195687 -0.426962936357751 -0.39042459347746 -0.353886251472461 -0.317347910257698 -0.280809569738431 -0.244271229781187 -0.20773289024994 -0.171194551037183 -0.134656212043135 -0.0981178731703956 -0.0615795343348543 -0.0250411955031681 0.0114971433453136
-1.01576676666313 -0.981878431113656 -0.947990095610065 -0.914101760200597 -0.880213424984206 -0.846325090063543 -0.812436755505317 -0.778548421361486 -0.744660087660958 -0.710771754425576 -0.676883421671953 -0.6429950894154 -0.609106757664998 -0.575218426404931 -0.541330095586459 -0.507441765054069 -0.473553434642557 -0.439665104254731 -0.405776773832333 -0.371888443404818 -0.338000113023569 -0.304111782748868 -0.270223452676589 -0.236335122897412 -0.202446793445655 -0.16855846433479 -0.134670135551274 -0.100781807059742 -0.0668934787645434 -0.0330051505549586
-1.04753086674553 -1.00615685112063 -0.964716155902564 -0.923199751839529 -0.881731890244739 -0.840473173391451 -0.799596326828108 -0.759262201275222 -0.719572024866406 -0.68060282015624 -0.642394409970087 -0.604977317201004 -0.568375691826891 -0.532588192165014 -0.497621655782187 -0.463541128904044 -0.430427640952124 -0.398367945472771 -0.367403045415934 -0.337385217221176 -0.308119555700468 -0.279418101948445 -0.251120682190409 -0.223078356316979 -0.195159333749357 -0.167262795565223 -0.139394659937551 -0.111576013983746 -0.0837818835036253 -0.0559757789676081
-0.926779956673882 -0.902060482504897 -0.877288991107105 -0.852429011726312 -0.827395002440218 -0.802028294538867 -0.775926783329761 -0.748679920296413 -0.720086817608924 -0.690050031665927 -0.658676235093595 -0.626123129574982 -0.592477022345457 -0.557538642849635 -0.521119997077832 -0.483363774993926 -0.444452073903286 -0.404393936503694 -0.363244280764214 -0.32141458034663 -0.279405447835904 -0.237694707955254 -0.196669033980916 -0.156623760128766 -0.117580015820205 -0.0794595267005111 -0.0420606081049529 -0.00515706689466268 0.0314519136557592 0.0679608061683451
-1.01237967822199 -0.976439944067529 -0.940500209897751 -0.90456047570066 -0.868620741501754 -0.832681007315962 -0.796741273078435 -0.760801538686253 -0.724861803963989 -0.688922068743509 -0.652982332958357 -0.617042596567496 -0.581102859557871 -0.545163122028357 -0.509223384101629 -0.473283645883641 -0.437343907443493 -0.401404168719576 -0.365464429643513 -0.329524690250551 -0.293584950601846 -0.257645210768229 -0.221705470859239 -0.185765730969078 -0.149825991091914 -0.113886251197976 -0.0779465112617904 -0.0420067712652439 -0.0060670312153719 0.0298727088745033
0.96541955946632 0.932536959747707 0.899654360011882 0.866771760218716 0.833889160261259 0.801006560048355 0.768123959618821 0.73524135902763 0.702358758264395 0.66947615731584 0.636593556222491 0.603710955038326 0.570828353826966 0.537945752690602 0.505063151721106 0.472180550930493 0.439297950283649 0.406415349636783 0.373532748831835 0.340650147762349 0.307767546334767 0.274884944472798 0.242002342169208 0.209119739459539 0.176237136481372 0.143354533374875 0.110471930188539 0.0775893269470022 0.0447067236711807 0.0118241203810613
-1.01176541732754 -0.976013515652739 -0.940261613860595 -0.90450971184433 -0.868757809503164 -0.833005906766409 -0.797254003677749 -0.761502100313994 -0.725750196770098 -0.689998293151221 -0.654246389585205 -0.618494486205566 -0.582742583125848 -0.546990680379724 -0.511238777930943 -0.475486875543425 -0.439734972946333 -0.403983069929645 -0.368231166338938 -0.33247926218139 -0.296727357504581 -0.260975452350502 -0.225223546738798 -0.189471640704198 -0.153719734364109 -0.117967827837378 -0.0822159211659241 -0.0464640143728996 -0.0107121074833022 0.0250397994774084
-0.992974856712396 -0.962841719318282 -0.932552975220312 -0.901968360036863 -0.871038556473592 -0.839746785442316 -0.808115473592238 -0.776172813062993 -0.743930852218555 -0.711390720827087 -0.678526018049185 -0.645303460393551 -0.611693163549868 -0.577678839931742 -0.543243356255518 -0.508352599724573 -0.4729502113251 -0.436907826687518 -0.400104591617093 -0.362521697974227 -0.32416584913311 -0.285062552539382 -0.24531253192448 -0.205026415026598 -0.164279229325147 -0.12314139490412 -0.0817005025246242 -0.0400460141240246 0.00174229433239049 0.0435870683723517
-0.963504417079984 -0.933224067625188 -0.902960755342081 -0.872724652128263 -0.842504117146778 -0.812284357120196 -0.782059781743757 -0.751824074907002 -0.721558814304008 -0.691241781523452 -0.660847679927863 -0.630350443323235 -0.59972420030552 -0.568943858630513 -0.537986386825628 -0.506836217344928 -0.475482658883991 -0.443927061177822 -0.412177225189185 -0.380254715752468 -0.348184538669963 -0.315992749301781 -0.283709601239291 -0.251363162838313 -0.218968563281215 -0.18653479887381 -0.154059273589139 -0.121539795318423 -0.0889873799583419 -0.0564163454069457
0.974387669998902 0.940824911214941 0.907262152349118 0.873699393313277 0.840136634002166 0.806573874310138 0.773011114147066 0.739448353448303 0.70588559223559 0.672322830570392 0.638760068586682 0.60519730643656 0.571634544261014 0.538071782156604 0.504509020183034 0.470946258297034 0.437383496424248 0.403820734468949 0.37025797234464 0.336695210023102 0.303132447490684 0.269569684744176 0.236006921822131 0.202444158749332 0.168881395453729 0.135318631855613 0.101755867941487 0.0681931037327271 0.0346303393239928 0.00106757482826541
-0.999695152878921 -0.965659019252549 -0.931622885554529 -0.897586751701885 -0.863550617578269 -0.829514483074531 -0.795478348143676 -0.761442212785371 -0.727406077123763 -0.693369941277562 -0.659333805219223 -0.625297668884639 -0.591261532194154 -0.557225395005919 -0.523189257198034 -0.489153118790571 -0.455116979830174 -0.421080840327773 -0.387044700274369 -0.353008559616954 -0.31897241829152 -0.28493627623581 -0.25090013339457 -0.216863989732493 -0.182827845287051 -0.148791700122159 -0.114755554334713 -0.0807194080431523 -0.0466832614190939 -0.0126471146474514
-1.0113890518114 -0.976609757846774 -0.941830463683678 -0.907051169140635 -0.872271874080406 -0.837492578374791 -0.802713281887507 -0.767933984479649 -0.73315468600988 -0.698375386351547 -0.663596085439129 -0.628816783222391 -0.594037479667708 -0.55925817480789 -0.524478868699736 -0.489699561429556 -0.4549202530997 -0.42014094384714 -0.385361633813479 -0.350582323124187 -0.315803011900701 -0.281023700291674 -0.246244388554614 -0.211465076931678 -0.17668576549476 -0.141906454246647 -0.107127143083961 -0.072347831899726 -0.0375685206787355 -0.00278920942872373
-0.914325155414377 -0.935301262305335 -0.946099488830406 -0.935618864928168 -0.904765253252916 -0.858464134848294 -0.805712631599609 -0.75496584355524 -0.708439142574171 -0.66632238480676 -0.626943091758253 -0.588163201272619 -0.548115888050271 -0.506019274217399 -0.462087844662227 -0.419436587895335 -0.381163587441276 -0.347398803258123 -0.317297050267295 -0.289080686810055 -0.260738957082626 -0.231143210292792 -0.202693215694577 -0.177973509502036 -0.156779275723112 -0.138202100846989 -0.121308533493919 -0.104931583621163 -0.0869951444029384 -0.0651958298177019
-0.98818764727458 -0.953424165617857 -0.918660683949131 -0.883897202232791 -0.849133720342823 -0.814370238137456 -0.779606755502302 -0.744843272320907 -0.710079788441168 -0.675316303739077 -0.64055281823865 -0.605789332000905 -0.5710258451246 -0.536262357859443 -0.501498870442433 -0.466735382908773 -0.431971895224222 -0.397208407278542 -0.362444918966205 -0.327681430276499 -0.292917941222417 -0.258154451820935 -0.223390962104957 -0.188627472114724 -0.153863981903883 -0.119100491533583 -0.0843370010815652 -0.0495735106160992 -0.014810020150973 0.0199534703136458
-1.01405774124044 -0.978004428673283 -0.941951116014227 -0.905897803167382 -0.869844490099999 -0.833791176781093 -0.797737863123602 -0.761684548999268 -0.725631234171133 -0.689577918391122 -0.653524601475375 -0.61747128325609 -0.581417963603804 -0.545364642542423 -0.509311320149121 -0.473257996560767 -0.437204671946979 -0.401151346548651 -0.365098020588957 -0.329044694148882 -0.292991367273868 -0.256938039999916 -0.220884712325269 -0.184831384244368 -0.148778055774214 -0.112724726925025 -0.0766713976573314 -0.040618067951802 -0.00456473791935219 0.0314885922965417
-0.943342529765138 -0.910673140995946 -0.87800375219496 -0.845334363335689 -0.812664974449441 -0.779995585569786 -0.747326196681545 -0.714656807759463 -0.681987418786738 -0.649318029758461 -0.616648640708863 -0.583979251681959 -0.55130986273127 -0.518640473948345 -0.48597108545116 -0.453301697425369 -0.420632310065617 -0.387962923534821 -0.355293537958414 -0.322624153343618 -0.289954769668101 -0.257285386915279 -0.224616005091568 -0.191946624179935 -0.15927724404657 -0.126607864537941 -0.0939384855384252 -0.0612691069358825 -0.0285997285942137 0.00406964962867108
-0.952391948751624 -0.946276663005151 -0.938043199494624 -0.923188715739429 -0.899323872661964 -0.864896516931068 -0.819589734798315 -0.765087869637478 -0.709845053728388 -0.662281457862698 -0.623911617973296 -0.59452366127838 -0.573090716229946 -0.555325916215196 -0.536127311762866 -0.510392617032634 -0.474685972351338 -0.432237559083503 -0.387788162369684 -0.345454941416855 -0.309199148948594 -0.281077368981553 -0.255527510704676 -0.225895569508434 -0.188778560417111 -0.142326586901816 -0.0876510865871355 -0.0267039770892295 0.0381622381629215 0.104494909287133
1.01744486177163 0.982143444699502 0.94684202767701 0.911540610803791 0.876239194207818 0.840937778002264 0.805636362212754 0.770334946865118 0.735033532073562 0.699732117969618 0.664430704665753 0.62912929226967 0.593827880832191 0.558526470176638 0.523225060088183 0.487923650426918 0.452622241053459 0.417320831755589 0.382019422311178 0.346718012531276 0.311416602235227 0.276115191289695 0.240813779750629 0.205512367707706 0.170210955196264 0.134909542246567 0.099608128922948 0.0643067153039731 0.0290053014910795 -0.0062961124085776
-0.989192569044542 -0.945352031250011 -0.905761271521042 -0.871294314630776 -0.841764013265261 -0.81660386831613 -0.794791145584435 -0.774224850864212 -0.74894718501199 -0.713737309617318 -0.670179034139327 -0.621557330004545 -0.57291355188023 -0.536314587396569 -0.520357924996646 -0.512737923412193 -0.497966577664989 -0.468729557648334 -0.421744181578618 -0.361680686093084 -0.295197537434185 -0.229248657591012 -0.171969791539206 -0.131004022807623 -0.110841966151432 -0.111150004845283 -0.115450065015422 -0.107319856135906 -0.0867046782204209 -0.057641728917563
-1.01444250874552 -0.978733192864142 -0.943023877054061 -0.907314561396921 -0.871605245925774 -0.835895930654373 -0.800186615567874 -0.764477300630764 -0.728767985753469 -0.693058670824576 -0.657349355699396 -0.621640040224918 -0.585930724259873 -0.550221407709974 -0.514512090521953 -0.478802772759676 -0.443093454519557 -0.407384135911085 -0.371674817025644 -0.335965497869132 -0.300256178426075 -0.264546858673462 -0.22883753855813 -0.193128218054429 -0.1574188972769 -0.121709576362733 -0.0860002553995114 -0.0502909344449405 -0.0145816134868168 0.0211277075045407
-1.00130743144082 -0.966589574468436 -0.931871717392099 -0.897153860062042 -0.86243600231538 -0.827718144007844 -0.793000285082733 -0.758282425492824 -0.723564565141247 -0.688846703936624 -0.654128841859224 -0.619410978907227 -0.584693115062198 -0.54997525023924 -0.515257384355838 -0.480539517405451 -0.44582164942141 -0.411103780520545 -0.376385910850368 -0.341668040597612 -0.306950169958816 -0.27223229913043 -0.237514428308541 -0.202796557667579 -0.168078687295681 -0.133360817239721 -0.0986429474678066 -0.0639250779240797 -0.0292072085355834 0.00551066077491467
-0.928934109075582 -0.882061094951684 -0.831971941674036 -0.798098852793499 -0.798324387748142 -0.835480700660961 -0.853747968507459 -0.803178586386253 -0.715965799035933 -0.636172728450201 -0.573201156003236 -0.527787527914335 -0.500784825488903 -0.493512170376771 -0.502192785611393 -0.502200159416277 -0.471127919721418 -0.416299988092679 -0.353565007332061 -0.303140211550243 -0.286334982685076 -0.309987782634383 -0.323053393135885 -0.276979486478852 -0.191068977318839 -0.100654727380561 -0.0373341442990716 -0.0226728691011958 -0.0418449304705003 -0.0709264540047379
-0.995929228398192 -0.962026447672476 -0.928123666879644 -0.894220885932032 -0.860318104764043 -0.8264153233036 -0.792512541430651 -0.75860975900058 -0.724706975818497 -0.690804191721088 -0.656901406721608 -0.622998620877458 -0.589095834248979 -0.555193046908284 -0.521290258942619 -0.487387470487983 -0.453484681668543 -0.419581892512366 -0.38567910301933 -0.351776313172653 -0.317873522951387 -0.283970732355097 -0.25006794146541 -0.216165150383655 -0.18226235920793 -0.148359568020567 -0.114456776844074 -0.0805539856808064 -0.0466511945123145 -0.0127484033149506
-0.966970649274578 -0.93436252998553 -0.901799667210453 -0.86932092182678 -0.836900900563086 -0.804492789180407 -0.77202834371848 -0.739442785941325 -0.706706630231395 -0.673798117987099 -0.640691106052219 -0.607358355131884 -0.57376737776208 -0.539864693802244 -0.505597285681402 -0.470934978783502 -0.435849323287419 -0.40029592559684 -0.364239408359863 -0.327696402977442 -0.290696543038742 -0.253277162886787 -0.215506399880049 -0.177453951751937 -0.139164954720187 -0.100672695411429 -0.0619876236035575 -0.023123613189936 0.0158689286254518 0.0549304613109676
-1.01972765693461 -0.984518515284787 -0.949309373615922 -0.914100231864114 -0.878891089924884 -0.843681947689663 -0.808472805074113 -0.773263662015438 -0.738054518512781 -0.702845374576636 -0.667636230200935 -0.632427085375476 -0.597217940081636 -0.562008794267116 -0.526799647854864 -0.49159050070247 -0.456381352652567 -0.421172203553305 -0.385963053296198 -0.350753901940698 -0.31554474958824 -0.280335596373252 -0.245126442562134 -0.209917288434344 -0.174708134189593 -0.13949897997691 -0.104289825822343 -0.069080671716474 -0.0338715176309965 0.0013376364671166
-1.01037928824195 -0.973974164577282 -0.937558897710381 -0.901094417656971 -0.864483336329949 -0.827635644536525 -0.790549166763949 -0.753258311180266 -0.715855986996641 -0.678446256563711 -0.641119293746882 -0.603961800290251 -0.567064735492679 -0.530536088872076 -0.494476456197426 -0.458939828022939 -0.423964951912719 -0.389576208685205 -0.35579584812267 -0.322651962608382 -0.290174105175861 -0.258369295197215 -0.22715441739891 -0.196423699045492 -0.166070872199458 -0.13599389302045 -0.106108109258718 -0.0763397702966233 -0.0466413404543562 -0.0169718377865651
0.969912882799201 0.937769651311693 0.905626419654676 0.873483187686372 0.841339955221283 0.809196722058121 0.777053487976143 0.744910252775665 0.712767016360657 0.680623778674065 0.648480539711076 0.616337299479933 0.584194058030582 0.552050815579763 0.519907572380441 0.487764328663677 0.455621084621443 0.423477840311271 0.39133459575188 0.359191350941182 0.32704810587189 0.294904860529651 0.262761614871852 0.230618368850859 0.198475122427202 0.166331875597219 0.134188628492309 0.102045381258627 0.0699021339662723 0.0377588866663338
-1.02918045736273 -0.993139559863338 -0.957098662436086 -0.921057765138772 -0.885016867985983 -0.848975970979879 -0.812935074116136 -0.776894177391677 -0.740853280814908 -0.704812384387138 -0.668771488069815 -0.632730591814419 -0.596689695580234 -0.560648799357767 -0.524607903134541 -0.488567006854932 -0.452526110450441 -0.416485213844218 -0.380444316971347 -0.344403419823 -0.308362522404373 -0.272321624743611 -0.236280726960648 -0.200239829170068 -0.164198931373255 -0.128158033562466 -0.0921171358066715 -0.056076238170103 -0.0200353406213291 0.0160055568949975
-0.971167538905081 -0.937343967137766 -0.90352039535114 -0.869696823512418 -0.835873251512333 -0.802049679245698 -0.768226106700149 -0.73440253388196 -0.70057896077915 -0.666755387377826 -0.632931813674709 -0.599108239669172 -0.565284665346697 -0.531461090637207 -0.497637515466147 -0.463813939796613 -0.429990363631376 -0.396166787094264 -0.362343210326794 -0.328519633420182 -0.294696056453071 -0.26087247947675 -0.227048902433105 -0.193225325236063 -0.15940174779711 -0.125578170047768 -0.0917545920021329 -0.0579310137065657 -0.0241074352539088 0.00971614325137447
-1.01908823997062 -0.984220609815951 -0.949352979635556 -0.914485349454796 -0.879617719311885 -0.844750089245612 -0.809882459284239 -0.775014829451385 -0.740147199762641 -0.705279570243352 -0.670411940965923 -0.635544312014523 -0.600676683478301 -0.565809055466332 -0.530941428089264 -0.496073801444107 -0.461206175615086 -0.426338550648913 -0.391470926581891 -0.356603303446199 -0.321735681272982 -0.286868060070463 -0.252000439755154 -0.217132820219208 -0.182265201349042 -0.14739758302411 -0.11252996510176 -0.0776623474412926 -0.0427947299319206 -0.00792711247033594
-1.10173123150513 -1.08500724797654 -1.04630913319797 -0.99045718209692 -0.901604354023788 -0.777638781504364 -0.692056625343062 -0.702787311976347 -0.729885302090278 -0.686483210341169 -0.595901233016773 -0.509006461812703 -0.466928252316139 -0.471845015680519 -0.5052899554104 -0.50516638884853 -0.425917895715582 -0.331778991405718 -0.29351583254854 -0.298230205041907 -0.312107802100743 -0.303679009874516 -0.250852986250869 -0.150980032442586 -0.0697962512248336 -0.06769087813152 -0.115279878169136 -0.163866760801686 -0.177278483850657 -0.122472867226903
-0.986501574956107 -0.952344963273411 -0.918184202139747 -0.88401827844594 -0.849847205910396 -0.815671818230665 -0.781495202193308 -0.747319003608238 -0.713136851289786 -0.678935253305608 -0.64468025173227 -0.610332772148561 -0.57585650564874 -0.541226205388921 -0.506421152946104 -0.471427681518959 -0.436238088753515 -0.400861478463571 -0.365309502682878 -0.329587200157231 -0.293697956310433 -0.257648883804676 -0.221462004255707 -0.185162745613511 -0.148775252211484 -0.112320102005943 -0.075804891061471 -0.0392368795265715 -0.00263496577715795 0.0339790422540041
-0.981999761480413 -0.94890693014868 -0.91581409886548 -0.882721267652947 -0.849628436498516 -0.816535605360179 -0.783442774112873 -0.750349942628466 -0.717257110849609 -0.684164278744464 -0.651071446312449 -0.617978613560801 -0.584885780503027 -0.551792947177737 -0.518700113618015 -0.485607279809767 -0.452514445724886 -0.419421611326414 -0.386328776595517 -0.353235941594701 -0.320143106406807 -0.287050271117056 -0.253957435820183 -0.220864600598774 -0.187771765477298 -0.154678930452078 -0.121586095464961 -0.0884932604539308 -0.0554004253959652 -0.0223075902777932
-1.00803339157109 -0.973453611671851 -0.938873831820414 -0.904294052068524 -0.869714272541003 -0.835134493376841 -0.800554714698628 -0.765974936599086 -0.731395159067853 -0.696815382069431 -0.662235605570876 -0.627655829539877 -0.593076053956629 -0.558496278851338 -0.523916504262449 -0.489336730211363 -0.454756956734509 -0.420177183945486 -0.385597411932584 -0.35101764060567 -0.316437869830007 -0.281858099473112 -0.24727832941152 -0.212698559547225 -0.178118789875048 -0.143539020397789 -0.108959251057352 -0.0743794817885537 -0.0397997125587469 -0.00521994334342015
-1.00861508482511 -0.972296514119353 -0.935974664425254 -0.899646100018633 -0.863308826756607 -0.826962537657545 -0.790612232803518 -0.754265044544121 -0.71793132723534 -0.68162199700038 -0.645346995024925 -0.609116018760279 -0.572937083317062 -0.536811474443144 -0.500739091524514 -0.464721017862374 -0.428757676959448 -0.392845669209334 -0.356980699858656 -0.321158716675278 -0.285375728057371 -0.249626932403481 -0.213904288113643 -0.178199519617407 -0.142506655460885 -0.106820323198042 -0.0711352422976969 -0.0354473259582035 0.000242829618792666 0.0359334574808232
0.971808176608044 0.938126973066025 0.904445769717573 0.870764566730088 0.837083364169726 0.803402162063289 0.769720960381419 0.736039759071825 0.702358558046645 0.668677357226811 0.634996156604019 0.601314956187652 0.56763375598066 0.533952555960258 0.500271356091624 0.46659015631753 0.432908956590678 0.399227756925906 0.365546557351708 0.331865357889074 0.298184158557116 0.26450295937735 0.230821760380902 0.197140561601524 0.163459363073882 0.129778164813744 0.0960969667603915 0.0624157688349954 0.028734570962779 -0.00494662693002163
-1.0659144787628 -1.02725605251587 -0.988597626252198 -0.949939199950351 -0.911280773599693 -0.872622347186157 -0.83396392067113 -0.795305494027425 -0.756647067298102 -0.717988640538526 -0.679330213783046 -0.640671787060755 -0.602013360405359 -0.563354933869006 -0.524696507515484 -0.486038081436693 -0.447379655714986 -0.408721230366439 -0.370062805368274 -0.331404380608595 -0.292745955953228 -0.254087531271343 -0.215429106445497 -0.176770681378325 -0.138112256039384 -0.0994538304245116 -0.0607954045677356 -0.0221369785209504 0.0165214476306794 0.0551798737936718
-0.966042843209902 -0.932988798532614 -0.899934753756095 -0.866880708758896 -0.833826663438552 -0.800772617699552 -0.767718571455224 -0.734664524630204 -0.701610477185523 -0.668556429107092 -0.63550238044395 -0.602448331260917 -0.56939428162956 -0.536340231648428 -0.503286181387086 -0.470232130772161 -0.437178079726235 -0.404124028298655 -0.371069976566469 -0.338015924590789 -0.304961872428737 -0.271907820125388 -0.238853767677622 -0.205799715075972 -0.172745662333802 -0.139691609490928 -0.106637556670144 -0.0735835039863043 -0.0405294514395084 -0.00747539900116908
-0.979695417937851 -0.947708049822713 -0.915497774628583 -0.882871294280202 -0.849679894656229 -0.815762287787925 -0.780862306363027 -0.74469904688946 -0.706987540499406 -0.667545278337823 -0.626603656976511 -0.584497549343984 -0.541691224697522 -0.499166537609472 -0.458031233434762 -0.419379035343569 -0.384050918942306 -0.351890891767073 -0.322466642504172 -0.295237552511003 -0.269635926312742 -0.245135837834434 -0.221378438600593 -0.198041277980848 -0.174780419125799 -0.151223917057408 -0.126909280502122 -0.101506075683018 -0.0753026451052123 -0.0487420253443311
0.927731508616534 0.959241363652563 0.952957967206765 0.890628783768619 0.797456789670589 0.708693249507258 0.656327069078714 0.658079675957742 0.677864943602412 0.677091053921812 0.660950976743833 0.645583878876063 0.639790223363855 0.62301565820363 0.576129864558268 0.515053471305444 0.459728332061839 0.41113025168538 0.366841036411893 0.329832546747554 0.304424156766125 0.291966839772808 0.28193796599855 0.263211587185172 0.234122084192248 0.197020470706825 0.160863962608073 0.134509372460876 0.119805697380842 0.116849980621261
-1.00905523842319 -0.973393258475005 -0.937731278601265 -0.902069298859202 -0.866407319252913 -0.830745339759109 -0.795083360298096 -0.759421380800277 -0.723759401292832 -0.6880974218374 -0.652435442536673 -0.616773463503605 -0.581111484823596 -0.545449506471828 -0.509787528380789 -0.474125550422407 -0.43846357242226 -0.402801594081104 -0.367139615103131 -0.331477635331095 -0.295815654642393 -0.260153672970434 -0.224491690472678 -0.18882970735021 -0.153167723754563 -0.117505739829996 -0.0818437557412359 -0.0461817716321338 -0.010519787542582 0.0251421965135174
-0.935088551765436 -0.902314671286924 -0.86954079082077 -0.836766910400538 -0.803993030059768 -0.771219149830574 -0.738445269739378 -0.70567138982282 -0.67289751016409 -0.64012363082383 -0.607349751725938 -0.574575872760124 -0.541801993822242 -0.509028114832714 -0.476254235749966 -0.443480356659877 -0.41070647767928 -0.37793259892139 -0.345158720442352 -0.312384842073656 -0.279610963590628 -0.246837084788641 -0.214063205543249 -0.181289325779343 -0.148515445538976 -0.115741564915413 -0.0829676840896111 -0.0501938032327267 -0.0174199223890149 0.0153539584289937
-1.08418212277169 -1.02029979629449 -0.95819877592387 -0.898929633610853 -0.843863855306906 -0.794380180132209 -0.751565445881323 -0.715990189911908 -0.686451649159637 -0.661240308504894 -0.638392945028894 -0.615882908863064 -0.592041987828057 -0.566635720501445 -0.539675077320617 -0.510719005405316 -0.479226101578623 -0.44470558479461 -0.406933849652476 -0.366705371200929 -0.325069144601052 -0.282891619139021 -0.240309060601379 -0.197294274273348 -0.15389640693451 -0.109963003847961 -0.0644588627165112 -0.0165261857173514 0.0331004595145337 0.08328841397971
-1.03641823655662 -0.985035375507582 -0.932881098075662 -0.882919179103413 -0.84035275972497 -0.809630328054389 -0.789942393833831 -0.777429750358843 -0.76129230351042 -0.732037549001014 -0.692344229283436 -0.647933898495593 -0.603541271279834 -0.559953704296292 -0.516627771932328 -0.471644277466452 -0.423227636833868 -0.371552487705414 -0.318144071530688 -0.267979823138693 -0.226900225703285 -0.199131377118137 -0.182441834156194 -0.172717616477142 -0.164772136408361 -0.153284083674493 -0.133465864921529 -0.102506976563505 -0.064971557165277 -0.0272674058294048
0.988145608304239 0.956943516252252 0.925718728910551 0.894459456431122 0.863172538182201 0.83185826845617 0.800472132025745 0.768955616253355 0.737239028379976 0.705251104306482 0.672925474694814 0.640196993897176 0.6070190467322 0.573419139884214 0.539446074267507 0.505159705850505 0.470617976251436 0.435860114633601 0.400914835799043 0.365787509559684 0.330477669479917 0.294982783590809 0.259292057790132 0.223396354149039 0.1873014215655 0.151020282758513 0.114580168904373 0.0780140445587817 0.0413635993377485 0.0046727041223629
-1.0421933092457 -1.00476203575355 -0.967330762225649 -0.929899488668717 -0.892468215147815 -0.855036941719983 -0.817605668351807 -0.780174394960253 -0.742743121354267 -0.705311847335879 -0.667880572787472 -0.630449297611516 -0.593018021714585 -0.555586745019661 -0.518155467485769 -0.480724189199682 -0.443292910285671 -0.405861630890262 -0.368430351142797 -0.330999071081643 -0.293567790722422 -0.256136510061905 -0.218705229021445 -0.181273947533029 -0.143842665646591 -0.106411383448135 -0.0689801010499927 -0.0315488185584609 0.00588246397062886 0.0433137464940612
-1.10658767655089 -1.0594278214105 -1.01241180257171 -0.965671715872011 -0.919365404490509 -0.873657064602096 -0.828710557023173 -0.784689685139033 -0.741758357969017 -0.700039256099999 -0.659490040754924 -0.62002711831575 -0.581545353500155 -0.543853444368674 -0.506752429958525 -0.470098879870785 -0.433805586930171 -0.397954706292111 -0.36266278412517 -0.328014568319765 -0.294086857196773 -0.2609196985971 -0.228406138441755 -0.196426003155902 -0.164953243101207 -0.133961039899631 -0.103325376277814 -0.0729103192947985 -0.0426294722345588 -0.012408822437303
-1.04499879117462 -1.00836549359309 -0.971732195970693 -0.935098898275977 -0.898465600467696 -0.86183230249253 -0.825199004258626 -0.788565705677275 -0.751932406710871 -0.715299107359086 -0.678665807719581 -0.642032507914518 -0.605399208048548 -0.568765908156277 -0.532132608257023 -0.495499308379004 -0.458866008552376 -0.422232708806157 -0.385599409159097 -0.34896610959002 -0.312332810067766 -0.275699510556241 -0.239066210999604 -0.202432911339346 -0.165799611526048 -0.129166311518394 -0.0925330112984055 -0.0558997108691593 -0.0192664102946229 0.0173668903460143
-0.970072441088686 -0.938423567122012 -0.906774693213885 -0.875125819447948 -0.843476945940471 -0.811828072804211 -0.780179200105233 -0.748530327862145 -0.716881455950432 -0.685232584252796 -0.65358371282395 -0.62193484176161 -0.590285971190013 -0.558637101339491 -0.526988232422813 -0.495339364476393 -0.463690497490156 -0.432041631444413 -0.40039276630325 -0.36874390197546 -0.337095038356017 -0.30544617533752 -0.273797312803072 -0.242148450628767 -0.210499588672154 -0.178850726796585 -0.147201864907173 -0.115553002939018 -0.0839041409054239 -0.0522552788392457
-1.07080937077545 -1.01191836677847 -0.954023551057149 -0.898365024559575 -0.845543716827072 -0.795891957408806 -0.749306847292117 -0.70577417729862 -0.666069726148876 -0.630920797297946 -0.600070805239944 -0.573017192228745 -0.548879674405854 -0.525267063463301 -0.499715331403218 -0.470979995917632 -0.438288648436522 -0.401537629651777 -0.361083336186066 -0.318453639123279 -0.275469278162612 -0.233804321763154 -0.194546153423584 -0.158477214841009 -0.125746865466682 -0.0962586611817546 -0.0695660258328295 -0.0450353219795328 -0.0216347990681241 0.00176682173347864
0.99780365803458 0.964934172474733 0.93206471355572 0.899173276921243 0.866205297600991 0.833110761246611 0.799890416611604 0.766557059053793 0.733120907246425 0.699582831243823 0.665908883309177 0.632056411257894 0.597987087460844 0.563679882510752 0.529109261827335 0.494214371916424 0.458938516188946 0.423276944590095 0.387234621849174 0.350803425297652 0.313971960417541 0.276738692743428 0.239141528020213 0.201227074898547 0.163037313441784 0.124612550666874 0.0859910299924416 0.0472141595223027 0.00833806969936923 -0.0305774284486728
-0.99180015481666 -0.956461248890564 -0.921147456068211 -0.885894607902905 -0.85071284446389 -0.815595221418257 -0.780492148308534 -0.745351004078019 -0.710149691397648 -0.674892612179717 -0.639659641574318 -0.604549523040998 -0.569650610319526 -0.53500969827057 -0.500667001277623 -0.466677970694565 -0.433109490263483 -0.400058936308882 -0.367610669903511 -0.335766498530662 -0.304507591276263 -0.273824559477527 -0.243745783476803 -0.214295684420479 -0.185445077665952 -0.157138773498387 -0.129271167703017 -0.101722830683419 -0.0743694458165027 -0.0470854747225087
-1.0595528380709 -1.02156211226337 -0.983590440913956 -0.945657926620285 -0.907807575830038 -0.870089089755023 -0.832556044813534 -0.795266698737051 -0.758294159303308 -0.721707323057832 -0.68554339157105 -0.649831642669615 -0.61459703741413 -0.57984726980099 -0.545582036452719 -0.511786311560553 -0.478430846219366 -0.44544422156987 -0.412751464254906 -0.380305552880016 -0.348066454041412 -0.315984463361253 -0.28397119256548 -0.251945948214533 -0.219897500103054 -0.187832009286649 -0.155755738630579 -0.123673744219857 -0.0915861532088457 -0.0594918605192442
-1.03493678209177 -0.998297139150956 -0.961657496143874 -0.925017852997852 -0.888378209650194 -0.851738566048835 -0.815098922174264 -0.778459278022556 -0.741819633619596 -0.705179989011411 -0.668540344294807 -0.631900699579282 -0.595261054932364 -0.558621410253694 -0.521981765416921 -0.485342120359623 -0.44870247504384 -0.412062829465538 -0.375423183621855 -0.338783537480671 -0.302143891002554 -0.265504244185402 -0.228864597176431 -0.192224950147581 -0.155585303220365 -0.118945656479883 -0.0823060099160153 -0.0456663634895069 -0.00902671713978546 0.0276129291990505
-0.928249219580404 -0.929164765020244 -0.929164974271933 -0.924301544969518 -0.910408713699589 -0.883865073772783 -0.843444106443368 -0.789702855281298 -0.727937725175631 -0.664286209235611 -0.603510792132119 -0.550030206426442 -0.50712865603069 -0.473552230260251 -0.446525531068484 -0.421725325557344 -0.395072723418164 -0.365014039551203 -0.331091841150395 -0.29470849937547 -0.257731336377605 -0.222113132450407 -0.190148500457191 -0.163807774918264 -0.143422344412186 -0.127971772967564 -0.112667272354962 -0.0929316523480401 -0.0688024669909019 -0.0414709563952601
-0.914697616675071 -0.922140860818697 -0.926619147258315 -0.92707850004066 -0.92571875818725 -0.922751178293998 -0.907178872279641 -0.86811463642876 -0.806318149166483 -0.727234967098542 -0.643407277412547 -0.569151424941575 -0.516409980200768 -0.487630416433532 -0.479220546821816 -0.47292464157347 -0.452847836764321 -0.427202274916169 -0.406150564002183 -0.383550167355015 -0.34918226214719 -0.296161787532514 -0.230938730589929 -0.163442424543602 -0.104184539273467 -0.0621343708030145 -0.0395093830742122 -0.0350104190148465 -0.0400236695775075 -0.0441066627209866
-1.034511643907 -0.998181781218204 -0.96185191864556 -0.925522056257135 -0.889192194110592 -0.852862332276454 -0.816532470887115 -0.7802026100761 -0.743872749919599 -0.707542890463543 -0.671213031690164 -0.634883173565772 -0.598553316064923 -0.562223459195176 -0.525893602959366 -0.489563747308433 -0.453233892142819 -0.416904037212846 -0.38057418227426 -0.344244327254603 -0.307914472124363 -0.271584616858649 -0.235254761451033 -0.198924905896595 -0.162595050177986 -0.126265194278678 -0.0899353381978744 -0.0536054819491194 -0.0172756255875839 0.0190542308211539
-0.948660965322319 -0.917235969535756 -0.885811706218384 -0.854392906930466 -0.822975765797163 -0.791560361045974 -0.760170844748846 -0.728835732993982 -0.69757692409015 -0.66641317663212 -0.635357308138106 -0.604420650857184 -0.573612364503705 -0.542932918653123 -0.512383452923502 -0.481976477242245 -0.451727145844399 -0.421649819886261 -0.391754054706471 -0.362030975451812 -0.332467099721097 -0.303047432354227 -0.273750927155427 -0.244557178269084 -0.215454392235886 -0.186432858295349 -0.157482584086014 -0.128591834106321 -0.0997421818952902 -0.070913528252087
-1.0279190597306 -0.992567831705154 -0.957216603569443 -0.921865375214509 -0.886514146553841 -0.851162917512672 -0.815811688040774 -0.780460458090754 -0.745109227602019 -0.7097579965205 -0.674406764831432 -0.639055532529877 -0.60370429960323 -0.568353066008245 -0.53300183170934 -0.497650596732256 -0.462299361090011 -0.426948124683404 -0.391596887413383 -0.356245649293706 -0.320894410366335 -0.285543170673998 -0.25019193026249 -0.214840689192115 -0.179489447578123 -0.14413820554476 -0.108786963197295 -0.0734357206321758 -0.0380844779295403 -0.00273323516545044
-1.02810399167406 -0.992796791852981 -0.957489591956143 -0.922182391874687 -0.886875191482498 -0.851567990637383 -0.816260789150097 -0.78095358684185 -0.745646383622728 -0.710339179438024 -0.675031974284997 -0.639724768173896 -0.604417561113559 -0.569110353107193 -0.533803144167587 -0.498495934351521 -0.46318872372405 -0.427881512339359 -0.392574300234286 -0.357267087387153 -0.321959873761653 -0.286652659356354 -0.251345444309321 -0.216038228794008 -0.180731012985935 -0.145423797029452 -0.110116580942168 -0.074809364720828 -0.0395021484054712 -0.00419493204695842
-1.01854950694118 -0.985299482604201 -0.952035499557467 -0.918735823604546 -0.885371920775469 -0.851914219030683 -0.818335793825825 -0.784616363203201 -0.750759568056619 -0.716772798291757 -0.682654517010295 -0.648400955612908 -0.614008920730813 -0.579477519917387 -0.544807981997503 -0.510007719959862 -0.475077105625869 -0.43998216198392 -0.404687856899237 -0.369189286577355 -0.333489079308888 -0.297592642532202 -0.26151650027666 -0.22528091611855 -0.188909995230833 -0.152430877365535 -0.115878998994263 -0.0792885708678399 -0.0426806041343694 -0.00607281004127531
-0.999978635397608 -0.966071675903913 -0.932164716359134 -0.898257756761691 -0.864350797219252 -0.830443837884966 -0.796536878984655 -0.76262992072581 -0.728722963169933 -0.694816006316768 -0.660909050065018 -0.627002094288127 -0.593095138886821 -0.559188183870966 -0.525281229297591 -0.49137427530323 -0.457467322010469 -0.423560369406579 -0.389653417446629 -0.355746466092193 -0.321839515306471 -0.287932565057798 -0.254025615335054 -0.220118666119426 -0.186211717340795 -0.152304768911906 -0.118397820728281 -0.0844908726936272 -0.0505839247616298 -0.016676976898466
0.967861841548007 0.934282301531206 0.900702761533845 0.867123221620807 0.833543681878685 0.799964142391699 0.766384603212873 0.732805064372847 0.699225525843943 0.66564598759752 0.632066449659395 0.598486912069 0.564907374835211 0.531327837844673 0.497748300973955 0.46416876418156 0.430589227455109 0.397009690816768 0.363430154281333 0.329850617799589 0.29627108130631 0.262691544723053 0.229112007918482 0.195532470769896 0.161952933242025 0.128373395336859 0.0947938571180073 0.0612143186652379 0.02763478006133 -0.00594475861018406
0.998401282070402 0.963942807546256 0.92948433299654 0.895025858402456 0.860567383817703 0.826108909306386 0.79165043490173 0.757191960625502 0.72273348648449 0.688275012455781 0.653816538412607 0.619358064202238 0.584899589691048 0.550441114821828 0.515982639575412 0.481524164008389 0.447065688206729 0.412607212298155 0.378148736398268 0.343690260532438 0.309231784703477 0.27477330889424 0.240314833007752 0.205856356961699 0.171397880812243 0.13693940464423 0.102480928518781 0.0680224524739838 0.03356397647953 -0.000894499511986994
-0.941402798676416 -0.909516629087576 -0.877627524780826 -0.845742017107506 -0.813874797449684 -0.78204062691119 -0.750246385452166 -0.718500804402747 -0.68682790171675 -0.655256724838444 -0.623821152550216 -0.592556271468987 -0.561495693000945 -0.530667127709355 -0.500092736620859 -0.469778383458534 -0.439719453598267 -0.409885716330765 -0.380242764664338 -0.350765102562913 -0.321429461729321 -0.292213260110895 -0.263096660632976 -0.234059595409302 -0.205078328329198 -0.17613051775552 -0.147203068169683 -0.118287211048699 -0.08938223973342 -0.060489463030661
-0.917205035482838 -0.887117891998684 -0.857030748504084 -0.826943605021629 -0.796856461556902 -0.766769318092968 -0.736682174539831 -0.706595030801459 -0.676507886830749 -0.64642074258168 -0.616333597963639 -0.586246452874863 -0.556159307228377 -0.526072160996345 -0.495985014176626 -0.465897866810707 -0.435810718952742 -0.405723570663907 -0.375636421999568 -0.345549272984806 -0.315462123637131 -0.285374973990783 -0.255287824146918 -0.225200674203349 -0.195113524177611 -0.165026374058247 -0.134939223798125 -0.104852073358834 -0.0747649227725043 -0.0446777720889051
-1.02393412215584 -0.988282214003267 -0.95263030591449 -0.916978397929224 -0.881326490128983 -0.845674582634908 -0.81002267568485 -0.774370769520054 -0.738718864278635 -0.703066960048667 -0.667415056821189 -0.631763154562978 -0.596111253247922 -0.560459352878357 -0.524807453436482 -0.489155554795502 -0.453503656806883 -0.417851759344124 -0.382199862292434 -0.346547965561827 -0.310896069068516 -0.275244172727626 -0.23959227644992 -0.203940380159195 -0.168288483835755 -0.132636587459396 -0.0969846909513768 -0.0613327942467651 -0.0256808973944037 0.00997099952842134
