-1.00826080649637 -0.97235224505778 -0.936443683574637 -0.900535122018644 -0.864626560339477 -0.828717998484288 -0.792809436412135 -0.756900874089751 -0.720992311502671 -0.685083748626174 -0.649175185375709 -0.613266621651775 -0.577358057398827 -0.54144949273716 -0.505540927828316 -0.469632362822976 -0.433723797855922 -0.397815233009183 -0.361906668364864 -0.32599810405811 -0.290089540237328 -0.254180977008689 -0.218272414309418 -0.182363852025636 -0.146455290007992 -0.110546728122858 -0.0746381663349858 -0.0387296046262065 -0.00282104294829141 0.0330875187545028
-1.0563418400398 -1.01377281495728 -0.971297632774405 -0.928993318474123 -0.886925838724396 -0.845141073044117 -0.803615610670873 -0.762331142046816 -0.72135905271367 -0.680820781770855 -0.640948287448994 -0.602001157761514 -0.564209171427927 -0.527682869992106 -0.49248453560999 -0.458602650061433 -0.426005575139619 -0.394654993067126 -0.364493818178811 -0.335396572829263 -0.307220681378004 -0.279815825961169 -0.253000719821354 -0.226585159625023 -0.200374244627677 -0.174169078817034 -0.147759482520661 -0.120985896902511 -0.0939025301322246 -0.0666170321308623
-1.12066965227695 -1.06747052345757 -1.01454772580001 -0.961982523352055 -0.910008329434671 -0.858915246376086 -0.809067983260443 -0.760938269047058 -0.715351305440023 -0.673025188565217 -0.633896119490899 -0.597704825520922 -0.564105406916774 -0.532405455770492 -0.501935530968302 -0.472464566742641 -0.443801767630773 -0.415479044043063 -0.386951351889559 -0.357643123205938 -0.326971159059286 -0.294489632912107 -0.260302207808587 -0.224656379818378 -0.187825487531329 -0.15004703167533 -0.111389319010257 -0.0719337431620012 -0.0319832391885443 0.0081038724941089
-0.995650804700597 -0.961464984731281 -0.927279164754101 -0.89309334479991 -0.85890752489504 -0.824721705039987 -0.790535885136436 -0.756350065082884 -0.722164244863908 -0.68797842449552 -0.653792604033397 -0.619606783543129 -0.585420963069751 -0.551235142576061 -0.517049322014356 -0.482863501377158 -0.448677680657418 -0.414491859809582 -0.380306038770876 -0.346120217448145 -0.31193439574064 -0.277748573579739 -0.243562751025328 -0.209376928166649 -0.175191105081864 -0.141005281845727 -0.106819458530454 -0.0726336351933936 -0.0384478118349625 -0.00426198844134447
-1.03211667607196 -0.996317868166124 -0.960519060335701 -0.924720252682772 -0.888921445379979 -0.853122638613866 -0.817323832556024 -0.781525027337837 -0.745726222944815 -0.709927419323054 -0.674128616406847 -0.638329814127541 -0.602531012414078 -0.566732211185794 -0.530933410339791 -0.495134609693826 -0.459335809049037 -0.423537008219415 -0.387738207038215 -0.351939405402894 -0.316140603226956 -0.280341800434591 -0.24454299699271 -0.208744192916048 -0.172945388367901 -0.13714658352979 -0.101347778507579 -0.0655489733802949 -0.0297501681952694 0.00604863700809046
-0.979723610016649 -0.943123388269647 -0.906603087044211 -0.87025688668567 -0.834258314598081 -0.798756404769652 -0.763722870466465 -0.729087519434643 -0.694789858062592 -0.660778622441348 -0.627029768830155 -0.593526058530313 -0.560272997397234 -0.527367069502787 -0.494939600813786 -0.463170306660373 -0.432232126983007 -0.402222510800087 -0.373211083602946 -0.34523166769673 -0.318309134590037 -0.292453957053511 -0.267619012905979 -0.243733243721361 -0.22068744104576 -0.198345482076689 -0.176501736645128 -0.154952331048905 -0.133569924819798 -0.112246310798072
-0.972714901132463 -0.974388699845277 -0.971792501026322 -0.936848709996111 -0.860758597125506 -0.749930812531245 -0.652324660263236 -0.611527572541846 -0.612088840336135 -0.626977899432868 -0.641882906140934 -0.645671696899756 -0.632174798647719 -0.615073500319044 -0.60424984124532 -0.574538100351762 -0.505058747095632 -0.427124773468755 -0.376169999143567 -0.351919031980384 -0.345169176886492 -0.343600178493172 -0.322421540327685 -0.265852661284633 -0.206622762831985 -0.17774821299746 -0.164884143474422 -0.142889566967909 -0.0908002565640156 0.0113038245559009
-0.960146810066336 -0.927528660139543 -0.894910510201745 -0.862292360208264 -0.829674210060028 -0.797056059642722 -0.764437908835486 -0.731819757513044 -0.699201605539014 -0.666583452800202 -0.633965299287269 -0.601347145016844 -0.568728990010621 -0.536110834310571 -0.50349267796809 -0.470874521052005 -0.438256363653747 -0.405638205937741 -0.373020048054713 -0.340401890027604 -0.307783731847408 -0.275165573494465 -0.242547414906501 -0.209929256007964 -0.177311096712818 -0.144692936956598 -0.11207477677162 -0.0794566162256681 -0.0468384554316292 -0.0142202945136644
-1.00317368081274 -0.96213296255304 -0.921151856868436 -0.880283815993271 -0.839593288795232 -0.799177644609213 -0.759254938005609 -0.720052041228067 -0.681710411977746 -0.644317980111645 -0.607833978652628 -0.572185466415019 -0.537318485993959 -0.503255015107842 -0.470016728129121 -0.437548150923242 -0.405783804284903 -0.374695337232838 -0.34424629108697 -0.314330648147962 -0.284825000961661 -0.255612023776092 -0.226598717647989 -0.197709715097651 -0.168915847690918 -0.140193716839323 -0.111496804291636 -0.0827828570214155 -0.0540498025641298 -0.0253056135957271
-1.00071390634741 -0.967539527683155 -0.934365149113667 -0.901190770746923 -0.868016392673227 -0.834842014957001 -0.801667637576818 -0.768493260453837 -0.735318883365416 -0.702144506075001 -0.668970128434214 -0.635795750316715 -0.602621371624726 -0.569446992374703 -0.536272612601752 -0.503098232301338 -0.469923851426247 -0.436749469798197 -0.403575087250904 -0.370400703797157 -0.337226319494514 -0.304051934414283 -0.270877548682772 -0.237703162410803 -0.204528775592243 -0.171354388217853 -0.138180000382943 -0.105005612206716 -0.0718312237993999 -0.0386568352689806
-0.956240132701064 -0.932169803889758 -0.910376160542255 -0.891831227561337 -0.873693436292781 -0.852877673320274 -0.829138239736167 -0.802589807000982 -0.771949113539267 -0.735856018849972 -0.69404079976565 -0.646506337452256 -0.59411985212894 -0.541205920227652 -0.492213042334394 -0.448628059438585 -0.411184015923039 -0.380560429340719 -0.356840659685157 -0.337776963542015 -0.320538821644985 -0.302371946055546 -0.280826974146316 -0.254137993016433 -0.222967963359981 -0.188570881967085 -0.152136016417107 -0.114810681146665 -0.0776391072321584 -0.0416397549099329
-1.02551349103718 -0.988360920335372 -0.951197717954866 -0.914005460383519 -0.876775521625894 -0.839513032575068 -0.80226835416146 -0.765102095883601 -0.728070631475143 -0.691222799660518 -0.654581534892161 -0.618163295554509 -0.581986072935407 -0.546073989936336 -0.510452088860816 -0.475142958006896 -0.440164607156576 -0.405519186033131 -0.371201065352158 -0.337189359857269 -0.303459370299079 -0.269982413087655 -0.236713867270854 -0.203600235666399 -0.170568453533666 -0.137548824514478 -0.104504693338776 -0.0714155382869892 -0.0382923307533619 -0.0051539154105942
-1.08409220816403 -1.03387763472188 -0.981140548825076 -0.924776764321302 -0.869023076968093 -0.818847471335448 -0.776801705333309 -0.744078138210294 -0.718847761229762 -0.69839064102872 -0.679444513724008 -0.658611532802425 -0.633337036166921 -0.604439099385056 -0.573102054644652 -0.538602522949983 -0.499706432268911 -0.455044649607215 -0.40394361068239 -0.348647087020875 -0.292128184101345 -0.237212056730537 -0.18613205702744 -0.141354231132647 -0.106867203960924 -0.085754886599063 -0.0759597560477993 -0.0740178981181805 -0.0759812679485598 -0.0777807880091167
-1.04049548646038 -0.989400971337577 -0.939098451280119 -0.890079673153951 -0.842322064477237 -0.795921849424808 -0.751964758145954 -0.71160557170358 -0.675285768840594 -0.643000464057761 -0.613672617207275 -0.585957149479185 -0.558682572358793 -0.531371758512419 -0.503675269029339 -0.475060057509647 -0.445058428718039 -0.413647699566816 -0.380985306747951 -0.347504153924521 -0.313706011502375 -0.279877478691562 -0.245444469918926 -0.209656636587653 -0.171919262789501 -0.131810122397276 -0.089441315719414 -0.0451409430627367 0.000433221708014581 0.0465409863386185
-1.0160909036009 -0.945382731352764 -0.878541350488216 -0.819584350890944 -0.774517680889959 -0.74798201824771 -0.737168600015065 -0.736040283683767 -0.733095849220642 -0.717703543286205 -0.688173556840651 -0.64505156691909 -0.591145267027427 -0.538310416554724 -0.497985997639137 -0.470895817532028 -0.453436104949551 -0.43540794935383 -0.407163214611125 -0.367852001458275 -0.318823969849763 -0.262162059436687 -0.202882328656604 -0.147429829874368 -0.10503247237756 -0.0817658817190563 -0.0683136915901726 -0.0526609595458964 -0.0273904304574503 0.0137657289748847
-1.04169657340088 -1.00407572427555 -0.966454875231832 -0.928834026330052 -0.891213177575236 -0.853592328960373 -0.815971480485576 -0.778350632143021 -0.74072978388602 -0.70310893562923 -0.665488087171556 -0.627867238282968 -0.590246388755629 -0.552625538470485 -0.515004687339835 -0.477383835312594 -0.439762982402689 -0.402142128847456 -0.364521274921675 -0.326900420826492 -0.289279566744642 -0.251658712831079 -0.214037859129624 -0.176417005651594 -0.138796152389426 -0.101175299333839 -0.0635544464875733 -0.0259335938469087 0.0116872586297214 0.0493081109933459
-1.02719938897843 -0.993889043022266 -0.960578697271545 -0.927268351895752 -0.893958006938076 -0.86064766239653 -0.827337318214723 -0.794026974292513 -0.760716630409178 -0.72740628633001 -0.694095941884941 -0.660785596920062 -0.627475251292631 -0.594164904904561 -0.560854557686543 -0.52754420963971 -0.494233860795441 -0.460923511235661 -0.427613161065057 -0.394302810428849 -0.360992459482387 -0.32768210836224 -0.294371757129844 -0.261061405809966 -0.227751054355828 -0.194440702727372 -0.161130350982984 -0.127819999192721 -0.0945096473748971 -0.0611992955348856
-0.98629797511105 -0.952103906389482 -0.917909837559502 -0.883715768505187 -0.849521699175774 -0.815327629550172 -0.78113355966082 -0.746939489545138 -0.712745419206933 -0.67855134865394 -0.644357277943201 -0.610163207144084 -0.575969136295269 -0.54177506531268 -0.507580994085878 -0.473386922521737 -0.439192850549308 -0.404998778169036 -0.370804705390172 -0.336610632185805 -0.302416558519985 -0.26822248436267 -0.234028409707462 -0.199834334567166 -0.165640259007754 -0.131446183111126 -0.0972521069697457 -0.0630580306723307 -0.0288639542820698 0.0053301221442309
-1.02162280525276 -0.991436060777886 -0.960828175245969 -0.929516687410131 -0.896737716118146 -0.861863675421125 -0.8252935800889 -0.787667732404869 -0.749564983987989 -0.71144815104863 -0.673377358827254 -0.635312059821845 -0.597263684090769 -0.55945157193392 -0.52206316662753 -0.484950413111649 -0.447853714121393 -0.410402801908294 -0.372502796542503 -0.335271039852211 -0.300127929105122 -0.268344410935611 -0.240593629444735 -0.21728463722687 -0.198367923382961 -0.183455926076767 -0.171267443216738 -0.16045501801158 -0.150299815126346 -0.140240154590169
0.931005403135288 0.91415671590389 0.900387115582051 0.888564484419328 0.872001998966662 0.844530201597119 0.807603803670885 0.76523955924154 0.724078224149123 0.689721199547523 0.660988466059554 0.635004649175264 0.608432065440897 0.576083795627486 0.533305205326024 0.479420035182556 0.416308948329722 0.352101922791494 0.295106569259228 0.248091714202494 0.212441488035413 0.188414930359384 0.171770717524921 0.156995489299814 0.137988102371858 0.110315939624802 0.0768082718062231 0.0412828675487238 0.00424959916116732 -0.034608635128517
-1.01876252291381 -0.982779812023564 -0.946797101048473 -0.910814389889074 -0.874831678442317 -0.838848966605494 -0.802866254280862 -0.766883541379964 -0.730900827846531 -0.694918113652224 -0.658935398848257 -0.622952683505731 -0.586969967688053 -0.550987251427862 -0.515004534755053 -0.47902181771934 -0.443039100344616 -0.407056382531664 -0.371073664149508 -0.335090945063223 -0.299108225136899 -0.263125504254154 -0.227142782376722 -0.191160059505938 -0.155177335723433 -0.119194611148241 -0.0832118859687223 -0.0472291603820304 -0.0112464345511806 0.0247362913693468
1.03679799813063 1.00095028342925 0.965102568799969 0.929254854305943 0.893407139908718 0.857559425558291 0.821711711260044 0.785863997044744 0.750016282989335 0.714168569176161 0.678320855663013 0.642473142501545 0.606625429728525 0.570777717321188 0.53493000522882 0.499082293348438 0.463234581595766 0.427386870013623 0.391539158662914 0.355691447549801 0.319843736666761 0.283996025990641 0.248148315435767 0.212300604929006 0.176452894509917 0.140605184226862 0.104757474050729 0.0689097639394587 0.0330620538766764 -0.0027856561475726
-0.987069640166903 -0.95361852174384 -0.920167403332371 -0.886716284910713 -0.853265166429026 -0.819814047848208 -0.786362929200173 -0.752911810546482 -0.719460691996254 -0.686009573650993 -0.652558455534192 -0.619107337649838 -0.585656220000163 -0.552205102580367 -0.518753985399302 -0.485302868527458 -0.451851752043948 -0.418400636000748 -0.384949520425242 -0.351498405273584 -0.318047290484119 -0.284596175993687 -0.251145061733122 -0.217693947654362 -0.184242833799785 -0.150791720210675 -0.117340606833505 -0.0838894935946289 -0.0504383804347205 -0.0169872672980371
0.984660577382038 0.952454511202612 0.920240921971261 0.888003648211361 0.855717028395162 0.823354168004561 0.790892740611155 0.758310719802924 0.725582711143679 0.692682765147106 0.659586080150563 0.626268141447323 0.592712021479406 0.558931141283813 0.524945977718524 0.490774882330463 0.456435360386171 0.421943657341716 0.387312962051671 0.35254549677509 0.317640742122148 0.282600429320184 0.247435292065191 0.21216147989589 0.176807803253262 0.141404674013419 0.105976248890738 0.0705411185051271 0.0351018642603608 -0.00034293474382166
-1.00236323398889 -0.963252299227723 -0.924224822854624 -0.885383915350395 -0.846753187778974 -0.808334996630267 -0.77012617951494 -0.732157545579661 -0.69460130899436 -0.657637747287902 -0.621337986401632 -0.585745864380014 -0.550911041635198 -0.51690646805007 -0.48380055669545 -0.451620283923156 -0.420378461003608 -0.390072675600624 -0.360686546585146 -0.332163041263212 -0.304434964049635 -0.277435839822325 -0.251102075311579 -0.225353425224847 -0.200040154325802 -0.175012440042442 -0.150189600403828 -0.125513316425719 -0.100945580469585 -0.0764534627333258
1.05691569547023 1.0204062894722 0.983896883458306 0.947387477416736 0.910878071310814 0.87436866510102 0.837859258761325 0.80134985227938 0.764840445684069 0.728331039026015 0.691821632401552 0.655312225918441 0.618802819693057 0.582293413876224 0.545784008612659 0.509274603988189 0.472765200066244 0.436255796879527 0.399746394436672 0.363236992680739 0.326727591538396 0.290218190924226 0.253708790704481 0.217199390736694 0.180689990891866 0.144180591059517 0.107671191189781 0.0711617912539169 0.0346523912470639 -0.00185700882966712
-0.911015781231601 -0.915927555816556 -0.917539529884391 -0.912336516011105 -0.897857422764738 -0.872856301570636 -0.83989367929133 -0.802299367096934 -0.762673837950688 -0.723066165326177 -0.684049162945251 -0.645826579591822 -0.608662211493103 -0.573060044649507 -0.53912095701742 -0.50509320460392 -0.4694505859017 -0.433421691295204 -0.39846203426215 -0.364180028761586 -0.329722313872893 -0.294134883622235 -0.256061151822915 -0.21451425364775 -0.170388789920484 -0.124822750496157 -0.078046215704089 -0.0302106801852075 0.0179387946473989 0.0655087556876022
-0.992468326927441 -0.958250077634652 -0.924031828398627 -0.889813579227854 -0.85559533013943 -0.82137708118155 -0.787158832518198 -0.752940584295925 -0.718722336475752 -0.684504088980607 -0.650285841766563 -0.616067594797982 -0.58184934808039 -0.547631101783967 -0.513412856088141 -0.479194611044682 -0.444976366678245 -0.410758123032677 -0.376539880136949 -0.342321637941317 -0.308103396376362 -0.273885155376076 -0.239666914888106 -0.205448674841904 -0.171230435080483 -0.137012195450217 -0.102793955897355 -0.0685757163967411 -0.034357476937705 -0.000139237513201326
-0.999801532185697 -0.963713362751026 -0.927622122350309 -0.891528027431894 -0.855434883477303 -0.819348854712382 -0.783281951307105 -0.747244911301439 -0.711237538271175 -0.675259869823233 -0.639323814153221 -0.603444247103919 -0.567635534102882 -0.531909998916768 -0.496280837901865 -0.460766779433899 -0.42538481298892 -0.390139440424842 -0.355031588719065 -0.320060372945072 -0.285224455200364 -0.250519852000352 -0.215931997532084 -0.181443955545948 -0.147039890374074 -0.112703143230276 -0.0784126622733779 -0.0441476695006757 -0.00989287531835514 0.0243656377651758
-1.04766903009415 -1.00837653372304 -0.96911884688699 -0.929919452982269 -0.890800989639639 -0.851782238895014 -0.812867406170439 -0.774063699285644 -0.735404912264949 -0.696934559260317 -0.658708448729669 -0.62078546270742 -0.583216318108563 -0.546019071370433 -0.509194811688642 -0.472709419769578 -0.436526735327726 -0.400637642599184 -0.365039268102384 -0.329726662963499 -0.294694359460633 -0.259925720905387 -0.225359434743335 -0.190924885473054 -0.156558921671159 -0.122208111937212 -0.0878504408845163 -0.0534754560271966 -0.0190875404688985 0.0153052137893508
-0.972864737807241 -0.939327333945452 -0.905789930173328 -0.872252526561192 -0.838715123115 -0.80517771981041 -0.771640316566225 -0.738102913260729 -0.704565509666972 -0.671028105531563 -0.637490700600563 -0.603953294619898 -0.570415887358038 -0.536878478673625 -0.503341068475971 -0.469803656786895 -0.43626624368541 -0.402728829366791 -0.369191414032247 -0.335653997790468 -0.302116580727015 -0.268579162935839 -0.235041744544456 -0.201504325668574 -0.167966906343122 -0.134429486590377 -0.100892066462795 -0.0673546460303346 -0.0338172254027683 -0.000279804699822026
-0.933288807099497 -0.906228367089938 -0.879068745261649 -0.85169897850945 -0.824022090488406 -0.795961597065181 -0.767508996192595 -0.738659784798535 -0.709357473624985 -0.679541086688183 -0.64918368728726 -0.618266848542075 -0.586780638341175 -0.554749103647877 -0.52219884049808 -0.489132662143252 -0.455548415699904 -0.421447866529143 -0.386842919209796 -0.351782116946988 -0.316323162602414 -0.280521269807692 -0.244421695274122 -0.208057977041384 -0.171426735382998 -0.134534479495211 -0.0974641920313355 -0.0603077509971891 -0.0231161423515488 0.0140698709585687
0.974854763283004 0.948648544798653 0.922363901047691 0.896047650449393 0.869149591448042 0.841074374717531 0.8116430798252 0.780741494825932 0.74809781283134 0.713425772633146 0.676538890686784 0.637275627863616 0.595651786543763 0.552392535142382 0.508477304018915 0.465193205274895 0.423787002925291 0.38503638689672 0.34953182580695 0.317583977126734 0.289433545540064 0.265140826871356 0.244044481506714 0.225100080680914 0.206452474461753 0.186301502421354 0.163877683316129 0.1388765735132 0.111823200638234 0.0834499601315366
-0.984036947023575 -0.949507418901945 -0.914977890781265 -0.880448362731123 -0.845918834902156 -0.811389307457201 -0.776859780526832 -0.742330254222201 -0.70780072860904 -0.673271203744563 -0.638741679697338 -0.60421215653877 -0.569682634308134 -0.535153112916184 -0.500623592230593 -0.466094072075228 -0.431564552286754 -0.397035032796818 -0.362505513579544 -0.327975994683973 -0.293446476177873 -0.258916958118167 -0.224387440518397 -0.189857923353727 -0.155328406489195 -0.120798889782121 -0.0862693731690896 -0.0517398566091613 -0.017210340072047 0.0173191764698804
-1.02590813871544 -0.990798695824108 -0.955689253072726 -0.920579810605705 -0.885470368476343 -0.850360926699102 -0.815251485224215 -0.780142043973747 -0.745032602821316 -0.709923161631645 -0.674813720282343 -0.639704278654235 -0.604594836639021 -0.569485394171878 -0.534375951211535 -0.499266507767432 -0.464157063888715 -0.429047619732633 -0.39393817549295 -0.358828731401373 -0.323719287699099 -0.288609844600805 -0.253500402215104 -0.218390960608507 -0.183281519785193 -0.148172079696239 -0.113062640142661 -0.0779532009099582 -0.0428437618716132 -0.00773432292310649
-0.926509488849155 -0.896004186449816 -0.865489069962884 -0.83495365584538 -0.804391911022641 -0.773798393880695 -0.743165578180024 -0.712485036702453 -0.681746822940722 -0.650940431211605 -0.620054638417076 -0.589078042105413 -0.558001572268967 -0.526825488676397 -0.495554965991437 -0.464205508681835 -0.432793453609659 -0.401328137410245 -0.369816539391835 -0.338263209781014 -0.306672091533957 -0.275044686128352 -0.243372729127955 -0.211647107336184 -0.179865078429046 -0.148027320821836 -0.116141825014405 -0.0842191107665921 -0.0522725027936288 -0.0203160270495955
-0.997230867189187 -0.96316938978167 -0.929107912303109 -0.89504643468032 -0.86098495685729 -0.826923478774163 -0.792862000338573 -0.758800521479508 -0.724739042243904 -0.6906775626988 -0.656616082873703 -0.622554602788737 -0.588493122463216 -0.55443164191321 -0.52037016113883 -0.486308680079595 -0.452247198666086 -0.418185716853715 -0.384124234607047 -0.350062751902425 -0.316001268719137 -0.281939785046496 -0.247878300913937 -0.213816816376268 -0.179755331549687 -0.145693846555457 -0.111632361473716 -0.0775708763604279 -0.0435093912159805 -0.00944790602686968
-1.03943266933507 -1.00272371019492 -0.966014751074955 -0.929305791972869 -0.892596832873277 -0.855887873761784 -0.819178914641059 -0.782469955524545 -0.745760996451718 -0.709052037479869 -0.672343078711498 -0.63563412026041 -0.598925162265863 -0.562216204968941 -0.525507248605336 -0.488798293287353 -0.45208933906631 -0.415380385872942 -0.378671433602942 -0.34196248213242 -0.305253531332587 -0.268544581072382 -0.231835631211639 -0.195126681606057 -0.158417732103896 -0.121708782575266 -0.0849998329851299 -0.048290883327165 -0.0115819336150621 0.0251270161324846
1.03618174916661 0.996409675172032 0.956813652875803 0.917499286387773 0.878456985160762 0.83964638168634 0.801019195268107 0.762528001754231 0.72413671635913 0.68584160638981 0.647757008157365 0.610026775223913 0.572795256222921 0.53620878007325 0.500396248240661 0.46541487209312 0.43129960776079 0.398068080520408 0.365731931569197 0.334296196639749 0.303764260098494 0.274122161388848 0.245286560262142 0.217165734699875 0.189703815296272 0.162846669689266 0.136511261078882 0.11059908576476 0.0849786768828971 0.0595103267783797
-0.993862167652979 -0.960326919416478 -0.926791671142011 -0.893256422804752 -0.859721174508849 -0.826185926385017 -0.792650678541238 -0.759115431083172 -0.725580184129908 -0.692044937807157 -0.658509692253692 -0.624974447611548 -0.591439204018458 -0.557903961594929 -0.524368720403451 -0.490833480291651 -0.457298241054875 -0.423763002494202 -0.390227764415467 -0.356692526637809 -0.32315728898369 -0.289622051289683 -0.256086813448789 -0.222551575407616 -0.189016337270763 -0.155481099163462 -0.121945861135471 -0.0884106232042496 -0.054875385333528 -0.0213401474736028
-0.855031673577017 -0.903281560353536 -0.936252406184523 -0.938213426543887 -0.91396617477995 -0.872452879439263 -0.818646131986877 -0.757938165559926 -0.701369417065407 -0.658404016235158 -0.626552660330528 -0.600337688495242 -0.575537081460879 -0.552951386310423 -0.533549457908763 -0.513950815896988 -0.489626260476102 -0.455801049310576 -0.409785920381752 -0.357479075475022 -0.306925582326785 -0.264258501478197 -0.227962864689432 -0.194500638226289 -0.159889555158045 -0.121737359350237 -0.0844560710499565 -0.0526705777606181 -0.0250529596293735 0.00121290503569144
-0.998632360811296 -0.966166969309384 -0.933689879718303 -0.901180545458335 -0.868598694955316 -0.835914269064772 -0.803157783355425 -0.770365153147249 -0.737533318052041 -0.70464002719712 -0.671625243480058 -0.638419483240996 -0.604957325591664 -0.571189600730165 -0.537063287541467 -0.502493708571646 -0.467403262061718 -0.431774305371377 -0.395613764207847 -0.358966878549809 -0.321888466943804 -0.284437239056312 -0.246687469033556 -0.20871315873152 -0.170571656365485 -0.13231625475603 -0.0940006787856367 -0.0556699631043697 -0.0173339493707328 0.0210063190046603
1.02569616980069 0.991422949927881 0.957149730018687 0.922876510048356 0.888603290013955 0.854330069892085 0.820056849555661 0.785783628866742 0.751510407747655 0.717237186162524 0.682963964182407 0.648690741905097 0.614417519454518 0.580144297059118 0.545871074948481 0.511597853252223 0.477324632029218 0.443051411155342 0.408778190483019 0.374504969953862 0.340231749531779 0.305958529219919 0.271685309178393 0.237412089572729 0.203138870433161 0.168865651744385 0.134592433444241 0.100319215448271 0.0660459976296607 0.0317727798510111
-0.97269168810474 -0.939752786499452 -0.906813884883913 -0.873874983198313 -0.840936081380104 -0.807997179390829 -0.775058277291127 -0.742119375161842 -0.70918047306557 -0.676241571070265 -0.643302669283583 -0.610363767823105 -0.577424866789721 -0.544485966217558 -0.511547066116044 -0.47860816646259 -0.445669267219979 -0.412730368324517 -0.379791469701188 -0.346852571256171 -0.313913672890942 -0.280974774527562 -0.248035876170445 -0.215096977851183 -0.182158079627745 -0.149219181553689 -0.116280283638541 -0.0833413858683437 -0.0504024881792304 -0.0174635904948577
-1.06169707986297 -1.01672091965156 -0.968226643050093 -0.915504523294293 -0.859121292780663 -0.80106141062706 -0.74770378367597 -0.704509306818105 -0.668872379412453 -0.637089473738697 -0.609131849291026 -0.585889462367253 -0.56732687155257 -0.54970704458168 -0.52815652521592 -0.49695775217367 -0.452932585822022 -0.403904678165893 -0.359003631466897 -0.321581057375606 -0.293544069889838 -0.275476291846639 -0.262667381439991 -0.249254039162636 -0.230055099345421 -0.2014317204348 -0.165232223501551 -0.124378889098101 -0.0806026730791401 -0.0353367001249232
-0.980017595820305 -0.945909665432102 -0.911801735084216 -0.877693804763097 -0.843585874411705 -0.809477943977435 -0.775370013468931 -0.741262082928728 -0.707154152473665 -0.673046222179225 -0.638938291881168 -0.604830361355322 -0.570722430373837 -0.536614498694144 -0.502506566116695 -0.468398632628726 -0.434290698283273 -0.400182763209793 -0.366074827543548 -0.331966891366613 -0.297858954747766 -0.263751017737955 -0.229643080316802 -0.195535142468582 -0.16142720426751 -0.127319265813567 -0.0932113272198698 -0.059103388588587 -0.0249954499649679 0.00911248861996851
-1.00754089762729 -0.970003382498592 -0.93244373658632 -0.894843847631906 -0.857263891623597 -0.819785987185204 -0.782501735235981 -0.745529424881816 -0.709084615679688 -0.673367075893416 -0.638416138163087 -0.604231026222854 -0.570785637635435 -0.537952565277806 -0.505595500627455 -0.473643834249664 -0.442043037658474 -0.410737207075171 -0.379665809560299 -0.348751170824189 -0.317911331239617 -0.287076570650017 -0.256226126781441 -0.225338007009953 -0.194336339429036 -0.16315096392224 -0.131788446815974 -0.100277972051362 -0.0686624675855425 -0.0369882973796568
-1.03557556511126 -0.997078684642783 -0.958579004684342 -0.920075252822472 -0.881571717121029 -0.843074916120195 -0.804594729788135 -0.766141246720232 -0.727722028592781 -0.689344888110747 -0.651021169012898 -0.612763097796448 -0.574582679852551 -0.536491036148121 -0.4984955918341 -0.460589873221791 -0.422765447906849 -0.385019947461975 -0.347350636367473 -0.309747246757011 -0.272197627677599 -0.234689719649986 -0.197211829089875 -0.159753947823331 -0.122312443422902 -0.084886447498099 -0.0474797720597947 -0.010095367296604 0.0272719442932653 0.0646293721342071
-0.936012408701234 -0.903499931949248 -0.870987455158469 -0.83847497836402 -0.80596250164948 -0.773450025134541 -0.740937549034892 -0.708425073640116 -0.675912599439368 -0.643400126910277 -0.61088765628478 -0.578375187733394 -0.545862721397005 -0.513350257297987 -0.480837795400268 -0.448325335552504 -0.41581287755337 -0.383300421116886 -0.350787965974946 -0.318275512015585 -0.285763059165875 -0.253250607373577 -0.220738156669208 -0.188225707057433 -0.155713258356766 -0.123200810337286 -0.0906883627614819 -0.0581759154229509 -0.0256634682472961 0.00684897880687733
-0.912146586104302 -0.896406561896666 -0.880379431660567 -0.863657007975028 -0.84557402869202 -0.82549832904247 -0.803187208500196 -0.778532086732991 -0.751571399941669 -0.722407831212408 -0.691254034639813 -0.658350157070599 -0.623983033736319 -0.58862625340788 -0.552704352109663 -0.516258901340569 -0.479236020638817 -0.44158298622537 -0.403364114171136 -0.365110723264072 -0.327470882971396 -0.291045023797197 -0.256243020393043 -0.223337435057799 -0.192242136532037 -0.162685906532944 -0.134015872242462 -0.105603048280281 -0.0772956535523323 -0.0490612080361069
0.942863991322001 0.905322955889795 0.878250014857248 0.861496267777561 0.853213670236027 0.849701193755292 0.841545017575324 0.818749992480932 0.774708447718973 0.707255423186704 0.628609322920944 0.554584391993403 0.497796392170169 0.45806715199484 0.432804224970067 0.422551997657223 0.425675433966673 0.428684974146041 0.417924406367291 0.390925434162479 0.348016739903682 0.292875213429724 0.242570574446408 0.212178636649177 0.195406759825037 0.181174933192084 0.160622117601183 0.127502637830219 0.0838133027323814 0.0336115421796852
-1.01082801871994 -0.980442679845492 -0.950116120524234 -0.919835260414142 -0.889440485121382 -0.858774521950542 -0.827835999051711 -0.796648141428585 -0.765176660653767 -0.733366638928431 -0.701138154399123 -0.668405034198727 -0.635094786494732 -0.60118964359302 -0.566679077864102 -0.531526797798607 -0.495674377552272 -0.459000617821147 -0.421385613585214 -0.382777410419876 -0.343141041549386 -0.302453972947226 -0.260743401583787 -0.21807400436144 -0.174610646913573 -0.130560691718654 -0.0862012999044724 -0.0417769173728075 0.00266866952791676 0.0471418393376159
-1.01612477384943 -0.982151775815677 -0.948178777804655 -0.914205779857682 -0.880232781977266 -0.846259784144769 -0.812286786295773 -0.778313788358462 -0.7443407902772 -0.710367792006699 -0.676394793526889 -0.642421794824004 -0.608448795909572 -0.574475796896312 -0.540502797894819 -0.506529798906007 -0.472556799894493 -0.438583800789389 -0.404610801541654 -0.370637802225156 -0.336664802944489 -0.302691803802714 -0.26871880489675 -0.234745806284588 -0.20077280787464 -0.166799809547657 -0.132826811223335 -0.0988538128419771 -0.0648808143873942 -0.0309078158542717
-0.983137700251916 -0.948674578551298 -0.914211456897877 -0.879748335307865 -0.845285213809729 -0.810822092447581 -0.776358971315862 -0.741895850506525 -0.707432730051252 -0.67296960996769 -0.638506490277613 -0.60404337100383 -0.569580252128408 -0.535117133470457 -0.50065401481061 -0.46619089593855 -0.431727776668387 -0.397264656902887 -0.362801536587007 -0.328338415745805 -0.293875294424364 -0.259412172678953 -0.22494905061057 -0.190485928327802 -0.15602280592486 -0.121559683478757 -0.0870965610121089 -0.0526334385307323 -0.0181703160276527 0.0162928065073026
-1.00719581604074 -0.97155423420291 -0.935912652436246 -0.90027107084763 -0.864629489520305 -0.828987908522576 -0.793346327886615 -0.757704747630289 -0.722063167750363 -0.686421588239105 -0.650780009091904 -0.615138430304926 -0.579496851843574 -0.54385527355019 -0.508213695232005 -0.472572116678851 -0.436930537692875 -0.40128895814288 -0.365647377930689 -0.330005797023563 -0.294364215405124 -0.258722633059194 -0.223081049970401 -0.187439466139342 -0.15179788162968 -0.116156296529476 -0.080514710961314 -0.0448731250524705 -0.00923153891448073 0.0264100473450561
-0.956099763495132 -0.922395954898304 -0.888692146273352 -0.854988337671624 -0.821284529242646 -0.787580721148159 -0.753876913500562 -0.720173106406615 -0.686469299999855 -0.652765494417343 -0.619061689783451 -0.585357886219381 -0.551654083825811 -0.517950282621346 -0.484246482600639 -0.450542683744623 -0.416838886031787 -0.383135089444547 -0.349431293940779 -0.31572749937625 -0.282023705581207 -0.248319912377247 -0.214616119551386 -0.18091232691505 -0.147208534411876 -0.113504742008488 -0.0798009496312389 -0.0460971572189347 -0.0123933648004589 0.0213104275727854
-0.967216617060562 -0.943397302927992 -0.91944371945776 -0.895211782264723 -0.870509313272672 -0.845126339865311 -0.818829804957053 -0.791383104721192 -0.76255853283582 -0.732179327703026 -0.700263609116089 -0.666878217216083 -0.632102525105532 -0.596066037732756 -0.558936965824434 -0.520988211374898 -0.48251312772065 -0.443782182299229 -0.405035980357649 -0.366418564279781 -0.328049835733714 -0.290007219228477 -0.252198230636875 -0.214481334168648 -0.176688696017514 -0.138713572944237 -0.100719881993785 -0.062894597415942 -0.0252462619955478 0.0122611893487948
-1.03114781996501 -0.994773824667546 -0.958399829436247 -0.92202583431064 -0.885651839253607 -0.849277844190548 -0.812903848973591 -0.776529853464123 -0.74015585763385 -0.703781861494934 -0.667407865111055 -0.631033868558766 -0.594659871887169 -0.558285875035546 -0.521911877915192 -0.485537880435264 -0.449163882540027 -0.412789884316318 -0.376415885868247 -0.340041887226454 -0.303667888403208 -0.267293889388648 -0.230919890084382 -0.194545890397921 -0.158171890348918 -0.121797889985457 -0.0854238893572038 -0.0490498885146857 -0.0126758875102984 0.0236981136030964
-1.07577268495965 -1.03770358980778 -0.999634494674719 -0.961565399569219 -0.92349630442393 -0.885427209157833 -0.847358113711331 -0.809289018039815 -0.771219922137202 -0.733150826013979 -0.695081729708368 -0.657012633265527 -0.618943536764746 -0.580874440421837 -0.542805344468947 -0.50473624906703 -0.466667154363705 -0.428598060524429 -0.390528967670524 -0.352459875728933 -0.314390784578006 -0.276321694084943 -0.238252604072352 -0.200183514389788 -0.162114425039178 -0.124045336032427 -0.0859762472689692 -0.0479071586339523 -0.00983807006783451 0.0282310184750979
1.01812445114934 0.971664733674862 0.925607923268982 0.879596206542527 0.834079371339381 0.790143682560303 0.750613712100483 0.717889791107756 0.690936980746107 0.667885274035557 0.646959661404119 0.626408882631804 0.604688377892754 0.581080388937618 0.554779905741065 0.523806109597309 0.486608521267023 0.444533828057148 0.39941314718099 0.352118148931032 0.303280641869555 0.254116786743391 0.208180153037582 0.169330230613262 0.140312782097712 0.123047079436514 0.117260159082293 0.12150477196297 0.131828762400594 0.143653748065746
-0.994557551715021 -0.961448714738988 -0.928339877827587 -0.895231041108052 -0.862122204749536 -0.829013368898528 -0.795904533568944 -0.762795698737832 -0.729686864367339 -0.696578030402555 -0.663469196735247 -0.63036036324385 -0.597251529840959 -0.564142696575797 -0.531033863516608 -0.497925030671072 -0.464816198058894 -0.431707365808442 -0.398598534069134 -0.365489702965945 -0.332380872617735 -0.299272043107918 -0.266163214378103 -0.233054386329579 -0.199945558844126 -0.166836731794223 -0.133727905034655 -0.10061907843033 -0.0675102519043428 -0.0344014253943346
-0.986949856715631 -0.952280979416231 -0.917612101981376 -0.88294322429597 -0.848274346362444 -0.813605468203225 -0.778936589803198 -0.744267711126055 -0.709598832088258 -0.6749299526105 -0.640261072677619 -0.605592192290487 -0.570923311433911 -0.536254430028435 -0.501585547987268 -0.46691666525854 -0.432247781795569 -0.397578897537518 -0.362910012427565 -0.328241126439116 -0.293572239553137 -0.258903351753735 -0.224234463037583 -0.18956557340671 -0.154896682872002 -0.120227791479733 -0.0855588994089014 -0.0508900068644558 -0.0162211140224428 0.0184477789483174
-0.996220475160943 -0.962451884096401 -0.928683293041629 -0.89491470201507 -0.86114611105252 -0.827377520181124 -0.793608929376064 -0.759840338598672 -0.726071747806847 -0.692303156974279 -0.658534566141259 -0.624765975364728 -0.590997384702347 -0.557228794214657 -0.523460203953084 -0.489691613929713 -0.455923024161094 -0.422154434720987 -0.388385845677505 -0.354617257018978 -0.320848668713789 -0.287080080713099 -0.25331149289919 -0.219542905148773 -0.185774317385189 -0.152005729544857 -0.118237141569911 -0.0844685534232715 -0.0506999651452952 -0.0169313767956977
-1.04761464021618 -1.01021386813661 -0.972813096082487 -0.935412324120562 -0.898011552385446 -0.860610781008817 -0.82321001004279 -0.785809239543461 -0.748408469662398 -0.711007700567064 -0.67360693239303 -0.636206165267894 -0.598805399298794 -0.561404634511027 -0.524003870896112 -0.486603108392289 -0.449202346922017 -0.411801586397902 -0.374400826703202 -0.337000067613644 -0.299599308878072 -0.262198550295636 -0.224797791866705 -0.187397033644067 -0.149996275688948 -0.112595518032908 -0.0751947605804 -0.037794003217615 -0.000393245884787217 0.0370075114643373
-0.9950975130006 -0.965212078086435 -0.935370426857374 -0.905610616873293 -0.875913229816075 -0.846230411212006 -0.816458037842991 -0.78648026311974 -0.756190615712553 -0.725504682626629 -0.69441690894715 -0.662941454279295 -0.631069108706984 -0.598697184229092 -0.565690941188777 -0.531880911391375 -0.497114554027096 -0.461341766363456 -0.424564157095093 -0.386887742547829 -0.348444640955278 -0.309382586820089 -0.26991177972105 -0.230239036885372 -0.190495181057845 -0.150770109712425 -0.11106601372216 -0.0713694461012529 -0.0316921150294232 0.00794798252222868
-0.995486593148296 -0.961571540271504 -0.927656487380116 -0.893741434397501 -0.859826381114163 -0.82591132731421 -0.791996272889045 -0.758081217757047 -0.724166161837222 -0.69025110507839 -0.656336047547991 -0.622420989343119 -0.588505930549661 -0.554590871208675 -0.520675811347266 -0.486760750981584 -0.452845690141087 -0.418930628919415 -0.385015567422593 -0.351100505741987 -0.317185443965303 -0.283270382178285 -0.249355320458835 -0.215440258862952 -0.18152519736685 -0.147610135932553 -0.113695074545108 -0.0797800131946771 -0.0458649518688644 -0.0119498905546347
-1.07325294175014 -1.01063500646612 -0.948926254017828 -0.8890766280511 -0.833481080486869 -0.78562152144179 -0.751882685540316 -0.736443901599038 -0.731760050695313 -0.728165297982637 -0.719235392658305 -0.69935647993056 -0.664375278455869 -0.615980800683581 -0.558448962956857 -0.500561003401205 -0.450294829922364 -0.407909707764636 -0.371519117490985 -0.338372043600459 -0.305501346576129 -0.270655828730922 -0.234448059697192 -0.198245741148733 -0.16357333560568 -0.132564304235467 -0.109631341948379 -0.0979888226436661 -0.0937786024335671 -0.09137440798357
-1.02511706260067 -0.989786951501376 -0.954456840357046 -0.919126729118887 -0.883796617805983 -0.848466506467751 -0.813136395207048 -0.777806284150816 -0.742476173468899 -0.707146063329655 -0.671815953852583 -0.636485845144968 -0.601155737275856 -0.565825630161333 -0.530495523705833 -0.495165417920147 -0.4598353128503 -0.424505208576918 -0.389175105160075 -0.353845002543051 -0.318514900639933 -0.28318479936717 -0.247854698650677 -0.212524598411025 -0.177194498537946 -0.141864398911076 -0.106534299400515 -0.0712041998960891 -0.0358741003760744 -0.00054400084085878
1.02816830391759 0.993485339409277 0.958802374926527 0.924119410495842 0.88943644605104 0.854753481476161 0.820070516548813 0.785387551035012 0.75070458476084 0.716021617582963 0.681338649420327 0.64665568020745 0.611972709903589 0.577289738566975 0.542606766269204 0.507923793036378 0.473240818910837 0.438557844045365 0.403874868626381 0.369191892864372 0.334508916975844 0.299825941144318 0.265142965421372 0.230459989808253 0.195777014236826 0.161094038637772 0.126411063006409 0.0917280873537304 0.0570451116887786 0.0223621360201112
-1.05359930715718 -1.01425784292371 -0.974920111987997 -0.935588266786861 -0.896263441923846 -0.85694512956647 -0.817627269971409 -0.778304652020818 -0.738981011009609 -0.699665593503582 -0.660380744739326 -0.621152084621132 -0.58200651964207 -0.542976102650348 -0.504088352358089 -0.46534750457794 -0.42675120273875 -0.388294003633641 -0.34996902384015 -0.311766705709184 -0.273676823034997 -0.235689017809634 -0.19779240481631 -0.15997357191712 -0.122209526498514 -0.0844767086981062 -0.0467588701338088 -0.00904413829010735 0.0286691673625204 0.0663801793570986
-1.00376611766017 -0.968837348988149 -0.93390858024938 -0.89897981137199 -0.864051042254833 -0.829122272790394 -0.79419350287497 -0.759264732430929 -0.724335961481105 -0.689407190073957 -0.654478418259968 -0.619549646090129 -0.584620873606121 -0.549692100812392 -0.514763327698109 -0.479834554228531 -0.444905780365274 -0.409977006079249 -0.375048231344868 -0.340119456141236 -0.305190680448629 -0.270261904254681 -0.23533312757646 -0.20040435044953 -0.165475572954022 -0.130546795189758 -0.0956180172907621 -0.0606892393759011 -0.0257604614691984 0.0091683164290326
-1.02574386446294 -0.990223501009743 -0.954703137600007 -0.919182774223467 -0.883662410822694 -0.848142047344317 -0.812621683798348 -0.777101320194484 -0.741580956477783 -0.706060592604106 -0.670540228637169 -0.635019864667651 -0.599499500822169 -0.563979137371086 -0.528458774583575 -0.492938412580288 -0.45741805142627 -0.421897691112646 -0.38637733160416 -0.350856972833945 -0.315336614727231 -0.279816257213127 -0.244295900236257 -0.208775543741761 -0.173255187661318 -0.137734831921823 -0.102214476444493 -0.0666941211527736 -0.0311737659847148 0.00434658911798314
1.00619011961839 0.971323796681407 0.93645747380138 0.901591151040955 0.866724828445012 0.831858506052247 0.796992183894381 0.762125862000363 0.727259540395026 0.692393219082909 0.657526897991482 0.622660577028954 0.587794256096898 0.552927935070354 0.518061613827957 0.483195292289237 0.448328970387725 0.413462648072057 0.3785963253037 0.343730002080343 0.308863678408728 0.273997354304064 0.239131029815427 0.204264704992352 0.169398379852355 0.134532054416651 0.0996657287532599 0.0647994029358406 0.029933077013775 -0.00493324896962299
-1.01287909427227 -0.977869458832094 -0.942859823435402 -0.907850188173028 -0.872840553141177 -0.837830918426435 -0.802821284071543 -0.767811650097761 -0.73280201648428 -0.697792383199948 -0.662782750214329 -0.627773117497166 -0.592763485023094 -0.557753852786314 -0.522744220787202 -0.487734589031241 -0.452724957504735 -0.417715326112139 -0.382705694705553 -0.347696063009496 -0.312686430716595 -0.277676797563442 -0.242667163462503 -0.207657528405214 -0.17264789252304 -0.137638255988171 -0.102628618995688 -0.0676189817321026 -0.0326093443267532 0.00240029310531407
-0.972591607527036 -0.939048917502695 -0.905506227556367 -0.871963537719335 -0.838420847944741 -0.804878158165851 -0.771335468314561 -0.737792778323765 -0.704250088131714 -0.670707397677012 -0.637164706894311 -0.603622015717275 -0.570079324075293 -0.53653663188064 -0.502993939061563 -0.4694512456273 -0.435908551618948 -0.402365857124056 -0.36882316224633 -0.335280467107663 -0.301737771834493 -0.268195076532266 -0.234652381222451 -0.201109685911195 -0.167566990627315 -0.134024295388454 -0.100481600144884 -0.0669389048422546 -0.0333962094750902 0.000146485949864595
-0.985182081552928 -0.950695228591987 -0.916208375640062 -0.881721522670859 -0.847234669649164 -0.812747816473412 -0.778260962785549 -0.743774108215233 -0.709287252599471 -0.674800395783664 -0.64031353743944 -0.605826677194987 -0.571339814690193 -0.536852949611767 -0.502366081689538 -0.467879210778995 -0.433392336789903 -0.398905459723476 -0.364418579639902 -0.32993169674382 -0.295444811275981 -0.260957923505754 -0.226471033816964 -0.191984142604879 -0.157497250196081 -0.123010356914427 -0.0885234631415883 -0.0540365692180477 -0.0195496752617317 0.0149372186650725
-1.00135657364136 -0.966420072970036 -0.931483572316387 -0.896547071667184 -0.861610570952299 -0.826674070102187 -0.791737569106523 -0.756801067968655 -0.721864566687373 -0.686928065257326 -0.651991563661143 -0.617055061878444 -0.582118559884817 -0.547182057639723 -0.512245555115991 -0.477309052356057 -0.442372549395133 -0.407436046169932 -0.372499542577925 -0.337563038458133 -0.302626533634964 -0.267690027974868 -0.232753521512473 -0.197817014331852 -0.162880506546701 -0.127943998283312 -0.0930074896887447 -0.0580709809036484 -0.0231344720222772 0.0118020368727146
1.03138315709354 0.995506697606432 0.959630450940863 0.923753901296356 0.887876918626552 0.851999993506974 0.816125713246551 0.780257208165975 0.744397683899589 0.70855013728809 0.672716654683942 0.636899094817544 0.601099089797914 0.565317365248514 0.529554208984243 0.493809064071288 0.458081349678978 0.422371234137911 0.386678611657442 0.351001530800664 0.31533757871911 0.27968418495612 0.244038148622286 0.208396445342447 0.172757387231189 0.137119507939416 0.101480890773549 0.0658399838441472 0.0301971448228181 -0.00544679122857141
-0.992754022205863 -0.957539079242107 -0.922324136259881 -0.887109193278385 -0.851894250485133 -0.816679308127802 -0.781464366526408 -0.746249425968005 -0.711034486535482 -0.675819548296144 -0.64060461145914 -0.60538967626908 -0.570174742958843 -0.534959811714391 -0.499744882654453 -0.46452995567575 -0.429315030588719 -0.394100107080657 -0.358885184826802 -0.323670263577294 -0.288455343100998 -0.253240423192443 -0.218025503748827 -0.182810584684882 -0.147595665882834 -0.112380747212346 -0.0771658285253473 -0.0419509096980799 -0.00673599072176964 0.0284789283836122
-1.01228633768409 -0.976532071553446 -0.940777805409407 -0.905023539264885 -0.869269273185257 -0.833515007241473 -0.797760741474297 -0.762006475923726 -0.726252210656856 -0.690497945746984 -0.654743681265105 -0.618989417281643 -0.58323515382866 -0.547480890784785 -0.511726628008888 -0.475972365434246 -0.440218102986096 -0.404463840483128 -0.368709577753081 -0.332955314766443 -0.297201051529387 -0.261446788081234 -0.225692524593877 -0.189938261240358 -0.154183998065727 -0.118429735086728 -0.0826754723348719 -0.0469212098246538 -0.0111669474877337 0.0245873147649371
-0.9869700520185 -0.951617256455892 -0.916264460908498 -0.880911665336504 -0.845558869748737 -0.810206074177454 -0.774853278699999 -0.739500483388517 -0.704147688249296 -0.668794893264989 -0.633442098389577 -0.598089303569873 -0.562736508759742 -0.527383713941261 -0.492030919118906 -0.45667812435853 -0.421325329738547 -0.385972535326236 -0.350619741182177 -0.315266947351293 -0.279914153874592 -0.244561360783253 -0.209208568069133 -0.173855775725166 -0.1385029837879 -0.103150192292447 -0.0677974012245353 -0.0324446105347394 0.00290817991761972 0.0382609702960338
-0.992295066030999 -0.957794056508131 -0.923293047058458 -0.888792037734913 -0.854291028540545 -0.819790019457018 -0.78528901043035 -0.750788001423898 -0.716286992506009 -0.681785983748083 -0.64728497512872 -0.612783966603321 -0.578282958146491 -0.543781949809659 -0.509280941656491 -0.474779933722772 -0.440278926036673 -0.405777918623757 -0.371276911515378 -0.336775904768651 -0.302274898447133 -0.267773892592048 -0.233272887155305 -0.19877188207667 -0.164270877336645 -0.129769872906672 -0.095268868681218 -0.0607678645453069 -0.0262668604231591 0.00823414375120534
-1.02318956569307 -0.988119189026435 -0.953048812424256 -0.917978435887501 -0.882908059120564 -0.847837681723735 -0.812767303177483 -0.777696923011116 -0.742626541069109 -0.707556157263363 -0.672485771460305 -0.637415383514992 -0.602344993328954 -0.567274600989614 -0.532204206634673 -0.49713381041704 -0.462063412488574 -0.426993012981709 -0.391922612050482 -0.35685220995477 -0.321781806980912 -0.286711403442697 -0.251640999763725 -0.216570596317521 -0.181500193167501 -0.146429790284637 -0.111359387580216 -0.0762889849610748 -0.0412185823759271 -0.00614817978395478
1.00070063579481 0.964007443931451 0.92731175017358 0.890611092835502 0.853909221471248 0.817213504845797 0.780539577328191 0.743904368964746 0.707321726906801 0.670804968768673 0.634368376911544 0.598026474883313 0.561791215505466 0.525664268693824 0.489645651884188 0.453739055497934 0.417946988525668 0.382263561249319 0.346680177162919 0.311185811317573 0.275768831653654 0.240415979373257 0.205107488725359 0.169825116956405 0.134563220255827 0.0993188523064102 0.0640872578213632 0.0288637068342086 -0.00635462037069889 -0.0415700659462965
-0.849742841437044 -0.965317728739992 -0.976700790089211 -0.921494840170014 -0.832422705079396 -0.743821608208463 -0.701366350713091 -0.730702364065267 -0.766020023236652 -0.740088011706188 -0.671443303482262 -0.600064945205625 -0.557800435105655 -0.54397107776623 -0.543806508257057 -0.51869587723664 -0.44259795269516 -0.363590456360694 -0.332753505663373 -0.339057847103634 -0.355946884449489 -0.354112574927617 -0.293241089599365 -0.161427933497817 -0.0714117337083492 -0.115054944596649 -0.17607220759736 -0.134981280870589 -0.0676602024093349 -0.0988270801648209
-0.977419386855231 -0.943970494996695 -0.910521603210414 -0.877072711568406 -0.843623820045162 -0.810174928605886 -0.77672603727616 -0.743277146091379 -0.709828255065793 -0.676379364191192 -0.642930473390658 -0.609481582570095 -0.576032691653989 -0.54258380064115 -0.509134909564931 -0.475686018522535 -0.442237127595037 -0.40878823673516 -0.375339345885323 -0.341890455075092 -0.308441564355818 -0.274992673799668 -0.241543783562059 -0.208094893800226 -0.174646004595399 -0.141197115966318 -0.107748227757742 -0.0742993397888456 -0.0408504519504554 -0.00740156415130909
-1.00044084551549 -0.966198009219171 -0.931955172834735 -0.897712336318655 -0.863469499727584 -0.829226663152703 -0.794983826723116 -0.760740990562507 -0.726498154734954 -0.692255319254134 -0.658012483991719 -0.623769648783878 -0.589526813465924 -0.555283977869733 -0.521041141825674 -0.486798305161514 -0.452555467742768 -0.418312629588528 -0.384069790766538 -0.349826951385574 -0.315584111564668 -0.281341271407456 -0.247098430955979 -0.212855590246653 -0.17861274935496 -0.144369908349373 -0.11012706723125 -0.0758842259932114 -0.0416413846600442 -0.00739854326457522
-1.04154377097804 -1.0010776483837 -0.963083382620102 -0.933050946189159 -0.908414734719847 -0.884534609388447 -0.856527870433352 -0.820003097184704 -0.772776546277514 -0.714864729889955 -0.652877505067974 -0.595073065074457 -0.547946752743381 -0.510942509193075 -0.48124867256109 -0.454082570777508 -0.425349721659102 -0.395679412776876 -0.366590167688948 -0.338433684147657 -0.311269953453891 -0.285547800655514 -0.263271385788256 -0.245117751627358 -0.224900136918201 -0.195359252733236 -0.151809503483043 -0.0915973180351485 -0.0176235297467335 0.0658224269026051
-1.07922664866445 -1.0255871844474 -0.971863202654709 -0.918717924682162 -0.867609205926181 -0.819983302661635 -0.776445440676563 -0.73724090695408 -0.702016263744424 -0.670106592536556 -0.640199776507193 -0.610821899254988 -0.580884726530555 -0.550842752692342 -0.521419142652166 -0.492869014927478 -0.465175797102547 -0.437704199423258 -0.409717500642491 -0.380691970879474 -0.350157128095021 -0.317711630707054 -0.283230698961915 -0.24658658763586 -0.20736312779637 -0.16534169443589 -0.121382261955496 -0.0765284876196043 -0.0314801607373541 0.0131488963709324
-1.01470751727505 -0.981333347428627 -0.947959177578264 -0.914585007685979 -0.881210837717998 -0.847836667650016 -0.814462497491393 -0.781088327237938 -0.747714156797572 -0.714339986060653 -0.680965814935184 -0.647591643333575 -0.614217471172738 -0.580843298387591 -0.547469124909248 -0.51409495063561 -0.480720775457965 -0.447346599274359 -0.413972421983769 -0.380598243482121 -0.347224063664584 -0.313849882452386 -0.280475699871015 -0.247101515978286 -0.213727330857083 -0.180353144617957 -0.146978957457085 -0.113604769599989 -0.0802305813039655 -0.0468563928342493
-0.949345057696352 -0.919037569074176 -0.888730080411569 -0.858422591688551 -0.828115102915836 -0.797807614100675 -0.767500125205788 -0.737192636204819 -0.706885147159654 -0.676577658167937 -0.646270169382082 -0.615962680968204 -0.585655193070001 -0.555347705741533 -0.52504021902569 -0.49473273301033 -0.464425247799779 -0.434117763519257 -0.403810280262414 -0.37350279797573 -0.343195316568891 -0.312887835951104 -0.28258035602965 -0.252272876700438 -0.221965397815784 -0.191657919230377 -0.161350440851961 -0.131042962608969 -0.100735484459519 -0.0704280063691474
-1.0412779119518 -1.00561418203764 -0.969950534854217 -0.934286875209916 -0.898622480466965 -0.862956517874532 -0.827288341675709 -0.791617291021922 -0.755942457703992 -0.720262979766126 -0.684578427626685 -0.648888479797568 -0.613192897029765 -0.577491769030638 -0.54178539201337 -0.506074559258068 -0.470360173071579 -0.434643074800774 -0.3989239869767 -0.363203217827063 -0.327480972003736 -0.291757400615906 -0.25603244060201 -0.220306036896154 -0.184578380585862 -0.148849774680897 -0.113120723726557 -0.0773916920842393 -0.0416627818442204 -0.00593400452899369
-1.00323860929615 -0.967103857052966 -0.930969104882065 -0.894834352894934 -0.858699601190111 -0.822564849849769 -0.786430098903582 -0.750295348401444 -0.714160598526642 -0.678025849477958 -0.641891101382785 -0.605756354350662 -0.569621608471571 -0.53348686375724 -0.497352120170573 -0.461217377557408 -0.425082635735526 -0.388947894527548 -0.352813153752902 -0.316678413213403 -0.280543672706464 -0.244408932054475 -0.208274191179741 -0.172139450039956 -0.136004708634465 -0.099869966987949 -0.0637352251847927 -0.0276004833098281 0.00853425861002685 0.0446690005623326
-0.984150201505287 -0.953209102613533 -0.922258712985836 -0.891290842785194 -0.860266361006992 -0.829135013994883 -0.797832998653209 -0.766287019531903 -0.734399361202558 -0.702083645423584 -0.669323262678985 -0.636119045634165 -0.602478963289391 -0.5684395299844 -0.534038168353924 -0.499287388873214 -0.464197075178036 -0.428791515705684 -0.393092456600244 -0.357097070031443 -0.320796384675421 -0.284186268063292 -0.247281943146076 -0.210115161317613 -0.172764432323125 -0.135313185559651 -0.0978177706801146 -0.0603190989876796 -0.0228234081305709 0.0146717326567203
-1.04000038401768 -1.00276368663968 -0.965554813016698 -0.928407505054744 -0.891348220511641 -0.854399376141878 -0.817574508834757 -0.78088496495712 -0.744342208651169 -0.707955907575175 -0.671728425676338 -0.635660300974086 -0.599750859434632 -0.563994578811329 -0.528385047798619 -0.492917147068176 -0.457585176469628 -0.422379820587193 -0.38729160310087 -0.352314019339188 -0.317441307542812 -0.282670518732295 -0.248009955047752 -0.213465127937554 -0.179019134963559 -0.144652553278949 -0.110358292288749 -0.0761291133704751 -0.0419448535397922 -0.00778211872189971
1.00619952988747 0.971266390671284 0.936333251562571 0.90140011266552 0.866466974007044 0.831533835582613 0.796600697339202 0.761667559230381 0.726734421284606 0.69180128354599 0.656868146046405 0.621935008814663 0.587001871855298 0.552068735075754 0.517135598381541 0.482202461767531 0.447269325230876 0.41233618868848 0.377403052056898 0.34246991533153 0.30753677852749 0.272603641644715 0.237670504622454 0.202737367393772 0.167804229927702 0.13287109220485 0.097937954216167 0.0630048159737038 0.0280716775635735 -0.00686146090959574
1.00646744595646 0.970697922226086 0.934928398598752 0.899158875204444 0.863389352157558 0.827619829576164 0.79185030760861 0.756080786390179 0.720311265973601 0.684541746389502 0.648772227662653 0.613002709816361 0.577233192861159 0.541463676756492 0.505694161448646 0.469924646882349 0.434155132993129 0.39838561968126 0.362616106834382 0.326846594324839 0.291077082021148 0.255307569806806 0.219538057625214 0.183768545431577 0.147999033168411 0.112229520782487 0.0764600082502802 0.040690495568804 0.00492098278751798 -0.0308485300310071
-1.053480373857 -0.96646108990884 -0.886878431525659 -0.823285407397399 -0.77944400558377 -0.755315404629478 -0.740448565649436 -0.724130537469027 -0.705012937185291 -0.683862929806773 -0.660545303716384 -0.634699253140629 -0.605585671021121 -0.570952245159925 -0.52938101219501 -0.484304609247522 -0.439988922863258 -0.399182236803433 -0.36340860960114 -0.33081280166158 -0.298694748857975 -0.265204944347751 -0.231896110425139 -0.200904308224693 -0.173296725105463 -0.148439140533801 -0.119960576180767 -0.0818480566110415 -0.0352573757590767 0.0168634800982324
-0.96735859387977 -0.936044374294246 -0.904730154629281 -0.873415934859944 -0.842101715190564 -0.810787495856948 -0.779473276991534 -0.748159058693999 -0.716844841036324 -0.685530624081091 -0.654216407880968 -0.622902192486148 -0.591587977946328 -0.560273764309241 -0.528959551616486 -0.497645339887091 -0.466331129136881 -0.435016919391428 -0.403702710681071 -0.37238850304547 -0.341074296526612 -0.309760091133807 -0.278445886745648 -0.247131683234075 -0.215817480575133 -0.184503278732896 -0.153189077519437 -0.121874876717058 -0.0905606761409596 -0.0592464756145667
-1.12383046214374 -0.943740320142812 -0.921767400195453 -0.971310993511053 -0.977689343341589 -0.865312038600394 -0.743035098803641 -0.723053769851574 -0.74647377257786 -0.732842549870923 -0.686563957904788 -0.633255956174876 -0.594846536868513 -0.578503822940631 -0.577438117582703 -0.543788314164745 -0.446026896934011 -0.359032123468135 -0.354096234060902 -0.381761626540294 -0.362383238117846 -0.252369490502668 -0.15234274339418 -0.155190564016466 -0.178647411701956 -0.132177603658214 -0.0673179964849949 -0.0484028796357497 -0.0488837345865206 -0.0194913408189975
