-0.968615918755838 -0.938443092896141 -0.908272828247953 -0.878075824556886 -0.84782017839011 -0.817448215923806 -0.78680178494866 -0.75570092820026 -0.723978946579307 -0.69152155218491 -0.658410843744712 -0.624778016643489 -0.590724886360783 -0.556235748755217 -0.521273630082556 -0.485833997808052 -0.449909754803767 -0.413451104359509 -0.376394582663163 -0.338664757077176 -0.30018320275764 -0.26086996323218 -0.220638955514571 -0.179436511362985 -0.137344748027037 -0.0944739069166222 -0.0509109405913048 -0.00675871887860285 0.0377929304718298 0.082532440229805
-1.04250288463074 -1.00470668267517 -0.966940464935267 -0.929238317726783 -0.891629799733067 -0.854147127672046 -0.816837678032408 -0.77974675089524 -0.742896180940453 -0.70629733549519 -0.669943177876671 -0.633822070399638 -0.597926610246648 -0.562266334071531 -0.526854735208213 -0.491704194239747 -0.456826901020778 -0.42223539524319 -0.38793512148283 -0.353902794014164 -0.320107944536312 -0.286521868103821 -0.253122913192954 -0.21989046059972 -0.186800966977403 -0.153833804539444 -0.120982931882622 -0.0882392084372929 -0.0555665105847711 -0.0229219689441103
-1.01304782386323 -0.979048731418087 -0.94506884375283 -0.91111974428763 -0.87718723032138 -0.843248401757303 -0.809271355037215 -0.775226549568403 -0.741102900081414 -0.706893968248268 -0.672593448183591 -0.638195067112663 -0.603687167986519 -0.56903655665923 -0.534208524490133 -0.499183841956615 -0.463947250915294 -0.428483899621666 -0.392780079349546 -0.356826247047145 -0.320613901081274 -0.284137298528512 -0.247401731304503 -0.210418647097904 -0.17321308185034 -0.135814301177338 -0.0982549011370548 -0.0605698198765328 -0.0228000334557297 0.0150119725871688
-0.986537747248109 -0.95292328112694 -0.919308814949605 -0.885694348647107 -0.852079882120654 -0.818465415288791 -0.784850948169223 -0.75123648078547 -0.717622013085178 -0.684007544993279 -0.650393076419724 -0.616778607270721 -0.583164137498132 -0.549549667236441 -0.515935196644501 -0.482320725796018 -0.44870625469336 -0.415091783138683 -0.381477310908726 -0.347862837878776 -0.314248363948756 -0.280633889046948 -0.247019413215061 -0.213404936522941 -0.179790459039546 -0.146175980857504 -0.112561502165015 -0.0789470231612758 -0.0453325439939049 -0.0117180647976261
-0.938050259968929 -0.902179043942872 -0.867501685986949 -0.835545210907578 -0.80627492108169 -0.779185284274255 -0.753449152231885 -0.728207512322854 -0.702795510420432 -0.676440960155731 -0.647748187686212 -0.615165647300922 -0.577542239005122 -0.53532864566892 -0.489677804885175 -0.442949890272912 -0.397197315264996 -0.35203421652351 -0.306926700101987 -0.263187026390571 -0.222588994363554 -0.186699821288045 -0.156260397602413 -0.13175912061709 -0.113500741959504 -0.101340537399522 -0.0935195249597857 -0.0880893694091503 -0.0839585802485513 -0.0802498781619443
-0.982407490172124 -0.947901722695751 -0.913395955174498 -0.878890187572146 -0.844384419845646 -0.809878651942695 -0.775372883780818 -0.740867115277572 -0.706361346380809 -0.671855577050887 -0.637349807267886 -0.602844037016815 -0.568338266296628 -0.533832495162064 -0.499326723675977 -0.464820951877934 -0.430315179799043 -0.395809407459889 -0.361303634881751 -0.326797862099203 -0.292292089150144 -0.257786316088594 -0.223280543033059 -0.188774770080644 -0.15426899717837 -0.119763224237118 -0.0852574511733107 -0.0507516779316941 -0.0162459045647838 0.0182598688479627
-1.01729254963286 -0.982626986318336 -0.947961422890838 -0.913295859296816 -0.878630295590476 -0.843964731827366 -0.80929916796063 -0.774633603927957 -0.739968039707617 -0.705302475272945 -0.670636910536949 -0.635971345397558 -0.601305779770618 -0.566640213643655 -0.531974647045692 -0.49730908010008 -0.462643512952143 -0.427977945740756 -0.393312378585556 -0.358646811535677 -0.323981244622626 -0.289315677882932 -0.254650111373224 -0.219984545131126 -0.185318979098167 -0.150653413196615 -0.115987847367802 -0.0813222815677341 -0.0466567157920445 -0.0119911500462745
-1.12580321734627 -1.04955543388109 -0.976679033065913 -0.910174583081003 -0.850726273005863 -0.798631545668506 -0.754957237991728 -0.720512225641649 -0.694304145162879 -0.674319885515588 -0.656264584443694 -0.635272941887047 -0.607881921497637 -0.576237541775994 -0.543148857847892 -0.508468016491527 -0.471404899831268 -0.43155723972377 -0.388719773878228 -0.343087413681716 -0.294955113940778 -0.245471755253476 -0.199201921383937 -0.160323631032687 -0.128052939479762 -0.100849245991675 -0.079107289201332 -0.063195672009932 -0.0514431150254545 -0.0416683682825735
-0.919342147018989 -0.894118945165785 -0.87000104143289 -0.846992538565904 -0.824775263660341 -0.803018082683746 -0.781660292741874 -0.760207961489243 -0.736163807637242 -0.707254829836184 -0.674108495435224 -0.638077388958231 -0.600642745571988 -0.563800403014944 -0.529174790289322 -0.496390098880756 -0.464878804194959 -0.435306754834535 -0.408323738039726 -0.383281922404448 -0.359209071861035 -0.334848171838042 -0.307803093748913 -0.275836070172492 -0.238481892364343 -0.195574045874378 -0.146368234753176 -0.0904466652119039 -0.0292753336033924 0.0352088161841107
-0.989083242754745 -0.954376307533233 -0.919669372248759 -0.884962436892656 -0.850255501605531 -0.815548566559237 -0.780841631901328 -0.746134697774043 -0.711427764322656 -0.676720831668669 -0.642013899835451 -0.607306968821836 -0.572600038610626 -0.537893109120475 -0.503186180267705 -0.468479252023439 -0.433772324400515 -0.399065397523828 -0.364358471531822 -0.329651546505086 -0.294944622509744 -0.260237699577239 -0.225530777600286 -0.190823856442428 -0.156116935989258 -0.121410016103732 -0.0867030965362308 -0.0519961770464523 -0.0172892575439542 0.0174176620242419
-0.987010854299466 -0.954443938016859 -0.921877021686972 -0.889310105245234 -0.856743188553474 -0.824176271484426 -0.791609354028073 -0.75904243622132 -0.726475518171552 -0.69390859999071 -0.661341681738493 -0.628774763461543 -0.596207845198965 -0.563640926959743 -0.531074008759903 -0.498507090673789 -0.465940172750137 -0.433373254876936 -0.400806336909174 -0.368239418730577 -0.335672500232052 -0.303105581324729 -0.27053866200063 -0.237971742283415 -0.205404822242423 -0.172837901966357 -0.140270981575694 -0.10770406117886 -0.0751371408042733 -0.0425702204603512
-1.08358263765899 -0.984353706258212 -0.872803140269053 -0.772096512433524 -0.733732396545005 -0.785907069554767 -0.835274619994283 -0.796351547702901 -0.736646186171285 -0.733062764069515 -0.747097257134028 -0.71139357786785 -0.591519022854764 -0.484734425001578 -0.481443788225352 -0.512930264161128 -0.496336515471847 -0.451364101214079 -0.414584321211109 -0.387488541959478 -0.362798146624041 -0.33685242784758 -0.320462316184585 -0.316360486225642 -0.280494950793998 -0.179424094630812 -0.0689324519162183 -0.0121989121687078 -0.0127536368212234 -0.0592146052853218
-1.04102417008312 -1.00474734122333 -0.968470512385963 -0.932193683569902 -0.895916854747048 -0.859640025865485 -0.823363196805008 -0.787086367437959 -0.75080953767515 -0.714532707414468 -0.678255876463634 -0.641979044607827 -0.605702211655911 -0.569425377511494 -0.533148542127925 -0.496871705562764 -0.46059486791866 -0.424318029374398 -0.388041190108005 -0.351764350218327 -0.315487509784413 -0.279210668867667 -0.242933827458908 -0.206656985517192 -0.170380142945116 -0.134103299670388 -0.0978264557776281 -0.061549611397976 -0.0252727666917315 0.011004078173515
-1.05799220899087 -1.01978142206293 -0.977963565285554 -0.932930627786531 -0.887582317210325 -0.843909155406909 -0.797757202531629 -0.745448341046424 -0.691352204334252 -0.641462073059749 -0.60021806609325 -0.571672011856517 -0.557636488482624 -0.550967072949905 -0.543032686442847 -0.528212628125299 -0.502497890231211 -0.465315859295596 -0.417843262202813 -0.364817792933563 -0.311867387242627 -0.26406104546853 -0.224232026284762 -0.193240326391458 -0.166288636260369 -0.137689211107327 -0.103849871352874 -0.0628710279168728 -0.0175278885117544 0.0282356399519058
-1.03276213533605 -1.0080425088279 -0.981753634397046 -0.951504879620639 -0.916874767359983 -0.87838781860238 -0.83838339155496 -0.799169308108634 -0.761112407669601 -0.724236477393704 -0.68913407792005 -0.656539963258562 -0.626653183952847 -0.597529976681241 -0.567540961204448 -0.538457103477899 -0.511166481375039 -0.479625274246616 -0.437846554404722 -0.387002864529521 -0.330056614893193 -0.270894498543322 -0.217100339629093 -0.175371337014816 -0.145161057323687 -0.124520623466853 -0.113135015748364 -0.110650115305667 -0.11492154921686 -0.12335738104521
-1.04047010514045 -1.00354138825202 -0.966612671367753 -0.929683954483713 -0.892755237599718 -0.855826520724176 -0.81889780389613 -0.781969087158199 -0.745040370536672 -0.708111654058687 -0.671182937771081 -0.634254221725619 -0.597325505943599 -0.56039679032445 -0.523468074725682 -0.486539358959003 -0.449610642841409 -0.412681926256842 -0.375753209130359 -0.338824491484523 -0.301895773366272 -0.264967054824019 -0.228038335912068 -0.191109616686254 -0.154180897202656 -0.117252177533432 -0.0803234578148322 -0.0433947381673063 -0.00646601858400489 0.0304627009737453
-0.983349281175468 -0.948317080225931 -0.913284879238548 -0.878252678168021 -0.843220477038382 -0.808188275934766 -0.773156075117394 -0.738123874842594 -0.70309167517605 -0.668059476134074 -0.633027277726124 -0.597995079959946 -0.562962882839782 -0.527930686355864 -0.492898490491314 -0.45786629521485 -0.422834100531872 -0.387801906608917 -0.35276971359561 -0.317737521412773 -0.282705329924032 -0.247673138975846 -0.212640948346018 -0.177608757805347 -0.142576567165268 -0.107544376273405 -0.072512185081507 -0.0374799935937576 -0.0024478019199648 0.0325843898036582
-0.989469074545202 -0.954808549856085 -0.920148025004837 -0.885487499893131 -0.850826974562057 -0.816166449095715 -0.781505923610842 -0.746845398219987 -0.712184872986316 -0.677524347950683 -0.642863823114067 -0.608203298467477 -0.573542774007478 -0.538882249752847 -0.504221725733424 -0.469561202001089 -0.434900678608892 -0.400240155592532 -0.365579632958313 -0.330919110612321 -0.296258588435583 -0.261598066314544 -0.226937544157312 -0.192277021895555 -0.157616499533529 -0.122955977098575 -0.0882954546377989 -0.053634932191614 -0.0189744097538817 0.0156861126931735
-1.02158474703278 -0.987989031997413 -0.954416025093049 -0.92084679712796 -0.887188436347812 -0.853334745814483 -0.819200370417297 -0.784716113183361 -0.749856567863467 -0.714604414463905 -0.678930887289276 -0.642804359218756 -0.606180943453974 -0.568967714486365 -0.531074645034871 -0.492472339438652 -0.453155252620429 -0.413152610216938 -0.372503423756304 -0.331251077618174 -0.289440049395081 -0.247130411952853 -0.204444619250514 -0.161514967761251 -0.118450742921705 -0.0753319903524699 -0.0321448074464904 0.0111372142824412 0.0544965586094914 0.0979047281320662
0.998528408386786 0.963341431438769 0.928169297533108 0.893024835661297 0.857923367814959 0.822880683331252 0.78791194792933 0.753030110039208 0.718239872552322 0.683545854842742 0.648960587753648 0.614498579995494 0.580172274271427 0.545985849255353 0.51193795500752 0.478013391162777 0.444195265141166 0.410473765928882 0.376838656564077 0.343270914726579 0.309749321756638 0.276251801879202 0.242752850858026 0.209232911769183 0.175699645399196 0.142165421322477 0.108634226554522 0.0751072723318323 0.0415830493338367 0.00805936810069619
-1.02632346955439 -0.991281702065228 -0.956239934679362 -0.921198167493891 -0.886156400607763 -0.851114634126034 -0.816072868176347 -0.781031102876099 -0.745989338279109 -0.710947574447403 -0.675905811539391 -0.640864049737581 -0.605822289220358 -0.57078053014962 -0.535738772628582 -0.500697016542212 -0.465655261702144 -0.430613507844944 -0.395571754710353 -0.360530002125899 -0.325488249941055 -0.290446498030199 -0.255404746367331 -0.220362994969853 -0.185321243929139 -0.15027949332229 -0.115237743095321 -0.0801959931590339 -0.0451542434144786 -0.0101124937602637
1.02958299563954 0.994112586409721 0.958642177252913 0.923171768238138 0.887701359364992 0.852230950594051 0.816760541799249 0.781290132805199 0.745819723325888 0.710349313080512 0.67487890191972 0.639408489727026 0.603938076369985 0.568467661652314 0.532997245392371 0.497526827530931 0.462056408058633 0.426585987043156 0.391115564575897 0.355645140766104 0.320174715727482 0.284704289570932 0.249233862396141 0.213763434319949 0.178293005539029 0.142822576292531 0.107352146909662 0.0718817176759236 0.0364112886119211 0.000940859672037331
-0.917480123040749 -0.903420033412449 -0.889993547980605 -0.877125687779426 -0.863496936941569 -0.847492222895555 -0.827558783154928 -0.802430114931384 -0.771922444144225 -0.736386664828042 -0.697229614770987 -0.656122117699606 -0.614492182417662 -0.57279655803781 -0.531177199763978 -0.489488146856307 -0.447884058377939 -0.408009988547826 -0.371439133205739 -0.337966859518928 -0.306944077486513 -0.277579941983016 -0.24851658738458 -0.218504106571122 -0.187291446936053 -0.154909495114457 -0.121518040194611 -0.0873360077603152 -0.0526899669242513 -0.017933397681324
1.00208982860818 0.967563623714702 0.933037418882977 0.898511214151749 0.863985009574999 0.829458805174511 0.794932600828062 0.760406396383269 0.725880191711122 0.691353986708575 0.65682778135305 0.622301575642087 0.587775369580375 0.553249163201185 0.518722956565016 0.484196749812676 0.449670543090557 0.415144336487044 0.380618130028158 0.346091923548447 0.311565716834591 0.277039509683778 0.242513301935208 0.207987093502014 0.173460884551033 0.138934675289959 0.104408465836214 0.0698822562763119 0.0353560466633925 0.000829837042253938
-0.997024916410486 -0.962141356700907 -0.927257797274686 -0.892374238438868 -0.857490680440901 -0.82260712348434 -0.787723567656771 -0.752840013021441 -0.717956459660213 -0.683072907636552 -0.648189356921705 -0.613305807463868 -0.578422259173364 -0.543538711809034 -0.508655165140288 -0.473771619130302 -0.438888073774924 -0.404004529006922 -0.369120984728298 -0.334237440781067 -0.299353896992248 -0.264470353195771 -0.229586809253215 -0.194703265067398 -0.159819720678428 -0.124936176164017 -0.090052631614991 -0.0551690871061042 -0.0202855426347097 0.0145980018211891
1.06762398470464 0.956124079713325 0.873818013044189 0.828240216433908 0.807172916394024 0.793886823976817 0.773358793622671 0.734934174682413 0.683726152760547 0.629315753459107 0.583387526116575 0.558151901005547 0.559597376433919 0.568824722850807 0.565162086979611 0.545734848499678 0.512656694315499 0.470197307276196 0.423323375749086 0.377633614229644 0.338884743745379 0.309360428767491 0.277452107541931 0.231324512136465 0.17212777613136 0.106915018370583 0.0533658972403854 0.0278326233036229 0.0307310762872842 0.0584930532093914
-0.995758493079238 -0.962731080029686 -0.929703666902601 -0.896676253677931 -0.863648840395285 -0.830621427119958 -0.797594013960307 -0.764566601031852 -0.731539188435673 -0.698511776269059 -0.665484364628555 -0.632456953610521 -0.599429543285769 -0.566402133622933 -0.533374724573481 -0.500347316122429 -0.467319908267417 -0.43429250102304 -0.401265094389859 -0.368237688295354 -0.33521028264873 -0.302182877363399 -0.269155472369586 -0.236128067598889 -0.203100662971593 -0.170073258414273 -0.137045853889982 -0.104018449376436 -0.0709910448735048 -0.0379636403866023
-1.07784664852765 -1.03774160921844 -0.997636099930934 -0.957530586079922 -0.917427492086437 -0.877329960919134 -0.837242050730875 -0.797167425638359 -0.757107258429428 -0.717062532621242 -0.677035965977098 -0.637030709821828 -0.597050597432909 -0.557102189898399 -0.51719230915366 -0.47732609271268 -0.437507240596913 -0.397735387279047 -0.358008912363416 -0.318325241529699 -0.278681561976412 -0.239074721666017 -0.199500211616752 -0.159952527625649 -0.120423541549143 -0.080905234224103 -0.0413926463497508 -0.00188213044204651 0.0376277735784454 0.0771379789400094
-0.967739838735075 -0.935506989468568 -0.903274140221301 -0.871041291028265 -0.838808441909951 -0.806575592891307 -0.774342744029587 -0.742109895371161 -0.709877046886566 -0.677644198544368 -0.645411350381083 -0.613178502450215 -0.580945654803382 -0.548712807484667 -0.516479960528779 -0.484247113940481 -0.452014267713955 -0.419781421831024 -0.387548576265294 -0.355315730969888 -0.323082885892803 -0.290850040975445 -0.258617196132848 -0.226384351288057 -0.194151506422529 -0.161918661533122 -0.129685816619872 -0.0974529716850759 -0.0652201267368864 -0.0329872817849215
-0.943158129705263 -0.933094186067306 -0.909488050772758 -0.871208824268488 -0.82292451087736 -0.771297601035528 -0.725169625756318 -0.692571975018548 -0.676116434085851 -0.674883340176874 -0.679246843045517 -0.67740454557949 -0.659105868183568 -0.620307501330772 -0.562450862600366 -0.502709007928337 -0.457799516826263 -0.42688642475137 -0.404031119475139 -0.380437942080434 -0.346596971977964 -0.296734461756286 -0.240021356715335 -0.187916128350733 -0.146082660229472 -0.117288393328202 -0.0985095861908444 -0.0855158000602426 -0.0750409894076419 -0.064060207011389
-1.00078270885484 -0.921230417544644 -0.851191092508091 -0.798661338807359 -0.762825956343685 -0.7405113187845 -0.727921900022963 -0.720676104946041 -0.71266996219022 -0.698229947920141 -0.675126704663565 -0.641991916539029 -0.598795878445229 -0.55086332840149 -0.503940688329259 -0.460106672637846 -0.420031258501229 -0.382417181664202 -0.345927349956895 -0.311032600979955 -0.278655754776659 -0.250301407348001 -0.229801258525841 -0.219713924837202 -0.215178585758904 -0.210649411845486 -0.205259975012593 -0.199415013236338 -0.19392452737362 -0.189699834001532
-0.953815276292116 -0.922339453668065 -0.890863631162469 -0.859387808855855 -0.827911986634259 -0.796436164327401 -0.764960341734229 -0.733484518675205 -0.702008695087628 -0.670532870946124 -0.639057046257803 -0.60758122103789 -0.576105395256072 -0.544629568699866 -0.51315374109026 -0.481677912064309 -0.450202081285331 -0.418726248605644 -0.387250413965762 -0.355774577469997 -0.324298739263609 -0.29282289951842 -0.2613470585125 -0.22987121655395 -0.198395373964754 -0.166919531044812 -0.135443687991844 -0.103967844949187 -0.0724920019448606 -0.0410161589780513
0.99802198806289 0.963400913165615 0.92877983825769 0.894158763315232 0.859537688357687 0.824916613408538 0.790295538464069 0.755674463481175 0.721053388286393 0.686432312674547 0.651811236443943 0.61719015939376 0.582569081366683 0.547948002379426 0.513326922475306 0.478705841630033 0.444084759808233 0.409463676997787 0.374842593211905 0.340221508541855 0.305600423098415 0.270979337013593 0.236358250504306 0.201737163786449 0.167116076986915 0.1324949901918 0.0978739034130137 0.0632528166418969 0.0286317298616989 -0.0059893569463536
-1.01466379397363 -0.979015940241562 -0.943368086409325 -0.907720232333404 -0.872072377822757 -0.836424522707553 -0.800776666950344 -0.765128810526778 -0.729480953332515 -0.693833095267623 -0.658185236329812 -0.622537376541202 -0.586889515929139 -0.55124165454189 -0.515593792468755 -0.479945929942262 -0.444298067225655 -0.408650204561819 -0.373002342159881 -0.337354480114282 -0.301706618490796 -0.266058757313151 -0.230410896436896 -0.194763035691713 -0.159115174971988 -0.123467314206091 -0.0878194533936296 -0.0521715925490515 -0.0165237316749333 0.0191241292291167
-0.993496785483282 -0.959106879599382 -0.92471697373138 -0.890327067813053 -0.855937161707647 -0.821547255281032 -0.787157348480112 -0.752767441256513 -0.718377533499737 -0.683987625085586 -0.649597715897195 -0.615207805819531 -0.580817894748635 -0.546427982624837 -0.512038069420031 -0.477648155188081 -0.443258240033702 -0.408868324183051 -0.374478407874188 -0.340088491271348 -0.30569857452031 -0.271308657746827 -0.236918740996565 -0.20252882430821 -0.168138907772634 -0.133748991467936 -0.0993590753689241 -0.0649691594264827 -0.0305792435990833 0.00381067215290605
-0.970734674055241 -0.937818457009813 -0.904902239933441 -0.871986022817851 -0.839069805672874 -0.80615358852271 -0.773237371430915 -0.740321154461817 -0.707404937643475 -0.674488721009972 -0.641572504655774 -0.608656288690443 -0.575740073209976 -0.542823858256114 -0.509907643859712 -0.476991430062324 -0.44407521687452 -0.411159004172233 -0.378242791820439 -0.345326579774936 -0.312410368014227 -0.279494156521342 -0.246577945297416 -0.213661734344637 -0.180745523651286 -0.147829313189896 -0.114913102883903 -0.0819968926541117 -0.0490806824598871 -0.0161644722702344
-0.96847441648041 -0.935466936314004 -0.902459456216007 -0.869451976260807 -0.836444496477065 -0.803437016867466 -0.770429537376513 -0.737422057961298 -0.704414578687475 -0.67140709963378 -0.638399620822726 -0.605392142262773 -0.572384663959493 -0.539377185906912 -0.506369708088365 -0.473362230455984 -0.440354752987322 -0.407347275792826 -0.374339798992069 -0.341332322608226 -0.308324846640371 -0.275317371077706 -0.242309895869941 -0.209302420939287 -0.176294946137454 -0.143287471303662 -0.110279996297657 -0.0772725210219878 -0.0442650455298834 -0.0112575699122437
-1.0132466424058 -0.977802551891492 -0.942358461335667 -0.906914370732972 -0.871470280149637 -0.836026189667923 -0.800582099362613 -0.765138009306576 -0.729693919572472 -0.694249830211091 -0.658805741185928 -0.623361652438659 -0.587917563895901 -0.552473475424046 -0.517029386891954 -0.481585298238596 -0.446141209431678 -0.410697120483745 -0.37525303141301 -0.339808942215546 -0.304364852881889 -0.268920763399095 -0.233476673740293 -0.198032583888973 -0.162588493883999 -0.127144403769762 -0.0917003135573924 -0.0562562232558762 -0.0208121328988806 0.0146319574737567
0.92309033422435 0.8936771971123 0.864240685311149 0.834753460517523 0.805183151744635 0.775496681244107 0.745663176904611 0.715657688660593 0.685476748992535 0.655123351485916 0.624604851600153 0.59392969526315 0.563106925052705 0.532147970146199 0.501063377496252 0.469857778556857 0.438533018622035 0.407085713844543 0.375512343717124 0.343814070233719 0.311993226013567 0.280051658572995 0.247989275016668 0.215809646848768 0.183532943583201 0.151181011289577 0.118765804250603 0.0862986837726385 0.0537985310435334 0.0212861072215134
-0.994363430891799 -0.956008852390213 -0.917681136172749 -0.879442429442652 -0.841391414546494 -0.803633296891576 -0.766262838984774 -0.729350340899932 -0.692878695879176 -0.656812182176631 -0.621128024926116 -0.585806685981375 -0.550828064487328 -0.51616980875359 -0.481800767783654 -0.447656844191818 -0.41369525899724 -0.379991453227709 -0.346637672849687 -0.313675163575688 -0.281132421054738 -0.249024624613625 -0.217313688290184 -0.185952473207669 -0.15491089411997 -0.124159891761828 -0.093657457160737 -0.0633538180648378 -0.0331810988120868 -0.00306689788789532
-0.932902626145434 -0.904929448901737 -0.876918754365695 -0.848866958353296 -0.820754101379225 -0.792548217251052 -0.764185688249183 -0.735614756390901 -0.706862754168179 -0.677943548651239 -0.648738054748623 -0.619093949328453 -0.588862872900613 -0.557912320542026 -0.526139249874539 -0.493542614132636 -0.460135523392884 -0.425885719487524 -0.390753893903078 -0.354717904987505 -0.317759902804119 -0.279885695776348 -0.241195725768067 -0.201824864209065 -0.161951067352342 -0.121762652212918 -0.0814462940306618 -0.0411526852822475 -0.000890229166719367 0.0393682434362866
-1.00383043970833 -0.968216694353119 -0.932602949010487 -0.896989203694663 -0.861375458453715 -0.825761713334133 -0.79014796834226 -0.754534223493843 -0.718920478882399 -0.6833067345962 -0.647692990624759 -0.612079246932902 -0.576465503483119 -0.540851760228552 -0.505238017103534 -0.469624273976496 -0.434010530701677 -0.398396787142448 -0.362783043179407 -0.327169298752921 -0.291555553818299 -0.255941808346694 -0.22032806237262 -0.184714315958744 -0.149100569216983 -0.113486822273403 -0.0778730752614248 -0.042259328291849 -0.00664558137763682 0.0289681654927104
1.01120454629967 0.974283321253926 0.937362096389925 0.900440871860219 0.86351964767354 0.826598423797903 0.789677200182285 0.752755976757097 0.715834753397523 0.678913529986494 0.641992306493159 0.605071082908221 0.568149859230022 0.531228635487468 0.494307411714535 0.457386187934925 0.420464964187251 0.383543740580039 0.346622517228153 0.309701294201889 0.2727800715604 0.235858849328057 0.198937627390088 0.162016405615408 0.125095183946821 0.0881739623459913 0.0512527407761405 0.014331519204708 -0.0225897023855504 -0.0595109240080505
-0.991530886684763 -0.958183308205713 -0.924835729777689 -0.89148815144839 -0.858140573342846 -0.824792995596257 -0.79144541830716 -0.758097841575329 -0.724750265542153 -0.6914026903399 -0.658055116022755 -0.624707542625381 -0.591359970180259 -0.55801239871116 -0.524664828201006 -0.491317258478047 -0.457969689343668 -0.424622120646474 -0.391274552251452 -0.357926984041912 -0.324579415905746 -0.291231847742775 -0.257884279500549 -0.224536711121001 -0.191189142475876 -0.15784157344022 -0.124494003972478 -0.091146434080684 -0.0577988638878253 -0.0244512935456287
-0.988593269136521 -0.953323505880336 -0.918053742628856 -0.882783979324148 -0.847514215837537 -0.812244452043781 -0.776974687902145 -0.741704923383725 -0.70643515842246 -0.671165392953113 -0.63589562695091 -0.600625860401193 -0.565356093317212 -0.530086325823861 -0.494816558056028 -0.459546790076957 -0.424277021930663 -0.389007253655889 -0.353737485276531 -0.318467716762376 -0.283197948069682 -0.247928179160025 -0.212658410016253 -0.17738864063172 -0.142118871020531 -0.106849101222475 -0.0715793313593264 -0.0363095615423472 -0.00103979175877755 0.0342299780351483
-1.00590592929189 -0.97224375373738 -0.938581578159451 -0.904919402542126 -0.871257226883393 -0.837595051179468 -0.803932875405499 -0.77027069952729 -0.736608523494334 -0.702946347257016 -0.669284170785628 -0.635621994055431 -0.601959817024652 -0.568297639583361 -0.53463546161176 -0.500973283018729 -0.467311103743703 -0.433648923819674 -0.39998674332078 -0.366324562392207 -0.332662381196904 -0.299000199902366 -0.265338018694283 -0.231675837730891 -0.198013657042423 -0.164351476606045 -0.130689296314646 -0.0970271160604799 -0.0633649358175206 -0.0297027555801717
-1.01049240420578 -0.975673043369149 -0.940853682516005 -0.906034321700841 -0.871214961007893 -0.83639560050809 -0.801576240189384 -0.766756880010732 -0.731937519898094 -0.697118159764939 -0.662298799507766 -0.627479439018831 -0.592660078175674 -0.557840716796955 -0.523021354701278 -0.488201991765891 -0.453382627911751 -0.418563263176008 -0.383743897614221 -0.34892453123938 -0.314105164053833 -0.279285796044962 -0.24446642714028 -0.209647057278066 -0.174827686499509 -0.140008314887066 -0.105188942585366 -0.0703695697601761 -0.0355501965996586 -0.000730823297575043
-1.07082639698731 -1.03262322905438 -0.994465874659291 -0.956372743642004 -0.918350995592742 -0.880406361459491 -0.842550107871038 -0.804791016775493 -0.767122395717462 -0.729534458334211 -0.692020517037159 -0.654574658931265 -0.617205672101053 -0.579981148549311 -0.542989118557167 -0.506340561600841 -0.470135343978275 -0.434405930079213 -0.399161516569688 -0.364385631129117 -0.330055384190257 -0.296145280676046 -0.262619403470126 -0.229442448176352 -0.1965919833187 -0.164039935536978 -0.131722791014196 -0.0995704028915717 -0.0675215325999494 -0.0355171686425819
-0.994220769255236 -0.959662649866232 -0.925104530509962 -0.890546411196284 -0.855988291900833 -0.821430172566929 -0.786872053042862 -0.75231393317134 -0.717755812867794 -0.683197692067489 -0.648639570712322 -0.614081448745851 -0.579523326116464 -0.544965202791892 -0.510407078738833 -0.475848953900531 -0.441290828210811 -0.406732701589278 -0.372174573966673 -0.337616445332508 -0.303058315690986 -0.268500185064669 -0.233942053549552 -0.199383921256158 -0.164825788279665 -0.130267654729153 -0.0957095207846248 -0.0611513866240668 -0.0265932523464674 0.00796488196893454
-0.987922541231457 -0.95482518618794 -0.921727831109545 -0.888630476001437 -0.855533120835006 -0.822435765547708 -0.789338409975043 -0.756241053950407 -0.723143697400741 -0.690046340275286 -0.656948982518941 -0.623851624075521 -0.590754264881093 -0.557656904840744 -0.52455954388043 -0.491462182040583 -0.458364819377397 -0.425267455895638 -0.392170091605275 -0.359072726588512 -0.325975360945611 -0.292877994783422 -0.25978062823514 -0.226683261432843 -0.193585894477791 -0.160488527438806 -0.127391160285761 -0.0942937929815617 -0.0611964255601955 -0.0280990580734188
0.924798092822305 0.912552158792302 0.899505704902648 0.884832576806965 0.867866605028995 0.848077328688851 0.825317136422031 0.799544180483795 0.770756818093083 0.739009999645503 0.704544843279671 0.66764900906995 0.628558864307937 0.587305605154151 0.543924580046796 0.498672917665886 0.452006114635877 0.404951359117168 0.358539067788912 0.313240879869314 0.26938874021134 0.227298026798258 0.187217850134524 0.149358934389923 0.113844725874351 0.0807243284518507 0.0498367540629406 0.0209098806609471 -0.00656285782604956 -0.0331466384762805
-1.03745835441366 -1.00331186812688 -0.969170843758923 -0.935031210655694 -0.900868767552275 -0.866648254838855 -0.832310310136878 -0.7977978535406 -0.763087037804248 -0.728165239251894 -0.693031495826991 -0.657687760877843 -0.622136328783171 -0.586380858043387 -0.55042247174657 -0.514250787209797 -0.477852196284474 -0.441211694730341 -0.404320534382864 -0.36719638747209 -0.329863531326709 -0.292346301649334 -0.254669267638274 -0.216858262615577 -0.178943942902568 -0.140955598766688 -0.102912233260574 -0.0648294772159696 -0.0267197597958484 0.0114052902540102
-1.00042009493152 -0.964893055419578 -0.929366015917803 -0.893838976416411 -0.858311936901255 -0.822784897341779 -0.787257857646161 -0.751730817690792 -0.716203777286153 -0.680676736224327 -0.645149694289706 -0.609622651264757 -0.574095606979641 -0.538568561455294 -0.503041514787452 -0.467514467180277 -0.431987418870207 -0.396460370114351 -0.360933321160855 -0.32540627220134 -0.289879223413293 -0.254352174928469 -0.21882512669568 -0.183298078651271 -0.147771030864642 -0.112243983424836 -0.0767169363663928 -0.0411898896810436 -0.00566284324377196 0.0298642030996247
-1.05032844538941 -1.01257444141856 -0.975369203274838 -0.938287461235615 -0.901199716083502 -0.864233294277398 -0.828247054476111 -0.794070588306567 -0.761684887068258 -0.730679864469017 -0.699929724177477 -0.668129742352469 -0.634049905387545 -0.596759040615143 -0.555712889939705 -0.511616012614808 -0.465381482275091 -0.417507612730319 -0.368745358027134 -0.321270992984575 -0.277617122614775 -0.239832500210008 -0.208030472183091 -0.181636922349545 -0.159263291015163 -0.13942461781898 -0.121064783242743 -0.103343149671914 -0.0858521662641016 -0.0682925538699524
-1.05925239080784 -1.04689434025464 -1.03243120794366 -1.01217482568021 -0.982375155864268 -0.940308357772767 -0.887417247595709 -0.826630570388864 -0.762654129757991 -0.700193608020408 -0.642177143789687 -0.591088489753465 -0.548180082934734 -0.50977909769792 -0.472648153390225 -0.440216911948538 -0.415792963532917 -0.395528568606411 -0.37431915726025 -0.349188167795397 -0.317691040565246 -0.278392731630461 -0.233896259880761 -0.187682365599374 -0.142704611814493 -0.10100297027071 -0.0614902248332517 -0.0225044664335409 0.0167877978528669 0.0570129569143828
-1.03876458664958 -0.980965677873893 -0.929426474286316 -0.888337804703056 -0.855505652598815 -0.826583198742896 -0.794997258424512 -0.75614459363259 -0.715528118635014 -0.679845371995766 -0.650466237184283 -0.627428683896361 -0.610146911838059 -0.595540040756474 -0.580314023322025 -0.562817223857391 -0.540753665085961 -0.507607591681722 -0.458390069621189 -0.398439228140419 -0.33567496229035 -0.27687177587283 -0.224222607693342 -0.178268116593605 -0.137521406556644 -0.100518504023443 -0.0679146801255062 -0.0403477820771325 -0.0162667167332657 0.0064268441409889
-1.01995573849475 -0.984530004560042 -0.949104270503199 -0.913678536263527 -0.878252801824237 -0.842827067168129 -0.807401332232462 -0.771975596925003 -0.73654986108109 -0.701124124525625 -0.665698387114193 -0.63027264871005 -0.594846909201232 -0.559421168574913 -0.523995426867099 -0.488569684209983 -0.453143940744874 -0.417718196553336 -0.382292451694171 -0.34686670619485 -0.311440960075015 -0.276015213354282 -0.240589466052179 -0.20516371819797 -0.169737969859977 -0.134312221127367 -0.0988864721336392 -0.063460723008816 -0.0280349738246756 0.00739077536156501
-1.00443528621653 -0.969476045029868 -0.934516803611924 -0.899557561731522 -0.864598319252495 -0.829639076044633 -0.794679831906547 -0.759720586638217 -0.724761340116302 -0.689802092247221 -0.654842842979771 -0.619883592273341 -0.58492434008168 -0.549965086335987 -0.515005830978619 -0.480046574019147 -0.445087315512325 -0.410128055626431 -0.375168794541284 -0.340209532369322 -0.305250269206138 -0.270291005118268 -0.23533174005601 -0.200372473978672 -0.165413206997836 -0.130453939262139 -0.0954946709161659 -0.0605354021101869 -0.0255761330212676 0.00938313616682734
-0.978621527771339 -0.944516115493306 -0.91041070319289 -0.876305290897158 -0.842199878623697 -0.80809446638728 -0.77398905420092 -0.739883642066401 -0.705778229942375 -0.671672817781616 -0.637567405556535 -0.603461993244453 -0.569356580818832 -0.535251168237707 -0.501145755448973 -0.467040342375398 -0.43293492894045 -0.398829515095543 -0.364724100812308 -0.330618686115307 -0.296513271042334 -0.262407855623057 -0.228302439854649 -0.194197023725341 -0.160091607220118 -0.125986190356021 -0.091880773281572 -0.0577753561566611 -0.0236699390551599 0.0104354779705637
1.03384086151019 0.997664185710516 0.961487510056923 0.925310834748996 0.889134160049121 0.852957486201116 0.816780813311721 0.780604141425493 0.744427470475347 0.708250800387805 0.672074131175457 0.635897462872412 0.599720795501032 0.563544129036694 0.527367463437142 0.491190798636569 0.455014134554718 0.418837471077077 0.382660808105348 0.34648414564035 0.310307483707681 0.274130822339793 0.237954161596551 0.201777501505233 0.165600841935359 0.12942418272892 0.0932475237755351 0.0570708649841302 0.0208942062932214 -0.0152824523512779
-1.00049247052864 -0.966316410899645 -0.932140351232456 -0.897964291437995 -0.863788231320582 -0.829612170666912 -0.795436109299798 -0.761260047086033 -0.727083984032237 -0.692907920202644 -0.658731855752118 -0.624555790858184 -0.590379725712266 -0.556203660561392 -0.522027595659772 -0.487851531234734 -0.453675467487093 -0.419499404538491 -0.385323342453802 -0.351147281150011 -0.316971220507133 -0.282795160426717 -0.248619100896448 -0.214443041908017 -0.180266983383 -0.146090925233969 -0.111914867407613 -0.0777388098476818 -0.0435627524520705 -0.00938669510720891
-0.910212089954596 -0.880448407489627 -0.85068472502666 -0.820921042573705 -0.791157360198837 -0.761393677980096 -0.731629995975317 -0.701866314238509 -0.672102632828571 -0.642338951799463 -0.612575271180497 -0.58281159099482 -0.553047911249064 -0.523284231883784 -0.493520552816918 -0.463756873942001 -0.433993195148644 -0.40422951633514 -0.374465837427496 -0.344702158453882 -0.314938479468007 -0.285174800522201 -0.255411121663259 -0.225647442920638 -0.195883764259968 -0.166120085634236 -0.136356407009672 -0.106592728361285 -0.0768290496859408 -0.0470653709859705
-0.968223906763511 -0.934817293500368 -0.901410680143292 -0.868004066643951 -0.834597453018526 -0.801190839295127 -0.767784225485079 -0.734377611583438 -0.700970997536976 -0.667564383296956 -0.634157768880885 -0.600751154322833 -0.567344539661742 -0.533937924956056 -0.50053131026782 -0.467124695653993 -0.433718081173593 -0.400311466898959 -0.366904852887294 -0.333498239121909 -0.300091625567645 -0.26668501218283 -0.233278398899752 -0.199871785640068 -0.166465172308958 -0.133058558814232 -0.0996519450907047 -0.0662453311045223 -0.0328387169201702 0.000567897373282282
-1.01905454347716 -0.983028201771275 -0.947023246422293 -0.911048103233716 -0.875066005285847 -0.839041983252326 -0.802993450903324 -0.76695389124809 -0.730968681155636 -0.695085365286057 -0.659348265603998 -0.623800898400246 -0.588495324247531 -0.553517780846356 -0.518945087225877 -0.484782210602079 -0.451020499953301 -0.417668683120451 -0.384745040073626 -0.352288680437087 -0.320343921248642 -0.288934990719684 -0.258005761755959 -0.227478877002402 -0.197272413366355 -0.167303651859429 -0.137491255647914 -0.107763344996522 -0.0780844864089591 -0.048428357948683
-0.879799018907419 -0.856644462468326 -0.833329227989422 -0.809730495448556 -0.785759480013362 -0.761318562638383 -0.736240752235995 -0.710359557129257 -0.683579855326114 -0.655836771534765 -0.627115047579531 -0.597411829563761 -0.566737036817045 -0.535151681573928 -0.502708379771231 -0.46937506924992 -0.435104721250249 -0.399875118705485 -0.363677778877178 -0.326534344647014 -0.288473990301711 -0.249581651949541 -0.210165312984982 -0.17057596755655 -0.131113605542717 -0.0920113613476041 -0.0532859517479865 -0.0148902215911726 0.0232620543660534 0.0612668688895385
-1.01887753933219 -0.983551611820273 -0.948225684320324 -0.91289975679231 -0.877573829149505 -0.842247901303858 -0.806921973208719 -0.771596044814174 -0.736270116015849 -0.700944186710597 -0.665618256854651 -0.630292326419088 -0.59496639539508 -0.559640463854163 -0.524314531871429 -0.48898859945581 -0.453662666624391 -0.418336733493026 -0.383010800222502 -0.347684867054559 -0.312358934251178 -0.277033002029312 -0.241707070425807 -0.206381139416682 -0.171055208914743 -0.135729278806832 -0.100403348939132 -0.0650774191695371 -0.0297514894434392 0.00557444027189405
-0.981752528667785 -0.950241542952223 -0.91866127462118 -0.886935111455601 -0.854997845459992 -0.822794889522063 -0.790302735838747 -0.757503378321726 -0.724369738432439 -0.690870684503084 -0.656967944799138 -0.622621462569397 -0.587804858380833 -0.552546462073113 -0.516870690515859 -0.480731599425812 -0.444077659369908 -0.406905361468755 -0.369227049689603 -0.331070458832589 -0.292467171406072 -0.253456894471424 -0.214111833302051 -0.174507377554418 -0.134699156205188 -0.094728514138173 -0.0545994205455848 -0.0143162873962338 0.0260773265430777 0.0665280758060495
-0.968446208192225 -0.955893449236197 -0.937490912897896 -0.908810280364605 -0.870176333041748 -0.823461682819689 -0.771977163310414 -0.72006920196217 -0.674788379846632 -0.64127082701337 -0.614290715800112 -0.586031729116623 -0.550767358239988 -0.511130327916582 -0.472526379732939 -0.44309408916694 -0.428712001559499 -0.423485707812292 -0.419135381024536 -0.409612477524842 -0.389426274449165 -0.354512399981481 -0.306511886497841 -0.2489880547206 -0.187487974565263 -0.127301333203736 -0.0707045376403987 -0.0191161734064104 0.026463179692403 0.0651374432815504
0.966012686824746 0.934587937446298 0.903163188182563 0.871738439121664 0.840313690225426 0.808888941430187 0.777464192696616 0.746039443998433 0.714614695337237 0.68318994672684 0.65176519820203 0.620340449802842 0.588915701556377 0.55749095343801 0.526066205400068 0.49464145735442 0.463216709188511 0.431791960732572 0.400367211824592 0.368942462390832 0.337517712379623 0.306092961746389 0.27466821047495 0.243243458581377 0.211818706182348 0.180393953424367 0.148969200472611 0.117544447470345 0.086119694454515 0.0546949414354853
-1.06705199630593 -1.00656723999363 -0.94683518602724 -0.889053194365471 -0.834658479617782 -0.78484074496849 -0.739559793250577 -0.698542551793051 -0.661814346260335 -0.629283662331892 -0.600093227411923 -0.573194329335812 -0.547595515805461 -0.522534373988838 -0.497487952490628 -0.472662106196315 -0.448060662585181 -0.422150533230896 -0.393363463102232 -0.361527446653979 -0.326819540712435 -0.289564522809896 -0.250678053302667 -0.211105438571241 -0.17131968626886 -0.131567757182116 -0.0916647233582448 -0.0514180075614364 -0.0110363241630606 0.0291712895637184
-1.04617086812169 -1.0089918029926 -0.971812738017207 -0.934633673382519 -0.897454609271816 -0.860275545851776 -0.823096483226372 -0.785917421457371 -0.748738360500437 -0.711559300298034 -0.674380240845931 -0.637201182153225 -0.600022124217562 -0.562843066990792 -0.525664010429728 -0.488484954556824 -0.451305899409176 -0.414126845016811 -0.37694779139196 -0.33976873848275 -0.302589686221278 -0.265410634534325 -0.228231583327401 -0.191052532501505 -0.153873481960883 -0.116694431624166 -0.0795153814643011 -0.0423363314612809 -0.00515728156896192 0.0320217682653329
-1.0135838740595 -0.982942018227131 -0.951915499416684 -0.919982397325802 -0.886951714378708 -0.85272926339067 -0.817277176014568 -0.78062681046329 -0.74303011235216 -0.70475390968066 -0.665903972582471 -0.626545806724825 -0.586756705153211 -0.546661110426159 -0.506403271325478 -0.466159512013065 -0.426156044644392 -0.386786557969152 -0.348466814584944 -0.311533395886776 -0.276303087969008 -0.243117804746172 -0.212419971413472 -0.184460994303144 -0.158627693014868 -0.134174066910137 -0.110687421130249 -0.0878725197213259 -0.0655706565689787 -0.0436572580186907
1.00604039549298 0.971792197699533 0.937543999877663 0.903295801986434 0.869047604002018 0.834799405885795 0.800551207522879 0.766303008822874 0.732054809869626 0.697806610795963 0.663558411756408 0.629310212910909 0.595062014415657 0.560813816411814 0.526565619027577 0.492317422354309 0.45806922646554 0.423821031400291 0.389572837183652 0.355324643819484 0.32107645130634 0.2868282596226 0.252580068665949 0.218331878312855 0.184083688435621 0.149835498915235 0.115587309671589 0.0813391206334008 0.0470909317257877 0.0128427428729652
-1.02102610629453 -0.985927566217072 -0.950829026180687 -0.915730486215084 -0.880631946351492 -0.845533406613686 -0.810434866994084 -0.775336327475573 -0.740237788034265 -0.705139248636965 -0.670040709220026 -0.634942169712193 -0.599843630017419 -0.564745089940503 -0.529646549290984 -0.494548007996508 -0.459449466025466 -0.424350923391123 -0.389252380105939 -0.354153836134282 -0.319055291428499 -0.283956745978732 -0.248858199926314 -0.213759653445928 -0.178661106694473 -0.143562559803665 -0.108464012822271 -0.0733654657739818 -0.0382669186651237 -0.00316837149768276
-1.06991195619955 -1.0198855674815 -0.97040554107976 -0.922022512087391 -0.874941027271961 -0.829335421734091 -0.785605272232102 -0.744129101364643 -0.704975973433981 -0.668055888075723 -0.632952044555227 -0.599165942045287 -0.56622140270182 -0.533731540613218 -0.501311384910087 -0.468494332959399 -0.435000388516625 -0.401377612654873 -0.368264045601042 -0.335829586879561 -0.304127100839244 -0.273093376827182 -0.242200904183572 -0.210898928321724 -0.179008018954281 -0.146470405736389 -0.113343633793852 -0.0797174329372183 -0.0456949562453439 -0.0113827126141636
-1.01693690243576 -0.979544114462734 -0.942174372735371 -0.904844600234086 -0.867560986040638 -0.830331012046505 -0.793178065280678 -0.756127674479802 -0.719198030073623 -0.682410976759797 -0.645810314614531 -0.609445332558669 -0.573362224618627 -0.537594805243115 -0.502173037038653 -0.467123854820721 -0.43247843081636 -0.398287914689907 -0.364591602773185 -0.331361400630683 -0.298552366135057 -0.266120854168328 -0.234028407649994 -0.202239105901964 -0.170721985818332 -0.139449092807059 -0.108399548759378 -0.0775476976765496 -0.0468416955166533 -0.016223151226973
-0.972469859565206 -0.940044270713774 -0.907618681879444 -0.875193093087596 -0.842767504340773 -0.810341915622935 -0.777916326866545 -0.745490737992742 -0.713065148928854 -0.680639559607486 -0.648213969976139 -0.615788379986041 -0.583362789595185 -0.550937198788623 -0.518511607581246 -0.486086016080238 -0.453660424382099 -0.421234832448291 -0.388809240204464 -0.356383647568055 -0.323958054454446 -0.291532460785936 -0.259106866512495 -0.226681271611897 -0.19425567614547 -0.161830080207541 -0.129404483940888 -0.0969788874854545 -0.0645532909214178 -0.0321276943140106
1.01425124097574 0.978085381557243 0.941919522170707 0.905753662816473 0.86958780344441 0.833421944002005 0.797256084477719 0.761090224874766 0.724924365214404 0.688758505478654 0.652592645474531 0.616426784965296 0.58026092371881 0.544095061521328 0.507929198178746 0.471763333557137 0.435597467572848 0.399431600283134 0.363265731801199 0.327099862323136 0.290933992065759 0.254768121210919 0.218602249800605 0.182436377835666 0.146270505292234 0.110104632162551 0.0739387585280136 0.0377728845017377 0.00160701023457226 -0.0345588641132014
-0.95866966689879 -0.926092924381853 -0.893516181837645 -0.860939439255846 -0.828362696580908 -0.79578595375021 -0.763209210718063 -0.730632467450919 -0.698055723946848 -0.665478980213585 -0.632902236265884 -0.600325492120255 -0.567748747766063 -0.535172003084085 -0.502595257933341 -0.470018512194406 -0.437441765779117 -0.404865018702802 -0.372288271026729 -0.339711522892428 -0.307134774461495 -0.274558025870744 -0.241981277157859 -0.209404528333445 -0.17682777939892 -0.144251030359167 -0.111674281242126 -0.0790975320808397 -0.0465207829056984 -0.0139440337464298
-1.0057331620189 -0.97303738110517 -0.940340712409928 -0.907633455403958 -0.8749067453352 -0.842151055271283 -0.809353373781428 -0.776508459261247 -0.743645633910339 -0.710788151204575 -0.677900425920933 -0.644932163161668 -0.611835602124243 -0.578573118386957 -0.5451109896488 -0.511420965710696 -0.477475809070252 -0.443246860909885 -0.408709048971486 -0.373853068550026 -0.33867355682875 -0.303174384909703 -0.267396359570129 -0.231391877169069 -0.195222756717545 -0.158950189824158 -0.122623435835849 -0.0862817469380713 -0.0499362789319992 -0.013591163522736
-0.969389963736707 -0.936590376434215 -0.903786807328557 -0.870964588603933 -0.838125018428356 -0.805271535451932 -0.772400174269334 -0.739503672148086 -0.706568981102555 -0.673573992289941 -0.640466138691929 -0.607185238746328 -0.573673270406359 -0.539880849686912 -0.505762731756499 -0.47128159033645 -0.436401610925374 -0.401085107578175 -0.365307035644462 -0.329094787096384 -0.292488863061719 -0.25553599514705 -0.218307836874153 -0.180884325214029 -0.143353609019373 -0.105791540527773 -0.0682165736346876 -0.0306341411403374 0.00694501019390405 0.044508805116374
-1.01844476906242 -1.01451255241171 -1.00454540716732 -0.976108758793975 -0.923677456920192 -0.846936799756622 -0.759504455678567 -0.678734145943171 -0.622991433170296 -0.604231387684049 -0.6077552692628 -0.612200885048483 -0.599959092465087 -0.56843295006481 -0.522707536180743 -0.483583807141327 -0.467738495843582 -0.459635563463467 -0.439930810730957 -0.406260168313145 -0.360504599361402 -0.304438288056094 -0.239408302693557 -0.16779849729283 -0.0965669846477849 -0.0346629507384687 0.00557438448519796 0.0156470731356996 0.00581228954501544 -0.0089840114000021
-1.0540014702852 -1.01337057288265 -0.972794113112135 -0.932333903226343 -0.892076538157573 -0.852108474980532 -0.812490836659978 -0.773274623595098 -0.734495680032755 -0.696187760849045 -0.658391419589318 -0.621148909466237 -0.584493428695842 -0.548421955507677 -0.512908392802879 -0.477870562155466 -0.443203450509403 -0.408766787615566 -0.374437299397334 -0.340194953661198 -0.306045528684423 -0.272002046886022 -0.238106507251987 -0.204398881415553 -0.170882055031963 -0.137545771973812 -0.104364294961121 -0.0713065128380129 -0.0383353000975858 -0.00541202764518379
0.958553392352781 0.927442035500682 0.896330678730381 0.865219322140827 0.834107965733046 0.802996609475981 0.77188525330817 0.740773897155075 0.709662540920272 0.678551184508812 0.647439827853534 0.616328470894225 0.585217113577557 0.55410575587774 0.522994397773927 0.491883039237478 0.46077168021495 0.429660320561478 0.398548960128969 0.36743759884785 0.336326236668179 0.305214873589404 0.274103509808547 0.242992145558454 0.211880781017698 0.180769416333 0.149658051577945 0.118546686795364 0.0874353219782077 0.0563239571069577
-1.06072960414948 -1.01763246782677 -0.974561554792283 -0.931561270919846 -0.888719532191003 -0.846127142387157 -0.80384294638143 -0.761931884038831 -0.720515234100194 -0.679719683836745 -0.639637215765461 -0.600351136214752 -0.561916630855163 -0.524276402725756 -0.487360827526104 -0.451163454229278 -0.415677598885137 -0.380832472577194 -0.346541024705515 -0.312715262902738 -0.279266959359642 -0.246119259595036 -0.213240802439851 -0.180627048684018 -0.148335253641359 -0.116408857239967 -0.0847742433411217 -0.0533345140541027 -0.0220167005469937 0.00924618374742071
-1.04605832717172 -1.00920167259513 -0.972345017939274 -0.93548836308945 -0.898631707987818 -0.861775052582107 -0.824918396785483 -0.788061740507242 -0.751205083675753 -0.714348426213718 -0.677491768002074 -0.640635108911321 -0.603778448843974 -0.566921787830627 -0.530065125937717 -0.493208463246984 -0.456351799830613 -0.419495135707245 -0.382638470905785 -0.345781805549715 -0.308925139786165 -0.272068473776496 -0.235211807739009 -0.198355141868648 -0.16149847621001 -0.124641810740286 -0.087785145317406 -0.0509284798027694 -0.0140718141909278 0.0227848514902795
-1.02423600430212 -0.990909270738737 -0.957582537033607 -0.924255803061754 -0.890929068683065 -0.857602333771052 -0.824275598268861 -0.790948862136346 -0.757622125330554 -0.724295387800947 -0.69096864946947 -0.657641910251189 -0.624315170058506 -0.590988428793181 -0.557661686389714 -0.524334942924228 -0.491008198501363 -0.457681453198207 -0.4243547070931 -0.391027960296935 -0.357701212928742 -0.324374465121363 -0.291047717062896 -0.257720968931776 -0.224394220812541 -0.19106747273672 -0.157740724617726 -0.12441397636696 -0.0910872280058976 -0.057760479583532
-1.01905283280109 -0.982845687129261 -0.94663854146873 -0.910431395873046 -0.874224250481846 -0.838017105450799 -0.801809960913593 -0.765602816969811 -0.729395673604568 -0.69318853078272 -0.656981388502541 -0.620774246770658 -0.584567105572751 -0.548359964810703 -0.512152824362881 -0.475945684097382 -0.439738543890702 -0.403531403663194 -0.367324263360551 -0.331117122985962 -0.294909982556986 -0.258702842107628 -0.222495701737653 -0.186288561562924 -0.15008142169791 -0.11387428223331 -0.0776671431661211 -0.0414600044526833 -0.00525286598039964 0.0309542723805603
-0.965717357941715 -0.943144620102999 -0.921665930764641 -0.901238855385463 -0.882142971921894 -0.864071068540441 -0.844046761750342 -0.819259410270858 -0.790230513318631 -0.757883744223687 -0.721419332272209 -0.67960664573942 -0.631790562705368 -0.579618000469401 -0.52569387745745 -0.474153077382473 -0.428655401790532 -0.389430358273076 -0.355809360775595 -0.326961742614354 -0.30201631694831 -0.279469077027748 -0.25528473646825 -0.225392700376099 -0.188112419455073 -0.143026827451747 -0.0923827446863996 -0.0387861734182996 0.0163840429110178 0.0720558505644509
-0.999043609574143 -0.963407201842564 -0.927770794020705 -0.892134386047989 -0.856497977918213 -0.820861569647841 -0.78522516128962 -0.749588752937773 -0.713952344816135 -0.678315937166147 -0.642679530170082 -0.607043123995415 -0.57140671877457 -0.535770314499759 -0.500133911128412 -0.464497508619046 -0.428861106937694 -0.393224706079364 -0.357588306020102 -0.321951906631127 -0.286315507757454 -0.250679109246879 -0.215042710958329 -0.179406312776231 -0.143769914675887 -0.108133516658788 -0.0724971187403106 -0.0368607209283329 -0.00122432318686146 0.0344120745310653
-0.998420320467505 -0.964708806194736 -0.930997292063518 -0.897285778218622 -0.863574264739517 -0.82986275168547 -0.796151239100256 -0.762439727027219 -0.728728215523458 -0.695016704615363 -0.661305194192732 -0.627593684111213 -0.593882174218744 -0.560170664332419 -0.526459154292331 -0.492747644061419 -0.459036133621834 -0.425324622909732 -0.391613111875245 -0.357901600570406 -0.324190089072725 -0.290478577456799 -0.256767065785576 -0.223055554122077 -0.189344042541253 -0.155632531089436 -0.121921019686537 -0.0882095082401776 -0.0544979967352256 -0.0207864851758627
-0.982188290027653 -0.948666016278601 -0.915143742562925 -0.881621468998232 -0.848099195771348 -0.814576923088343 -0.781054651163033 -0.747532380161323 -0.714010110049696 -0.680487840746632 -0.646965572177983 -0.613443304271449 -0.579921036958984 -0.54639877018957 -0.512876503907445 -0.479354238020868 -0.445831972434777 -0.412309707076806 -0.378787441883194 -0.345265176801892 -0.311742911783783 -0.278220646765797 -0.244698381629059 -0.211176116238755 -0.177653850452113 -0.144131584157401 -0.110609317375004 -0.0770870501765658 -0.0435647827066489 -0.0100425151280439
-1.02668914571913 -0.991455715723441 -0.956222285690058 -0.920988855556247 -0.885755425348753 -0.850521995108181 -0.815288564841111 -0.780055134531198 -0.744821704104422 -0.70958827350147 -0.674354842779528 -0.639121412024907 -0.603887981303404 -0.568654550598763 -0.53342111987753 -0.498187689119528 -0.462954258306988 -0.427720827418498 -0.392487396426673 -0.357253965283877 -0.322020533937414 -0.286787102325207 -0.251553670347669 -0.216320237913668 -0.181086805003407 -0.145853371637341 -0.110619937925614 -0.0753865039900577 -0.0401530699095748 -0.00491963575233492
-1.0208972666106 -0.98588897710138 -0.950880722395015 -0.915872128272556 -0.880862899448588 -0.845852894750296 -0.810842510521729 -0.775832963736004 -0.740828216365644 -0.705832768896264 -0.67085053086647 -0.635885264078113 -0.600940549117884 -0.566019241711822 -0.531123865206426 -0.496256338290673 -0.461417731321553 -0.426606325985624 -0.391819613163409 -0.357054709181726 -0.322308636728965 -0.287578337734295 -0.252860431090006 -0.21815170184551 -0.183449922715615 -0.148753123512248 -0.114059374770431 -0.079367055276418 -0.0446757360982717 -0.00998528637451011
-1.04597059928938 -1.00880881282359 -0.971647026415058 -0.934485240078318 -0.897323453777571 -0.860161667438704 -0.822999880884703 -0.785838093948018 -0.748676306601865 -0.711514518838157 -0.674352730582825 -0.637190941745308 -0.600029152230327 -0.562867361923739 -0.525705570700897 -0.488543778414014 -0.451381984946604 -0.414220190330519 -0.37705839463897 -0.339896597962261 -0.302734800394965 -0.265573002047575 -0.228411203094249 -0.19124940370712 -0.154087603986562 -0.116925804008667 -0.0797640038241834 -0.0426022034796382 -0.00544040303001204 0.0317213974676
1.01504351471223 0.981467275068398 0.94789103543749 0.914314795858946 0.880738556406543 0.84716231714919 0.813586078101971 0.780009839248616 0.746433600501252 0.712857361740974 0.67928112279636 0.645704883482857 0.612128643661274 0.578552403373857 0.544976162713197 0.511399921791828 0.477823680699524 0.444247439415081 0.410671197883366 0.37709495602452 0.343518713752499 0.309942471003649 0.276366227803857 0.242789984222674 0.209213740414757 0.175637496528932 0.142061252605586 0.108485008656166 0.074908764684776 0.0413325206936891
1.02080218464314 0.985549721496992 0.95029725822825 0.915044794707214 0.879792330836132 0.844539866561865 0.809287401977779 0.774034937249143 0.738782472682329 0.703530008582 0.668277545104878 0.633025082370699 0.597772620486852 0.562520159511344 0.527267699487249 0.492015240447303 0.456762782404492 0.421510325303155 0.386257869083479 0.351005413737683 0.315752959270992 0.280500505673917 0.245248052878102 0.209995600801281 0.174743149364414 0.139490698492034 0.104238248119721 0.068985798167983 0.0337333484859618 -0.00151910109503936
-1.06332734504105 -1.02305924028069 -0.982840896191342 -0.942705008940341 -0.902637125577489 -0.862628172871912 -0.822737745587537 -0.783049586383234 -0.743675361502863 -0.704715050592334 -0.666193963320774 -0.628118741863109 -0.590491861909837 -0.553299133213723 -0.516529660112128 -0.480202391218523 -0.444362228640748 -0.40912804418801 -0.374609727269026 -0.340807267989191 -0.307693181628071 -0.275209309008817 -0.24317479312892 -0.211407631502279 -0.179843937534074 -0.148444876275089 -0.117153703467236 -0.0859142694279599 -0.054690712085696 -0.0234522412716285
-0.994670916036954 -0.960760720423878 -0.926850524915965 -0.892940329646575 -0.859030134791212 -0.825119940508906 -0.791209746850638 -0.757299553820118 -0.723389361340013 -0.689479169335806 -0.655568977825297 -0.621658786849363 -0.587748596433136 -0.553838406538757 -0.51992821709901 -0.486018027992246 -0.452107839088895 -0.418197650282148 -0.384287461485812 -0.35037727267339 -0.316467083833309 -0.282556894949789 -0.248646705990227 -0.214736516924232 -0.180826327747093 -0.146916138444679 -0.113005948939498 -0.0790957591689793 -0.0451855691935919 -0.0112753791045667
-0.985367210572425 -0.958561774786761 -0.931837079869399 -0.905150612327315 -0.878168295430609 -0.85054106488082 -0.822151469342104 -0.792859365487078 -0.762202229059562 -0.72973367579181 -0.695394262298588 -0.659221280415292 -0.621346543629983 -0.582279952041401 -0.542577319424291 -0.502600027646767 -0.462606562664422 -0.422638258689411 -0.382733488551487 -0.343135931294237 -0.304140592514706 -0.265949357722235 -0.228391632075338 -0.191192326022105 -0.154030851519741 -0.116603885270897 -0.0787226614508918 -0.0402915949300643 -0.00147326588618055 0.0375052041761378
