-1.06120344068996 -1.00674311456334 -0.954361323555626 -0.90554473633805 -0.861766667171442 -0.823673754847557 -0.78861929069223 -0.753689566286219 -0.718196221695876 -0.682320758408664 -0.647498775110909 -0.61547939478865 -0.587697340346118 -0.564329734360308 -0.544688536431374 -0.525882654579348 -0.503981019035754 -0.473095700458198 -0.428681110125674 -0.373517881376652 -0.312218203064469 -0.249603866405725 -0.191335072070073 -0.142584530311909 -0.105736580271558 -0.081192389076758 -0.0642088069189865 -0.0495917232475264 -0.0354875014791487 -0.0208776235224969
-0.999649636653594 -0.965874919596821 -0.932525116732297 -0.900012716898995 -0.868354662096654 -0.837455585151526 -0.807166429035161 -0.77732975737962 -0.747808306313688 -0.71850738489449 -0.689482421395755 -0.660826373895366 -0.632640372744484 -0.605058237387374 -0.577989231668285 -0.550411707938293 -0.521197173565958 -0.489720667482949 -0.455622556023879 -0.419100983572032 -0.380493539022859 -0.339993390031793 -0.297216019294199 -0.251713753600238 -0.203363981079328 -0.152224703126161 -0.0987513128572724 -0.043521087862161 0.0127985480996706 0.0695176347262185
-1.08062181793887 -1.03045225459554 -0.980883729948732 -0.931967785004043 -0.883607117420788 -0.835841067271514 -0.789404387627978 -0.745092556407445 -0.703248537909997 -0.663997744450543 -0.627047894020481 -0.592002281030328 -0.558501258751499 -0.526333415898994 -0.495169956786337 -0.464064312677565 -0.431937013344042 -0.397794755635929 -0.36095105212977 -0.321860511228849 -0.281263015293137 -0.24029110639906 -0.201647965488878 -0.167990953647193 -0.140223513662157 -0.118359264169085 -0.100606445488405 -0.0849269131683652 -0.0701023619833801 -0.0551194465144041
-0.974912516565197 -0.942583756932404 -0.910254997369015 -0.877926237944453 -0.845597478752573 -0.813268719874762 -0.780939961318116 -0.748611203080972 -0.716282445200919 -0.683953687719087 -0.65162493065152 -0.619296174007992 -0.586967417760562 -0.554638661730443 -0.522309905697677 -0.489981149428482 -0.457652392697122 -0.425323635323869 -0.392994877154884 -0.360666118093858 -0.328337358058869 -0.296008596991465 -0.263679834927074 -0.231351071932695 -0.199022308107712 -0.166693543584812 -0.134364778597483 -0.102036013377059 -0.0697072480454448 -0.0373784826971869
-0.993053629094367 -0.960335132225782 -0.927604580802393 -0.89484950562536 -0.862059404678594 -0.829225558861332 -0.796344413551362 -0.763413309251265 -0.730428002484234 -0.697384796423716 -0.664283764823555 -0.631125924082699 -0.597912007962642 -0.564641619675081 -0.531313385057647 -0.497923151001516 -0.464467282327106 -0.430946994518268 -0.397365194682923 -0.363726705761849 -0.330036829654032 -0.296300254977431 -0.262519217225868 -0.228696284350035 -0.19483780725222 -0.160949887802004 -0.127033848786563 -0.0930914685938621 -0.059131127097431 -0.0251628545421911
-1.09950727572759 -1.03935548048501 -0.972425532023133 -0.891440904569954 -0.802212300601424 -0.716475300478445 -0.656577767853743 -0.63888951201626 -0.645255841507995 -0.653009659794108 -0.655958750779325 -0.652029618478266 -0.640865245657114 -0.628974530088303 -0.620408215089613 -0.602518511153963 -0.560912519982094 -0.490915440930906 -0.395755801850759 -0.300557346909697 -0.235917624355181 -0.222455732935696 -0.240876973403819 -0.262173203044669 -0.258396303269459 -0.21009706283564 -0.13076187575954 -0.0396229301462885 0.0540400148026676 0.143435307111801
-1.10815176120977 -1.06165402168931 -1.01529300478116 -0.969248493786579 -0.923756812969847 -0.879029416310708 -0.835121735687667 -0.792052852633318 -0.749852469397838 -0.708560884096849 -0.668250157590172 -0.629000291423675 -0.590858590853957 -0.553741575980528 -0.517532589945665 -0.482113053219807 -0.447331959069608 -0.412910514618436 -0.378559472493191 -0.344075553478173 -0.309276970397033 -0.274020395361176 -0.238316337633025 -0.202239815319528 -0.16597004475473 -0.129711457596978 -0.0936651485747244 -0.0579815261439629 -0.0226115906007475 0.0125435097988535
-1.02218904141813 -0.98582628648425 -0.949463531519053 -0.91310077650236 -0.876738021435549 -0.840375266337001 -0.804012511271556 -0.767649756311928 -0.731287001515862 -0.694924246942402 -0.658561492670758 -0.622198738785184 -0.585835985360951 -0.549473232437409 -0.51311048002606 -0.476747728062929 -0.440384976459434 -0.404022225104028 -0.367659473881833 -0.331296722687619 -0.294933971418565 -0.258571219974913 -0.222208468269145 -0.18584571622494 -0.149482963798535 -0.113120210985381 -0.0767574579052405 -0.04039470469289 -0.00403195141884919 0.0323308018624267
-0.993576103477783 -0.960733874061894 -0.927891644713179 -0.895049415497348 -0.8622071864455 -0.829364957574094 -0.79652272887565 -0.763680500309971 -0.730838271729944 -0.697996042967891 -0.665153813880799 -0.632311584331822 -0.599469354183569 -0.566627123296483 -0.533784891574076 -0.500942659094298 -0.468100425979177 -0.435258192352617 -0.402415958346411 -0.369573724122051 -0.336731489848452 -0.303889255677909 -0.271047021696238 -0.238204787968896 -0.205362554546392 -0.172520321457805 -0.139678088661459 -0.106835856096732 -0.0739936236979781 -0.0411513913982948
-1.06326072678416 -1.0265843377769 -0.989907948692252 -0.953231559430707 -0.91655516991277 -0.879878780054351 -0.843202389732965 -0.806525998795215 -0.769849607002451 -0.733173214101349 -0.696496819865145 -0.659820424073717 -0.623144026540852 -0.586467627215987 -0.549791226074264 -0.513114823058015 -0.476438418160318 -0.439762011610057 -0.40308560366447 -0.366409194458437 -0.329732784096243 -0.293056372684526 -0.256379960339332 -0.219703547195496 -0.1830271334536 -0.146350719298957 -0.10967430479007 -0.072997889970407 -0.0363214749501022 0.000354940144042063
-0.974388481586777 -0.947578543374542 -0.920673453708388 -0.893564967657629 -0.866158557053299 -0.838373441580038 -0.810170115575184 -0.781516319685556 -0.752367505143206 -0.722663989772589 -0.692297847182548 -0.661149089928018 -0.629126660349587 -0.596255219930434 -0.56258764164426 -0.528173925284249 -0.493046796342835 -0.457172756289959 -0.420519967708688 -0.383129461657079 -0.345060486311936 -0.306386715673756 -0.267239527037796 -0.227780734121475 -0.188236193036083 -0.148819975908161 -0.10963497653139 -0.0707237403579921 -0.0319985978072304 0.0066606744598749
-1.06531953370072 -1.01174688021382 -0.952973960068623 -0.889292411127505 -0.826776057466158 -0.772838179040379 -0.734467693113065 -0.716124980249117 -0.712580636914347 -0.715489450232264 -0.713732754056246 -0.695498518922143 -0.653523888541475 -0.598742699328451 -0.545397056690109 -0.502765449302097 -0.475709758893387 -0.456389056137621 -0.435161818204351 -0.407886959302099 -0.37179850289913 -0.32666770938013 -0.282414786795471 -0.248220452420802 -0.22015851276719 -0.19289867826347 -0.168601185774136 -0.151172555645961 -0.144013915719182 -0.150400045707401
-1.01755284101451 -0.983861736321064 -0.950170631598496 -0.916479526859959 -0.882788422188166 -0.849097317688939 -0.815406213490993 -0.781715109714313 -0.748024006421068 -0.714332903640926 -0.680641801331377 -0.646950699431864 -0.613259597881351 -0.579568496616896 -0.545877395588538 -0.51218629480015 -0.478495194250379 -0.444804093863122 -0.411112993558148 -0.377421893313447 -0.343730793121564 -0.310039692972799 -0.276348592848474 -0.242657492724854 -0.208966392566974 -0.175275292357013 -0.141584192156959 -0.107893092034368 -0.0742019919992382 -0.040510892047181
-0.9944339236516 -0.960692648106372 -0.926951372491926 -0.893210096711786 -0.85946882066865 -0.825727544301098 -0.79198626769206 -0.758244990933345 -0.724503714007922 -0.690762436888613 -0.657021159616494 -0.623279882249703 -0.58953860485401 -0.555797327525714 -0.522056050344202 -0.488314773290682 -0.454573496313015 -0.420832219323838 -0.387090942250416 -0.353349665113743 -0.319608387958245 -0.2858671108453 -0.252125833904091 -0.218384557257758 -0.184643280937463 -0.150902004919464 -0.117160729052386 -0.0834194531818077 -0.049678177268761 -0.0159369013031395
-1.03705376228947 -1.00161745574814 -0.966181149245235 -0.930744842773567 -0.895308536224749 -0.859872229469899 -0.824435922399315 -0.788999614902831 -0.75356330684926 -0.718126998099003 -0.682690688499848 -0.647254377896425 -0.611818066168781 -0.576381753338604 -0.540945439469477 -0.505509124650908 -0.470072808979073 -0.434636492550901 -0.399200175466014 -0.36376385783405 -0.328327539767154 -0.292891221404948 -0.25745490299697 -0.222018584786451 -0.186582266881477 -0.15114594933506 -0.115709632115056 -0.0802733151622989 -0.0448369983946831 -0.00940068172436831
-0.964598015699958 -0.931443003542625 -0.89828799131406 -0.865132978938671 -0.831977966330017 -0.798822953399049 -0.765667940057145 -0.732512926236212 -0.699357911949839 -0.666202897224842 -0.633047882059253 -0.599892866443907 -0.566737850377321 -0.533582833888744 -0.500427817043783 -0.467272800022768 -0.434117783001349 -0.400962766021756 -0.367807749096317 -0.334652732251187 -0.301497715515976 -0.268342698922975 -0.235187682515187 -0.202032666336375 -0.168877650422614 -0.135722634794388 -0.102567619417501 -0.0694126042394523 -0.0362575891892043 -0.00310257419108454
-0.95896329510091 -0.926311900705393 -0.893660506221234 -0.861009111602877 -0.82835771684282 -0.795706321965158 -0.763054927082337 -0.730403532326322 -0.697752137818822 -0.665100743649107 -0.632449349786953 -0.599797956172266 -0.567146562787473 -0.534495169785111 -0.501843777328945 -0.469192385457556 -0.436540994165685 -0.403889603397896 -0.371238213100866 -0.338586823279895 -0.305935433954942 -0.273284045145278 -0.240632656867426 -0.207981269137176 -0.175329881970138 -0.142678495365163 -0.110027109254248 -0.0773757235399599 -0.0447243380740081 -0.0120729526953866
-0.965560929562144 -0.93366676227203 -0.90177259491069 -0.869878427467476 -0.837984259980499 -0.806090092482966 -0.774195924939733 -0.742301757315453 -0.710407589642306 -0.678513421969734 -0.646619254348683 -0.614725086830472 -0.582830919444545 -0.550936752132832 -0.519042584809807 -0.487148417367631 -0.455254249712716 -0.423360081830792 -0.391465913748212 -0.359571745574511 -0.327677577440019 -0.295783409465623 -0.263889241734444 -0.231995074316129 -0.200100907264193 -0.168206740599716 -0.136312574230158 -0.104418408040945 -0.0725242419429809 -0.0406300758535379
-0.984281702505555 -0.951220179945644 -0.918158657435909 -0.88509713500681 -0.852035612573882 -0.818974090034575 -0.785912567328957 -0.752851044414352 -0.719789521274501 -0.686727997884137 -0.653666474155538 -0.620604949985372 -0.587543425260993 -0.554481899832508 -0.521420373558835 -0.488358846371373 -0.455297318239611 -0.422235789212923 -0.389174259368534 -0.356112728815194 -0.323051197669538 -0.289989666042881 -0.256928134025273 -0.223866601706173 -0.190805069193924 -0.157743536590145 -0.12468200395065 -0.0916204713143657 -0.0585589386984645 -0.0254974061146811
0.99028828135963 0.955865233843427 0.921442186369456 0.887019138920451 0.85259609142409 0.818173043804901 0.783749996029861 0.749326948061024 0.714903899798309 0.680480851155419 0.646057802163342 0.611634752882381 0.577211703364056 0.542788653624733 0.508365603688079 0.47394255364209 0.439519503580973 0.40509645355941 0.370673403599429 0.336250353631953 0.301827303565131 0.267404253328062 0.232981202933662 0.198558152401388 0.164135101693059 0.129712050774226 0.0952889996830041 0.0608659484732768 0.0264428971894358 -0.00798015412650053
-0.970811209150809 -0.937663406425664 -0.904510061843493 -0.871340991210717 -0.838151177623146 -0.804936199481282 -0.771688849114993 -0.738399315069969 -0.705050156825809 -0.671621325669206 -0.638089969181314 -0.6044325340169 -0.57063071750538 -0.536687219674752 -0.502608386330302 -0.468394143687889 -0.434043039052886 -0.399554523678149 -0.364928674206112 -0.330167164890018 -0.295272069385816 -0.260246731280886 -0.225099573888339 -0.189841821530937 -0.154490822844328 -0.119065629457995 -0.0835859806638581 -0.0480709003704783 -0.0125358632905144 0.0230045431623493
0.992216161428577 0.958240198861589 0.924264236253013 0.890288273519519 0.856312310525417 0.82233634712613 0.788360383193867 0.754384418610995 0.720408453283694 0.686432487142944 0.652456520195123 0.618480552465452 0.584504583979543 0.550528614764563 0.516552644870131 0.482576674434115 0.448600703588616 0.414624732354399 0.380648760722947 0.346672788679927 0.31269681620955 0.278720843304931 0.244744869994775 0.210768896333293 0.176792922441126 0.142816948455505 0.108840974513594 0.0748650007194479 0.040889027044751 0.00691305342809412
-1.0595233163844 -1.0104008682739 -0.961713728420625 -0.913944893816299 -0.867553938081862 -0.822892899798219 -0.779907100756885 -0.738453766539754 -0.698444454679603 -0.65983396010763 -0.622695695397842 -0.587132727534947 -0.553214929400566 -0.520879397463985 -0.490064506205588 -0.460846518562507 -0.433187024710007 -0.406451035319148 -0.379901578527967 -0.352990331846623 -0.325216135128309 -0.296180527412435 -0.265895844483298 -0.234513282754486 -0.202328684411863 -0.169611950245675 -0.136384569691415 -0.102643368239537 -0.0685349269550755 -0.0342432657967101
0.972377392687261 0.940458468587372 0.908539544497114 0.876620620407759 0.8447016963074 0.812782772186207 0.780863848045825 0.748944923906107 0.717025999848249 0.685107075948631 0.653188152203052 0.621269228587161 0.5893503050847 0.557431381711758 0.525512458468714 0.493593535260738 0.461674612000791 0.429755688728207 0.397836765482576 0.365917842178125 0.333998918697744 0.302079994918545 0.27016107069454 0.238242145878148 0.206323220338509 0.174404294001112 0.142485367000119 0.110566439520629 0.0786475117427942 0.0467285838455347
-0.98775050662626 -0.953694114723262 -0.919637722775563 -0.885581330774099 -0.85152493880414 -0.817468546977229 -0.783412155415675 -0.749355764240568 -0.715299373557373 -0.681242983450277 -0.647186593933977 -0.613130205005796 -0.579073816636827 -0.545017428693234 -0.510961041035955 -0.47690465360995 -0.44284826639833 -0.408791879452782 -0.374735492824769 -0.340679106496282 -0.306622720431943 -0.272566334596217 -0.238509948952922 -0.204453563471993 -0.170397178148461 -0.136340792983919 -0.102284407981118 -0.0682280231326415 -0.0341716383892697 -0.000115253691330167
1.02433912268786 0.988748978625329 0.953158834551981 0.917568690437906 0.881978546238793 0.846388401895514 0.810798257304063 0.775208112351675 0.739617966935415 0.704027820979182 0.668437674504373 0.632847527556759 0.597257380182774 0.561667232431488 0.526077084325388 0.490486935777978 0.45489678667302 0.419306636884286 0.383716486288561 0.348126334784676 0.312536182276975 0.276946028731088 0.241355874357787 0.205765719406749 0.170175564038114 0.134585408387873 0.0989952525849609 0.0634050967387367 0.0278149408873282 -0.00777521494894545
-0.977073386859646 -0.945021728284279 -0.91297006969984 -0.880918411123885 -0.8488667526125 -0.816815094227007 -0.784763436011148 -0.752711778018226 -0.720660120357365 -0.688608463145003 -0.656556806470998 -0.624505150418567 -0.592453495072737 -0.560401840525791 -0.528350186837709 -0.496298533932015 -0.464246881668705 -0.43219522979013 -0.400143578033388 -0.368091926232211 -0.33604027424449 -0.303988621947378 -0.271936969295071 -0.239885316276424 -0.207833662941858 -0.175782009344647 -0.143730355487911 -0.111678701379511 -0.0796270470964256 -0.0475753927329166
-1.02296821610965 -0.980915581480119 -0.938921801216835 -0.897054758395104 -0.855404738350927 -0.814080242192044 -0.773240231852451 -0.733027949467553 -0.693473297152124 -0.654570847449848 -0.616287194640682 -0.578581938438652 -0.541437773330779 -0.504929772896064 -0.46912897516426 -0.433997896876159 -0.399490156805929 -0.365632303150225 -0.332467099911379 -0.30002924489194 -0.268351419344513 -0.237465763564202 -0.207402254016092 -0.17814802382171 -0.149520996558334 -0.121325618264672 -0.0934816343693772 -0.0659285889771793 -0.0385699215071639 -0.0113000452070052
-1.03507307304927 -0.995162429629387 -0.955225389361045 -0.915229019457474 -0.875271782903273 -0.835485058026687 -0.79600048875919 -0.756922683349387 -0.718247841711188 -0.679938590594841 -0.641931672430651 -0.604157358568937 -0.566572043505848 -0.529236614320842 -0.492243879791612 -0.455709842905457 -0.419747604139438 -0.384435459720065 -0.349843934992866 -0.316047276030027 -0.28312065908539 -0.251115409640584 -0.219987450088357 -0.189635770378128 -0.159827033774869 -0.130317412500686 -0.100953441290657 -0.0716235806752793 -0.0422936318537554 -0.0129487311924637
-1.03279276362534 -0.996874190209527 -0.960955616968274 -0.925037044090938 -0.889118471686173 -0.8531998998289 -0.817281328539798 -0.781362757824632 -0.745444187683736 -0.709525618106163 -0.673607049041285 -0.63768848042855 -0.601769912220134 -0.565851344419124 -0.529932777037851 -0.494014210074719 -0.458095643520424 -0.422177077348762 -0.386258511525674 -0.350339946002577 -0.314421380727252 -0.278502815652455 -0.242584250750821 -0.206665686019281 -0.170747121532048 -0.134828557372851 -0.0989099935861818 -0.0629914301741094 -0.0270728670082317 0.0088456960724705
-1.0288749207819 -0.992807714756342 -0.956740508748371 -0.920673302727002 -0.88460609658521 -0.848538890202479 -0.812471683480365 -0.776404476330121 -0.740337268679702 -0.704270060477892 -0.668202851740071 -0.632135642498272 -0.596068432776974 -0.560001222570453 -0.52393401184315 -0.487866800470381 -0.451799588334082 -0.415732375431783 -0.379665161801419 -0.34359794752697 -0.307530732703921 -0.271463517440523 -0.23539630189608 -0.199329086218706 -0.163261870460696 -0.127194654671506 -0.091127438985049 -0.0550602235172072 -0.0189930082272668 0.0170742069646338
-0.998488849931378 -0.972330200167969 -0.947132430258183 -0.923758148870646 -0.901599443393259 -0.87929297605912 -0.853924229762853 -0.822480158309053 -0.783104778480679 -0.735097725288331 -0.681224043674803 -0.625115131065938 -0.570124251645245 -0.518492136626895 -0.47204281508558 -0.43204604050742 -0.399245792943563 -0.372837234293848 -0.35148606012918 -0.333288918856049 -0.31620019708984 -0.298158046645578 -0.277035680136855 -0.250724619314774 -0.217254561681941 -0.175180106495777 -0.125017284281485 -0.0679654373567928 -0.00599572394173685 0.0587277437680677
1.01775658385787 0.980924157425257 0.944111619061503 0.907332963440898 0.87060736052263 0.83395616816682 0.797404320552417 0.760977150225755 0.724698006883858 0.688585307596912 0.652639721777064 0.616857481921945 0.581233735300602 0.545759288267722 0.5104276899397 0.475247801394108 0.440228207377537 0.405361075351461 0.370634841356734 0.336039433036848 0.301565150935951 0.267201543975679 0.232935154587604 0.198752151129593 0.164640212154746 0.130588121495942 0.0965875739099546 0.0626291939480659 0.0286964144157189 -0.00522912981810447
-1.07113021437938 -0.992975987525558 -0.920720596620785 -0.859688205348834 -0.814053601524011 -0.786060158161911 -0.771374964952754 -0.763137999975068 -0.750957078185972 -0.725570445901251 -0.685770237992741 -0.632362061471293 -0.568827750987794 -0.509354051753285 -0.466433261368811 -0.435074976435291 -0.40742399242761 -0.381648601316664 -0.357310488712022 -0.333521418281941 -0.309280673209354 -0.282963705450141 -0.250450642051995 -0.209453607466404 -0.167508040668242 -0.13264452643456 -0.105050918227744 -0.0830729207992417 -0.0655303753714024 -0.0513616572843037
-0.921536787631199 -0.890869690760793 -0.860202593883006 -0.829535497010128 -0.79886840018993 -0.768201303488225 -0.737534207007507 -0.706867110838108 -0.676200014985038 -0.645532919415968 -0.61486582403454 -0.584198728728393 -0.553531633430088 -0.522864538251885 -0.492197443344095 -0.461530348829536 -0.430863254806678 -0.400196161304098 -0.369529068339889 -0.338861975960087 -0.308194884217713 -0.277527793154671 -0.24686070276838 -0.216193613026365 -0.185526523821051 -0.154859435020851 -0.124192346473231 -0.0935252580400063 -0.062858169661344 -0.032191081296999
-1.02703248246712 -0.991949695173546 -0.956866907848794 -0.921784120417909 -0.886701332836106 -0.851618545054462 -0.816535756977342 -0.781452968504383 -0.746370179563006 -0.711287390105168 -0.676204600153182 -0.641121809746951 -0.606039018908231 -0.570956227586202 -0.535873435717248 -0.500790643259166 -0.465707850203335 -0.430625056654061 -0.395542262736882 -0.360459468549351 -0.325376674182021 -0.290293879700945 -0.255211085074157 -0.220128290264686 -0.185045495313531 -0.149962700287864 -0.114879905281575 -0.0797971103730774 -0.0447143155521748 -0.00963152078651632
-1.0348046173978 -0.998467775624051 -0.962130933840819 -0.925794092035768 -0.88945725017899 -0.853120408228943 -0.816783566115099 -0.780446723773292 -0.744109881193768 -0.707773038397195 -0.671436195471501 -0.635099352521426 -0.598762509648357 -0.562425666940247 -0.526088824486952 -0.489751982399346 -0.453415140763772 -0.417078299547415 -0.380741458692576 -0.344404618161175 -0.308067777920038 -0.271730937928637 -0.235394098117042 -0.199057258397668 -0.16272041864174 -0.126383578724531 -0.0900467385787023 -0.0537098981806073 -0.0173730576239656 0.0189637829681615
-0.974091878420777 -0.940433244739142 -0.906774610999036 -0.873115977208455 -0.839457343403655 -0.805798709660415 -0.772140076184328 -0.738481443229372 -0.704822811113255 -0.671164180134723 -0.637505550452939 -0.603846922192175 -0.570188295442164 -0.536529670154507 -0.502871046248586 -0.469212423653043 -0.435553802278958 -0.401895181957889 -0.368236562501496 -0.334577943721368 -0.300919325429075 -0.267260707446113 -0.233602089633689 -0.199943471885985 -0.166284854189389 -0.13262623655448 -0.0989676189963824 -0.0653090015232193 -0.0316503841105466 0.00200823327422055
0.964772692586276 0.932086209252253 0.899399725935822 0.866713242695823 0.834026759631656 0.801340276837371 0.768653794345036 0.735967312174547 0.703280830359092 0.670594348908862 0.637907867728776 0.605221386697434 0.572534905689081 0.539848424560558 0.507161943179751 0.474475461476143 0.441788979391176 0.409102496852522 0.376416013799041 0.343729530228104 0.311043046151708 0.278356561575655 0.245670076480944 0.212983590846813 0.180297104670258 0.147610617982043 0.114924130930268 0.0822376436806359 0.0495511563519227 0.0168646690511742
-0.976173568006373 -0.941767327770414 -0.90736108744958 -0.87295484694256 -0.838548606154323 -0.804142365028985 -0.769736123660982 -0.735329882176734 -0.700923640680272 -0.666517399247176 -0.632111157861613 -0.597704916484893 -0.563298675056569 -0.528892433429148 -0.49448619147691 -0.460079949248265 -0.425673706850471 -0.391267464452045 -0.356861222223896 -0.322454980285262 -0.288048738742457 -0.253642497685019 -0.219236257135361 -0.184830017082281 -0.15042377744723 -0.116017538127276 -0.0816112989892916 -0.0472050599101705 -0.0127988208370687 0.0216074182652912
-0.987439652198286 -0.953138586297739 -0.918837520440619 -0.884536454619798 -0.850235388846805 -0.815934323158058 -0.78163325767085 -0.747332192493726 -0.71303112761935 -0.678730062994595 -0.644428998499062 -0.610127933995535 -0.575826869351442 -0.541525804452803 -0.507224739179 -0.472923673364275 -0.438622606864486 -0.404321539667097 -0.370020471796463 -0.33571940329289 -0.301418334200677 -0.267117264557147 -0.232816194371727 -0.198515123647171 -0.164214052387443 -0.129912980628588 -0.0956119085337735 -0.0613108362772011 -0.0270097639500706 0.0072913083771678
-1.00619111782342 -0.972926162980262 -0.93966120827905 -0.906396253847741 -0.873131299771071 -0.839866346109229 -0.806601392867444 -0.77333644007553 -0.740071487916609 -0.706806536592117 -0.673541586223443 -0.640276636911959 -0.607011688736042 -0.573746741682074 -0.540481795734338 -0.507216850960704 -0.47395190742425 -0.44068696508529 -0.407422023872797 -0.374157083693144 -0.340892144447052 -0.307627206046291 -0.27436226844682 -0.241097331594941 -0.207832395354142 -0.174567459572318 -0.141302524117775 -0.108037588873899 -0.0747726537639476 -0.0415077187211509
1.0108537911265 0.974695581877088 0.938530668436144 0.902348349032916 0.866143184216737 0.829921857022374 0.793734278106267 0.757635304302212 0.721656349531767 0.685822479916359 0.650156813289137 0.614681980411178 0.579421164368667 0.544399757548211 0.509640193714734 0.475150862846011 0.440940448819441 0.407032854898064 0.373447717853047 0.340172389102424 0.307186148725943 0.274465332873628 0.241974501976592 0.209674546879748 0.177523455802111 0.145481525018146 0.113521185650023 0.0816187634314522 0.0497540276946098 0.017907608671286
-0.99905658038252 -0.964379911974044 -0.929703243615055 -0.895026575358823 -0.860349907123356 -0.825673238802771 -0.790996570330891 -0.756319901652574 -0.721643232717108 -0.686966563462551 -0.652289893777613 -0.617613223538665 -0.582936552624714 -0.548259880925306 -0.513583208359155 -0.47890653495112 -0.444229860777147 -0.409553186011386 -0.374876510849332 -0.340199835473643 -0.305523160063768 -0.270846484779493 -0.236169809701947 -0.201493134874037 -0.166816460264421 -0.132139785820744 -0.0974631114808463 -0.0627864371911204 -0.0281097629419924 0.00656691126510414
-0.958327464935295 -0.925597476266001 -0.892867487696766 -0.860137499340102 -0.827407511327921 -0.794677523785641 -0.761947536793317 -0.72921755040921 -0.69648756464976 -0.663757579529003 -0.631027595093188 -0.598297611396613 -0.565567628488492 -0.532837646397703 -0.500107665116044 -0.467377684507324 -0.434647704418577 -0.401917724757726 -0.369187745444096 -0.336457766381736 -0.303727787470876 -0.270997808635126 -0.238267829891613 -0.205537851269841 -0.172807872755298 -0.140077894313789 -0.107347915876403 -0.0746179373796287 -0.0418879588162775 -0.00915798019323919
-0.971438462020843 -0.937528611653427 -0.90361210558865 -0.869679092365452 -0.835718848073442 -0.801721956316412 -0.767685103204189 -0.733606535012278 -0.699484636172846 -0.665317236714803 -0.631099810897364 -0.596827244037317 -0.562493339791561 -0.528087575177419 -0.493599358890702 -0.45902215298074 -0.424350675964185 -0.389580618873447 -0.354707667480949 -0.319726514003403 -0.284631602268597 -0.249419774561207 -0.21409746699349 -0.178672591262104 -0.143149367573737 -0.107533125583633 -0.0718373242312056 -0.0360791863782183 -0.000282861291642798 0.0355257701602464
-1.02604515025233 -0.990129106003976 -0.954213061846463 -0.918297017830667 -0.882380974003641 -0.846464930422391 -0.810548887187576 -0.774632844396608 -0.738716802090272 -0.702800760285724 -0.666884718962239 -0.630968678089617 -0.595052637647304 -0.559136597653312 -0.523220558130691 -0.487304519084075 -0.451388480514139 -0.41547244242414 -0.379556404795967 -0.343640367523443 -0.307724330478376 -0.271808293570546 -0.235892256861612 -0.199976220421842 -0.164060184204047 -0.128144148153239 -0.0922281123007031 -0.0563120766785696 -0.0203960412360729 0.0155199940982759
-1.0058988464319 -0.968704264262327 -0.931520365949272 -0.894379739949551 -0.857298551465528 -0.820283831301322 -0.783322495922535 -0.746400479080966 -0.709519898011716 -0.67269896430389 -0.6360040834793 -0.599513709542938 -0.563316947880957 -0.527545509404158 -0.492331477258489 -0.457765818005831 -0.423915961913135 -0.39079631065171 -0.358387344737688 -0.326586888662154 -0.295272102909933 -0.264333170636768 -0.233712365682093 -0.203377227760322 -0.173344269402103 -0.143633741527207 -0.114231875795666 -0.0851030219296284 -0.0561580211594391 -0.0272943375924927
-1.10424183334143 -1.04909138390859 -0.992169439008214 -0.935325649583812 -0.882604857962417 -0.837500659975329 -0.79910647408739 -0.765265028389603 -0.733216466844104 -0.700593095142421 -0.667198450022524 -0.633378875983997 -0.599644620005279 -0.567161538980251 -0.536622628836014 -0.506173831717143 -0.473145545385608 -0.434153043855507 -0.38671154282436 -0.332651148471254 -0.274880689595665 -0.21699576620455 -0.165339063134789 -0.125767885600342 -0.0994509354935819 -0.0850562448044943 -0.0759377692351128 -0.0655594695181973 -0.0531394027973653 -0.0393341503189484
-0.957636325164617 -0.943642035719016 -0.929454225620693 -0.914452667930843 -0.897545570596522 -0.877556325496184 -0.853440625348032 -0.824535097633503 -0.791567808047212 -0.7554974836473 -0.716814058732798 -0.675890269412965 -0.633261421467699 -0.590113099359461 -0.547551290917461 -0.505713318755338 -0.46444716214314 -0.423412092192117 -0.382333012678465 -0.341386066196953 -0.300860205046995 -0.261005629419579 -0.221917531071988 -0.183724215014474 -0.146841447702886 -0.111673895386699 -0.0782943620443113 -0.0465700948179176 -0.015877975775969 0.0145277042815192
1.04165712924223 1.00306224512428 0.964490829167896 0.925980306142538 0.887572423264106 0.849303196446711 0.811181393950867 0.773200447385994 0.735319689410739 0.697503526909317 0.659770762618975 0.622153798240218 0.584691360177581 0.547447473651716 0.51049003726528 0.473877144332842 0.437663493951521 0.401900013636739 0.366636294780213 0.33192035586055 0.297799822128077 0.264300444160891 0.231360473848144 0.198887381407505 0.166753009059642 0.134822152247706 0.102967047301795 0.0710834037470712 0.0391533830020228 0.00718075945846856
-1.01165750747125 -0.975713243447781 -0.939768979273552 -0.903824714825044 -0.867880449987683 -0.83193618466887 -0.795991918854936 -0.760047652555954 -0.724103385798012 -0.688159118607078 -0.652214850992622 -0.61627058295999 -0.580326314537506 -0.544382045845403 -0.508437777007017 -0.472493508066178 -0.436549239038547 -0.400604969906613 -0.364660700649479 -0.328716431265868 -0.292772161759408 -0.256827892136696 -0.220883622416197 -0.184939352626657 -0.148995082826064 -0.113050813064837 -0.0771065433338591 -0.0411622736113448 -0.00521800388436076 0.0307262658578133
-1.00709611071501 -0.974470380874203 -0.941835927009762 -0.909182469262577 -0.876492601703306 -0.843748220824143 -0.810935558873673 -0.778043556379821 -0.745067651231472 -0.71200662012666 -0.678866097639035 -0.645653432811154 -0.612375357505326 -0.579036134862883 -0.545639840081658 -0.512192265306486 -0.478699969168809 -0.445170859299501 -0.411612880323184 -0.378032775840043 -0.344436989194154 -0.310830763772696 -0.277214543135256 -0.243587576355561 -0.209949134391479 -0.176299625071376 -0.142643981821475 -0.108987458268328 -0.0753320632419414 -0.0416789943731845
-0.963277027633267 -0.934208581321653 -0.905190037960514 -0.87627889017709 -0.847420952867131 -0.818535327677716 -0.789545940992718 -0.760358343125225 -0.730799755368379 -0.700692505715128 -0.669917677977575 -0.638371044922612 -0.605985881679554 -0.572845472827411 -0.539058707459342 -0.504686883275402 -0.469762537191843 -0.434250754382798 -0.39808870404166 -0.361169343180962 -0.323374575768024 -0.284630515624028 -0.245040115985601 -0.204753900847047 -0.163935837817916 -0.122739738979025 -0.0812653506810039 -0.0395963302537291 0.00219395532576792 0.044034711668666
-0.991827211766583 -0.957370183061087 -0.922918672466136 -0.888483252982995 -0.854081593989209 -0.819730340336561 -0.7854349423975 -0.751198776342373 -0.717028116012444 -0.682931033114296 -0.648919893144867 -0.615008135048682 -0.581206079800913 -0.547511576499312 -0.51391881070676 -0.480419785724053 -0.447006941073506 -0.413676643425587 -0.380425504269504 -0.347247187221302 -0.314134618928731 -0.281081338474812 -0.248083334683635 -0.21513619314194 -0.182231436745972 -0.14935936784563 -0.116509469295926 -0.0836721873133986 -0.0508426410555949 -0.0180171179153116
-0.965066478432988 -0.93212107851479 -0.899175678671411 -0.86623027902562 -0.833284879733134 -0.800339480922806 -0.767394082583106 -0.734448684662045 -0.701503287086195 -0.668557889756131 -0.635612492489885 -0.602667095084853 -0.569721697346213 -0.536776299110266 -0.503830900239068 -0.47088550066656 -0.437940100348281 -0.404994699254253 -0.3720492973833 -0.339103894834984 -0.306158491734049 -0.2732130882196 -0.240267684488191 -0.20732228072871 -0.174376877041938 -0.141431473477727 -0.108486069970323 -0.0755406664396989 -0.0425952628643529 -0.00964985923741293
-1.01697650265646 -0.979860423557572 -0.942752557486404 -0.905663235621178 -0.868621371109108 -0.831663432157898 -0.794837525248233 -0.758188123114501 -0.721733525232913 -0.685480916117118 -0.649419193688676 -0.61353268422113 -0.577806896335007 -0.542232068038776 -0.506802294273175 -0.471522368320075 -0.436425576372679 -0.401648477928394 -0.367334398156877 -0.333550451612587 -0.300344700196185 -0.267747608789151 -0.23571925419625 -0.204198480583302 -0.173109589637076 -0.142376380868396 -0.111935187563363 -0.0817228230753931 -0.0516654872518751 -0.0216867265636909
-1.00312621402662 -0.967925014809018 -0.932723815739632 -0.89752261693481 -0.862321418458562 -0.827120220363513 -0.791919022709069 -0.756717825578072 -0.721516629140311 -0.686315433547871 -0.651114238795064 -0.615913044836762 -0.580711851640422 -0.545510659223851 -0.510309467594855 -0.475108276670884 -0.439907086310209 -0.404705896224747 -0.369504706123705 -0.334303515851797 -0.299102325287616 -0.263901134344383 -0.228699943073827 -0.193498751563843 -0.158297559908447 -0.123096368200953 -0.0878951765257258 -0.0526939849443805 -0.0174927934364766 0.01770839803894
-0.967328818880178 -0.935148351266535 -0.902967883731382 -0.870787416376476 -0.838606949285383 -0.80642648252567 -0.774246016119085 -0.742065550108055 -0.709885084663538 -0.677704619962492 -0.645524156077343 -0.613343693054385 -0.581163230933352 -0.548982769727751 -0.516802309424631 -0.484621849931439 -0.452441391154289 -0.420260933073568 -0.388080475684238 -0.355900018965288 -0.323719562891713 -0.291539107430196 -0.259358652514162 -0.227178198061736 -0.19499774396311 -0.162817290105272 -0.130636836390329 -0.0984563827355788 -0.0662759291039778 -0.0340954754698943
1.00478178185717 0.97104833757048 0.937314893315001 0.903581449114012 0.869848005012509 0.836114561068329 0.802381117368972 0.768647673989983 0.734914230929429 0.701180788157059 0.667447345606839 0.633713903203787 0.599980460912495 0.566247018855852 0.532513577175923 0.498780135933205 0.465046695157661 0.431313254838709 0.397579814961456 0.363846375534329 0.330112936571586 0.296379498091983 0.262646060132269 0.228912622708423 0.195179185735332 0.161445749101596 0.12771231269175 0.0939788764022615 0.0602454401813772 0.0265120039902893
-0.98456027105268 -0.951584200069903 -0.918608129125898 -0.885632058269403 -0.852655987661403 -0.819679917477198 -0.786703847837112 -0.75372777885329 -0.720751710660153 -0.687775643365742 -0.654799576950314 -0.621823511362179 -0.588847446511062 -0.555871382152342 -0.522895318054919 -0.489919254196125 -0.456943190634254 -0.42396712754302 -0.390991065112469 -0.358015003482572 -0.32503894278078 -0.292062883119656 -0.259086824552219 -0.226110767090764 -0.193134710644222 -0.160158655072705 -0.127182600144384 -0.0942065456255273 -0.0612304913667061 -0.0282544372395702
-1.0139043187253 -0.980182616505993 -0.946460914352786 -0.912739212318003 -0.879017510352291 -0.845295808393925 -0.811574106433383 -0.777852404461153 -0.744130702415554 -0.710409000242692 -0.676687297971991 -0.6429655956537 -0.609243893322066 -0.575522190947314 -0.541800488499299 -0.508078786010418 -0.47435708351352 -0.440635380980726 -0.406913678359295 -0.373191975557762 -0.339470272474985 -0.305748569035696 -0.272026865268126 -0.238305161230428 -0.204583456996928 -0.170861752635931 -0.137140048175482 -0.103418343639408 -0.0696966390749225 -0.0359749345350878
-1.0111378466697 -0.975997993021799 -0.940858139482453 -0.90571828621772 -0.870578433367763 -0.835438581037638 -0.800298729217869 -0.765158877858398 -0.73001902686137 -0.694879176076096 -0.65973932518834 -0.624599473842983 -0.589459621717269 -0.554319768617913 -0.519179914402892 -0.484040059005782 -0.448900202395153 -0.413760344603956 -0.378620485710134 -0.343480625907219 -0.308340765417642 -0.273200904459005 -0.238061043229605 -0.202921181898864 -0.16778132054 -0.132641459204345 -0.0975015979518858 -0.0623617368246637 -0.027221875784299 0.00791798522769361
-0.970679815965371 -0.936963385391834 -0.903246954769821 -0.869530524079166 -0.8358140933519 -0.802097662617106 -0.768381231839879 -0.734664800963414 -0.70094836990729 -0.667231938565818 -0.633515506755849 -0.599799074274871 -0.566082640919577 -0.53236620648349 -0.498649770808204 -0.464933333930766 -0.431216895947113 -0.397500456993284 -0.36378401722414 -0.330067576829736 -0.296351136008926 -0.262634694956412 -0.228918253850279 -0.195201812827574 -0.161485371877802 -0.127768930965417 -0.0940524901022122 -0.0603360493010557 -0.026619608531774 0.00709683224656619
-1.06921613205227 -1.02485375872368 -0.980582052337074 -0.936538424435599 -0.892835168332867 -0.849565223775033 -0.806769234467956 -0.76445773825341 -0.722573145557115 -0.681061893230665 -0.639954651245211 -0.599303147851791 -0.55915391859576 -0.519532728199739 -0.48045105060269 -0.441883967431681 -0.403810017851016 -0.366257963485841 -0.329271466439996 -0.292903568271241 -0.257209655400819 -0.222230102170606 -0.187945234605014 -0.154302011336493 -0.121173969747127 -0.0884293926900803 -0.0559889661532097 -0.0237848633043688 0.00825719710329731 0.0402131099203208
-1.06273038863085 -1.02607903896093 -0.989427689267422 -0.952776339573061 -0.916124989940411 -0.87947364044861 -0.842822291203253 -0.80617094230955 -0.769519593844715 -0.732868245867745 -0.69621689839277 -0.659565551422705 -0.622914204947432 -0.586262858904718 -0.549611513230295 -0.512960167903879 -0.476308822932748 -0.439657478390435 -0.403006134357809 -0.366354790878812 -0.329703447988156 -0.293052105727485 -0.25640076416616 -0.219749423333894 -0.183098083074093 -0.146446743191526 -0.109795403522718 -0.0731440639375598 -0.0364927244076551 0.000158615069965653
-0.983569795380558 -0.950880486980664 -0.918191178577588 -0.8855018702065 -0.852812561830314 -0.820123253386958 -0.787433944786674 -0.754744635933625 -0.722055326735343 -0.689366017113056 -0.656676707039398 -0.623987396499856 -0.591298085499438 -0.558608774121242 -0.525919462467698 -0.493230150640483 -0.460540838714918 -0.427851526661642 -0.395162214440649 -0.362472902074038 -0.329783589599435 -0.297094277065059 -0.264404964561503 -0.231715652167507 -0.199026339872008 -0.166337027645341 -0.133647715473225 -0.100958403342994 -0.068269091233035 -0.0355797791194975
-0.9766336745992 -0.975386839117364 -0.972056192279246 -0.95785472846058 -0.928162187580208 -0.881262605742505 -0.822890458250882 -0.760647684194109 -0.702155638603358 -0.653725259333072 -0.616406399588386 -0.589933641412104 -0.57251108631433 -0.556220913674348 -0.533662307413556 -0.505624391752612 -0.474727338239343 -0.442725567430969 -0.41059440105469 -0.377058516508213 -0.34027993010687 -0.298728809819867 -0.252107930231892 -0.201232757845423 -0.150136920218604 -0.103151206571806 -0.0625768917186465 -0.0294058838577866 -0.00142213913481257 0.0243923743179571
1.02436866025747 0.98783298706931 0.951310236429552 0.914807373665468 0.878319138165961 0.841836140240012 0.80534469981528 0.768835092855548 0.732317709850409 0.695810981886231 0.659345387910667 0.62295441883669 0.586669699842037 0.550515393163495 0.514513227765573 0.478682662464617 0.443040672226868 0.407596566766321 0.372354231459431 0.337303519584734 0.302430776396285 0.267718730050506 0.23313564031328 0.198649780215255 0.16424394423668 0.129906492410803 0.0956335255332638 0.0614203982305953 0.0272517396904972 -0.0068905022590379
-0.999662537292309 -0.964259874016611 -0.928857546813545 -0.893455510076211 -0.858052296215711 -0.822645871683129 -0.787233361071478 -0.751811965116375 -0.716380030981936 -0.680936164653391 -0.645478860971938 -0.610006586992766 -0.574517308366313 -0.539006985124006 -0.503471935803077 -0.467911918583 -0.432328099378161 -0.396723835400384 -0.361102816431756 -0.325467871238003 -0.28982161333076 -0.254166420108992 -0.218503724520979 -0.18283500000589 -0.147162826417118 -0.111489560101259 -0.0758155569634996 -0.0401407527615921 -0.00446540310494834 0.0312101564341038
-1.0938889125496 -1.03726432285401 -0.982064462140285 -0.929266940459891 -0.879260764776726 -0.832378922413146 -0.789318925212921 -0.750458871775187 -0.714534683199136 -0.680074119561801 -0.646414474351523 -0.613095424409468 -0.579753087198389 -0.546409342667363 -0.513139762799505 -0.479848925227732 -0.446425268859485 -0.412863672050475 -0.379192008711721 -0.345463695527192 -0.311738534874092 -0.278006331837667 -0.243976902335331 -0.209539502331105 -0.175581137143287 -0.143035483462001 -0.112025154110414 -0.0824048534088802 -0.0537687155334696 -0.0256457321241806
-1.02121368725677 -0.988660518804822 -0.955847191116061 -0.92243371160053 -0.888187087828343 -0.852950467263363 -0.816764556784358 -0.779731974556782 -0.742005424477917 -0.703770163367513 -0.665291574003374 -0.626855070652812 -0.588747464284095 -0.551261152669292 -0.514692811207624 -0.479350639003096 -0.445507150907316 -0.413280601057513 -0.38270981345302 -0.353670152255964 -0.325996116669171 -0.299497968406554 -0.273889019226369 -0.248920728331485 -0.224594094658867 -0.20098611953917 -0.17822827414372 -0.156393056649892 -0.135262603418599 -0.114546460356636
1.071179915887 1.03036222621114 0.989604471692091 0.948955119839285 0.908464959794595 0.868174059886099 0.828077283554288 0.788158782013681 0.748405062462505 0.708818902389971 0.669465804465521 0.630426952653652 0.591805639311814 0.553793590369255 0.516575966942905 0.480223237328604 0.444756115550789 0.410110991369355 0.376208446784937 0.342990157025669 0.310403070626559 0.278401109342559 0.246966087808394 0.216087506004978 0.185757712418223 0.15594531165367 0.126521084290403 0.0973402601050015 0.0682936896904988 0.0392811288440418
-0.997950615685051 -0.964093166369072 -0.930254963303024 -0.896457716088009 -0.862716099103755 -0.829037819024818 -0.795409746926423 -0.761806289927819 -0.728172834923665 -0.694448119187273 -0.660573301731135 -0.626490147002542 -0.592150593065982 -0.557547272454728 -0.522684719814693 -0.487574383773563 -0.45222779017388 -0.416649859735832 -0.380847332539612 -0.344840831227788 -0.308654449083521 -0.272312040982041 -0.235836508166845 -0.199250925260756 -0.162580014035613 -0.125844892822685 -0.0890506190419555 -0.0522014942446865 -0.015314857418542 0.0215886930897132
-1.02088231987958 -0.984956896214376 -0.949031472489086 -0.913106048640172 -0.877180624613486 -0.841255200370535 -0.805329775926051 -0.769404351305005 -0.733478926520094 -0.697553501567841 -0.661628076392341 -0.625702650924578 -0.589777225086228 -0.553851798761714 -0.517926371835126 -0.482000944226449 -0.44607551588549 -0.410150086845438 -0.374224657149836 -0.338299226800267 -0.302373795787818 -0.266448364107513 -0.230522931770097 -0.194597498808247 -0.158672065326611 -0.122746631435984 -0.0868211971997619 -0.0508957626804061 -0.0149703279840275 0.0209551067723502
-1.11289264744548 -1.01247165845005 -0.927768840214456 -0.871494156323461 -0.843818593850899 -0.83819122980028 -0.833712477404757 -0.810833446678056 -0.769756698526574 -0.716652585165751 -0.661811173154527 -0.616552457637721 -0.587933961159193 -0.565963315858987 -0.538630465951735 -0.502904494354266 -0.458541389597584 -0.407465623967211 -0.352922671850868 -0.30127353229057 -0.259658085491901 -0.233266182086586 -0.219487554410908 -0.211333838968381 -0.192104407226876 -0.148758279917865 -0.092605339862851 -0.0374912549161593 0.0169460290266411 0.0746204965596696
-0.982072267516878 -0.954748498169798 -0.92738786407264 -0.899941212948077 -0.872213726511719 -0.844008733688568 -0.81526781824827 -0.785969447275519 -0.756101366270552 -0.725659299121296 -0.694661604850889 -0.663132301266274 -0.631081072228472 -0.598460265814821 -0.565165422207594 -0.530922185792486 -0.495456514297538 -0.458665514616751 -0.42052447343189 -0.381150247409794 -0.340695085713569 -0.299312647716549 -0.257162233632959 -0.214408748605095 -0.171233876646634 -0.127804554125294 -0.0842119479535703 -0.0405212691901958 0.003230325065933 0.0470126912058789
1.01292976705714 0.976910106351904 0.940890445634552 0.904870784893208 0.868851124102231 0.832831463226852 0.796811802209576 0.760792141008128 0.724772479663848 0.688752818241507 0.65273315681599 0.616713495464711 0.580693834287263 0.544674173471972 0.5086545132189 0.472634853686328 0.436615194992996 0.400595537141259 0.364575880112281 0.328556223918833 0.292536568581594 0.256516914084379 0.220497260263556 0.184477606917712 0.148457953841739 0.112438300856652 0.0764186478916645 0.0403989949114174 0.0043793419140777 -0.0316403110938066
-0.966883346239988 -0.934534313313228 -0.902183397014657 -0.869827751650002 -0.837462550566809 -0.805082564266646 -0.772682932825349 -0.740260058880515 -0.707815025742526 -0.67535239325198 -0.642885946697551 -0.610431777729935 -0.578006686495388 -0.54563030712242 -0.513319699598505 -0.481078793364723 -0.448909402129009 -0.416818007213087 -0.384810827471971 -0.352888364280022 -0.321049689641441 -0.28929265404914 -0.257610221950877 -0.22599342161206 -0.19443042261386 -0.162908932448506 -0.131417668936722 -0.0999462818946639 -0.0684871387917186 -0.0370332865105833
-0.954872829413464 -0.922154444478474 -0.889436059556328 -0.856717674638296 -0.823999289696173 -0.791280904690012 -0.758562519552404 -0.725844134193866 -0.693125748464118 -0.660407362219375 -0.627688975402644 -0.594970587978632 -0.562252199907172 -0.529533811128609 -0.496815421604737 -0.464097031402633 -0.431378640620723 -0.398660249377553 -0.365941857786209 -0.333223465917831 -0.300505073833073 -0.267786681577473 -0.235068289136119 -0.202349896481961 -0.169631503599858 -0.136913110483923 -0.104194717153374 -0.0714763236405701 -0.0387579300053311 -0.00603953631434031
-1.05651471444328 -1.02018145178358 -0.983848189126604 -0.947514926481153 -0.911181663899489 -0.874848401429833 -0.838515139060769 -0.802181876756677 -0.765848614444735 -0.729515352042224 -0.693182089464035 -0.656848826624464 -0.620515563440716 -0.584182299841647 -0.547849035752623 -0.511515771073403 -0.475182505727271 -0.43884923975721 -0.402515973243696 -0.366182706297479 -0.329849439036878 -0.293516171566706 -0.257182903937752 -0.220849636206775 -0.184516368508434 -0.148183100967824 -0.111849833593882 -0.0755165663593234 -0.0391832992081484 -0.00285003207717717
-0.977539623333911 -0.94444501843537 -0.911350413534831 -0.878255808591976 -0.845161203508571 -0.812066598191944 -0.778971992629598 -0.745877386818953 -0.712782780716929 -0.679688174260657 -0.646593567348613 -0.613498959869614 -0.580404351740801 -0.54730974299263 -0.514215133704212 -0.481120524035962 -0.448025914137515 -0.41493130403406 -0.381836693701658 -0.348742083044285 -0.315647471947899 -0.28255286030405 -0.249458248026659 -0.216363635065025 -0.18326902148757 -0.150174407402787 -0.117079792960315 -0.0839851783073468 -0.0508905635401495 -0.0177959487422569
-1.0221050668157 -0.986698490767386 -0.951291914694739 -0.915885338611872 -0.880478762567739 -0.845072186620086 -0.809665610827 -0.774259035218483 -0.738852459711861 -0.703445884183633 -0.668039308459679 -0.63263273235322 -0.597226155688528 -0.561819578334058 -0.526413000175504 -0.491006421123335 -0.455599841120512 -0.420193260215194 -0.384786678487223 -0.349380096037978 -0.313973512974224 -0.278566929396253 -0.243160345378474 -0.207753760976629 -0.172347176197676 -0.136940591044239 -0.101534005550386 -0.0661274197727338 -0.0307208338266445 0.00468575215783239
1.05655114817646 1.01607269787925 0.975585020637638 0.935102457905304 0.894683894778767 0.854399338373405 0.814318740237233 0.774503229271841 0.734978699360501 0.695768018186587 0.656917183652221 0.618477976214207 0.580496069080111 0.542992706460522 0.50599006725866 0.469538498145231 0.433669571191221 0.398311592301249 0.363375360394685 0.328804912616269 0.294552595667083 0.260573436042003 0.226833179411095 0.193298585558843 0.159929751552219 0.126693345563331 0.093588982902355 0.0606155143744276 0.0277357856264653 -0.00509635898417007
-0.978370598917119 -0.946433793145509 -0.914496987316095 -0.882560181351933 -0.850623375166844 -0.818686568660333 -0.786749761683873 -0.754812954093774 -0.722876145813723 -0.690939336801436 -0.659002527083358 -0.627065716703116 -0.595128905707804 -0.563192094158378 -0.531255282096088 -0.499318469469475 -0.4673816562149 -0.435444842312678 -0.403508027754703 -0.371571212535231 -0.339634396649107 -0.307697580075793 -0.275760762733211 -0.243823944562024 -0.211887125655374 -0.179950306135477 -0.148013486088363 -0.116076665605897 -0.0841398448394636 -0.0522030239553283
-0.935843386232384 -0.903400936198377 -0.870958486123855 -0.838516035923835 -0.806073585450799 -0.773631134542231 -0.741188683038157 -0.708746230727205 -0.676303777189884 -0.643861322004293 -0.611418864947014 -0.578976405844252 -0.546533944573388 -0.514091481216519 -0.481649015914536 -0.449206548838813 -0.416764080226487 -0.384321610547261 -0.351879140290589 -0.31943666979233 -0.28699419934995 -0.254551729229379 -0.222109259570424 -0.189666790454664 -0.157224321856908 -0.124781853724662 -0.0923393860030091 -0.0598969186239892 -0.0274544514698952 0.00498801558941594
-1.0445559475804 -1.00656408324735 -0.968572219280955 -0.930580356005513 -0.892588493606746 -0.854596632263161 -0.816604772262991 -0.778612913861075 -0.740621057068944 -0.702629201853934 -0.664637348249906 -0.626645496307351 -0.588653646091839 -0.550661797729261 -0.512669951339488 -0.474678106957998 -0.436686264641448 -0.398694424615614 -0.36070258710727 -0.32271075217807 -0.28471891984839 -0.246727090091172 -0.208735262689628 -0.17074343741916 -0.132751614213682 -0.0947597929751552 -0.0567679733192239 -0.0187761547927909 0.0192156630458893 0.0572074806357242
-0.947728774995681 -0.917105526274473 -0.886482277532645 -0.855859028841746 -0.825235780377113 -0.794612532359697 -0.763989285089124 -0.733366038865003 -0.7027427939082 -0.672119550385633 -0.641496308327156 -0.610873067728357 -0.58024982857537 -0.549626590816514 -0.519003354359093 -0.488380118984177 -0.45775688443349 -0.427133650417628 -0.396510416675541 -0.365887183090718 -0.335263949582783 -0.304640716074367 -0.274017482500134 -0.243394248812981 -0.212771015026721 -0.182147781180563 -0.151524547354383 -0.120901313622673 -0.090278079997722 -0.0596548464762662
-1.05115829433036 -1.01278784174497 -0.974444186224454 -0.936160510097931 -0.897969578104191 -0.859904710161212 -0.822001864494055 -0.784299899688155 -0.74684663746336 -0.709682424307783 -0.672808742648178 -0.63621735889596 -0.599898176663919 -0.563833648370348 -0.528006675807544 -0.492409409458302 -0.457039273428513 -0.421905537625935 -0.387011584227514 -0.352325398685074 -0.317806117269154 -0.283412134869824 -0.249098880855267 -0.214825685021414 -0.180570444397086 -0.146311453582355 -0.112010030229432 -0.0776353818350188 -0.0432052522216647 -0.00874951929337997
-0.972830440581683 -0.939928841114881 -0.90716360028076 -0.874700183019027 -0.842583473495528 -0.810818143373032 -0.779368595075838 -0.748150112122703 -0.716921771648673 -0.685440644236124 -0.653611980640452 -0.621378076660305 -0.588680943649067 -0.555461455179043 -0.521630731313925 -0.486982015864021 -0.451297030209799 -0.414429282265763 -0.376299180077533 -0.337022945681174 -0.296765754610362 -0.255663085464894 -0.213731629109057 -0.170973626092752 -0.127452303443844 -0.0832742050773291 -0.0386581559787748 0.00617770611983926 0.0511302735714499 0.0961251962502227
-0.955141969396878 -0.926552721053268 -0.897909635201812 -0.869141503882785 -0.840198853921941 -0.811050996834609 -0.781720648108934 -0.752237761385626 -0.722607838942855 -0.692819273195034 -0.662816468464087 -0.632532832048814 -0.601901733534872 -0.570856391655327 -0.539329148875658 -0.507248993443581 -0.474563882372398 -0.441301001955514 -0.407504515613845 -0.373207265998225 -0.338439265566971 -0.303233672116756 -0.267636224797687 -0.231700572121366 -0.195499418691936 -0.159112597082325 -0.122629395648047 -0.0861255670142225 -0.0496132651018047 -0.0130887441557045
-1.01090306440312 -0.97667247235963 -0.942441880305127 -0.908211288253687 -0.873980696201111 -0.839750104140477 -0.805519512072254 -0.77128892001416 -0.737058328045526 -0.702827736249749 -0.668597144664901 -0.634366553317714 -0.60013596221893 -0.565905371315313 -0.531674780544004 -0.49744418986764 -0.46321359926058 -0.428983008718579 -0.39475241824566 -0.360521827857511 -0.326291237572733 -0.29206064740447 -0.257830057344021 -0.223599467358316 -0.189368877338646 -0.155138287172711 -0.120907696809492 -0.0866771062340438 -0.0524465155144506 -0.0182159247395517
-1.03410239871294 -0.997102642637221 -0.960102886479929 -0.923103130213675 -0.886103373863998 -0.84910361745813 -0.812103860977149 -0.775104104399329 -0.738104347737912 -0.701104591005287 -0.66410483417548 -0.627105077212924 -0.590105320067076 -0.553105562627485 -0.516105804798088 -0.479106046600294 -0.44210628806777 -0.405106529165737 -0.368106769834976 -0.33110700998695 -0.294107249525794 -0.257107488369647 -0.220107726492669 -0.183107963902772 -0.14610820068686 -0.109108436958444 -0.0721086728584761 -0.0351089085241854 0.0018908559495383 0.0388906204783904
-1.06189000488377 -1.01945623270484 -0.976937394173729 -0.934251576588046 -0.891591304803248 -0.849187754598144 -0.807152267887145 -0.765573327137518 -0.724567810892391 -0.684225108068919 -0.644496253004519 -0.605297691391674 -0.566554423175598 -0.52822566531243 -0.490291493814339 -0.452781203906689 -0.415742358829823 -0.379246374670804 -0.343399340210614 -0.308422182159191 -0.27456453670871 -0.242056940933426 -0.211053535435921 -0.181639823545849 -0.153703155972835 -0.127063255473889 -0.101467485615604 -0.0766469618515924 -0.0523401663739564 -0.0282874230594215
-0.979472101353599 -0.947743833971634 -0.916015566696399 -0.884287299655295 -0.852559032957144 -0.820830766709252 -0.789102501031461 -0.757374236034213 -0.725645971777817 -0.693917708289302 -0.662189445512712 -0.630461183371348 -0.598732921788012 -0.567004660683527 -0.535276400005417 -0.50354813981 -0.471819880133944 -0.440091620826541 -0.408363361691916 -0.376635102540926 -0.344906843186107 -0.313178583468235 -0.281450323341037 -0.249722062790602 -0.217993801819504 -0.186265540440633 -0.154537278691649 -0.122809016627983 -0.0910807543513846 -0.0593524919751796
1.05577237562782 1.01197368583409 0.968469072821797 0.925497845947231 0.882931638842586 0.840542632229269 0.798072870909634 0.755451756336212 0.713388252481282 0.672708457965832 0.633927447485913 0.597482539756345 0.563738080009016 0.532766519544081 0.504401105528214 0.477810162525899 0.451907501879605 0.425253804645943 0.396567025473737 0.365547343666544 0.332140494691599 0.296429131915736 0.259043580304181 0.220636367462145 0.181401159956399 0.141434996178598 0.10090726285837 0.0599936855285387 0.0188229965967434 -0.0224878198106741
1.03282435104637 0.995210145508185 0.957595585943172 0.919980329836139 0.882364238083071 0.844747209039297 0.807129087486357 0.769509663248789 0.731888559896927 0.694265395590128 0.656639933098039 0.619011971342877 0.581381334558556 0.543747948225774 0.506111748024653 0.468472609186257 0.43083047517488 0.393185622836813 0.355538445145701 0.317889466202621 0.280239242890504 0.24258829605785 0.204937002415428 0.167285706457094 0.129634767946795 0.0919845005794699 0.0543350185039307 0.0166863217085394 -0.0209618469140286 -0.0586098087450194
-1.11405999595928 -1.02061921615426 -0.936497318903033 -0.862379077107226 -0.800495384339039 -0.754058249660933 -0.728658023425828 -0.725885672729602 -0.728956290349514 -0.720022184476725 -0.695360399276605 -0.654779162908079 -0.600406540381084 -0.543649944109607 -0.495063509272215 -0.452508914701749 -0.411333729948063 -0.369521543774793 -0.326566092983327 -0.285365687312287 -0.249669779734603 -0.222560852806243 -0.204453507415319 -0.193564131703269 -0.181984144492684 -0.161556161128753 -0.129252552365893 -0.0838160714064315 -0.0259412458350946 0.0431894531677923
-0.971279700174208 -0.937849812971549 -0.904419925838038 -0.870990038895647 -0.837560152305955 -0.804130266214994 -0.770700380667003 -0.7372704956555 -0.7038406110729 -0.670410726799164 -0.636980842765536 -0.60355095891608 -0.570121075219169 -0.536691191740399 -0.503261308541691 -0.469831425573037 -0.436401542768228 -0.402971660108162 -0.369541777558994 -0.33611189498078 -0.302682012207049 -0.269252129083258 -0.235822245502551 -0.202392361389907 -0.168962476749928 -0.135532591625288 -0.102102706131309 -0.0686728203935712 -0.0352429345060367 -0.00181304855476136
-0.992362630427124 -0.958821797276569 -0.925280964116927 -0.891740130920493 -0.85819929762708 -0.824658464185476 -0.791117630612844 -0.757576796969074 -0.724035963416596 -0.690495130145851 -0.656954297356791 -0.623413465251748 -0.589872633991037 -0.556331803566914 -0.522790973944502 -0.489250145148457 -0.455709317226938 -0.422168490262591 -0.388627664308946 -0.355086839268582 -0.321546015006337 -0.288005191386719 -0.254464368272895 -0.220923545514436 -0.187382722907871 -0.153841900268059 -0.120301077536239 -0.0867602546946932 -0.0532194317635053 -0.0196786087722108
