-1.01215911279637 -0.979491660387921 -0.946819633660988 -0.91414225345158 -0.881443320278085 -0.84869783252818 -0.815861000384297 -0.782883020345045 -0.749713822378982 -0.716311809083272 -0.682669540099554 -0.648788114330584 -0.614656170837548 -0.580212509315353 -0.545384568780057 -0.510104184898609 -0.474319077632884 -0.438036107473567 -0.401288728988289 -0.364157632523639 -0.326735317370947 -0.289106503427835 -0.251324793017089 -0.213435017299847 -0.175478040365503 -0.137486012037937 -0.0994601921507179 -0.0613974946475956 -0.0233083399033353 0.0147934750995431
-1.0152098524948 -1.03415777491197 -1.01481472010021 -0.953525193024525 -0.875556545626409 -0.808157720712803 -0.757581177575994 -0.723518760540471 -0.700416337574174 -0.682296483538656 -0.666734577226463 -0.65219419841289 -0.638263434645183 -0.629028404558404 -0.622441660305712 -0.587423457024848 -0.502045820494479 -0.410020156072387 -0.357337607260658 -0.33346889055948 -0.313754615718562 -0.278643487988017 -0.229016594619552 -0.171700824293727 -0.116873889404908 -0.0752701763939525 -0.0564999441738748 -0.0662815464249612 -0.0958898434244272 -0.132988822098721
-1.07602903008932 -1.01619486957034 -0.956519051180846 -0.897396373687245 -0.84027128135204 -0.786676727386898 -0.737450055304096 -0.69328242432867 -0.654975866236087 -0.62297702243341 -0.596200100303667 -0.573176198723876 -0.552316811108807 -0.531555009024216 -0.508731908206958 -0.481799222927265 -0.449278365590655 -0.411858942610395 -0.370804554156781 -0.327506581420471 -0.283388350847213 -0.239948503093678 -0.198986935660238 -0.161864670134133 -0.127885967606402 -0.0960781376527479 -0.0664174442837561 -0.0390476303150038 -0.0138333993471607 0.00943030482283008
-0.973529105428935 -0.954134358930215 -0.925233581857829 -0.885182465451729 -0.842951211925782 -0.808160110558102 -0.78241528790987 -0.763532071866892 -0.74217675833041 -0.7098609833943 -0.66862677590753 -0.623148762907842 -0.577624819127048 -0.534345810073248 -0.495741028113954 -0.466700482278047 -0.451323741950298 -0.448087901277664 -0.452450654498868 -0.453414571457504 -0.438368440898381 -0.397318397934178 -0.330739963149035 -0.245672263377285 -0.164939464982558 -0.109384433207607 -0.0761397892823786 -0.0569894791189925 -0.0460329913710694 -0.0379487003776051
-1.02279134326195 -0.987304472884752 -0.951817602409664 -0.916330731739224 -0.880843860805946 -0.845356989564654 -0.809870118029449 -0.774383246219474 -0.738896374114766 -0.703409501687486 -0.667922628917392 -0.632435755786144 -0.596948882264631 -0.561462008280665 -0.525975133770872 -0.490488258750215 -0.455001383245643 -0.419514507253723 -0.384027630773688 -0.348540753845809 -0.313053876520618 -0.27756699884597 -0.242080120859006 -0.206593242577141 -0.171106363949587 -0.135619484935009 -0.100132605598079 -0.0646457260283889 -0.029158846309197 0.00632803347782159
-0.969511308263943 -0.936915419976534 -0.904319531703311 -0.87172364346888 -0.839127755277521 -0.806531867128923 -0.773935979024727 -0.741340090970037 -0.70874420298184 -0.676148315047456 -0.643552427023653 -0.61095653873456 -0.57836065002651 -0.545764760834644 -0.513168871127198 -0.480572980915996 -0.447977090198873 -0.415381198874147 -0.382785306827155 -0.350189413990839 -0.317593520310042 -0.284997625722482 -0.252401730137384 -0.219805833479245 -0.187209935762162 -0.154614037058551 -0.122018137584516 -0.0894222375833183 -0.0568263372631494 -0.0242304368234364
-0.973993983365464 -0.940406205602529 -0.906818427816308 -0.873230649990791 -0.839642872142803 -0.806055094304775 -0.772467316538728 -0.738879538903496 -0.705291761415577 -0.671703984068332 -0.638116206804909 -0.604528429555904 -0.570940652272824 -0.53735287499081 -0.503765097764146 -0.470177320640029 -0.436589543667991 -0.403001766913995 -0.369413990449768 -0.33582621435368 -0.302238438705753 -0.268650663542802 -0.235062888728787 -0.20147511409509 -0.167887339515631 -0.13429956489982 -0.100711790256504 -0.067124015612631 -0.0335362409681239 5.1533683849852e-05
-1.04020967135131 -0.998782021666772 -0.957436515807501 -0.916216754747786 -0.875214832684249 -0.834533045347271 -0.794266001379942 -0.754503320270759 -0.715322351977142 -0.676777873624364 -0.63884664054018 -0.601485902602971 -0.564678757871719 -0.528511697127833 -0.493090514447177 -0.458494824361001 -0.424788105941521 -0.391995475969419 -0.360094139794333 -0.328908019333261 -0.29822271564504 -0.267823715575488 -0.237496049118341 -0.207054560021574 -0.176433803902199 -0.145623478379623 -0.114714137213795 -0.0838014754727182 -0.0529008973160538 -0.0220077341763806
-0.9831065385766 -0.950152710917202 -0.917198883034655 -0.884245054741707 -0.851291225920208 -0.818337396468651 -0.785383566283 -0.752429735275056 -0.719475903422485 -0.686522070710099 -0.653568237085429 -0.620614402486687 -0.587660566869387 -0.554706730258262 -0.521752892704376 -0.488799054294896 -0.455845215102813 -0.42289137510831 -0.38993753428282 -0.356983692655593 -0.324029850270333 -0.291076007177278 -0.258122163452806 -0.225168319178507 -0.192214474430689 -0.159260629278291 -0.126306783766064 -0.0933529379419791 -0.0603990918910862 -0.0274452457077058
-1.06327937700236 -1.02654879624593 -0.989818215639423 -0.953087635363753 -0.916357055700898 -0.879626476929881 -0.84289589921682 -0.806165322663796 -0.769434747229644 -0.732704172837368 -0.695973599409889 -0.659243026870107 -0.622512455169725 -0.58578188437566 -0.549051314598346 -0.512320746007074 -0.475590178746962 -0.438859612807576 -0.402129048131273 -0.365398484627137 -0.328667922195929 -0.291937360744359 -0.25520680020292 -0.218476240506252 -0.1817456815818 -0.145015123349877 -0.108284565709457 -0.0715540085437444 -0.034823451694184 0.00190710500821709
-1.0088811045978 -0.974290873208779 -0.939700641853354 -0.905110410513441 -0.870520179052069 -0.835929947300923 -0.801339715085207 -0.766749482258648 -0.73215924879556 -0.697569014717565 -0.66297878011495 -0.628388545095163 -0.593798309753337 -0.559208074135347 -0.524617838300788 -0.490027602413406 -0.455437366673653 -0.420847131324658 -0.386256896586677 -0.351666662545806 -0.317076429254604 -0.282486196744245 -0.247895964960368 -0.213305733822535 -0.178715503231515 -0.144125273078587 -0.109535043235851 -0.0749448135807112 -0.0403545840309678 -0.00576435451452095
-1.04435615906439 -1.00802741613592 -0.971698673156352 -0.935369930057853 -0.899041186818325 -0.862712443422832 -0.826383699839327 -0.790054956023501 -0.753726211899124 -0.717397467416751 -0.68106872266599 -0.644739977771212 -0.608411232863142 -0.572082488097903 -0.535753743628431 -0.499424999569501 -0.463096256017397 -0.426767513032576 -0.390438770663313 -0.354110028944989 -0.317781287909757 -0.281452547596729 -0.245123808072844 -0.208795069374526 -0.172466331388319 -0.136137593967939 -0.0998088569856636 -0.0634801203199613 -0.0271513838554949 0.00917735252152385
-1.02012872068059 -0.983197589295748 -0.946274258075387 -0.909361729669543 -0.872468140382609 -0.835602243557525 -0.798770127037075 -0.761975186149003 -0.725212711661047 -0.688480099837151 -0.65179127348608 -0.615164287052802 -0.578619607348288 -0.542187350647518 -0.505898083292954 -0.469774522432985 -0.433839475165419 -0.398123957579846 -0.362652164894939 -0.327412799853954 -0.292385692081288 -0.257552077246845 -0.222898815202536 -0.188413653106808 -0.154082263162241 -0.119889458953727 -0.0858186945512894 -0.051849523826277 -0.0179472593702217 0.0159263465452993
-0.977917456600359 -0.946824970522555 -0.915732484313108 -0.884639997825125 -0.853547510883482 -0.822455023324572 -0.791362535059088 -0.760270046013506 -0.729177556103123 -0.698085065239969 -0.666992573334162 -0.63590008029534 -0.604807586050081 -0.573715090592708 -0.542622593924116 -0.511530096003748 -0.480437596801432 -0.449345096369993 -0.418252594806576 -0.387160092302608 -0.356067589073084 -0.324975085307131 -0.293882581090385 -0.262790076469209 -0.231697571436342 -0.200605065960972 -0.169512559971685 -0.138420053434863 -0.107327546508669 -0.0762350393992087
-0.997469940321623 -0.963744431512749 -0.930004423599237 -0.896251417362145 -0.862479527924791 -0.828671504769013 -0.794772020468467 -0.760720529649081 -0.726473692054059 -0.691989146260501 -0.657211241063833 -0.622081002814057 -0.586536177864523 -0.550501392581971 -0.513912250462998 -0.476761383510266 -0.43906215398903 -0.400853816708851 -0.362168203939455 -0.322981565246921 -0.283256254521414 -0.242954956964179 -0.202041683020779 -0.160520723731758 -0.118556167273251 -0.0763335061783036 -0.0339640532720254 0.00847339559968077 0.050955932799792 0.0934746227435053
-1.05267303566029 -1.01455382212077 -0.976434608550136 -0.938315394976586 -0.900196181469469 -0.862076968085243 -0.823957754787601 -0.785838541507716 -0.747719328139434 -0.709600114604911 -0.671480900976895 -0.63336168736578 -0.595242473881503 -0.557123260632188 -0.519004047734128 -0.48088483533812 -0.442765623604646 -0.40464641269841 -0.36652720278899 -0.32840799406125 -0.290288786703868 -0.252169580866096 -0.214050376539468 -0.175931173651245 -0.137811972029299 -0.099692771467943 -0.0615735717266175 -0.0234543725657965 0.014664826215052 0.0527840248067112
-1.03448463333717 -0.994725942489028 -0.954898654299537 -0.914955616681943 -0.874921330686961 -0.834853752997561 -0.794873009688282 -0.755104853018254 -0.715635370593386 -0.676536743207286 -0.637865189057577 -0.599672935692882 -0.562018302589184 -0.524983976931897 -0.488667381875814 -0.453200516743792 -0.418682578556891 -0.385046978960897 -0.352178738469581 -0.319935098443922 -0.288166355456698 -0.256734618817793 -0.225549248785492 -0.194532243106382 -0.163608898531835 -0.132713167834592 -0.101810328868072 -0.0708807669317204 -0.0399339720283911 -0.00898671033679284
-1.05845144564404 -1.01909529069565 -0.979739135733315 -0.940382980721919 -0.901026825609704 -0.86167067033029 -0.822314514775457 -0.782958358850202 -0.74360220255426 -0.704246045902224 -0.664889888873374 -0.625533731438168 -0.586177573582035 -0.546821415350305 -0.507465256780864 -0.468109097821943 -0.428752938377224 -0.38939677826186 -0.350040617308672 -0.310684455509686 -0.271328292896724 -0.231972129526962 -0.192615965558976 -0.153259801166391 -0.113903636481636 -0.0745474716258201 -0.0351913067159786 0.00416485814995658 0.0435210229463876 0.0828771876658002
-1.03202836390967 -0.994745865848013 -0.957463367769241 -0.920180869685051 -0.882898371558044 -0.845615873301836 -0.808333374683171 -0.771050875480744 -0.733768375667908 -0.696485875281429 -0.659203374417068 -0.621920873185334 -0.584638371702802 -0.547355870110312 -0.510073368529889 -0.472790866984021 -0.435508365476323 -0.398225864034427 -0.360943362687923 -0.323660861450199 -0.28637836033059 -0.249095859359025 -0.211813358647791 -0.174530858317063 -0.137248358436205 -0.0999658590317345 -0.0626833600095996 -0.0254008612472136 0.0118816373715868 0.0491641359613591
0.920661362260616 0.890017794448508 0.859374226647726 0.828730658839484 0.798087090998798 0.767443523102551 0.736799955141295 0.706156387122354 0.675512819106456 0.644869251177659 0.614225683459911 0.583582116087137 0.552938549176549 0.52229498277852 0.491651416924338 0.461007851635788 0.430364286933273 0.399720722841153 0.369077159372797 0.338433596493641 0.30779003415714 0.277146472310234 0.246502910873819 0.215859349769938 0.185215788951287 0.154572228382994 0.123928668049278 0.0932851079281037 0.0626415479533333 0.0319979880478021
-0.981837213962834 -0.947902226272103 -0.913967238532799 -0.880032250642646 -0.846097262519463 -0.812162274089335 -0.778227285291318 -0.7442922960789 -0.710357306450305 -0.676422316435843 -0.64248732614942 -0.608552335725842 -0.574617345311436 -0.540682355098622 -0.506747365277251 -0.472812375980802 -0.438877387307514 -0.404942399271032 -0.371007411861254 -0.337072425057672 -0.303137438837176 -0.269202453185828 -0.235267468126371 -0.201332483682152 -0.167397499842256 -0.133462516576252 -0.0995275338099289 -0.0655925514495009 -0.0316575693666728 0.00227741257547827
0.936734050936407 0.90612631595553 0.875510367996837 0.844878148057656 0.814214882369165 0.78350344983634 0.752724054825497 0.721852524039932 0.690849848069538 0.659681137441651 0.62834281854677 0.596839146741188 0.565176485984019 0.533369634645663 0.501432805747861 0.469369436506425 0.437181237549594 0.404873788961252 0.372455379176168 0.339941260576997 0.307348426533368 0.274693786949261 0.241993917866057 0.20926204441967 0.176498321986743 0.14370219508301 0.110883334539842 0.0780531610096203 0.045219868113129 0.0123908427132544
-0.972963955030248 -0.939072860591906 -0.905181766157433 -0.871290671724225 -0.837399577290925 -0.803508482874904 -0.769617388567209 -0.735726294466543 -0.701835200628558 -0.667944107101102 -0.634053013943851 -0.600161921219439 -0.566270828971021 -0.532379737163831 -0.498488645739597 -0.464597554623936 -0.430706463729445 -0.396815372932729 -0.362924282099257 -0.329033191085931 -0.295142099747511 -0.261251007963839 -0.227359915715079 -0.193468823031646 -0.159577730044651 -0.125686636907017 -0.0917955437582578 -0.0579044507042737 -0.0240133577299409 0.00987773521012061
0.991786997227631 0.957707676725977 0.923628356278594 0.889549035913843 0.855469715600617 0.821390395295498 0.78731107496528 0.753231754576015 0.719152434080541 0.685073113427287 0.650993792560239 0.616914471422271 0.582835149987706 0.548755828356674 0.514676506680966 0.480597185193231 0.446517864095587 0.41243854338719 0.378359223016849 0.344279902934974 0.310200583092371 0.276121263441012 0.242041943937529 0.207962624534328 0.173883305162255 0.139803985762132 0.105724666336249 0.0716453469017658 0.0375660274738384 0.00348670806712306
-0.872796707082981 -0.949795605068077 -0.714603458851883 -0.767339021276693 -0.909366535300366 -0.847668812830941 -0.710457451461615 -0.677118681682181 -0.710508479883668 -0.733687027008587 -0.727061576304148 -0.685376149093734 -0.609522780226747 -0.524985558656652 -0.462741545910882 -0.451147639708654 -0.495936594799921 -0.514964757865791 -0.437953607834699 -0.329961560693227 -0.289881266692494 -0.367786151997823 -0.418472746431346 -0.309529529328999 -0.154989674425126 -0.084198863987378 -0.0413081200182161 0.0411933774450006 0.092269155960142 0.00624591998388377
0.988271281663126 0.955251599391971 0.922231917076632 0.889212234697949 0.856192552276308 0.823172869849334 0.790153187484079 0.7571335052389 0.724113823107959 0.691094141067317 0.658074459084823 0.625054777126273 0.592035095137885 0.559015412987563 0.525995730520257 0.492976047567404 0.459956363972356 0.426936679639625 0.393916994513826 0.360897308638811 0.327877622083246 0.294857934923753 0.261838247268783 0.228818559225668 0.195798870865414 0.162779182252903 0.129759493464857 0.0967398045741319 0.0637201156263073 0.0307004266601413
-1.0620334576671 -1.02322017672575 -0.984405844565613 -0.945594564763345 -0.906819860026441 -0.868122928129832 -0.829546247987343 -0.791127348513366 -0.75288267748567 -0.714824410453836 -0.676968715191322 -0.639332757527551 -0.60193153286194 -0.564771354873872 -0.52785648949273 -0.491191693367919 -0.454775008406779 -0.418577126828354 -0.382569949086098 -0.346757558259397 -0.311152083084121 -0.275760084057092 -0.240565848718926 -0.205548619623495 -0.170689732333897 -0.1359676095468 -0.101346929483951 -0.0667921570764544 -0.0322806485677785 0.00220701697051811
-1.07711725799803 -0.991181218593964 -0.919372016793585 -0.866715891382589 -0.830904658651497 -0.80675559716537 -0.784922257082621 -0.758424177584865 -0.733908582353168 -0.718388447719052 -0.706712076116389 -0.690686601504643 -0.663270813716645 -0.622030126078704 -0.567372556460985 -0.506469917415599 -0.448780380872542 -0.406143761591414 -0.38463011543652 -0.364848819861387 -0.321044082716846 -0.239319005930952 -0.15321226774066 -0.101067205501053 -0.0930102167308472 -0.12307077897766 -0.149107629741089 -0.130609372972124 -0.069754818475349 0.0206046724812558
-1.00391067790268 -0.969750672508728 -0.935590667181977 -0.901430661965533 -0.867270656887527 -0.833110651959849 -0.798950647144417 -0.76479064236405 -0.730630637435157 -0.69647063216661 -0.662310626443555 -0.628150620170202 -0.5939906132637 -0.559830605692938 -0.525670597452473 -0.491510588587803 -0.457350579141552 -0.423190569093917 -0.389030558437743 -0.354870547278908 -0.320710535751548 -0.286550523973034 -0.252390511993675 -0.218230499843701 -0.184070487540097 -0.149910475112328 -0.115750462653031 -0.0815904502480513 -0.0474304378928903 -0.0132704255604642
-1.10850343769659 -1.04949967374638 -0.991501815008603 -0.935944166181003 -0.883243416258134 -0.833497316311944 -0.786545481427112 -0.742151997048608 -0.70003696604984 -0.660113049035746 -0.623107120108954 -0.589949606746514 -0.560786346324663 -0.532624815816384 -0.502125736149636 -0.46770116447554 -0.428594560601426 -0.385623658736317 -0.340171318664629 -0.294306628070664 -0.250270231613697 -0.210028229783005 -0.174448546387868 -0.144148406486377 -0.119840416811859 -0.102119773791352 -0.0910166509515112 -0.0861243033213328 -0.085853334839542 -0.0883186866722971
-1.00858085329056 -0.973762036735522 -0.938943220263294 -0.904124403996226 -0.869305588025082 -0.834486772404567 -0.799667957076704 -0.76484914196629 -0.730030327041896 -0.695211512257246 -0.660392697462911 -0.625573882483672 -0.590755067122725 -0.555936251096914 -0.521117434144646 -0.48629861617693 -0.451479797164271 -0.416660977142556 -0.381842156165248 -0.347023334290745 -0.312204511578679 -0.27738568809001 -0.242566863891015 -0.207748039058738 -0.172929213707972 -0.13811038797229 -0.103291562022628 -0.0684727360116447 -0.0336539099815073 0.00116491605323785
-1.02968566293801 -0.992564863115446 -0.955444063354114 -0.918323263697372 -0.881202464201083 -0.844081664886787 -0.806960865626202 -0.769840066281517 -0.732719266826592 -0.695598467259456 -0.658477667563125 -0.621356867716858 -0.584236067665095 -0.547115267212981 -0.509994466167317 -0.472873664480821 -0.435752862150287 -0.398632059202899 -0.361511255678416 -0.324390451636511 -0.287269647141838 -0.250148842246949 -0.213028036955993 -0.175907231289203 -0.138786425379546 -0.101665619370328 -0.0645448133334682 -0.027424007314988 0.00969679867131306 0.0468176046196902
1.01911557229455 0.983884255683508 0.948652939114319 0.913421622608356 0.878190306181643 0.842958989842649 0.807727673574973 0.772496357344972 0.737265041074899 0.702033724680383 0.666802408094674 0.631571091255423 0.596339774114507 0.561108456680685 0.52587713897286 0.490645820993619 0.455414502732825 0.420183184145771 0.384951865208038 0.34972054601091 0.314489226674598 0.279257907338452 0.244026588218379 0.2087952695296 0.17356395140802 0.138332633933986 0.103101317044928 0.0678700006256703 0.0326386844935443 -0.0025926315509926
-1.06140646823032 -1.01953990728197 -0.97769706103437 -0.935934290523448 -0.894363160454135 -0.853112671417193 -0.812326363877658 -0.772140060433221 -0.732644172337915 -0.693894993654274 -0.655857761022492 -0.61847494672718 -0.581699467890522 -0.545526020984998 -0.509951970239244 -0.474943571556192 -0.440488120262672 -0.406688177706781 -0.373650880413614 -0.341386399594975 -0.309880665134348 -0.279122189757959 -0.249109817563009 -0.219838727864683 -0.191279109479138 -0.163377048205755 -0.136007208275858 -0.109025779962534 -0.0822864792739963 -0.0556424036522381
-0.906903019787376 -0.900217867330078 -0.909943886669238 -0.881810894093778 -0.830834237672976 -0.783005443021474 -0.738935214155019 -0.693907958122787 -0.647283715706556 -0.603115618127205 -0.580153524629427 -0.600821476463864 -0.66546790855924 -0.686138830556606 -0.595913189870497 -0.500304110297058 -0.500496791054682 -0.507930556669138 -0.423152179083153 -0.292884094599903 -0.200392655612678 -0.199908203639227 -0.229517036695135 -0.218815475965255 -0.179583978813661 -0.139992285557453 -0.111583132146585 -0.0906009393297445 -0.02872387141767 0.133511471388386
-1.00361015653736 -0.968098085651657 -0.9325860147707 -0.897073943899707 -0.861561872982682 -0.826049801986109 -0.79053773102761 -0.755025660249353 -0.719513589740557 -0.684001519566852 -0.648489449752442 -0.612977380311178 -0.577465311274238 -0.541953242742131 -0.50644117480707 -0.470929107458772 -0.43541704068086 -0.399904974535077 -0.364392909104797 -0.328880844481792 -0.293368780759931 -0.257856718000526 -0.222344656134653 -0.186832595043517 -0.15132053453908 -0.115808474437913 -0.0802964146442644 -0.044784355083589 -0.00927229567848975 0.0262397636491439
-0.95573728543533 -0.921794978227059 -0.887852670983843 -0.853910363649085 -0.819968056128475 -0.786025748307113 -0.752083440025461 -0.718141131120516 -0.684198821460047 -0.650256510964022 -0.616314199730428 -0.582371887901757 -0.548429575612396 -0.514487262964307 -0.480544950042338 -0.446602636895302 -0.412660323569387 -0.378718010136311 -0.344775696646957 -0.310833383043345 -0.276891069240275 -0.242948755141139 -0.209006440603677 -0.175064125499184 -0.141121809798796 -0.10717949352216 -0.0732371767831195 -0.0392948597175944 -0.00535254245562769 0.0285897748742076
-1.04112274487174 -1.0001115284526 -0.959038606553395 -0.917322203870888 -0.874649927710955 -0.830899467614433 -0.786439459452946 -0.741839183020837 -0.697979547472531 -0.655719624078286 -0.6155195032116 -0.577739530021784 -0.542777421219627 -0.511180379761849 -0.483093787872786 -0.456906258601311 -0.431081799125841 -0.406142762318439 -0.382751525695674 -0.360072219658518 -0.336894412829039 -0.311882824992208 -0.283202780584584 -0.249253592034022 -0.20986991908196 -0.165275190157023 -0.115812561123006 -0.0620084600277882 -0.00500267622043035 0.0539116606247116
0.988416722690112 0.953668686241816 0.918920649866839 0.884172613624464 0.849424577646844 0.814676542074353 0.779928507007351 0.745180472505534 0.71043243850592 0.675684404923785 0.640936371710079 0.606188338824674 0.571440306234752 0.536692273936742 0.501944241937667 0.467196210257683 0.432448178894731 0.397700147744767 0.362952116685687 0.328204085625146 0.293456054478238 0.258708023193191 0.223959991850777 0.189211960549236 0.154463929324138 0.119715898186606 0.0849678671126466 0.0502198360704413 0.0154718050319814 -0.019276226029789
-0.949320571193713 -0.916174808711992 -0.8830290463056 -0.849883284037884 -0.816737521923128 -0.783591759970623 -0.750445998218761 -0.717300236718267 -0.684154475540103 -0.651008714735539 -0.617862954256832 -0.584717194031486 -0.551571433955485 -0.518425673798725 -0.485279913298576 -0.452134152188398 -0.418988390245226 -0.385842627424809 -0.352696863732219 -0.31955109919111 -0.286405333829784 -0.25325956768519 -0.220113800828887 -0.186968033352809 -0.153822265395785 -0.120676497093964 -0.0875307285258785 -0.0543849597570032 -0.0212391908582055 0.0119065780982992
-0.97478783055349 -0.942698996666561 -0.910610162836454 -0.878521329194797 -0.846432495933212 -0.814343663239492 -0.782254831226119 -0.750165999962644 -0.718077169422218 -0.685988339554972 -0.653899510315367 -0.62181068165895 -0.589721853526132 -0.557633025796794 -0.525544198318296 -0.49345537086844 -0.461366543228999 -0.429277715267168 -0.397188886909597 -0.365100058235341 -0.333011229361549 -0.300922400402129 -0.268833571457995 -0.236744742627588 -0.204655914012434 -0.172567085684871 -0.140478257597399 -0.108389429677677 -0.0763006018738396 -0.0442117741391396
-1.02552709435444 -0.991414382353567 -0.957305364581633 -0.92321458170595 -0.889145682540021 -0.855097255114728 -0.821058536184279 -0.787007945455475 -0.752889985722187 -0.718635083849023 -0.684151279896466 -0.649341017223966 -0.614116805829062 -0.578431422261628 -0.542254699064814 -0.505584426202523 -0.468428583302469 -0.430807951226852 -0.392742509024314 -0.354236227254779 -0.315289074355991 -0.275914635246184 -0.236180960765551 -0.196168040252895 -0.155949151119506 -0.115595289325636 -0.0751750369548977 -0.034744670054704 0.00568634559568982 0.0461202467840685
0.937814261228655 0.905840097459612 0.873865933713575 0.841891770037576 0.809917606529031 0.777943443300046 0.745969280471102 0.713995118154182 0.682020956418905 0.650046795314807 0.618072634853469 0.586098475036982 0.554124315871677 0.522150157380832 0.490175999561922 0.458201842292266 0.426227685415849 0.394253528763475 0.362279372184143 0.330305215612807 0.29833105900591 0.266356902331368 0.234382745602991 0.202408588840911 0.170434432044648 0.138460275196075 0.106486118227072 0.0745119610818349 0.042537803803808 0.0105636464612467
-1.02218956321256 -0.986039855222069 -0.949897363997753 -0.913771882240621 -0.877683098601922 -0.841654730156827 -0.805716711725931 -0.769899421044418 -0.734228789760402 -0.698725005086379 -0.663389722579432 -0.628219964882796 -0.593209976008221 -0.558342885441539 -0.523597388170024 -0.488945555712662 -0.454359688366604 -0.419819625009965 -0.385309348446792 -0.350821878603921 -0.316352494688883 -0.281897884517517 -0.247460370338898 -0.213043378057273 -0.17864911376434 -0.144279569251384 -0.109937098920593 -0.0756218692501365 -0.0413249324112062 -0.00703506199824945
-1.01433297124635 -0.979121567503124 -0.943910163685092 -0.908698759723426 -0.873487355515363 -0.838275950974622 -0.803064546114772 -0.767853140976931 -0.732641735612579 -0.697430330071478 -0.662218924386191 -0.627007518584976 -0.591796112659071 -0.556584706451627 -0.521373299784709 -0.486161892544111 -0.450950484644877 -0.415739076055303 -0.38052766676869 -0.345316256825102 -0.310104846276295 -0.27489343520912 -0.239682023850811 -0.204470612442572 -0.169259201141118 -0.134047790039772 -0.0988363790628096 -0.0636249681091141 -0.0284135571450699 0.00679785384606374
-0.997902675925816 -0.963633674933599 -0.929364673965875 -0.895095673070784 -0.860826672350563 -0.826557671901681 -0.792288671743453 -0.758019671868914 -0.723750672243141 -0.689481672831462 -0.655212673628164 -0.620943674634774 -0.586674675854772 -0.552405677299468 -0.518136678970983 -0.483867680826883 -0.449598682829708 -0.415329685006468 -0.381060687382297 -0.34679168991036 -0.312522692525829 -0.278253695172693 -0.243984697830194 -0.20971570047879 -0.175446703068531 -0.141177705543844 -0.106908707857062 -0.072639709983304 -0.0383707119809027 -0.0041017139289975
-0.996941122464623 -0.963181682747586 -0.929422243158301 -0.895662803857212 -0.861903364871732 -0.828143926164595 -0.794384487572844 -0.76062504893318 -0.726865610206639 -0.69310617136978 -0.659346732336935 -0.625587293006876 -0.591827853264433 -0.558068412938661 -0.524308971838794 -0.490549529750567 -0.456790086488378 -0.423030642004782 -0.389271196312457 -0.355511749526424 -0.321752301787287 -0.287992853243188 -0.254233404072414 -0.220473954462745 -0.18671450460979 -0.152955054698302 -0.119195604861782 -0.0854361551896802 -0.0516767056464889 -0.0179172561654614
-0.987405963253697 -0.954109400087603 -0.920813065153813 -0.887519999649506 -0.854235131497017 -0.820962142752322 -0.787697845280795 -0.754436798260715 -0.721171420312574 -0.687890764601674 -0.654572563030328 -0.621191717185105 -0.587725626687961 -0.554161683302427 -0.520490601815506 -0.486706396966543 -0.452806961109758 -0.418802397106531 -0.38470470231277 -0.350521241555345 -0.316258221528866 -0.281922437493879 -0.247523038974674 -0.213070772217703 -0.178580416094312 -0.144064958491872 -0.109526190736941 -0.074964631609897 -0.0403869062672177 -0.00580116645940369
-0.986275163727997 -0.979037315986825 -0.968660061625199 -0.950436198914812 -0.922931057565865 -0.885021487842432 -0.833557890785565 -0.767673256665129 -0.697657381889237 -0.634457363138078 -0.580492692041894 -0.536050958968439 -0.500725485498329 -0.471332518063632 -0.444825999890186 -0.421487736527456 -0.401349020971072 -0.380111233677713 -0.353887817122498 -0.32477037439328 -0.296345048731091 -0.271443867846593 -0.249882397328956 -0.229819373737701 -0.205802679635245 -0.172860800532608 -0.131555487732325 -0.0839726628037657 -0.0327616625921113 0.019287322238503
-0.99229193702676 -0.958517340253071 -0.924742743582481 -0.890968147115303 -0.857193550960504 -0.823418955218265 -0.789644359944975 -0.755869765178966 -0.722095170930119 -0.688320577187931 -0.654545983888792 -0.620771390955818 -0.586996798341539 -0.553222206116146 -0.519447614346656 -0.485673022969717 -0.451898431874005 -0.418123840886675 -0.384349249843202 -0.350574658673868 -0.316800067332658 -0.283025475772432 -0.249250883941545 -0.215476291808036 -0.181701699423177 -0.147927106852235 -0.114152514133209 -0.0803779212995885 -0.0466033283940723 -0.0128287354616641
0.974150441959461 0.942174626693396 0.910186646370026 0.878159372518012 0.846020951848366 0.813696522276878 0.781143911356116 0.748328339296859 0.715211907305957 0.681766498176044 0.648006240046832 0.613955822394799 0.579641500191203 0.545095790386412 0.51034240000831 0.475363534415726 0.440138918616875 0.404679857886565 0.369002102847902 0.333107605250588 0.296994867125974 0.260660938071309 0.224097057947428 0.187301969118905 0.150310233701667 0.113161386917877 0.0758790366632875 0.0384858440941777 0.00101661073534414 -0.0364908267962866
-0.998660734169995 -0.965066771866119 -0.931472809622604 -0.897878847513897 -0.864284885589078 -0.830690923884564 -0.79709696241148 -0.763503001174277 -0.729909040175989 -0.696315079407082 -0.662721118809177 -0.629127158311679 -0.595533197854904 -0.56193923742279 -0.528345277016807 -0.494751316664907 -0.461157356397045 -0.427563396224693 -0.393969436152752 -0.360375476178319 -0.326781516296543 -0.293187556492544 -0.259593596711335 -0.225999636910164 -0.192405677135309 -0.158811717459092 -0.125217757968953 -0.091623798727325 -0.0580298396814901 -0.0244358807499407
-1.01078106968547 -0.977229689200866 -0.94367830876709 -0.910126928424204 -0.876575548246053 -0.843024168290525 -0.809472788517902 -0.775921408872616 -0.742370029333286 -0.708818649882936 -0.67526727048801 -0.641715891110806 -0.608164511683235 -0.57461313201565 -0.541061751898649 -0.507510371165365 -0.473958989657587 -0.440407607209209 -0.406856223684276 -0.373304839075339 -0.339753453407074 -0.306202066731337 -0.272650679208705 -0.23909929100725 -0.205547902216313 -0.171996512921137 -0.138445123269307 -0.104893733408966 -0.0713423434281411 -0.0377909533998339
-1.01792626432652 -0.982708677412494 -0.947491090494078 -0.912273503537415 -0.877055916463835 -0.84183832919777 -0.806620741720875 -0.771403154044828 -0.736185566244191 -0.700967978392216 -0.665750390494043 -0.630532802537784 -0.595315214496949 -0.56009762628666 -0.524880037798567 -0.489662448888826 -0.454444859396003 -0.419227269123793 -0.384009677921007 -0.348792085851783 -0.313574493034091 -0.278356899578905 -0.243139305569226 -0.2079217110794 -0.172704116177149 -0.137486520927626 -0.102268925392326 -0.0670513296349395 -0.0318337337315794 0.00338386223853327
-0.954544842656753 -0.926909530848574 -0.898780229333892 -0.870050977397764 -0.840624528187563 -0.810450312459895 -0.779655757545975 -0.74847097363369 -0.717358805762996 -0.686749305718636 -0.65670861741242 -0.627211907787925 -0.598263899138729 -0.569987535158406 -0.542417453007998 -0.515116842318416 -0.487570756311599 -0.459423150103745 -0.430317279802055 -0.399734703583489 -0.367116555142447 -0.331934104233585 -0.293779164852584 -0.252422736372467 -0.208232015434588 -0.161690039397186 -0.113147011217711 -0.0629470266543711 -0.0115425870691931 0.0405867047748415
-1.02455973637197 -0.920957935811049 -0.901555150420589 -0.918104675370603 -0.902787074125081 -0.813068517732144 -0.727130339282454 -0.721319547920292 -0.743930694961872 -0.728100948556095 -0.674390402010681 -0.600214879923054 -0.529454040108176 -0.511842873251154 -0.571098571865636 -0.601011802909282 -0.507648708099563 -0.376103853749174 -0.307910688445434 -0.291329765278925 -0.286303413466047 -0.261915222236954 -0.223813820876814 -0.184092401777273 -0.14405736970086 -0.102877516066589 -0.0619579665485363 -0.020528729123521 0.0331169932757302 0.113420198977514
-1.01308841628661 -0.945636514675806 -0.900188644811404 -0.911160056590513 -0.939736287488312 -0.935485143383881 -0.874733216193827 -0.7572624092169 -0.649917085242878 -0.614612773615555 -0.626487210403754 -0.638983683357553 -0.61616692953093 -0.564587483193466 -0.501883018074362 -0.447553968525703 -0.416148876798759 -0.400545956118657 -0.390123678546362 -0.381931880512344 -0.374938239539446 -0.36520680322653 -0.337187099476529 -0.279197179641908 -0.206643708569197 -0.13824436767895 -0.0788722911937786 -0.0299187875797768 0.00730759052508446 0.031518979439865
-1.00658913923299 -0.970691986121646 -0.934794833031218 -0.898897679966945 -0.863000526864252 -0.827103373631635 -0.79120622013968 -0.755309066292874 -0.719411912169228 -0.68351475786178 -0.647617603350145 -0.611720448585585 -0.575823293540005 -0.539926138267874 -0.504028982831766 -0.468131827244094 -0.432234671518026 -0.396337515719907 -0.360440359929309 -0.324543204225518 -0.288646048687746 -0.252748893390137 -0.21685173838654 -0.18095458371724 -0.145057429388549 -0.109160275379708 -0.0732631215956545 -0.0373659679352795 -0.00146881434759998 0.0344283392058356
-1.00641012879362 -0.9716278085343 -0.936845488277905 -0.902063168014387 -0.867280847747093 -0.832498527484545 -0.797716207242566 -0.762933887046168 -0.728151566949809 -0.693369247009577 -0.658586927258615 -0.623804607724333 -0.589022288422539 -0.554239969322617 -0.5194576504139 -0.484675331811907 -0.449893013667011 -0.415110696142795 -0.380328379390439 -0.345546063498305 -0.310763748539045 -0.275981434544729 -0.241199121385089 -0.206416808892052 -0.171634496908673 -0.136852185285436 -0.102069873891416 -0.0672875626125874 -0.032505251383938 0.00227705984729222
0.972245073192679 0.938691816821767 0.905138560416623 0.871585303910473 0.83803204727132 0.80447879047583 0.770925533500556 0.737372276309436 0.703819018816055 0.670265760924997 0.636712502555178 0.603159243629098 0.569605984104733 0.536052724081956 0.502499463694362 0.468946203068517 0.435392942312579 0.401839681468085 0.368286420559873 0.334733159612605 0.301179898650899 0.267626637706256 0.234073376837724 0.200520116121392 0.166966855673981 0.133413595583546 0.0998603357828345 0.0663070761714962 0.0327538166720949 -0.000799442787077647
-1.00214470248592 -0.967932482594193 -0.933720262753795 -0.899508043018074 -0.865295823418461 -0.831083603993986 -0.796871384835977 -0.76265916603261 -0.728446947607168 -0.69423472958006 -0.660022512025115 -0.625810295029513 -0.591598078680622 -0.557385863066563 -0.523173648255389 -0.488961434234134 -0.454749220955691 -0.420537008317412 -0.386324796197204 -0.352112584450751 -0.31790037292818 -0.283688161477981 -0.249475949942098 -0.215263738182982 -0.181051526151664 -0.146839313833093 -0.112627101259322 -0.078414888481344 -0.0442026755788012 -0.00999046263849916
-1.0525362396231 -0.993765525693878 -0.936590037931239 -0.88240904069254 -0.832358218848536 -0.787184912340942 -0.746346660881898 -0.709194509579134 -0.675943325352307 -0.646846093482744 -0.62144445088654 -0.599102197388477 -0.579042370364957 -0.559924957398841 -0.54026520286311 -0.518562428084759 -0.493268379748312 -0.462660429014366 -0.425497986765998 -0.382642998300122 -0.335483042517104 -0.285581297720344 -0.235203339825348 -0.186645282282855 -0.141622991072435 -0.10167390423012 -0.0682019954889844 -0.0418483004299628 -0.0203355663284018 -0.000656968383250786
-1.0373929335266 -0.999047544465483 -0.960702155384202 -0.922356766250643 -0.88401137703733 -0.845665987717896 -0.807320598265788 -0.768975208636117 -0.730629818710833 -0.692284428355091 -0.653939037440036 -0.615593645838312 -0.577248253442223 -0.538902860222735 -0.500557466191336 -0.46221207144296 -0.423866676082947 -0.385521280174809 -0.347175883761632 -0.308830486846613 -0.27048508942298 -0.232139691482815 -0.193794293013617 -0.155448894003678 -0.117103494449059 -0.0787580943703775 -0.0404126938787271 -0.00206729310329557 0.0362781078448306 0.0746235088590904
-1.08616392324866 -1.03016440832043 -0.975444635939342 -0.923219012300494 -0.874096701756899 -0.828413066172344 -0.786013499295774 -0.746661375966812 -0.710281963502632 -0.67668143980736 -0.645027732655388 -0.614329207288677 -0.583780690092738 -0.553322852027295 -0.522976678528401 -0.492338568363203 -0.460944775211708 -0.428515559074242 -0.394883377855081 -0.360145474753963 -0.324465289294491 -0.288174484467143 -0.25227761712988 -0.21768207691627 -0.18423369069483 -0.15164544980248 -0.120160566214825 -0.0900338035694255 -0.0610359115129957 -0.0328166361945378
-0.96597661297748 -0.934110583092564 -0.902244553196414 -0.870378523267111 -0.838512493291177 -0.806646463274347 -0.774780433290798 -0.742914403401463 -0.711048373545877 -0.679182343644468 -0.647316313662622 -0.61545028357697 -0.583584253371327 -0.551718223058271 -0.519852192614789 -0.487986161846749 -0.456120130541694 -0.424254098584972 -0.392388065898186 -0.360522032450157 -0.328655998221512 -0.296789963207484 -0.264923927461742 -0.233057891066356 -0.201191854158574 -0.169325816873783 -0.137459779284739 -0.105593741456258 -0.0737277034840282 -0.0418616654714557
-1.04002311325261 -1.00337992240209 -0.966736731514914 -0.930093540590928 -0.893450349617448 -0.856807158584517 -0.820163967505595 -0.783520776409856 -0.746877585365912 -0.710234394457349 -0.673591203788201 -0.636948013467617 -0.600304823607576 -0.563661634331388 -0.527018445760289 -0.490375257995879 -0.453732071120798 -0.417088885161469 -0.380445700110191 -0.343802515878981 -0.307159332359783 -0.27051614946846 -0.233872967216544 -0.197229785605612 -0.160586604501742 -0.123943423735133 -0.0873002431279543 -0.0506570625285591 -0.0140138818980584 0.022629298774247
-0.979534497606841 -0.946106111207289 -0.912677724750081 -0.879249338165134 -0.845820951370254 -0.812392564290957 -0.778964176895711 -0.745535789166571 -0.712107401096964 -0.678679012687212 -0.645250623953824 -0.611822234917356 -0.578393845589469 -0.544965455946243 -0.511537065957976 -0.478108675607408 -0.444680284899898 -0.411251893918834 -0.377823502752179 -0.344395111428185 -0.310966719960174 -0.277538328352251 -0.244109936571638 -0.210681544580307 -0.177253152356106 -0.143824759874043 -0.110396367081906 -0.0769679739492504 -0.0435395805599343 -0.0101111870263894
-0.997639869213665 -0.963618787533841 -0.929596573488986 -0.895571855280507 -0.861543586082473 -0.82751099213913 -0.793474067002795 -0.759432940864386 -0.725387523161188 -0.691337670027792 -0.657283245141651 -0.62322411406594 -0.58915995850936 -0.555089724762738 -0.521012212081973 -0.486926367001144 -0.452831307219152 -0.418726687816025 -0.384612377727169 -0.350488563928365 -0.316355512905489 -0.282213562692938 -0.248063337519188 -0.213905610956611 -0.179741467759082 -0.145572115803112 -0.111398944274265 -0.0772233015716143 -0.0430461916392244 -0.00886853230740699
1.03060851241985 0.997675931810312 0.964689368587923 0.931623770790159 0.898526540844133 0.865443789575395 0.832344007013614 0.799166097334536 0.765808242094085 0.732163379239077 0.698144194899705 0.663668312252003 0.628652595706622 0.593010874612663 0.556679685755982 0.519689430731001 0.482076676786227 0.443808788977944 0.404845632328658 0.365186273918007 0.324839581339911 0.283820986460033 0.242172178231015 0.199949297201213 0.157240033214877 0.114133774065465 0.0706951500473866 0.026985520787602 -0.0169220792576739 -0.0609516969249129
-0.972716855096999 -0.939847263417979 -0.906977671640672 -0.87410807963042 -0.841238487291489 -0.808368894554116 -0.775499301413511 -0.74262970784737 -0.709760113698367 -0.676890518793511 -0.644020923032156 -0.611151326331744 -0.578281728639024 -0.545412130017978 -0.512542530537471 -0.479672930168668 -0.446803328871756 -0.413933726660695 -0.38106412358558 -0.348194519787275 -0.315324915429338 -0.282455310663432 -0.249585705593647 -0.216716100302831 -0.183846494836439 -0.150976889230347 -0.118107283519518 -0.0852376777372813 -0.0523680719113386 -0.0194984660679857
-0.903151023827262 -0.893838473764627 -0.883111170359105 -0.869307847595567 -0.851430405110749 -0.828881353904219 -0.802002484775029 -0.771386570382318 -0.737691031026085 -0.701441269184358 -0.662569968406423 -0.620861632509377 -0.576741349074251 -0.533196540737799 -0.493363039252992 -0.458407977781938 -0.428911312148116 -0.405072987411341 -0.386427376899949 -0.370226577780012 -0.35315211817704 -0.332066536423042 -0.30455641167603 -0.268770858464168 -0.224385091970212 -0.171693021097627 -0.111937228978124 -0.0467449375302799 0.0216667504081183 0.0909332617694797
-1.06753446389039 -1.02931764816219 -0.991039075726662 -0.952609065108086 -0.913834861897796 -0.874546815716579 -0.834770765235979 -0.794566563114969 -0.753934628911489 -0.712906233256545 -0.67169548417444 -0.630562199037802 -0.589742994427037 -0.549381683753678 -0.509551569848818 -0.470136716390677 -0.431008241064354 -0.392174716735341 -0.353745822596922 -0.316098207973166 -0.279675264720833 -0.244950494292589 -0.212517836524714 -0.182858846170105 -0.155885099264504 -0.131261808704556 -0.108238713547663 -0.0860550467869513 -0.0643234909976588 -0.042750091150554
1.03658482054067 1.00181189405105 0.967038967535141 0.932266041022764 0.897493114604771 0.862720188372773 0.827947262360359 0.793174336560172 0.758401410859103 0.723628485130058 0.688855559295766 0.654082633291409 0.619309707065329 0.584536780618488 0.549763853986527 0.514990927291167 0.480218000683008 0.445445074342076 0.410672148417353 0.375899222904218 0.341126297759647 0.30635337293262 0.271580448340112 0.236807523912356 0.202034599664608 0.167261675612121 0.132488751685107 0.0977158278081618 0.0629429039684489 0.0281699801687733
-0.959968592582483 -0.926766510924976 -0.893564429246665 -0.860362347501128 -0.827160265552468 -0.793958183247978 -0.760756100457192 -0.72755401705989 -0.694351932954616 -0.661149848059968 -0.627947762356001 -0.594745675838135 -0.561543588528593 -0.528341500556816 -0.49513941207367 -0.461937323208521 -0.428735234035898 -0.395533144432492 -0.362331054264255 -0.329128963552009 -0.295926872355299 -0.262724780732353 -0.229522688736142 -0.196320596427787 -0.163118503906252 -0.12991641126381 -0.0967143185281204 -0.0635122257121027 -0.0303101328343272 0.00289196008522316
-1.05908023066733 -1.01905786020714 -0.979038524160033 -0.939052295769556 -0.899172401235669 -0.859484875228323 -0.820083833341014 -0.781056794252597 -0.742456808059816 -0.70431968201141 -0.666646720546209 -0.629430602400559 -0.592658114293713 -0.55629247487653 -0.520298211556464 -0.484668654835736 -0.449413854459248 -0.414581934047877 -0.380219405544998 -0.346328260308005 -0.312899359547795 -0.279908917165819 -0.247274557825728 -0.214913295719668 -0.182798292391549 -0.150906036790059 -0.119170180131225 -0.0875221111917563 -0.055927006723765 -0.0243584904732117
-0.998370119402479 -0.955309561724485 -0.912567665657003 -0.87021680405421 -0.828540999920645 -0.787933652108154 -0.74901401270744 -0.712461967207945 -0.678974081455188 -0.649024698023601 -0.622182586047176 -0.597790121299794 -0.575079341580282 -0.552840932787232 -0.529744276340039 -0.504414887641528 -0.475750090139009 -0.443778305474286 -0.408910709226646 -0.371958394530784 -0.333832433910252 -0.295127583701266 -0.255173335490716 -0.213400295282286 -0.170908791496164 -0.129128453236743 -0.0891363899287387 -0.0515944502438658 -0.0158559595215241 0.0190528877319662
-1.01584826414248 -0.980096839200347 -0.9443401701765 -0.908571035189538 -0.87277519842102 -0.836936663307331 -0.80103940424119 -0.765067991656422 -0.729009409194949 -0.69285045812889 -0.656574797043036 -0.620165298850347 -0.583609626458503 -0.546914602754064 -0.510089820765702 -0.473136794111668 -0.43605546559992 -0.398847574207645 -0.361515694895701 -0.324063950390383 -0.286496850359343 -0.248820873416879 -0.211050373963858 -0.173199407230953 -0.135272955981498 -0.0972780853022668 -0.0592392620411419 -0.0211814718926543 0.0168856258231865 0.0549562033800012
0.9316210787132 0.899777091613641 0.867933104615622 0.836089117772233 0.804245131035351 0.772401144307252 0.740557157393025 0.708713170120021 0.676869182501824 0.645025194607987 0.613181206545718 0.581337218431634 0.549493230354471 0.517649242291429 0.485805254193328 0.453961266017 0.422117277742446 0.390273289436337 0.358429301173514 0.326585312974828 0.294741324847635 0.262897336792991 0.231053348786765 0.199209360794771 0.167365372767799 0.135521384667398 0.10367739651319 0.0718334083358148 0.0399894201519138 0.00814543197462977
-0.960274393254726 -0.928474084893578 -0.896673776403152 -0.864873467684857 -0.833073158626098 -0.801272849130702 -0.769472539182183 -0.737672228761498 -0.705871917759708 -0.674071606076538 -0.642271293736287 -0.610470980794398 -0.578670667316318 -0.546870353407502 -0.515070039178822 -0.483269724722809 -0.451469410112228 -0.41966909535914 -0.387868780451258 -0.356068465339589 -0.324268149965969 -0.292467834303651 -0.260667518451571 -0.228867202541836 -0.197066886713555 -0.165266571081511 -0.133466255656182 -0.101665940412987 -0.0698656252914115 -0.0380653102219542
-0.946724098703735 -0.914711827192148 -0.882699555490495 -0.850687283402726 -0.818675010890581 -0.786662737962725 -0.754650464657753 -0.722638191003087 -0.690625916951541 -0.658613642437627 -0.626601367397252 -0.594589091766674 -0.562576815509513 -0.530564538698844 -0.498552261437277 -0.466539983836086 -0.434527705985307 -0.402515427881335 -0.370503149510229 -0.338490870910354 -0.306478592133153 -0.274466313237004 -0.242454034308039 -0.210441755435958 -0.178429476696981 -0.146417198144368 -0.114404919753017 -0.0823926414806683 -0.0503803632947843 -0.0183680851652578
-1.04410965588587 -1.00726258189075 -0.970415507825506 -0.933568433594294 -0.896721358969618 -0.859874283721894 -0.823027207744824 -0.786180130961956 -0.749333053292927 -0.712485974654389 -0.675638894954962 -0.638791814101263 -0.601944732049165 -0.565097648951578 -0.528250564992622 -0.491403480284215 -0.45455639489358 -0.417709308781341 -0.380862221898349 -0.344015134262973 -0.307168045910456 -0.270320956884068 -0.233473867259179 -0.196626777117787 -0.159779686536324 -0.122932595597143 -0.0860855044118575 -0.0492384130858472 -0.0123913216702758 0.0244557697972457
-1.00671678374045 -0.970744317007267 -0.934771850274367 -0.898799383536717 -0.86282691667205 -0.826854449527741 -0.790881981946964 -0.754909513760692 -0.718937044755301 -0.68296457469717 -0.6469921033173 -0.611019630337844 -0.575047155532272 -0.539074678879301 -0.503102200469008 -0.467129720631648 -0.431157239726759 -0.395184757990837 -0.359212275623086 -0.32323979279657 -0.287267309677817 -0.251294826419303 -0.215322343117299 -0.179349859847717 -0.143377376661257 -0.107404893596769 -0.0714324106709114 -0.0354599278855684 0.000512554794287861 0.0364850374129128
-0.951036701418635 -0.920070135017758 -0.889103568666213 -0.858137002407165 -0.827170436347359 -0.796203870606976 -0.765237305296338 -0.734270740506026 -0.703304176257494 -0.672337612535495 -0.64137104924711 -0.610404486280003 -0.579437923514939 -0.548471360805103 -0.517504798024744 -0.48653823515995 -0.455571672216292 -0.424605109165414 -0.393638545969805 -0.362671982589245 -0.331705418982838 -0.300738855109336 -0.269772290926091 -0.238805726408147 -0.207839161602731 -0.176872596566334 -0.145906031320324 -0.114939465887767 -0.0839729003336368 -0.0530063347333815
0.986736515646729 0.957539450233369 0.928256518770338 0.8987938857151 0.869060284527091 0.838980206500588 0.808538605267258 0.77772181053749 0.746461193999192 0.714681349646788 0.682334718723254 0.649380704283707 0.615788774342353 0.581568656749766 0.54673176398554 0.511255987208996 0.475127661006368 0.438400414991824 0.401155947652174 0.36352093793685 0.325633309910942 0.287610393214216 0.249487139785147 0.211263082143645 0.172878452836662 0.134268354701869 0.0954066717127806 0.0562976218600897 0.0170279780673597 -0.0222948480086288
-1.02572325990992 -0.990027181394963 -0.954331102815093 -0.918635024081101 -0.882938945173314 -0.847242866089355 -0.811546786826508 -0.77585070740155 -0.740154627909578 -0.704458548434554 -0.66876246893757 -0.633066389349002 -0.597370309581571 -0.561674229477386 -0.52597814889124 -0.490282067799287 -0.454585986217092 -0.418889904196526 -0.383193821795568 -0.347497739060317 -0.311801656033903 -0.276105572756498 -0.240409489256446 -0.204713405558025 -0.169017321681084 -0.133321237652145 -0.0976251535288266 -0.0619290693668429 -0.026232985183163 0.00946309901492901
-1.03273703731016 -0.997545488796807 -0.962353940265758 -0.927162391667153 -0.891970842931049 -0.856779294004481 -0.821587744922463 -0.786396195774877 -0.751204646783106 -0.716013098188993 -0.680821550184737 -0.64563000295012 -0.610438456659844 -0.575246911468274 -0.540055367529887 -0.504863825019953 -0.469672284098725 -0.434480744845591 -0.399289207322588 -0.364097671603213 -0.328906137763822 -0.2937146058826 -0.258523076045026 -0.223331548254457 -0.188140022178469 -0.152948497409446 -0.117756973574792 -0.0825654503335515 -0.0473739274363183 -0.0121824046565711
-1.0743180851996 -1.03670983515877 -0.999101083862003 -0.961491453840886 -0.923881099569195 -0.886270624488744 -0.848661895971304 -0.811056950205857 -0.773457234720255 -0.735863963842281 -0.698278007760572 -0.660700150628977 -0.623131176193727 -0.585571866570565 -0.548022997230652 -0.510485318697282 -0.472959297582635 -0.435444289802291 -0.397939372653222 -0.360443619654579 -0.322956103381054 -0.28547603254973 -0.248003160447264 -0.210537219970037 -0.173077317883769 -0.135622336373498 -0.0981708854322035 -0.0607216530577902 -0.0232739114599269 0.0141729210987769
-0.989483947570114 -0.956269074807672 -0.923054201955641 -0.889839328932064 -0.856624455664799 -0.823409582095057 -0.790194708207647 -0.756979834001344 -0.723764959487206 -0.690550084680577 -0.657335209601682 -0.624120334271968 -0.590905458703981 -0.557690582874673 -0.524475706755174 -0.491260830328907 -0.458045953590962 -0.424831076570806 -0.391616199301721 -0.35840132179789 -0.325186444068719 -0.291971566130339 -0.258756688025769 -0.225541809803207 -0.192326931504663 -0.159112053170259 -0.125897174838731 -0.0926822965396965 -0.0594674182676791 -0.0262525400084278
-0.916847226444971 -0.887140756706628 -0.856046030933542 -0.824035505364557 -0.79273236057335 -0.763845157599739 -0.73827325501328 -0.716620732360031 -0.699119755562331 -0.685508359487301 -0.673919968404901 -0.662086853935798 -0.64761218953768 -0.627582756016314 -0.599613272682587 -0.563946605519794 -0.521299566029163 -0.471656601111246 -0.415699811573224 -0.35763427844946 -0.302545827831113 -0.254477990881483 -0.213305119052425 -0.177404573966036 -0.143334937636827 -0.108219075276885 -0.0732557644961979 -0.0401778290861095 -0.00877836516548871 0.0216344630649146
-0.973323862252855 -0.939873052968632 -0.906422464922432 -0.872974502827209 -0.839545552081713 -0.80615454965724 -0.772816658129486 -0.739544897132167 -0.706347488926679 -0.673233538478045 -0.640220478938104 -0.607327825505403 -0.574573493306577 -0.541968997180625 -0.509519352770148 -0.477209979219793 -0.445020665656626 -0.412928277635344 -0.380911309717717 -0.348957696066163 -0.317057730743264 -0.285204196250622 -0.253399828845927 -0.221647700191005 -0.189942269808156 -0.158274191177428 -0.126627505749415 -0.0949873927574617 -0.0633501945953895 -0.0317150444471375
-1.07936774745429 -1.03565842777281 -0.991999372305124 -0.948724659375991 -0.906513375501877 -0.865964126919054 -0.827008590551316 -0.789515173717917 -0.75376613463241 -0.719880345309229 -0.686909282072005 -0.653637572321675 -0.618890305018155 -0.5816544153573 -0.541379568804503 -0.499204505667381 -0.456464470945852 -0.41359165356681 -0.370907930515464 -0.329196987083305 -0.289357960638392 -0.252225613541386 -0.218377208123355 -0.188109085774006 -0.1608514041472 -0.135928902382242 -0.113110829296079 -0.0921757452090878 -0.0724949467777218 -0.0533379147424532
-0.954750942546346 -0.928956535813517 -0.902924207708564 -0.876408982723261 -0.849157288450489 -0.820919159104835 -0.791467652286603 -0.760642075483799 -0.728523712349533 -0.695211183235836 -0.660630479125315 -0.624664433658224 -0.587242964930455 -0.548484328860456 -0.508544630411281 -0.467543032901847 -0.425648167911852 -0.383263481708257 -0.340818685273101 -0.29861373376147 -0.256916143371708 -0.215897061311631 -0.175342158826932 -0.135001784750449 -0.0948704742257279 -0.0549661593902894 -0.0151561740468558 0.0246970996824713 0.0646004880632701 0.104528119458039
-0.965147216239817 -0.932619028902266 -0.90009084161677 -0.867562654400526 -0.835034467204974 -0.80250627995237 -0.769978092513982 -0.737449904772459 -0.704921716706959 -0.672393528338289 -0.639865339757329 -0.607337151072479 -0.574808962391484 -0.542280773819451 -0.509752585461701 -0.477224397427018 -0.444696209805375 -0.41216802260803 -0.379639835835324 -0.34711164952265 -0.31458346371416 -0.282055278448958 -0.249527093745941 -0.216998909600672 -0.184470725935578 -0.151942542655587 -0.119414359668759 -0.0868861768885606 -0.0543579942469536 -0.0218298116805224
-1.00509204909135 -0.970482572289506 -0.935873095490393 -0.901263618800334 -0.866654142565755 -0.832044667171983 -0.797435192919857 -0.762825720052239 -0.72821624866459 -0.693606778832564 -0.658997310699989 -0.624387844427738 -0.589778380126399 -0.55516891770542 -0.520559457007266 -0.485949997807617 -0.451340539863836 -0.416731082926805 -0.382121626743637 -0.347512171052862 -0.312902715590868 -0.278293260122608 -0.243683804527317 -0.209074348699091 -0.174464892477208 -0.139855435725732 -0.105245978462706 -0.0706365207676327 -0.036027062811876 -0.00141760478976639
-1.01982378557215 -0.983800003232721 -0.947776120450699 -0.91175252883856 -0.875730652066325 -0.839712119862634 -0.803698354133064 -0.767690695037056 -0.731690363572594 -0.69569842307928 -0.659715425424649 -0.623741794608218 -0.587777787397745 -0.551822991633939 -0.515876874430437 -0.479939088919614 -0.444009191377821 -0.408086164638582 -0.37216891501801 -0.33625661620542 -0.300348508733427 -0.264443952102575 -0.228542781685128 -0.192644947503016 -0.156750382305123 -0.12085893189914 -0.0849701116010368 -0.049083310981812 -0.0131977471242874 0.0226874060107584
0.980714237099313 0.947113569239419 0.913513903799857 0.879903706418221 0.84627645227175 0.812629562785547 0.778971234836535 0.745307699496613 0.711626549165793 0.6779044390206 0.644092914015525 0.610137241549544 0.575981946295364 0.541568582020593 0.506842034175731 0.471763485847934 0.436312231208308 0.400523711127124 0.364445729657195 0.328119396882348 0.291584149394167 0.254877355578857 0.218028111001105 0.181070064557269 0.144063351291899 0.107066206111175 0.0701027772196011 0.0331829058805204 -0.00370670770569661 -0.0405851486044226
0.993719047467243 0.960023428181344 0.926327808729385 0.892632188895983 0.858936568467212 0.825240947255057 0.791545325173669 0.75784970213247 0.724154077919793 0.690458452339712 0.656762825380358 0.623067197075872 0.589371567477776 0.555675936707109 0.521980304893804 0.48828467213386 0.45458903850823 0.42089340407162 0.387197768907598 0.353502133241422 0.31980649733377 0.286110861403329 0.252415225500818 0.218719589630331 0.185023953777456 0.151328317914897 0.117632681982362 0.0839370459281087 0.0502414097675992 0.0165457735330977
-1.00101154992974 -0.968297031562349 -0.935582513219481 -0.902867994900955 -0.870153476571213 -0.837438958166068 -0.804724439542189 -0.772009920530207 -0.739295400935733 -0.706580880569996 -0.673866359291714 -0.641151836971474 -0.608437313505376 -0.575722788891549 -0.543008263172574 -0.510293736466812 -0.477579208928371 -0.44486468077858 -0.41215015223782 -0.379435623455469 -0.346721094563157 -0.314006565687399 -0.281292036934262 -0.248577508388005 -0.215862980066114 -0.183148451976153 -0.150433924152757 -0.117719396616704 -0.0850048693062824 -0.0522903421391554
-0.933908798211773 -0.903139037678641 -0.8723692771546 -0.841599516688986 -0.810829756437606 -0.780059996594475 -0.749290237399971 -0.718520479076678 -0.687750721729624 -0.656980965444995 -0.626211210351169 -0.595441456587073 -0.564671704247519 -0.533901953250859 -0.503132203457407 -0.47236245467178 -0.441592706686748 -0.410822959303352 -0.380053212353038 -0.349283465780559 -0.318513719558998 -0.287743973658758 -0.256974228039518 -0.226204482659948 -0.195434737485404 -0.164664992482682 -0.13389524761763 -0.103125502860324 -0.072355758198674 -0.0415860136250504
-0.98871994250723 -0.955372931090915 -0.922025919614405 -0.888678908010006 -0.855331896197208 -0.821984884080491 -0.788637871517107 -0.755290858380948 -0.721943844659694 -0.688596830375887 -0.655249815577737 -0.62190280031987 -0.5885557846625 -0.555208768688202 -0.521861752466993 -0.488514735996304 -0.455167719251693 -0.421820702193798 -0.388473684777659 -0.355126666950841 -0.321779648659039 -0.288432629847258 -0.255085610457742 -0.221738590456145 -0.188391569904527 -0.155044548892376 -0.121697527522481 -0.0883505058964674 -0.0550034840979924 -0.021656462206224
