-0.997295741639181 -0.962646071880983 -0.927996401912804 -0.893346731579544 -0.858697060776274 -0.82404738943099 -0.789397717553223 -0.754748045164315 -0.72009837225133 -0.685448698780429 -0.650799024668471 -0.616149349819987 -0.581499674151261 -0.54684999762558 -0.512200320239707 -0.477550642077301 -0.442900963232324 -0.408251283753048 -0.373601603708498 -0.338951923296402 -0.304302242746658 -0.269652562266721 -0.23500288197425 -0.200353201925162 -0.165703522018187 -0.131053842148266 -0.0964041623523689 -0.0617544826824839 -0.0271048031086247 0.00754487641968754
-0.919508494964642 -0.889002070281014 -0.858495645523749 -0.827989220623333 -0.797482795533464 -0.766976370221885 -0.736469944689299 -0.705963518966945 -0.675457093175241 -0.644950667432402 -0.614444241758644 -0.583937816149685 -0.553431390580289 -0.522924964941418 -0.492418539122754 -0.461912113092664 -0.431405686849657 -0.40089926043412 -0.370392833896552 -0.339886407285999 -0.309379980651147 -0.278873554028504 -0.248367127405858 -0.217860700744923 -0.187354273951819 -0.156847846935743 -0.126341419673801 -0.095834992176177 -0.0653285645174867 -0.0348221367884516
-0.980717911392774 -0.946328937748166 -0.911939964042281 -0.877550990269214 -0.843162016483924 -0.808773042767826 -0.77438406924728 -0.739995096037266 -0.705606123162318 -0.671217150599517 -0.63682817822659 -0.602439205896424 -0.568050233481667 -0.53366126093401 -0.499272288234779 -0.464883315404778 -0.430494342451786 -0.396105369291983 -0.361716395847168 -0.327327422153225 -0.292938448274555 -0.258549474287868 -0.224160500319118 -0.189771526487307 -0.155382552834406 -0.120993579371142 -0.0866046060603081 -0.0522156328560619 -0.0178266597259399 0.0165623133591758
-1.03048923071157 -0.994990719076757 -0.959492207447919 -0.923993695840187 -0.888495184317364 -0.852996672955166 -0.817498161828279 -0.781999651004706 -0.746501140526743 -0.711002630428012 -0.675504120733154 -0.640005611464567 -0.604507102649612 -0.569008594335523 -0.533510086560208 -0.498011579304423 -0.46251307251054 -0.427014566024558 -0.391516059682922 -0.356017553380234 -0.320519047025637 -0.285020540554363 -0.249522034006013 -0.214023527441171 -0.178525020899979 -0.14302651441227 -0.107528007987086 -0.0720295016225271 -0.0365309952937159 -0.00103248897003196
-0.992913730797566 -0.959284539027154 -0.925651930443917 -0.892012390182288 -0.858361383333617 -0.824694185088797 -0.791006331079974 -0.75729388558117 -0.723554766992634 -0.689787850154726 -0.655993981541997 -0.622174500537551 -0.588330911017961 -0.55446537483368 -0.520579634504063 -0.486673097250173 -0.452744731281608 -0.418794084060374 -0.384820690164021 -0.350823453379866 -0.316801119797668 -0.282753179880995 -0.248682101588641 -0.214591315923725 -0.180485128571425 -0.146367787509114 -0.112242435200861 -0.0781116917237661 -0.0439771931203455 -0.00984032942446976
-0.987408758024586 -0.949246008916062 -0.910782190368803 -0.87193115607347 -0.832854130502248 -0.793841145325132 -0.755450090221832 -0.718303689551478 -0.683016148381168 -0.650039145944421 -0.619182777432494 -0.590096742026073 -0.562470236676753 -0.536150449419765 -0.510974226684414 -0.486579057392678 -0.462463579567125 -0.437770385139991 -0.411586985871237 -0.383136618922055 -0.351676452803944 -0.316668219566702 -0.27839190541332 -0.237356589766518 -0.194169470774743 -0.149459774146291 -0.103846717103132 -0.0578511872035265 -0.0116107618372265 0.034832809148143
-1.02249029994552 -0.987385147371328 -0.95227999486113 -0.917174842510169 -0.882069690355354 -0.846964538409523 -0.811859386647572 -0.776754235026725 -0.741649083471458 -0.70654393188562 -0.671438780123318 -0.636333628026216 -0.601228475445337 -0.566123322269118 -0.531018168393393 -0.495913013706155 -0.460807858112823 -0.425702701596355 -0.390597544180303 -0.355492385973069 -0.320387227104264 -0.285282067694206 -0.250176907826023 -0.215071747569076 -0.179966586974858 -0.144861426099188 -0.10975626503307 -0.0746511038620295 -0.0395459426144938 -0.00444078130461675
-0.98210975682948 -0.947929559655457 -0.913749362483116 -0.87956916532381 -0.845388968211029 -0.811208771186498 -0.777028574302733 -0.742848377623341 -0.7086681812455 -0.674487985274096 -0.640307789811292 -0.606127594958566 -0.571947400800913 -0.537767207357382 -0.503587014619534 -0.469406822534908 -0.43522663106871 -0.401046440300819 -0.366866250321688 -0.332686061149384 -0.298505872783881 -0.264325685230935 -0.230145498519433 -0.195965312662208 -0.161785127584736 -0.127604943156275 -0.0934247591085799 -0.059244575181283 -0.0250643912830385 0.00911579263524416
-0.988375480135607 -0.958139724304744 -0.92857051030374 -0.900108021415154 -0.872547995934734 -0.845424255713849 -0.817867401813198 -0.789196435458872 -0.759887179329218 -0.730565664487188 -0.701301934081884 -0.672027034283948 -0.642484656290689 -0.611669071406095 -0.578520093728904 -0.542509128430163 -0.503374239809477 -0.461388537608346 -0.417051076296264 -0.371229643812796 -0.324884211465026 -0.279275113084218 -0.236864132598369 -0.199821316765621 -0.167948313567964 -0.140441261939334 -0.116442663397606 -0.0950804201078553 -0.0754776742400279 -0.0567563779652881
-1.06678045165891 -1.03528856667847 -0.99802122773806 -0.948709604137405 -0.888094655859347 -0.820404695890746 -0.756807658551455 -0.707399775398079 -0.671050845601244 -0.644256582114597 -0.625242785409833 -0.612667777838164 -0.604533873555354 -0.596219353935394 -0.582511326483825 -0.558456236014167 -0.520998628032493 -0.474416113507097 -0.424422738738983 -0.375145225897761 -0.330313466120193 -0.292046349433445 -0.256018761426299 -0.217919209390159 -0.179934691865309 -0.145251148218068 -0.114551789870017 -0.0876025744405903 -0.0630031722853699 -0.0390616819439731
-1.0009803824685 -0.967379667577497 -0.933778952781557 -0.900178238149538 -0.866577523700467 -0.832976809448836 -0.799376095440821 -0.765775381753826 -0.7321746685585 -0.698573956008868 -0.664973244099242 -0.631372532784001 -0.597771822007119 -0.564171111670941 -0.530570401672811 -0.496969691931697 -0.46336898239358 -0.429768273090872 -0.396167564058037 -0.362566855251333 -0.328966146607467 -0.295365438057443 -0.261764729509466 -0.228164020888777 -0.194563312211554 -0.160962603526229 -0.127361894919322 -0.0937611864617834 -0.0601604781242042 -0.0265597698520841
-1.01898136359175 -0.983328517034898 -0.947675670549816 -0.912022824128287 -0.876369977642329 -0.840717130934712 -0.805064283850951 -0.769411436223111 -0.73375858782668 -0.698105738458537 -0.662452888057681 -0.626800036598643 -0.591147184070694 -0.555494330522074 -0.519841476003326 -0.484188620515222 -0.448535764036148 -0.412882906504691 -0.377230047874916 -0.341577188202612 -0.305924327568997 -0.270271466054152 -0.234618603733622 -0.198965740710354 -0.163312877201465 -0.127660013420637 -0.0920071494536529 -0.0563542853506974 -0.0207014211474569 0.0149514431240062
-0.985915308308229 -0.942593207829873 -0.906574704642534 -0.88385741287452 -0.868527581693692 -0.8530709135627 -0.835482289083804 -0.814999380918116 -0.79032185182256 -0.760465333855338 -0.72624734618395 -0.688935879753222 -0.648908991219886 -0.602985000088293 -0.549590764767741 -0.497147036439673 -0.454141240560096 -0.419333606911103 -0.389302236830323 -0.361623913551454 -0.33412509078221 -0.304304758059191 -0.268352048234545 -0.224002414682005 -0.176486449546084 -0.132915003694182 -0.100424824114456 -0.083924757704699 -0.0793861548804879 -0.0805459919368479
-1.02607299950613 -0.989695827703787 -0.953318655842168 -0.916941483891891 -0.880564311837836 -0.844187139683556 -0.807809967493037 -0.771432795343276 -0.73505562330289 -0.698678451406966 -0.662301279564855 -0.625924107654471 -0.589546935564975 -0.553169763230522 -0.516792590637632 -0.480415417937297 -0.444038245294001 -0.407661072761727 -0.371283900366338 -0.334906728131721 -0.298529556081266 -0.26215238423154 -0.225775212571813 -0.189398041099824 -0.153020869874496 -0.116643698956384 -0.0802665283513846 -0.0438893580375194 -0.00751218793596389 0.0288649820463181
-0.981360133697479 -0.950160613152031 -0.919926843826927 -0.894177812453197 -0.870431554746219 -0.84433939288179 -0.810086745893027 -0.764525763622949 -0.716641422296856 -0.674920113702439 -0.633721065494667 -0.583871714295329 -0.521924915134463 -0.467335196675102 -0.43940878287262 -0.433957005218758 -0.439135498089014 -0.43597199985756 -0.408282616383875 -0.358164819470002 -0.292286422403628 -0.218877992023633 -0.152421109373691 -0.105175995371617 -0.0742664162270158 -0.0529918957202471 -0.0344914426229034 -0.0136863122811993 0.0072127386513958 0.0241725781945991
-0.998263059268045 -0.963884746191058 -0.929506433017519 -0.895128119606877 -0.860749805779933 -0.826371491373524 -0.791993176327259 -0.757614860641512 -0.723236544456951 -0.688858227932502 -0.654479911159844 -0.620101594213844 -0.585723277165219 -0.551344960068096 -0.516966642988447 -0.482588326056236 -0.448210009397298 -0.413831693056967 -0.379453377060218 -0.345075061431115 -0.310696746193489 -0.276318431363993 -0.241940116930561 -0.207561802848644 -0.173183488972467 -0.138805175166871 -0.104426861440387 -0.0700485478224561 -0.0356702342824843 -0.00129192077486741
-0.981830259601903 -0.948943923352963 -0.916057587059082 -0.883171250680669 -0.85028491423524 -0.817398577761024 -0.784512241321995 -0.751625904979552 -0.718739568759058 -0.685853232649757 -0.652966896532471 -0.62008056026091 -0.587194223688299 -0.554307886665901 -0.521421549058276 -0.488535210785122 -0.455648871816109 -0.422762532265654 -0.389876192258721 -0.356989851817718 -0.324103510939415 -0.291217169610269 -0.258330827775493 -0.225444485382902 -0.192558142431952 -0.159671798952713 -0.126785455046045 -0.0938991108297016 -0.0610127664182184 -0.0281264219253259
-0.986076623879863 -0.951771108234526 -0.917465592555596 -0.883160076808865 -0.848854561082201 -0.81454904548493 -0.780243530090133 -0.745938014952585 -0.711632500090081 -0.677326985526304 -0.643021471345473 -0.608715957646939 -0.574410444549866 -0.540104932252665 -0.505799420937316 -0.471493910640841 -0.437188401345596 -0.402882892960253 -0.368577385383828 -0.334271878550404 -0.299966372402829 -0.265660866908784 -0.231355362135274 -0.197049858159766 -0.16274435500224 -0.128438852642231 -0.0941333509549754 -0.0598278497780696 -0.0255223489028342 0.0087831518909783
-1.0134528304625 -0.978944433418993 -0.944436036426337 -0.909927639537997 -0.875419242748957 -0.840910846034531 -0.806402449349821 -0.771894052666943 -0.737385656046278 -0.702877259600498 -0.66836886356316 -0.633860468198046 -0.599352073750213 -0.564843680389832 -0.530335288257444 -0.495826897449967 -0.461318508004673 -0.426810119763879 -0.392301732532185 -0.357793346158286 -0.3232849605019 -0.2887765754399 -0.254268190917792 -0.219759806885376 -0.185251423241013 -0.150743039863755 -0.116234656606862 -0.0817262733444436 -0.0472178900598276 -0.0127095067636433
1.03191258502766 0.993998696716846 0.956084808464497 0.918170920302178 0.880257032237315 0.842343144267161 0.804429256372405 0.766515368523262 0.728601480664594 0.690687592713816 0.652773704503892 0.614859815846676 0.576945926563581 0.539032036514273 0.501118145595665 0.463204253815401 0.425290361208654 0.38737646780998 0.349462573663424 0.311548678851607 0.273634783466793 0.235720887598006 0.197806991321299 0.159893094721397 0.121979197930662 0.0840653010747378 0.0461514042047682 0.00823750734441661 -0.0296763895180661 -0.0675902864032821
-1.0082547419682 -0.975463748355699 -0.94267275469688 -0.909881760997179 -0.877090767286698 -0.844299773577307 -0.811508779783287 -0.778717785779894 -0.745926791383886 -0.713135796428354 -0.680344800870221 -0.647553804697368 -0.61476280788949 -0.58197181039354 -0.549180812146438 -0.516389813077708 -0.483598813107449 -0.450807812125449 -0.418016810045074 -0.385225806904321 -0.35243480277234 -0.319643797737482 -0.286852791964889 -0.254061785628576 -0.221270778861263 -0.188479771787548 -0.15568876454085 -0.122897757239195 -0.0901067499302275 -0.0573157426439951
0.961015000591701 0.927546970122077 0.89407893957258 0.860610908859342 0.827142877938574 0.793674846782194 0.760206815384879 0.726738783762852 0.69327075199575 0.659802720185855 0.626334688462611 0.592866656962252 0.559398625835902 0.525930595294256 0.492462565549675 0.458994536761649 0.42552650907013 0.392058482589822 0.358590457387079 0.325122433360113 0.291654410365101 0.25818638823659 0.224718366722615 0.191250345579185 0.157782324680742 0.124314303935147 0.0908462832655341 0.0573782626124055 0.0239102419704779 -0.00955777865197859
-1.0583057133884 -1.02270616561083 -0.987106617821073 -0.951507070028008 -0.915907522293906 -0.880307974695276 -0.844708427312161 -0.809108880219275 -0.773509333466491 -0.737909787066036 -0.702310240904397 -0.666710694836629 -0.6311111487338 -0.595511602531047 -0.559912056200513 -0.524312509798311 -0.488712963380567 -0.453113416919499 -0.417513870378027 -0.381914323765801 -0.34631477710415 -0.310715230440705 -0.275115683928304 -0.239516137737891 -0.203916592007639 -0.168317046828831 -0.13271750213796 -0.0971179578243144 -0.0615184137431356 -0.0259188697411543
1.04093281384706 1.00267053340543 0.964408252906373 0.926145972280538 0.887883691454565 0.849621410395677 0.811359129237435 0.773096848135671 0.734834567168946 0.696572286371983 0.658310005681402 0.620047725009299 0.581785444258884 0.543523163297823 0.505260882015468 0.466998600423447 0.428736318567311 0.390474036506019 0.35221175429314 0.313949471947282 0.275687189478313 0.237424906912753 0.199162624343724 0.160900341881785 0.122638059640632 0.0843757777047 0.0461134960382465 0.00785121457013872 -0.0304110667921356 -0.0686733481464333
-0.981344146418169 -0.947172032462603 -0.912999918469335 -0.878827804428536 -0.84465569040884 -0.810483576476621 -0.776311462610773 -0.74213934876504 -0.707967234880064 -0.673795120897487 -0.639623006776059 -0.605450892478807 -0.571278777960924 -0.537106663146272 -0.502934547963529 -0.468762432391993 -0.43459031643318 -0.400418200126869 -0.366246083499527 -0.332073966486118 -0.297901848998726 -0.263729730963781 -0.229557612365074 -0.195385493227165 -0.161213373680321 -0.127041253876684 -0.0928691339502026 -0.0586970140104388 -0.0245248940875966 0.00964722580795868
0.982617307416513 0.948801556849512 0.91498580629383 0.881170055743529 0.847354305180222 0.81353855458939 0.779722803984449 0.745907053390594 0.71209130285223 0.678275552403197 0.644459802015891 0.610644051647346 0.57682830126707 0.543012550894474 0.509196800551127 0.47538105021732 0.441565299863973 0.40774954946578 0.373933799012072 0.340118048546944 0.306302298128182 0.272486547822001 0.238670797728323 0.20485504795217 0.171039298585245 0.137223549681966 0.103407801160915 0.0695920529125278 0.0357763048504688 0.00196055689421299
-1.02502765298799 -0.990497873912305 -0.95596809495396 -0.921438316260506 -0.886908537900928 -0.852378759905271 -0.817848982226385 -0.783319204798779 -0.748789427560784 -0.714259650441351 -0.679729873328063 -0.645200096098164 -0.610670318650714 -0.576140540972039 -0.541610763080055 -0.507080985031754 -0.472551206908965 -0.438021428853771 -0.40349165100975 -0.368961873466228 -0.334432096298964 -0.299902319563533 -0.26537254323477 -0.230842767256025 -0.196312991525448 -0.161783215931201 -0.127253440366705 -0.0927236647479295 -0.0581938890757941 -0.0236641133724541
-1.06932184677691 -1.02943303467851 -0.989562422191165 -0.949744292122497 -0.910018914774188 -0.870423646315596 -0.830978198892757 -0.791697867306127 -0.752597920997159 -0.713696426116085 -0.675022661007256 -0.636608707063553 -0.598486498602285 -0.560687381638475 -0.523244727020343 -0.486200593231171 -0.449590745204458 -0.413417086039503 -0.377662257371369 -0.342265716812372 -0.307156125969141 -0.272273302678476 -0.23760168969785 -0.203132065043276 -0.168835922844226 -0.134672630783016 -0.100572334639852 -0.0664712340735077 -0.0323589661591204 0.00176147267407928
-0.957392579704223 -0.924677435630844 -0.891962291616027 -0.859247147704689 -0.826532003877191 -0.793816860093381 -0.761101716295595 -0.728386572419054 -0.695671428388041 -0.662956284148771 -0.630241139746142 -0.597525995249723 -0.564810850745307 -0.532095706383589 -0.499380562354778 -0.466665418942251 -0.433950276406902 -0.401235134826532 -0.368519994217252 -0.335804854531516 -0.303089715705864 -0.270374577680459 -0.237659440409947 -0.204944303828271 -0.172229167772082 -0.139514032072006 -0.106798896631876 -0.0740837613744038 -0.0413686262246003 -0.0086534911080542
-1.03339084739573 -0.996673065377837 -0.959955283404486 -0.923237501526142 -0.886519719727839 -0.849801937966064 -0.813084156148541 -0.77636637417369 -0.739648591951486 -0.702930809422436 -0.666213026637598 -0.629495243675674 -0.592777460609865 -0.556059677491387 -0.51934189437793 -0.482624111375086 -0.445906328581712 -0.409188546021851 -0.372470763703039 -0.335752981641608 -0.299035199856087 -0.262317418358513 -0.225599637134932 -0.188881856156915 -0.152164075364093 -0.115446294695995 -0.0787285141236705 -0.0420107336266414 -0.00529295318679604 0.031424827213386
-1.0648520921602 -1.02395213540672 -0.983032094572354 -0.942116819907899 -0.901269329414542 -0.860570830623689 -0.820137121437213 -0.780073999823148 -0.740412673643702 -0.701179297916911 -0.66245440638992 -0.624332127492158 -0.586887003353678 -0.550115230907046 -0.514014672687588 -0.47866819883917 -0.444192057728054 -0.410751003001557 -0.378488277931031 -0.347412579002934 -0.317498966007501 -0.288702769384599 -0.260900402172631 -0.23394547643598 -0.207679317744423 -0.181941325281117 -0.156575479177354 -0.13143376501476 -0.106395609228171 -0.0813472984657237
-0.990360885974304 -0.95768682731865 -0.925012768668423 -0.892338710031807 -0.859664651450049 -0.826990592952026 -0.79431653448407 -0.761642475987255 -0.728968417464158 -0.696294358951187 -0.663620300558571 -0.630946242414991 -0.598272184643762 -0.565598127346715 -0.532924070644672 -0.500250014755882 -0.467575959899413 -0.434901906200169 -0.40222785374508 -0.369553802563352 -0.336879752669757 -0.304205704045489 -0.271531656537427 -0.238857609956214 -0.206183564101864 -0.173509518769409 -0.140835473744591 -0.108161428838928 -0.0754873839763551 -0.0428133391089075
1.01683295806172 0.981567006435884 0.946301054822783 0.911035103204621 0.875769151510833 0.840503199663956 0.805237247611695 0.769971295334109 0.734705342915505 0.699439390450972 0.664173437974494 0.628907485504779 0.593641533055461 0.558375580619889 0.523109628171589 0.487843675625078 0.452577722872864 0.417311769778415 0.38204581621389 0.34677986211524 0.311513907434366 0.276247952140877 0.240981996275219 0.205716039889029 0.170450083007879 0.135184125661728 0.0999181679241517 0.0646522098828596 0.0293862516384747 -0.00587970670515154
-0.960911381752294 -0.928695103365524 -0.896478824985886 -0.864262546624814 -0.83204626830063 -0.799829990023241 -0.767613711762015 -0.735397433474116 -0.703181155108441 -0.670964876618856 -0.63874859798738 -0.606532319203069 -0.574316040244132 -0.542099761045382 -0.509883481538958 -0.477667201689675 -0.445450921475363 -0.413234640893224 -0.381018359964966 -0.348802078790951 -0.316585797491202 -0.28436951617386 -0.252153234899526 -0.219936953711252 -0.187720672629428 -0.155504391675057 -0.12328811089425 -0.0910718303217155 -0.058855549921425 -0.0266392696396676
-0.991781420933078 -0.957766239134725 -0.92375105745459 -0.889735876020387 -0.855720694889371 -0.821705514095726 -0.787690333651805 -0.753675153546273 -0.719659973694889 -0.68564479402175 -0.65162961455722 -0.617614435358229 -0.583599256468547 -0.549584077879306 -0.515568899550363 -0.481553721369108 -0.447538543199658 -0.413523364885514 -0.379508186268122 -0.345493007201329 -0.311477827542082 -0.27746264716671 -0.243447466029074 -0.209432284126531 -0.175417101552895 -0.141401918446508 -0.107386735027381 -0.0733715515017946 -0.0393563679394481 -0.00534118437589328
-0.954033403533191 -0.920598855628308 -0.887164307832266 -0.853729760273926 -0.82029521303404 -0.786860666190395 -0.753426119857047 -0.719991574145197 -0.686557029118364 -0.653122484784095 -0.619687940973737 -0.586253397474587 -0.552818854064438 -0.519384310483089 -0.485949766483231 -0.452515221907134 -0.419080676622832 -0.385646130511834 -0.352211583487017 -0.318777035573258 -0.285342486823434 -0.25190793731856 -0.218473387252205 -0.185038836824535 -0.15160428614956 -0.118169735315583 -0.0847351843942452 -0.0513006334440413 -0.0178660824875418 0.0155684684616637
-0.990492892007331 -0.956353653920793 -0.922214415816481 -0.888075177624051 -0.853935939213464 -0.819796700474396 -0.785657461435064 -0.751518222164134 -0.717378982753525 -0.683239743292448 -0.649100503836027 -0.614961264430865 -0.580822025114662 -0.546682785889506 -0.512543546739654 -0.478404307613666 -0.444265068455627 -0.41012582922742 -0.375986589881521 -0.34184735031499 -0.307708110411029 -0.273568870060393 -0.23942962918404 -0.20529038772615 -0.171151145693569 -0.137011903120259 -0.10287266008596 -0.06873341668943 -0.0345941730597152 -0.000454929333431845
-0.96799249123559 -0.941276072974932 -0.914116730177503 -0.885832492107619 -0.85622470464286 -0.825490783079421 -0.794929103774687 -0.765636388590026 -0.736801780341557 -0.707332070528205 -0.676912224425388 -0.645421750752644 -0.612655047266003 -0.578066067867456 -0.54102842437039 -0.5009348040878 -0.457378478846187 -0.41073598302646 -0.361849889389386 -0.312643661660764 -0.265310986307648 -0.221753956958696 -0.18270829588897 -0.148498740800474 -0.118972462456583 -0.0937719640785275 -0.072198645657601 -0.0534174840495109 -0.0363888667975509 -0.0200220341169117
1.01707078409405 0.980996487959156 0.944922191763555 0.908847895427908 0.8727735989323 0.836699302277718 0.800625005489318 0.764550708603058 0.728476411673921 0.692402114733961 0.656327817704483 0.620253520479103 0.584179222962393 0.548104925102744 0.512030626860445 0.475956328199565 0.439882029075316 0.403807729403698 0.367733429091283 0.331659128046128 0.295584826176665 0.259510523418663 0.223436219817244 0.187361915447576 0.15128761039565 0.115213304765736 0.0791389987243911 0.0430646924392861 0.00699038602025465 -0.029083920437329
-1.05156979846617 -0.990359523884622 -0.930873261204699 -0.873324154236986 -0.820162434807563 -0.774816306660856 -0.742388773199181 -0.72630663280087 -0.72161706409043 -0.721052865937917 -0.716468937949404 -0.699500704914964 -0.663970284735322 -0.612446567753789 -0.551145573534417 -0.492125066081647 -0.446282203163774 -0.41402997316413 -0.392575216908753 -0.376784354379477 -0.360938700347085 -0.339288461949316 -0.305959415791736 -0.257208994176549 -0.197945682724673 -0.135296296995025 -0.0766099189797968 -0.0270701895655929 0.017023281216618 0.0615918910497758
-1.04320849258896 -1.00678234708224 -0.970356201578458 -0.933930056065581 -0.897503910560231 -0.8610777651053 -0.824651619820068 -0.78822547483343 -0.75179933023636 -0.715373186092171 -0.67894704239145 -0.642520899106603 -0.606094756215974 -0.56966861372165 -0.533242471621359 -0.496816329871642 -0.460390188407856 -0.423964047121814 -0.387537905904729 -0.35111176468897 -0.314685623417192 -0.278259482037803 -0.241833340522222 -0.205407198835704 -0.168981056895843 -0.132554914635355 -0.0961287720951014 -0.0597026293460046 -0.0232764864710912 0.0131496564435868
-1.03775319884355 -1.00154166711704 -0.965330135279361 -0.92911860320656 -0.89290707077785 -0.856695537897072 -0.820484004563422 -0.784272470813829 -0.748060936740772 -0.711849402447159 -0.675637868022073 -0.639426333551136 -0.60321479912106 -0.56700326482292 -0.530791730754986 -0.494580197039961 -0.458368663772602 -0.422157130911449 -0.385945598398137 -0.34973406624291 -0.313522534473163 -0.277311003130312 -0.241099472311862 -0.204887942083527 -0.168676412327779 -0.132464882894639 -0.0962533536875674 -0.0600418246302932 -0.0238302956741763 0.0123812332225154
0.935431338856877 0.908942074029215 0.882370110147926 0.855630130260804 0.828606446297813 0.801193506122227 0.773356672448421 0.74508859762465 0.716420177683614 0.687382898025392 0.657972357835161 0.628175184744368 0.597987673051225 0.567444783720994 0.536573866882475 0.505333162651568 0.473648781246569 0.441387423308258 0.408416256969898 0.374663729912221 0.34007360970282 0.304570843064729 0.268005093342719 0.230257274544022 0.191408586703948 0.151618159929486 0.111156558586233 0.0702917736589707 0.0291700683505953 -0.0120927260814691
-0.993984334930747 -0.96016102065519 -0.92633770637299 -0.892514392128518 -0.858691077937204 -0.824867763797182 -0.791044449666369 -0.757221135495993 -0.723397821250757 -0.689574506886838 -0.655751192312825 -0.621927877425413 -0.588104562142232 -0.554281246464675 -0.520457930408578 -0.486634613963802 -0.452811297144252 -0.418987980085998 -0.385164662927219 -0.351341345692371 -0.317518028377477 -0.283694710966064 -0.249871393391672 -0.216048075590853 -0.182224757562189 -0.148401439325737 -0.114578120925424 -0.080754802411524 -0.0469314838358386 -0.0131081652505507
-0.956875950713776 -0.934133079663554 -0.911229084289851 -0.887963331549287 -0.864244795819739 -0.839858458292805 -0.813983719993689 -0.785814793720808 -0.755210719531829 -0.722270921077509 -0.687391529121733 -0.651042851206666 -0.613605002540963 -0.575097328999238 -0.535470818884598 -0.49476379954816 -0.453086202552028 -0.410747037254246 -0.368129260557587 -0.32571254174781 -0.284000728206415 -0.243503615567732 -0.204754792477397 -0.168317007210387 -0.134845853547719 -0.104868989016083 -0.0783094806188095 -0.0548071913409307 -0.0334737586176352 -0.0132887634966513
-0.986880524014755 -0.951091045398796 -0.915301566713546 -0.879512087846022 -0.843722608742614 -0.807933129359977 -0.772143649636437 -0.736354169493435 -0.700564688803202 -0.664775207441354 -0.628985725346274 -0.593196242472034 -0.557406758816353 -0.521617274551524 -0.48582778987948 -0.450038304946122 -0.41424881989093 -0.378459334883719 -0.342669850108331 -0.306880365774366 -0.271090882097864 -0.235301399250447 -0.19951191722607 -0.163722435972654 -0.127932955431671 -0.0921434755339503 -0.0563539961742143 -0.0205645172353742 0.0152249614107984 0.0510144398953167
-1.0120990625922 -0.973074552547337 -0.934819696648361 -0.897726010042292 -0.861805880349543 -0.82722544745802 -0.795144987852215 -0.766193070999197 -0.737877301699761 -0.707456401933338 -0.674314527060146 -0.638367190785607 -0.599678042583833 -0.558903275003716 -0.516658704167727 -0.472806097417886 -0.427181324396925 -0.380270712730878 -0.33285790903269 -0.286265377879648 -0.241950288340121 -0.201456409041698 -0.166673906848846 -0.139427735209612 -0.120935595669507 -0.111654470820354 -0.109605719341766 -0.112327335446703 -0.117859479393719 -0.12436785295277
-0.949045885216556 -0.917017584368038 -0.885014999680757 -0.853035226528354 -0.82109316535034 -0.789220172189962 -0.757495620439538 -0.725982107829776 -0.69462711209586 -0.663354124275312 -0.632105808610522 -0.600829622645097 -0.569457644531625 -0.537860434858614 -0.50590287566941 -0.473488652390788 -0.440546828714528 -0.407069178008997 -0.373058396566768 -0.338498162700649 -0.30336740022851 -0.267647110629082 -0.231326606024545 -0.194398155528808 -0.156857545579236 -0.118730498704173 -0.0801589644724437 -0.0413042962750948 -0.00228923575160136 0.0367731283964549
-1.00306838789361 -0.967150505094848 -0.931232622289556 -0.895314739465038 -0.859396856688057 -0.82347897404265 -0.787561091602525 -0.75164320942921 -0.715725327545862 -0.679807445921861 -0.643889564349847 -0.607971682578276 -0.572053800359725 -0.53613591746325 -0.500218033678356 -0.464300148859871 -0.428382262891316 -0.39246437570566 -0.356546487252468 -0.320628597498244 -0.284710706413723 -0.248792813977199 -0.21287492019719 -0.17695702509764 -0.141039128733961 -0.105121231211915 -0.0692033328071983 -0.0332854338201168 0.00263246552053773 0.0385503650038512
-0.997097397393864 -0.961578756690096 -0.92606011596414 -0.89054147516821 -0.855022834230155 -0.819504193085752 -0.783985551726846 -0.748466910149537 -0.71294826831086 -0.67742962616805 -0.641910983718199 -0.606392340968363 -0.570873697923776 -0.535355054582376 -0.499836410938426 -0.46431776697877 -0.428799122691059 -0.393280478073568 -0.357761833152994 -0.322243188059082 -0.286724542947341 -0.251205897956717 -0.215687253159918 -0.180168608583524 -0.144649964135846 -0.109131319707858 -0.0736126752394588 -0.038094030698706 -0.00257538611738019 0.0329432584568074
1.01485860638268 0.980509569341395 0.946160532247433 0.911811495066599 0.87746245779832 0.843113420449022 0.80876438301953 0.774415345515143 0.740066307964656 0.705717270389077 0.671368232754751 0.637019195014359 0.60267015710269 0.568321118882961 0.533972080206843 0.499623040951406 0.465274000997831 0.430924960218346 0.396575918505838 0.36222687584477 0.327877832242501 0.293528787732166 0.259179742449999 0.224830696543835 0.190481650104817 0.156132603216431 0.121783555988222 0.087434508532143 0.0530854609437188 0.0187364133143644
-0.96692930139904 -0.933904640306813 -0.900879979308052 -0.867855318472668 -0.834830657764551 -0.801805997100863 -0.768781336317886 -0.735756675253169 -0.702732013830223 -0.669707351996306 -0.636682689707715 -0.603658026923009 -0.570633363613063 -0.537608699798032 -0.504584035486564 -0.47155937059199 -0.438534705030671 -0.4055100388264 -0.372485372023977 -0.339460704644792 -0.306436036704382 -0.273411368226629 -0.240386699268782 -0.207362029891574 -0.174337360136294 -0.14131269005258 -0.108288019742915 -0.0752633493140694 -0.0422386788371249 -0.0092140083742411
-1.06357490251686 -1.02550505553681 -0.987435208592354 -0.949365361746407 -0.911295514991567 -0.873225668287322 -0.835155821531015 -0.797085974618316 -0.759016127500352 -0.720946280154575 -0.682876432608285 -0.644806584901245 -0.60673673707889 -0.568666889209352 -0.530597041389025 -0.492527193804665 -0.454457346660344 -0.416387500139049 -0.378317654388726 -0.340247809438245 -0.302177965286709 -0.264108121916184 -0.226038279240584 -0.187968437151098 -0.149898595516158 -0.11182875420636 -0.0737589131237032 -0.0356890721841952 0.00238076867152497 0.0404506094966611
-1.00231594514757 -0.967773598669409 -0.933231252175733 -0.898688905676835 -0.864146559196132 -0.829604212758068 -0.795061866378054 -0.760519520069905 -0.725977173850095 -0.691434827723871 -0.656892481648952 -0.622350135571168 -0.587807789441765 -0.553265443233641 -0.518723096909028 -0.484180750365851 -0.449638403485934 -0.415096056151013 -0.380553708264948 -0.346011359820174 -0.311469010831273 -0.276926661327313 -0.242384311395307 -0.207841961154656 -0.173299610796349 -0.138757260500158 -0.1042149103294 -0.069672560303141 -0.0351302103798926 -0.00058786050302846
-0.898636702995601 -0.876439214084287 -0.852415955460657 -0.827947658644017 -0.806417116780022 -0.791605122821935 -0.786882407327104 -0.791865074794065 -0.791560787882028 -0.771128783061546 -0.730943033887886 -0.675181198187493 -0.609179784176607 -0.542910701630643 -0.486564921894239 -0.44657426102975 -0.423472282906044 -0.397958697900322 -0.352266014981015 -0.294591790973143 -0.239624844665874 -0.199141349230193 -0.173266895364337 -0.158508981857171 -0.148553322332794 -0.137537852475652 -0.124231181376349 -0.108106463414831 -0.0868243607222739 -0.0575924123676605
-0.886971955794763 -0.887048084716357 -0.885009074849032 -0.879482962351753 -0.86916768855515 -0.852734223537432 -0.828675747195444 -0.796466828458205 -0.759685382564776 -0.722110468682254 -0.684222375379836 -0.64567669857724 -0.606326369918364 -0.566813663943819 -0.527916302406153 -0.490164453008957 -0.453608421510404 -0.416626619935954 -0.377475014939856 -0.335591685424222 -0.290710238353129 -0.243248062205445 -0.196357671519208 -0.153230164774942 -0.114475850163939 -0.080346490518813 -0.0522404575266946 -0.0311806795300298 -0.0155417026380041 -0.00303597740148823
-0.961960949330266 -0.931943865756201 -0.901857673927634 -0.871623035090369 -0.841175792596498 -0.810468017632701 -0.779501510617724 -0.748270470647016 -0.716688962290771 -0.684659632710126 -0.652119593955237 -0.619014574298515 -0.585296462655428 -0.550941790513679 -0.515943267919565 -0.480333676581546 -0.444160273386965 -0.40748814427654 -0.370388279430998 -0.332937456937739 -0.295213901860831 -0.257306515304306 -0.21934690253205 -0.181439758193675 -0.143539430321835 -0.105571860624866 -0.067499712130795 -0.0293093116913922 0.00895507986629299 0.0472347182213917
-1.02429432772274 -0.983861969982466 -0.943563564933266 -0.903526178851995 -0.863850596180207 -0.824611147442223 -0.785802629328732 -0.747420420612751 -0.709541762230261 -0.6722404712714 -0.635494807279971 -0.599259140413192 -0.563498349660958 -0.528219349343871 -0.493460373037824 -0.459342896009149 -0.425995282139619 -0.393490208082321 -0.361861107560416 -0.331040129806052 -0.300934102928626 -0.271430112181853 -0.242336271396737 -0.213462533269117 -0.184705177376909 -0.155978488527043 -0.127182445560447 -0.0982393934193153 -0.0691754474169172 -0.0400426654592892
-0.91390670264365 -0.893994177223687 -0.874183209796339 -0.854275943201138 -0.833808467038184 -0.812295711866593 -0.789434025320964 -0.764982513395868 -0.738769898450272 -0.710708282348306 -0.68097366861035 -0.649808036170844 -0.617418054618018 -0.583869156155244 -0.549193850701305 -0.513434196421486 -0.476714013640443 -0.439474623073827 -0.402242342598071 -0.365565978341765 -0.329999958496536 -0.295939058978342 -0.263139446600461 -0.231228618894323 -0.199958005366655 -0.169161701048447 -0.138880531092434 -0.109154210639979 -0.0798112846651936 -0.0506275056003775
1.00339623346253 0.969335631169365 0.93527502886588 0.901214426507338 0.867153824031448 0.83309322137491 0.79903261848796 0.764972015337739 0.730911411945484 0.696850808340163 0.662790204527584 0.628729600507762 0.594668996292131 0.56060839193779 0.526547787502913 0.492487183004297 0.458426578432727 0.424365973716324 0.39030536875639 0.356244763409627 0.322184157521589 0.28812355095785 0.254062943664079 0.220002335630095 0.185941726942212 0.151881117700484 0.11782050796343 0.0837598977942748 0.0496992873166108 0.0156386766691211
-0.967910075185492 -0.936156727501818 -0.904377154599794 -0.872561733095932 -0.840768949626711 -0.809058748858093 -0.777428797554023 -0.745851006825172 -0.714256543071136 -0.682564345115412 -0.65068518618817 -0.618527798121251 -0.585998395321459 -0.55299312249546 -0.51943218677474 -0.485342114690223 -0.450762929555415 -0.415682322414712 -0.380070166282326 -0.343877394320829 -0.307050204729885 -0.269554701566875 -0.231436612320069 -0.192768712700665 -0.153652347880713 -0.114196541859031 -0.074512464480675 -0.0347011879814415 0.00517875168614758 0.045079452640389
-0.994907334255711 -0.958930885230379 -0.922954436224439 -0.88697798728529 -0.851001538389997 -0.815025089495271 -0.779048640546736 -0.74307219148048 -0.707095742205525 -0.671119292614106 -0.635142842558368 -0.599166391880439 -0.56318994043759 -0.527213488147685 -0.491237034968651 -0.455260580958068 -0.4192841262063 -0.383307670835178 -0.347331214954995 -0.311354758598406 -0.275378301778663 -0.239401844523061 -0.203425386915083 -0.167448929041694 -0.13147247094761 -0.095496012648944 -0.0595195540896663 -0.0235430952295453 0.012433363836304 0.0484098229789299
-0.9854909451923 -0.951266233926994 -0.91704152250393 -0.88281681072921 -0.848592098411883 -0.814367385393817 -0.78014267164521 -0.745917957165908 -0.711693241946019 -0.677468525983072 -0.643243809314012 -0.609019091985639 -0.574794374058473 -0.540569655647921 -0.50634493690123 -0.472120218038116 -0.437895499274493 -0.403670780738573 -0.369446062516705 -0.335221344615474 -0.30099662702152 -0.266771909721374 -0.232547192701118 -0.198322475946988 -0.164097759446297 -0.129873043190974 -0.0956483271903503 -0.0614236114421058 -0.027198895879924 0.00702581957851139
-0.996527500040292 -0.962428718690936 -0.928329937372574 -0.894231156142071 -0.860132375168965 -0.826033594637566 -0.791934814678588 -0.757836035422299 -0.723737257050765 -0.689638479740892 -0.655539703597136 -0.621440928705848 -0.587342155128929 -0.553243382830494 -0.519144611750715 -0.485045841831751 -0.450947073003824 -0.416848305147404 -0.38274953812366 -0.348650771766303 -0.314552005902182 -0.280453240349683 -0.246354474893348 -0.212255709345319 -0.178156943661981 -0.144058177841382 -0.109959411903958 -0.0758606458753831 -0.0417618797798899 -0.00766311364134856
-0.95513117767795 -0.92303929781279 -0.890947417830491 -0.858855537630108 -0.826763657163976 -0.794671776406108 -0.762579895363954 -0.730488014054496 -0.698396132499419 -0.66630425070023 -0.634212368573034 -0.602120486012583 -0.5700286029132 -0.537936719167477 -0.505844834716841 -0.473752949699768 -0.441661064302592 -0.409569178706011 -0.377477293073531 -0.345385407505498 -0.313293522086472 -0.281201636879911 -0.24910975186487 -0.217017866992691 -0.184925982188254 -0.152834097375316 -0.120742212499589 -0.0886503275277858 -0.0565584424886636 -0.0244665574264893
-1.01087219266648 -0.975254550293776 -0.939631697619515 -0.903999260256247 -0.868351655948326 -0.832681649900926 -0.796976605030708 -0.761222949377238 -0.725408773760233 -0.689524248447762 -0.653566198721157 -0.617533113615065 -0.581424575006224 -0.545244536139723 -0.508997902673565 -0.472689018549046 -0.436321455213682 -0.399896255856593 -0.36341520504552 -0.326885581121097 -0.290316035867182 -0.253714012455859 -0.217082119612099 -0.18042307277831 -0.143744848713727 -0.107055221024532 -0.0703558893878497 -0.0336474782775378 0.00306761471658035 0.0397865487256886
-1.02646155042544 -0.986195796493831 -0.945894018036472 -0.905567168582712 -0.865361055644637 -0.825451139194805 -0.785996635064934 -0.747134562607195 -0.708929399396443 -0.67142409083502 -0.634647995412563 -0.598627074890526 -0.563368123440576 -0.528801264875219 -0.494859308426054 -0.461562475360203 -0.428946510814662 -0.397021843370384 -0.365778070506957 -0.335146781854528 -0.305045065080882 -0.275407223913581 -0.246236426319269 -0.217538485374855 -0.189260930359192 -0.161348823324426 -0.13379564121392 -0.106585710784038 -0.0796183431519363 -0.0527715955249723
-1.03361077201167 -1.01491566009154 -0.969232395630302 -0.876355739469089 -0.781865083907525 -0.734080326907927 -0.726498757624914 -0.736673560871004 -0.733204112898014 -0.692737078253701 -0.633062083230305 -0.582254494556182 -0.558491145309849 -0.540354733970463 -0.504432583589509 -0.458924650107129 -0.418582708231141 -0.392753174851373 -0.383782185692629 -0.371420109637587 -0.329768373858394 -0.246690356125752 -0.165097236604588 -0.126373044946939 -0.110745406359042 -0.0912729358375145 -0.0734946119862684 -0.0688678923589421 -0.0800437867007767 -0.107471692804914
1.00223164316997 0.967566961819362 0.932902280411444 0.898237598901463 0.863572917210205 0.828908235272018 0.794243553109982 0.759578870779565 0.724914188377058 0.690249505986425 0.655584823601502 0.620920141193598 0.586255458747687 0.551590776303436 0.516926093907621 0.482261411580763 0.447596729356729 0.412932047348988 0.378267365692184 0.343602684526023 0.308938003991482 0.274273324220992 0.23960864531281 0.204943967311866 0.170279290083964 0.135614613444424 0.100949937185774 0.0662852611226649 0.031620585181034 -0.00304409068535774
-1.06281465054153 -1.02253020199231 -0.982282111174835 -0.942090272389293 -0.901952541609153 -0.86187383665182 -0.821909361037167 -0.78212613998014 -0.742588199773502 -0.703355179217564 -0.664472166065017 -0.625980610306646 -0.587911685891929 -0.550255462605121 -0.512988154684448 -0.476071658349242 -0.439464753438893 -0.403128072291918 -0.367014585330633 -0.331044762813415 -0.295130949957657 -0.259198386577755 -0.223223890876132 -0.187195511381863 -0.151094639542632 -0.1149064278105 -0.07863772973642 -0.0423034723560031 -0.00592917554457978 0.0304569926125889
-1.00378234174531 -0.96956059037483 -0.935338838915061 -0.901117087271066 -0.866895335360514 -0.832673583112843 -0.798451830491938 -0.764230077474437 -0.730008324053516 -0.695786570253101 -0.66156481620356 -0.627343062061876 -0.593121307960441 -0.558899553933304 -0.524677799963974 -0.490456045932165 -0.456234291701354 -0.422012537173869 -0.387790782243427 -0.353569026730459 -0.319347270437071 -0.285125513174364 -0.250903754789423 -0.216681995173087 -0.182460234355259 -0.148238472431595 -0.114016709621725 -0.0797949461751393 -0.0455731823368009 -0.0113514183505401
-1.08022961553523 -1.03200462298235 -0.984132588067213 -0.936881475154063 -0.890359994242102 -0.844639929953109 -0.799804619764186 -0.755946516638595 -0.713182982628912 -0.671609101299413 -0.631205933171856 -0.591926033007366 -0.55373185749253 -0.516625471015764 -0.480642084697335 -0.44590988888305 -0.412526632786341 -0.380375321865574 -0.349301940517772 -0.319219132649655 -0.290056207045365 -0.261759036821755 -0.234339752426528 -0.207795350574364 -0.181996035717021 -0.156764993284143 -0.13186412487984 -0.107073143420015 -0.0823042908932502 -0.0575029415563033
1.01796204538066 0.982486373155641 0.947010700915952 0.91153502864986 0.876059356388321 0.840583684164933 0.805108011981162 0.769632339829305 0.734156667697116 0.698680995571225 0.66320532343829 0.627729651284979 0.592253979091199 0.556778306809806 0.521302634430107 0.485826962114256 0.450351290065807 0.414875618481062 0.379399947527868 0.343924277267496 0.308448607734572 0.272972938945246 0.23749727084177 0.202021603336231 0.16654593629396 0.131070269590328 0.0955946031876101 0.0601189370581588 0.0246432711277208 -0.0108323946896086
-0.857927147560569 -0.89912026492332 -0.929300735138719 -0.936431979214967 -0.914100813021285 -0.862986951704208 -0.806518312658506 -0.767425168957529 -0.74289901414072 -0.723778517456978 -0.70102983052693 -0.665650975564138 -0.612961607900064 -0.555567915337775 -0.506669949452154 -0.46455668443373 -0.425657570719528 -0.393875041116897 -0.372729888499596 -0.356743363636711 -0.338186831771159 -0.3118921011876 -0.28293275233766 -0.256398973010025 -0.22720560817464 -0.188640766510648 -0.137660954352749 -0.0738612429128936 -0.00372256525650059 0.0645526800876459
-0.970587929929693 -0.935786732584621 -0.900985535259501 -0.866184337969507 -0.831383140701127 -0.796581943428633 -0.76178074610612 -0.726979548673755 -0.69217835103618 -0.65737715309869 -0.622575954804715 -0.587774756107221 -0.552973556959542 -0.51817235731648 -0.483371157139617 -0.448569956416168 -0.413768755153687 -0.378967553415435 -0.34416635129376 -0.309365148941657 -0.274563946527279 -0.239762744200351 -0.204961542036881 -0.170160340080654 -0.135359138320292 -0.100557936714389 -0.0657567351565977 -0.03095553354751 0.00384566811959554 0.0386468698282676
-0.946594539449311 -0.918995401382345 -0.89140642711851 -0.863831205215035 -0.836225580742095 -0.808520610001812 -0.780595937711137 -0.752332930626475 -0.723671255247191 -0.694571005666427 -0.665015686609455 -0.63499465545958 -0.60449252973637 -0.573474967504444 -0.541917024684981 -0.509850308080361 -0.477315049431774 -0.44432942935446 -0.410902474106863 -0.377028643646194 -0.342698756354353 -0.307919152329071 -0.272758258531387 -0.237300855086495 -0.201635047912913 -0.165845524772139 -0.129999975004279 -0.094152311909156 -0.0583183430468536 -0.0225043495425203
-0.98198574764739 -0.951068812721324 -0.919898822021169 -0.888136637072982 -0.855422908447135 -0.821483055221744 -0.786401781461565 -0.750436703288198 -0.714177800063973 -0.678154557736174 -0.642322125351164 -0.606492067730074 -0.570500171691365 -0.53427911204281 -0.497869221052488 -0.461644572840383 -0.426045481277366 -0.391443477385957 -0.358153455446315 -0.326332545617524 -0.296098437028401 -0.267550879328254 -0.240717864248373 -0.215562140160346 -0.191857239914978 -0.169327777333037 -0.147691905635913 -0.1266840021762 -0.106109801430659 -0.0857928771570963
1.01583277337642 0.982042492238924 0.948389245730811 0.91409341415966 0.877217255662272 0.835950447206032 0.790150463251457 0.74051976260696 0.689472943979415 0.639693400735228 0.593227564980458 0.551962628506081 0.517353764515252 0.489128071859854 0.46612879178261 0.44539180944088 0.424022552875928 0.401211977749999 0.376884498851483 0.351812839852374 0.326981801645566 0.302667957711372 0.276314971879776 0.245118364948368 0.20811399523549 0.165024278211199 0.116477520431677 0.0634205767456004 0.00716860408551064 -0.0508711650950845
-1.08092997353644 -1.02114087285739 -0.961885654196963 -0.903887234711348 -0.848252925943531 -0.796069733823021 -0.747959047438667 -0.704388367899583 -0.665675261236612 -0.631910506876344 -0.60242767290663 -0.576371024580638 -0.552738336660618 -0.529941421945151 -0.506492684567377 -0.481892855962351 -0.45594795380265 -0.428696813409036 -0.400200890307542 -0.370379303197094 -0.339115586569841 -0.306451652899042 -0.273062926582397 -0.239622237865688 -0.206158528462591 -0.172464814244323 -0.138034296244353 -0.102445745643722 -0.0659200290514847 -0.0288385369336983
-1.01695968680666 -0.981821387605199 -0.946683088372828 -0.911544789089118 -0.876406489780828 -0.841268190448143 -0.806129890937759 -0.77099159105714 -0.735853290610317 -0.700714989411473 -0.665576687318845 -0.630438384201683 -0.595300079962331 -0.560161774635503 -0.525023468296206 -0.48988516104825 -0.454746852998308 -0.419608544235711 -0.3844702348428 -0.349331924891303 -0.314193614450294 -0.279055303581673 -0.243916992318655 -0.208778680688532 -0.173640368723585 -0.138502056462461 -0.103363743964259 -0.0682254312944565 -0.0330871185235873 0.00205119427655022
-0.967377637519032 -0.933863095161504 -0.900348552816257 -0.866834010548856 -0.833319468434217 -0.799804926567668 -0.766290385116822 -0.732775844251259 -0.699261304076124 -0.665746764681558 -0.632232226162132 -0.598717688613519 -0.56520315210932 -0.531688616634827 -0.498174082154516 -0.464659548637887 -0.431145016069682 -0.397630484490554 -0.364115953938024 -0.330601424381158 -0.297086895771907 -0.263572368070462 -0.230057841269959 -0.196543315387298 -0.163028790501478 -0.129514266668798 -0.0959997437926462 -0.0624852217118789 -0.0289707001601184 0.00454382115532124
-1.00341730063151 -0.968770773376405 -0.934124246215177 -0.899477719260308 -0.864831192641125 -0.830184666477116 -0.7955381408316 -0.760891615753363 -0.726245091289246 -0.691598567462532 -0.656952044204217 -0.622305521422228 -0.587658999006576 -0.55301247677562 -0.518365954564974 -0.48371943235093 -0.449072910173615 -0.414426388187803 -0.379779866569494 -0.345133345464938 -0.310486825012948 -0.275840305335378 -0.241193786486259 -0.206547268476096 -0.171900751209128 -0.137254234549861 -0.102607718310119 -0.0679612023070293 -0.0333146864315897 0.00133182940673379
-0.983927383463548 -0.94977244151158 -0.915617499628193 -0.881462557774708 -0.847307615780098 -0.81315267343681 -0.778997730523532 -0.744842786823548 -0.710687842152282 -0.67653289636069 -0.642377949409708 -0.608223001287767 -0.574068051976159 -0.539913101427629 -0.5057581495687 -0.471603196249569 -0.437448241367196 -0.403293285081931 -0.369138327624319 -0.334983369242288 -0.300828410188114 -0.266673450710525 -0.232518491044051 -0.198363531399185 -0.164208571904462 -0.130053612631199 -0.0958986535037991 -0.0617436944244264 -0.0275887353532052 0.0065662237352505
0.947996323634563 0.91634557521403 0.88469482669543 0.853044078054875 0.821393329344753 0.789742580635275 0.758091831991679 0.72644108348224 0.694790335192348 0.663139587187288 0.631488839434811 0.599838091878282 0.568187344466125 0.536536597167011 0.504885849945912 0.47323510273278 0.441584355428204 0.409933607850375 0.378282859815431 0.346632111213728 0.314981361954174 0.283330611944634 0.251679861088805 0.220029109317969 0.188378356677931 0.156727603282963 0.125076849406696 0.0934260953206827 0.0617753411287987 0.0301245868930013
-1.0331736793659 -0.991014425233635 -0.948947006453227 -0.907120082104556 -0.865712565498389 -0.824892286252706 -0.784752484983466 -0.7453432684991 -0.706616797379962 -0.668514178364428 -0.631030249051036 -0.594173279753367 -0.557970832808565 -0.522527638648033 -0.48792894258056 -0.454104881330214 -0.420950176963532 -0.388373001501652 -0.356288803063084 -0.32462868420124 -0.293327661078258 -0.262320227168205 -0.231538785192868 -0.20090925514151 -0.17033371682559 -0.139718796787773 -0.109013148673365 -0.0781847852093269 -0.0472371283465949 -0.0161824523420981
-1.01765189489271 -0.983040998993517 -0.948430103187215 -0.913819207620874 -0.879208312466658 -0.84459741786275 -0.809986523786331 -0.775375630163498 -0.740764736877003 -0.706153843797712 -0.671542950792277 -0.636932057726299 -0.602321164495161 -0.567710271113377 -0.533099377630852 -0.498488484119922 -0.463877590644819 -0.429266697214911 -0.394655803819749 -0.360044910424471 -0.325434016988109 -0.290823123468548 -0.256212229819084 -0.221601336005525 -0.186990442048313 -0.152379547971897 -0.1177686537621 -0.0831577594057807 -0.0485468649325463 -0.0139359703826932
-0.933105995367958 -0.902000533982026 -0.870895072631698 -0.8397896113149 -0.808684150022806 -0.777578688748642 -0.746473227500604 -0.715367766287263 -0.684262305103735 -0.653156843952745 -0.622051382880909 -0.590945921945816 -0.559840461205405 -0.528735000719015 -0.497629540559396 -0.466524080851537 -0.435418621716896 -0.404313163210571 -0.373207705348299 -0.342102248054738 -0.310996791231778 -0.279891334775436 -0.248785878558234 -0.217680422447871 -0.186574966316266 -0.155469510071142 -0.124364053759232 -0.0932585974507746 -0.0621531411710068 -0.031047684933917
-0.954543357996155 -0.922641283593481 -0.890739209196861 -0.858837134792055 -0.826935060444835 -0.79503298624341 -0.763130912285735 -0.731228838653652 -0.699326765354809 -0.667424692371269 -0.635522619656974 -0.603620547158832 -0.571718474837218 -0.539816402706376 -0.50791433080932 -0.476012259250281 -0.444110188116434 -0.412208117365516 -0.380306046927481 -0.348403976750577 -0.316501906787628 -0.284599836988473 -0.252697767291023 -0.220795697627546 -0.188893627919665 -0.15699155809776 -0.125089488137884 -0.093187418036888 -0.0612853478291383 -0.02938327755838
-1.04463966033361 -1.00853552939091 -0.972431398591779 -0.936327268146219 -0.900223138287389 -0.86411900922697 -0.828014881067566 -0.791910753874483 -0.755806627672915 -0.71970250247013 -0.683598378241799 -0.6474942549557 -0.611390132554916 -0.57528601088378 -0.539181889799756 -0.503077769311579 -0.466973649470761 -0.430869530348628 -0.394765411991321 -0.358661294324431 -0.322557177243411 -0.286453060621438 -0.250348944242598 -0.214244827882579 -0.178140711372593 -0.142036594600317 -0.105932477623773 -0.0698283605357147 -0.033724243397488 0.00237987373741348
-1.02487648285694 -0.989282927180915 -0.953689371505978 -0.918095815834523 -0.882502260214246 -0.846908704684626 -0.811315149206978 -0.775721593697481 -0.740128037969941 -0.704534481842089 -0.668940925249732 -0.633347368158191 -0.597753810521018 -0.562160252244669 -0.526566693242398 -0.490973133501729 -0.455379573052786 -0.419786012021806 -0.384192450551769 -0.348598888756502 -0.313005326742542 -0.277411764593912 -0.241818202304567 -0.206224639849488 -0.170631077217831 -0.135037514413295 -0.0994439514835858 -0.0638503884791742 -0.0282568254175769 0.00733673769192751
-1.04346052400096 -1.00734572689783 -0.97123092979315 -0.93511613270702 -0.899001335663972 -0.86288653869006 -0.826771741813016 -0.790656945049723 -0.754542148372008 -0.718427351750099 -0.682312555192909 -0.646197758719021 -0.610082962338919 -0.573968166030688 -0.537853369736353 -0.501738573286093 -0.465623776496904 -0.429508979244897 -0.393394181427315 -0.357279382966807 -0.321164583792376 -0.285049783852982 -0.248934983177414 -0.212820181824225 -0.176705379891207 -0.140590577501818 -0.104475774842952 -0.0683609720924656 -0.0322461693286159 0.00386863339523805
-1.00926423940126 -0.971875591654785 -0.934515076829149 -0.897230490018052 -0.86008113408872 -0.823125801650717 -0.786409736509431 -0.749970535459982 -0.713828756060582 -0.677993465026605 -0.642444804938968 -0.607155687344975 -0.572105680341512 -0.537300978223793 -0.502751831777551 -0.46845809155227 -0.434414134058581 -0.400602839887947 -0.367007989262518 -0.333628456846353 -0.300466890913992 -0.267521707429849 -0.234774393117852 -0.202203915788409 -0.169796096838343 -0.137527455277325 -0.105330446979994 -0.073139046222028 -0.0409373640182864 -0.00872204556842342
-1.02010540626367 -0.984890005722175 -0.949674605151015 -0.91445920453665 -0.879243803953323 -0.844028403512745 -0.808813003388711 -0.773597603754107 -0.738382204716107 -0.703166806323159 -0.667951408454519 -0.632736010947146 -0.59752061366158 -0.562305216552679 -0.527089819595015 -0.491874422747693 -0.456659025954417 -0.421443629112751 -0.386228232124949 -0.351012834958178 -0.315797437595828 -0.28058204002121 -0.245366642217312 -0.210151244176186 -0.174935845926448 -0.139720447507758 -0.104505048967372 -0.0692896503503218 -0.0340742516851487 0.00114114700372784
-1.02606067757092 -0.992000104992947 -0.957939532309837 -0.923878959433457 -0.889818386375388 -0.855757813179641 -0.82169723992026 -0.787636666654006 -0.753576093338462 -0.719515519925163 -0.685454946440605 -0.651394372930028 -0.61733379943572 -0.583273225988161 -0.549212652570395 -0.515152078987529 -0.481091505024611 -0.447030930564405 -0.412970355546001 -0.378909780036101 -0.344849204133307 -0.3107886279308 -0.276728051500075 -0.242667474901583 -0.208606898173298 -0.174546321364338 -0.140485744590881 -0.1064251679552 -0.0723645914368661 -0.0383040149847801
-0.894493253063683 -0.943938921563961 -0.937867944283273 -0.872809675222199 -0.796381738583903 -0.753865210108161 -0.730106701478602 -0.700476384379446 -0.662873134553415 -0.621463015805682 -0.582952140132713 -0.554681631578801 -0.541797792999105 -0.540667642492262 -0.544295443658127 -0.541013726857958 -0.518405734166061 -0.465729287747516 -0.380448359077096 -0.291176936777553 -0.234316513758633 -0.231946339993721 -0.248856693710746 -0.243818485564768 -0.208814127664808 -0.147367212425651 -0.0759545520311737 -0.0107226472980867 0.0464564661946422 0.0972793691774811
0.977741551883573 0.944037661832954 0.910334279740695 0.876632063355891 0.842928552190001 0.80922001636903 0.775500766714785 0.74176398790547 0.708000319349074 0.674200970364546 0.640361975184906 0.60648057427169 0.572554181325578 0.538580903003817 0.504559718584107 0.470492404869398 0.436382181778141 0.402235244165566 0.36805854256373 0.333859075275241 0.299643852545342 0.265419508443476 0.231191172335869 0.196963169481845 0.162738113416316 0.128518336702988 0.094306759745151 0.0601053502351427 0.025911677181898 -0.00827779007649748
0.980748873638641 0.946389508031185 0.912030142431508 0.877670776844632 0.843311411318193 0.808952045894584 0.774592680552608 0.740233315259061 0.70587394999632 0.671514584733071 0.637155219367641 0.60279585378077 0.568436487865286 0.534077121562361 0.499717754841662 0.46535838773848 0.430999020314193 0.396639652668888 0.36228028492167 0.327920917229003 0.293561549756687 0.259202182653766 0.224842816002254 0.190483449848777 0.15612408416546 0.12176471889574 0.0874053539428256 0.0530459892057129 0.0186866246067929 -0.0156727399256953
-1.07260848990329 -1.0311952479243 -0.989798971395838 -0.948431518346573 -0.907124919437512 -0.865917806530686 -0.824855043659842 -0.783997750052338 -0.743465833538272 -0.703376255595352 -0.663775403689011 -0.624692021781609 -0.58614717125458 -0.548131183165652 -0.51063373343885 -0.473672607787107 -0.437259787361148 -0.401355925273951 -0.365910399149956 -0.330878812697188 -0.296218326144567 -0.261897199959234 -0.22792809556121 -0.194314884780894 -0.160981880137324 -0.127826877945295 -0.0947211690140011 -0.061555119978899 -0.0283219062860946 0.00495959441564328
-0.973796326011157 -0.940567526856319 -0.907338727659209 -0.874109928373935 -0.840881129022869 -0.807652329661054 -0.774423530405969 -0.741194731355221 -0.707965932464514 -0.674737133654704 -0.641508334849173 -0.608279535971936 -0.575050736952742 -0.541821937744284 -0.508593138298141 -0.475364338538491 -0.442135538386709 -0.408906737780354 -0.375677936658653 -0.342449134951305 -0.309220332585628 -0.275991529497311 -0.24276272565553 -0.209533921061776 -0.176305115813336 -0.14307631002786 -0.109847503808659 -0.076618697256464 -0.0433898904760306 -0.0101610835731206
-0.98797905491363 -0.945774631596665 -0.90450925925674 -0.864488291531756 -0.82574701618666 -0.788160371728539 -0.751231965506008 -0.714437745283544 -0.677514351647544 -0.64048576316271 -0.604264617485041 -0.569985717043361 -0.538480891233528 -0.509370077319536 -0.481916919814379 -0.455171784358926 -0.428405403521088 -0.401983256449072 -0.376282172451963 -0.350629634902056 -0.324090790687447 -0.29566666803839 -0.264101820553766 -0.228259226739325 -0.187732039359666 -0.142413278871291 -0.0926652622394497 -0.0391117235437578 0.0170472311874773 0.0744674029387742
