-1.01078198877148 -0.976060276860319 -0.941338564903763 -0.906616852858644 -0.871895140672654 -0.837173428311423 -0.802451715821493 -0.767730003270413 -0.733008290728862 -0.698286578250219 -0.663564865815533 -0.628843153387772 -0.594121440916802 -0.559399728300076 -0.524678015405038 -0.489956302031504 -0.455234587981763 -0.420512873135626 -0.385791157414095 -0.351069440825396 -0.316347723399561 -0.28162600517733 -0.246904286242259 -0.212182566686274 -0.177460846591955 -0.142739126047577 -0.108017405173537 -0.0732956840875512 -0.038573962864484 -0.00385224156848742
-1.04460601063753 -1.00768287762578 -0.970743634263557 -0.933666792252557 -0.896379157040827 -0.858820818616514 -0.820936711381755 -0.782684288671635 -0.744066235139024 -0.705122654436416 -0.665998094896999 -0.626863216024139 -0.587886066412982 -0.549224251025812 -0.511018557551616 -0.473352948219061 -0.436324244797256 -0.400137532677392 -0.364985608048618 -0.330903846669843 -0.297888269192411 -0.265910189359582 -0.234842093282268 -0.204559479292632 -0.175048722240205 -0.146286632274178 -0.118100884225008 -0.090288013629981 -0.0626691341724191 -0.0350715040721547
-0.95112912217181 -0.928253876125013 -0.905140324191395 -0.881582348458027 -0.857465029877256 -0.832700219806462 -0.80721565235788 -0.780964705472752 -0.753987449653482 -0.7263108586532 -0.697822826666783 -0.668376477999545 -0.637855100066849 -0.606262632724248 -0.573627769364033 -0.539957565085254 -0.505257722240617 -0.469550170490691 -0.432858196579217 -0.39519428827473 -0.356568233601965 -0.316982172605564 -0.276407653409798 -0.234820204380128 -0.192241866767163 -0.148747491223695 -0.104576653126078 -0.05999061733225 -0.0151726819028933 0.0297133468006207
-0.982755913123048 -0.950120966267948 -0.917486019432312 -0.884851072621818 -0.852216125833276 -0.819581179050447 -0.786946232213776 -0.754311285278804 -0.721676338304777 -0.689041391407384 -0.656406444824386 -0.623771498824062 -0.591136553631206 -0.558501609296676 -0.525866665826851 -0.493231723224137 -0.460596781523675 -0.427961840895522 -0.395326901505586 -0.362691963368258 -0.330057026460051 -0.297422090741711 -0.264787156110912 -0.232152222432199 -0.199517289500665 -0.166882357089594 -0.13424742495448 -0.101612492880068 -0.0689775607858973 -0.0363426286252074
-1.07152823202472 -1.02354137496021 -0.975690031899259 -0.928061833353423 -0.881001384233534 -0.834869283924095 -0.789833135304981 -0.746094640576269 -0.704184895723465 -0.664583454222534 -0.627234305725837 -0.591947548929835 -0.558506292893414 -0.526585688125154 -0.495958520617882 -0.466896076851705 -0.439567134196259 -0.413231933092019 -0.386959231787286 -0.359960396690813 -0.331482446251472 -0.300869497309937 -0.267854060274107 -0.232305165205325 -0.194249527211506 -0.153880329420609 -0.111898941994213 -0.069053946370127 -0.0257745820574556 0.0175897469168725
-1.01278254953233 -0.978230539418885 -0.943678529218701 -0.909126518883706 -0.874574508438109 -0.840022497909628 -0.805470487267746 -0.770918476459074 -0.736366465396983 -0.701814453976373 -0.667262442051516 -0.632710429466523 -0.598158416048109 -0.563606401553391 -0.529054385765029 -0.494502368637425 -0.459950350178495 -0.425398330438441 -0.39084630950783 -0.356294287596375 -0.321742264943582 -0.287190241796024 -0.25263821842855 -0.218086195083926 -0.183534171848305 -0.148982148761193 -0.114430125832141 -0.0798781030569119 -0.0453260804060752 -0.010774057843904
-0.977152642483687 -0.944038643520146 -0.910924644526906 -0.877810645439803 -0.84469664617911 -0.811582646669018 -0.778468646864947 -0.745354646727187 -0.712240646204267 -0.67912664524833 -0.646012643837723 -0.612898641957347 -0.579784639622907 -0.54667063697334 -0.513556634186468 -0.480442631472422 -0.447328629030011 -0.41421462698042 -0.381100625407519 -0.347986624323512 -0.314872623722689 -0.281758623585445 -0.248644623836598 -0.215530624409855 -0.182416625330051 -0.14930262663644 -0.116188628334834 -0.083074630402621 -0.0499606327369335 -0.0168466352148418
-0.968548193930744 -0.945749953781732 -0.922726712185847 -0.898921969767297 -0.873539314092846 -0.846090350118926 -0.81755866541807 -0.788945811851284 -0.759853215817348 -0.729618730894868 -0.69792604484397 -0.664545303970164 -0.629490017326533 -0.593747144956467 -0.558464812343479 -0.524462355741259 -0.492499591097368 -0.46342704236466 -0.43775142946679 -0.414513548205295 -0.392387713351188 -0.369701633573859 -0.343396593136216 -0.31032087963302 -0.268337218392909 -0.216282155579205 -0.155873082960086 -0.089553928031383 -0.0197939155946729 0.0509314052220293
-1.00576511928688 -0.969325894485117 -0.932886669702268 -0.896447444967153 -0.860008220262475 -0.823568995550876 -0.787129770760858 -0.750690545860014 -0.714251321006423 -0.677812096363783 -0.641372871927783 -0.604933647652111 -0.568494423488413 -0.53205519938018 -0.495615975294822 -0.459176751303588 -0.422737527477383 -0.386298303781897 -0.349859080153123 -0.313419856513502 -0.276980632782084 -0.240541408874396 -0.204102184691866 -0.167662960153765 -0.131223735264842 -0.0947845100639918 -0.0583452846412071 -0.0219060590907876 0.0145331665268429 0.0509723921597296
-0.943119520825515 -0.912438890553329 -0.881758260351311 -0.851077630285591 -0.820397000518096 -0.789716371210591 -0.759035742428409 -0.728355114166396 -0.697674486233894 -0.666993858400217 -0.636313230460066 -0.605632602214491 -0.574951973487386 -0.544271344194021 -0.513590714300208 -0.482910083882533 -0.45222945304326 -0.421548821876568 -0.390868190456711 -0.360187558786327 -0.32950692685015 -0.298826294645318 -0.268145662218598 -0.23746502961833 -0.206784396849549 -0.176103763913756 -0.145423130841636 -0.114742497668383 -0.0840618644180426 -0.0533812311118755
-0.996328098286613 -0.963225963115662 -0.930123827893571 -0.897021692549052 -0.863919556953629 -0.8308174209902 -0.797715284644337 -0.764613147925972 -0.7315110108398 -0.698408873397812 -0.665306735646425 -0.632204597640663 -0.599102459433184 -0.566000321067188 -0.53289818258628 -0.499796044045139 -0.466693905485154 -0.433591766883481 -0.400489628213249 -0.367387489495699 -0.3342853507641 -0.301183212047419 -0.26808107335741 -0.234978934707459 -0.201876796134711 -0.16877465768332 -0.135672519401719 -0.102570381319038 -0.0694682433829222 -0.0363661055206443
-1.00656347716583 -0.972330253219471 -0.938097029237159 -0.903863805211265 -0.869630581232588 -0.835397357406654 -0.801164133799484 -0.766930910468022 -0.73269768747242 -0.698464464868104 -0.664231242688369 -0.629998020960977 -0.595764799692882 -0.561531578807795 -0.52729835821025 -0.493065137811325 -0.458831917532496 -0.424598697330294 -0.39036547716924 -0.356132257010741 -0.321899036815425 -0.287665816521764 -0.253432595979599 -0.219199375038263 -0.184966153633698 -0.150732931739267 -0.116499709391399 -0.0822664866587878 -0.0480332636761078 -0.0138000405945282
-0.988141670475785 -0.955549038627337 -0.922878589433288 -0.890045455950456 -0.856985158893811 -0.823641416637125 -0.78997035053125 -0.755944571529448 -0.721590246017546 -0.686941658187239 -0.652012008021121 -0.616809224449513 -0.581337239728563 -0.545583999417737 -0.509530638777381 -0.473147038568056 -0.436409385269148 -0.399330342735137 -0.361929606561863 -0.32421852193551 -0.286206346439846 -0.247903029176558 -0.209321285319004 -0.170479882953457 -0.131419035746176 -0.0921906824187634 -0.0528722163342293 -0.0135337286710787 0.0258093527716065 0.0651552660395999
-1.06997639988865 -0.968854737743467 -0.906061130250131 -0.87678234365464 -0.878740200979538 -0.900903473277316 -0.894693666943697 -0.821977291260289 -0.723948131709009 -0.648788751586559 -0.593309549248474 -0.541477881814996 -0.489628770766196 -0.48356789502146 -0.547921577577162 -0.573128060298305 -0.466337838654881 -0.335738503668237 -0.301606788501619 -0.331538899334548 -0.354960910600612 -0.32123413148938 -0.259460810214349 -0.213143248471758 -0.2036430228649 -0.229055148907926 -0.216549122851364 -0.115941380661593 -0.0385616364320207 -0.136117923787813
-1.01185030768691 -0.977437447292869 -0.94302458700159 -0.908611726901301 -0.87419886708746 -0.839786007648806 -0.805373148639953 -0.770960290091141 -0.736547431969224 -0.702134574224653 -0.667721716805671 -0.633308859659969 -0.59889600273532 -0.564483145979834 -0.530070289353328 -0.49565743286211 -0.461244576512651 -0.426831720265571 -0.392418864072806 -0.358006007897407 -0.323593151705201 -0.289180295479266 -0.254767439271675 -0.220354583137727 -0.185941727076635 -0.151528871067954 -0.117116015068686 -0.0827031590405087 -0.0482903029863608 -0.0138774469194969
-1.03699102363266 -1.00037244329006 -0.963753863028151 -0.9271352828969 -0.890516702883952 -0.853898122970338 -0.817279543172989 -0.780660963508114 -0.744042383953125 -0.707423804469892 -0.6708052249969 -0.634186645466789 -0.59756806583316 -0.560949486133451 -0.524330906414213 -0.487712326674592 -0.451093746892034 -0.414475167004583 -0.377856586971896 -0.341238006879503 -0.304619426844397 -0.268000846996595 -0.231382267518191 -0.194763688570419 -0.158145110178987 -0.121526532315651 -0.0849079548718716 -0.0482893777210263 -0.0116708007444448 0.0249477761745543
-1.03220708987191 -0.9964811208788 -0.960755151848119 -0.925029182805528 -0.889303213808304 -0.853577244908456 -0.817851276105328 -0.782125307403807 -0.746399338883626 -0.710673370623365 -0.674947402622151 -0.639221434859249 -0.60349546730169 -0.567769499867593 -0.532043532460832 -0.496317564977224 -0.460591597298956 -0.424865629261721 -0.389139660707915 -0.353413691553232 -0.31768772173169 -0.281961751167955 -0.246235779749273 -0.210509807395161 -0.174783834191614 -0.139057860266589 -0.10333188574942 -0.0676059107747192 -0.0318799354968408 0.00384603992492642
-0.977241211321601 -0.944275720527799 -0.911310229670413 -0.878344738661629 -0.845379247395193 -0.8124137557639 -0.779448263675164 -0.746482771029901 -0.713517277688441 -0.680551783532904 -0.647586288573175 -0.614620792851081 -0.581655296420876 -0.548689799386529 -0.515724301833592 -0.482758803724242 -0.44979330498726 -0.416827805541233 -0.383862305338302 -0.350896804475023 -0.317931303084056 -0.284965801293065 -0.252000299209726 -0.219034796915586 -0.186069294407637 -0.153103791678445 -0.120138288787419 -0.0871727858039175 -0.0542072827702709 -0.0212417797220497
-1.00565789856999 -0.970212895526959 -0.934767892379289 -0.899322889060037 -0.863877885551755 -0.828432881847768 -0.792987877934983 -0.757542873826182 -0.722097869644059 -0.686652865511362 -0.651207861441145 -0.615762857419041 -0.580317853441455 -0.544872849547897 -0.509427845792793 -0.473982842247136 -0.438537838961038 -0.403092835884509 -0.367647832945071 -0.332202830080402 -0.296757827230719 -0.261312824339585 -0.225867821363954 -0.190422818277838 -0.154977815110106 -0.119532811903173 -0.0840878086988044 -0.0486428055275467 -0.0131978023757283 0.0222472007813771
0.996753887160342 0.96241581668954 0.928077746374456 0.893739676368995 0.859401606859559 0.825063537993601 0.790725469730292 0.756387401989059 0.722049334718619 0.68771126789251 0.653373201554228 0.619035135764765 0.584697070573912 0.550359005986671 0.516020942023754 0.481682878813511 0.447344816473319 0.413006754969035 0.378668694220776 0.344330634117228 0.30999257453922 0.275654515374598 0.241316456539299 0.206978397948579 0.172640339486906 0.138302281052711 0.103964222631073 0.0696261642244065 0.0352881058178333 0.000950047392150112
-0.964114645473647 -0.931649550698161 -0.899184455816352 -0.866719360682075 -0.83425426512578 -0.801789168992224 -0.769324072206797 -0.736858974741125 -0.704393876671158 -0.671928778097457 -0.639463679114703 -0.606998579816108 -0.574533480278251 -0.542068380511182 -0.50960328052269 -0.477138180378037 -0.444673080158754 -0.412207979953963 -0.379742879844125 -0.347277779867456 -0.314812680051608 -0.282347580405923 -0.249882480866492 -0.217417381377152 -0.184952281985997 -0.152487182766839 -0.12002208379212 -0.0875569851055572 -0.0550918866373393 -0.0226267882892717
1.02241285641675 0.98338818477326 0.944363513161089 0.905338841609902 0.866314170080444 0.82728949848065 0.788264826576126 0.749240154109201 0.71021548087142 0.671190806696297 0.632166131536003 0.593141455372375 0.554116778183182 0.515092099929922 0.476067420574171 0.437042740094078 0.398018058479592 0.358993375751283 0.319968691964314 0.280944007281608 0.241919321893025 0.202894635983987 0.163869949722163 0.124845263264296 0.0858205767411668 0.0467958902613324 0.00777120387040366 -0.0312534824119181 -0.0702781686066262 -0.109302854744888
-1.03935484479738 -1.00456079676724 -0.969766748726709 -0.934972700661706 -0.900178652611013 -0.865384604601839 -0.830590556562243 -0.795796508404185 -0.761002460074374 -0.726208411534436 -0.691414362770892 -0.656620313776493 -0.621826264558117 -0.587032215179162 -0.552238165720134 -0.51744411627346 -0.482650066950165 -0.447856017923764 -0.41306196935149 -0.378267921262982 -0.343473873655976 -0.308679826516164 -0.273885779781064 -0.239091733374797 -0.204297687216072 -0.169503641234974 -0.134709595412504 -0.099915549736519 -0.0651215041713786 -0.0303274586755679
0.995718499815351 0.958726026025825 0.92173200658534 0.88473714246339 0.847733864635237 0.810719224852928 0.77371702796989 0.736756595687043 0.699862563993909 0.663064173785309 0.62641377128866 0.58996947906453 0.553782496721554 0.517876332060642 0.482258531149497 0.446900484930727 0.411766134220742 0.376825774456273 0.342053887700379 0.307435347901115 0.272957626977788 0.238611397994142 0.204400138591679 0.170327833050784 0.136387687629625 0.102568569760314 0.0688527695929731 0.0352195449777211 0.00164260184667608 -0.0319057418475451
-1.03255999841833 -0.996026140851502 -0.959492283156994 -0.922958425264582 -0.886424567142076 -0.849890708764658 -0.813356850098936 -0.776822991122123 -0.740289131862419 -0.70375527234153 -0.667221412504207 -0.630687552275961 -0.594153691595527 -0.557619830454531 -0.521085968877158 -0.484552106964935 -0.448018244828014 -0.411484382533712 -0.374950520147076 -0.338416657766914 -0.301882795500475 -0.265348933440156 -0.228815071618942 -0.192281210062994 -0.155747348830579 -0.119213487969392 -0.0826796274527424 -0.0461457672259066 -0.00961190719642846 0.0269219527375825
0.998202585053467 0.963531330136855 0.928860075320066 0.894188820711418 0.859517566331594 0.824846312163726 0.79017505812837 0.755503804123947 0.72083255002293 0.686161295721777 0.651490041238836 0.616818786622932 0.582147531908324 0.547476277071027 0.512805022063777 0.478133766804429 0.443462511214578 0.408791255265636 0.374119998950305 0.339448742296636 0.304777485341514 0.270106228132261 0.235434970757942 0.200763713292033 0.16609245570391 0.131421197957401 0.0967499400982295 0.0620786821857706 0.0274074242521186 -0.00726383367745305
-0.980970014429693 -0.947505136451233 -0.91404025848461 -0.880575380570579 -0.847110502706543 -0.813645624890663 -0.780180747167487 -0.746715869607947 -0.713250992342141 -0.679786115480429 -0.646321238995051 -0.612856362823718 -0.579391486908093 -0.545926611205654 -0.512461735677806 -0.478996860285869 -0.44553198499362 -0.412067109774763 -0.378602234601866 -0.345137359433024 -0.311672484222719 -0.278207608914237 -0.244742733406099 -0.211277857603135 -0.177812981480182 -0.144348105033846 -0.110883228277812 -0.0774183512439652 -0.0439534740198999 -0.0104885967071391
-1.00861248798016 -0.974963068761079 -0.941313649450358 -0.907664229922275 -0.87401480999101 -0.840365389486342 -0.806715968360555 -0.773066546604406 -0.739417124240053 -0.705767701302656 -0.672118277847972 -0.638468853936907 -0.60481942963606 -0.571170005034797 -0.537520580224142 -0.503871155278982 -0.470221730280647 -0.43657230535238 -0.402922880604624 -0.369273456054713 -0.335624031696704 -0.301974607518605 -0.268325183484244 -0.234675759550425 -0.201026335670065 -0.167376911807181 -0.13372748797409 -0.100078064189871 -0.0664286404523444 -0.0327792167540175
-1.01682454336428 -0.982474626944427 -0.94812471050743 -0.91377479406408 -0.879424877654938 -0.845074961301024 -0.810725044915433 -0.776375128407417 -0.742025211778794 -0.70767529505436 -0.67332537825828 -0.638975461414562 -0.604625544570516 -0.570275627866664 -0.535925711459352 -0.501575795475013 -0.467225880011294 -0.432875965080608 -0.398526050667342 -0.364176136728994 -0.329826223216341 -0.295476310057936 -0.26112639709342 -0.226776484126855 -0.192426570908873 -0.158076657226484 -0.123726743065644 -0.0893768284835039 -0.0550269136230735 -0.0206769986488238
-0.985519541701182 -0.95217045780819 -0.918821373861036 -0.885472289834513 -0.852123205690965 -0.818774121389187 -0.785425036886192 -0.752075952155029 -0.718726867234656 -0.685377782210709 -0.652028697289627 -0.61867961270805 -0.585330528661934 -0.551981445184488 -0.518632362300868 -0.485283280166745 -0.451934198936179 -0.418585118626239 -0.385236039216531 -0.351886960673788 -0.318537882961523 -0.28518880603567 -0.251839729821842 -0.218490654221828 -0.185141579072458 -0.151792504203975 -0.118443429485261 -0.0850943548109317 -0.0517452801398969 -0.0183962054471423
-1.02469516680995 -0.989164226271086 -0.953627003741448 -0.918077671385877 -0.882497319975466 -0.846869227309367 -0.811198500692699 -0.775500677292726 -0.739811184219309 -0.704165713774353 -0.668581129085346 -0.633069585986169 -0.597644022038634 -0.562320501716271 -0.527117087376685 -0.49205670600205 -0.457159674720837 -0.422431006622122 -0.387874196080733 -0.353501966653889 -0.319329349194405 -0.285370543669236 -0.251636426501887 -0.218132153368838 -0.184843320501921 -0.15174274423115 -0.118771680723919 -0.0858700857327442 -0.05300427351325 -0.020147147946837
-1.06993709045281 -1.02905514729826 -0.988191262427103 -0.947359476211508 -0.906593252333934 -0.865925863469855 -0.825370394956522 -0.784948296300999 -0.744734661027843 -0.704807493873666 -0.665202800405804 -0.625946086399278 -0.58705723095233 -0.54853360645611 -0.510368843838636 -0.472564114882487 -0.435112732827869 -0.397969035890933 -0.361080828527332 -0.324408755174783 -0.287916670266517 -0.251561029532898 -0.215268693892816 -0.17896749550728 -0.14261874631726 -0.106196749862703 -0.0696942962995183 -0.0331144676434309 0.00351697326653683 0.0401685933855381
1.04315510589042 0.982769458300844 0.923174619300041 0.865907165385118 0.812652827944706 0.765416689920317 0.727332085573435 0.700434132917032 0.681236833650047 0.665279245381709 0.649721765676443 0.632130127087472 0.609955392380863 0.580189945174061 0.54091596191925 0.49503346955619 0.446605429445365 0.399528690142578 0.356970068325206 0.319342365961595 0.286369881342835 0.257595742583553 0.231838397092513 0.207830959157695 0.184689891289778 0.161369771525161 0.135794291780417 0.106213180958884 0.0732112020308008 0.0379568764831266
-0.983193095648229 -0.949353732986077 -0.91551437041876 -0.881675008013867 -0.847835645802289 -0.813996283819518 -0.780156922156128 -0.746317560879986 -0.712478199913048 -0.67863883913406 -0.644799478394862 -0.610960117540566 -0.577120756426013 -0.543281394944965 -0.509442032983089 -0.475602670354761 -0.441763306880097 -0.40792394247346 -0.374084577080664 -0.340245210679051 -0.306405843253847 -0.272566474801331 -0.238727105361998 -0.204887734996423 -0.171048363801308 -0.137208991911169 -0.103369619575665 -0.0695302470424903 -0.0356908744363337 -0.0018515018511317
-0.96675459072211 -0.933514074371861 -0.900273557925993 -0.867033041319696 -0.8337925245864 -0.800552007764818 -0.767311490816581 -0.734070973703137 -0.700830456462317 -0.667589939133026 -0.634349421682106 -0.60110890405838 -0.567868386208997 -0.534627868074419 -0.501387349625084 -0.468146830958044 -0.434906312202915 -0.401665793492947 -0.368425274941232 -0.335184756576601 -0.301944238406816 -0.268703720447491 -0.235463202745637 -0.202222685339148 -0.168982168198043 -0.135741651263425 -0.102501134428611 -0.0692606175938033 -0.036020100734542 -0.00277958384520066
-0.920870757328705 -0.89957042476256 -0.878133465333014 -0.856389482619508 -0.834110687107795 -0.811082756691602 -0.787202631990218 -0.762341185670947 -0.736153755867576 -0.708346681903306 -0.679045842392502 -0.648482000772325 -0.616861735331347 -0.584294883763801 -0.550850782626199 -0.516533504518499 -0.481348898144326 -0.445375180578532 -0.408696182299722 -0.371345819030287 -0.333345527803564 -0.294727629977297 -0.255567984206869 -0.215962840077803 -0.176046473598541 -0.135955060429213 -0.0957943484137832 -0.0556451563928271 -0.0155190150095367 0.024589867142242
-1.01607054952728 -0.9809946970861 -0.945918844607798 -0.910842992085268 -0.875767139427224 -0.840691286520129 -0.80561543324561 -0.770539579491691 -0.735463725176813 -0.700387870252571 -0.665312014772763 -0.630236158816737 -0.595160302484519 -0.56008444595885 -0.52500858942128 -0.489932732965881 -0.4548568766793 -0.419781020705955 -0.384705165191375 -0.349629310227774 -0.314553455894031 -0.279477602245403 -0.244401749242635 -0.209325896833217 -0.174250045006127 -0.139174193738315 -0.104098342917145 -0.0690224924111932 -0.0339466421034812 0.0011292081193589
-1.0287808808912 -0.994190124516465 -0.959599368163504 -0.925008611856219 -0.890417855562994 -0.85582709924668 -0.821236342903529 -0.786645586527961 -0.752054830073677 -0.717464073488671 -0.682873316738812 -0.648282559794442 -0.613691802650109 -0.579101045397195 -0.544510288122569 -0.509919530798209 -0.475328773355392 -0.440738015677478 -0.406147257646548 -0.371556499187497 -0.336965740235924 -0.30237498074701 -0.26778422075427 -0.233193460314724 -0.198602699501089 -0.164011938400035 -0.129421177138341 -0.094830415833219 -0.0602396545234972 -0.025648893228409
1.00077551161015 0.953574702064354 0.933964811693954 0.937118352595619 0.913452872633088 0.826416462982151 0.736334352299756 0.704197348181528 0.69678143649664 0.669659226165281 0.627804640038148 0.588541929448567 0.562967917172858 0.53726971175932 0.498999380913037 0.466078543194234 0.452042665280558 0.422513055464201 0.348029719981487 0.266721615230711 0.233614935150665 0.276136983179418 0.311319500752159 0.257377987659535 0.147658539116919 0.0412010260858998 -0.015310172911793 0.00150864040573575 0.0341939358008949 0.00507037590622209
-1.02045907378715 -0.983257019823835 -0.945245310913668 -0.905828486229667 -0.865943484480608 -0.82666914358704 -0.788119498780856 -0.750530170496422 -0.715587922666663 -0.684727031200546 -0.656920676412661 -0.630526764718999 -0.603866155279253 -0.575111518227908 -0.542525776925632 -0.50488105666301 -0.461432326092428 -0.412856725383531 -0.360754278367324 -0.308994372002969 -0.262013734031672 -0.223036966811131 -0.190440171165028 -0.162037167091132 -0.138241152817589 -0.119769363927606 -0.105955807194259 -0.0957444953611448 -0.0879026938640794 -0.0811534813119325
-0.976929595258365 -0.943959190072693 -0.910988339658147 -0.878016213204861 -0.845041541070617 -0.812062947978892 -0.779079074948305 -0.746088756801384 -0.713091587281153 -0.680087374246314 -0.647076023097784 -0.614057463622035 -0.581031688004784 -0.54799893802875 -0.514959525273136 -0.481913790906094 -0.448862142083925 -0.415805220326564 -0.382743844723152 -0.349679310275996 -0.316613030965698 -0.283546246041591 -0.250479495827949 -0.21741304720785 -0.184346772224653 -0.151280458454026 -0.118213950440581 -0.0851471469733342 -0.0520801068499578 -0.0190129288702893
-0.987179578836851 -0.952797034933107 -0.91843345344647 -0.884104264171985 -0.849813620666328 -0.815563181315002 -0.781355900057193 -0.747197270861416 -0.713101652259805 -0.679086312327553 -0.645171292748479 -0.611377328608559 -0.577722770857991 -0.544216433903872 -0.51086239915493 -0.477655352569532 -0.444590145158793 -0.411671683595185 -0.378903781570803 -0.346275825194879 -0.313773593680927 -0.281382328591453 -0.249085120884923 -0.216865788643844 -0.184713209050917 -0.152616693763806 -0.12056223323984 -0.0885354179842923 -0.0565235598945672 -0.0245144012160984
0.996495070614256 0.962169680771187 0.927844290877123 0.893518900892734 0.859193510736438 0.824868120329189 0.790542729644321 0.756217338688071 0.721891947545894 0.687566556307735 0.653241165002264 0.618915773642836 0.584590382229907 0.550264990712336 0.515939599031674 0.481614207151826 0.447288815048774 0.412963422724438 0.378638030175033 0.344312637348003 0.309987244178603 0.275661850615444 0.241336456660563 0.20701106234527 0.172685667764541 0.138360273016396 0.104034878147388 0.0697094831922071 0.035384088189561 0.00105869317916108
-1.00284027973568 -0.966484060746355 -0.930127841650537 -0.893771622286645 -0.857415402515131 -0.821059182221091 -0.784702961366146 -0.748346739931445 -0.711990517899695 -0.675634295265484 -0.639278072069349 -0.602921848363318 -0.566565624196409 -0.530209399605617 -0.493853174597454 -0.457496949068538 -0.421140722910466 -0.384784496104632 -0.348428268674553 -0.312072040722432 -0.275715812370139 -0.239359583728564 -0.203003354864659 -0.166647125834524 -0.130290896694769 -0.0939346674918159 -0.0575784382308063 -0.0212222089116779 0.0151340204451788 0.0514902498142601
-1.01361929689078 -0.980145519440839 -0.94667174195655 -0.913197964446522 -0.879724186992086 -0.846250409672883 -0.81277663248907 -0.779302855419109 -0.745829078434169 -0.712355301487383 -0.678881524467027 -0.645407747245165 -0.611933969724939 -0.5784601919338 -0.544986413910835 -0.511512635617368 -0.478038857000685 -0.444565078029689 -0.41109129870888 -0.377617519163551 -0.344143739549189 -0.31066996000878 -0.277196180635304 -0.243722401484885 -0.210248622516246 -0.176774843676355 -0.143301064962575 -0.109827286375167 -0.0763535078755784 -0.0428797294155539
-0.96922187933868 -0.93694893542066 -0.904676974524018 -0.8724063711439 -0.840134187963748 -0.807857446489283 -0.77557631532704 -0.743292439503887 -0.711010222627204 -0.67873528806435 -0.646475379642094 -0.614238771302056 -0.582033843488221 -0.54986940265402 -0.517753711240697 -0.485692429631288 -0.45369098934807 -0.421756508528502 -0.389895307768298 -0.358108830881009 -0.326397302484643 -0.29475994073941 -0.263191937974316 -0.231685886059304 -0.20022800085924 -0.168803788958666 -0.137402295825907 -0.106014629528914 -0.0746366096503749 -0.0432652336516644
-0.981585385687036 -0.947674727106688 -0.913764068352789 -0.87985340928324 -0.845942749903883 -0.812032090239564 -0.778121430243227 -0.744210769863492 -0.710300109103597 -0.676389447962401 -0.642478786366623 -0.608568124224951 -0.574657461449393 -0.54074679796525 -0.506836133730859 -0.472925468823409 -0.439014803362804 -0.405104137520946 -0.371193471473822 -0.337282805361756 -0.303372139316158 -0.269461473462049 -0.235550807898885 -0.201640142714413 -0.167729477975104 -0.133818813707518 -0.0999081497998424 -0.0659974861170008 -0.0320868225692192 0.00182384092194953
-1.01661447860085 -0.981925586442056 -0.947236694284056 -0.912547802069818 -0.877858909696962 -0.843170017070262 -0.808481124168467 -0.773792230998845 -0.739103337608755 -0.704414444040447 -0.669725550275638 -0.635036656280909 -0.600347762036725 -0.56565886757906 -0.530969972942804 -0.496281078102974 -0.461592183035412 -0.426903287779112 -0.392214392394376 -0.35752549696358 -0.322836601574616 -0.288147706275084 -0.253458810951408 -0.218769915467577 -0.184081019759004 -0.149392123793955 -0.114703227600691 -0.0800143312244967 -0.0453254347187679 -0.0106365381389286
-0.974993247633491 -0.941395516220117 -0.907797784854242 -0.874200053550061 -0.840602322319697 -0.807004591157421 -0.773406859988143 -0.739809128722613 -0.706211397284283 -0.672613665589896 -0.639015933516654 -0.605418200931875 -0.571820467712721 -0.538222733775746 -0.504624999048256 -0.471027263461178 -0.437429526958088 -0.403831789529527 -0.370234051210495 -0.336636312166833 -0.303038572597096 -0.269440832709969 -0.23584309275465 -0.202245352969073 -0.168647613505587 -0.135049874477353 -0.101452135926352 -0.0678543978456548 -0.034256660103868 -0.000658922538482223
-0.978890173320523 -0.945501037376506 -0.912111901448525 -0.878722765534294 -0.84533362961444 -0.811944493648443 -0.778555357528274 -0.745166221112696 -0.711777084195157 -0.678387946584146 -0.64499880821363 -0.611609669048945 -0.578220529093584 -0.544831388503684 -0.51144224747119 -0.478053106178646 -0.444663964813482 -0.411274823592069 -0.377885682718034 -0.344496542315074 -0.311107402486902 -0.277718263293576 -0.24432912462052 -0.210939986313261 -0.177550848232373 -0.144161710259015 -0.110772572341646 -0.077383434446749 -0.0439942965456063 -0.0106051586106995
0.968242452823191 0.936465448304667 0.904676901272902 0.872850920574744 0.840952136850175 0.808942256822391 0.776780769754332 0.744422316255838 0.71180435978462 0.678860361607992 0.645524951383798 0.611733050867514 0.577434057455432 0.5426352711071 0.507361318967664 0.471648234361391 0.435533247165371 0.399046967288839 0.362223346433682 0.325116323440231 0.28778483393343 0.250287234364222 0.212679564487565 0.175011627000802 0.137310593066815 0.0995944194779401 0.0618668370787868 0.0241291361905156 -0.0136129290117854 -0.0513524883895459
-0.968814607099489 -0.937375947961998 -0.9059372887325 -0.874498629403858 -0.843059970104261 -0.811621310988234 -0.780182652180313 -0.74874399379166 -0.717305335909922 -0.685866678630234 -0.654428022101201 -0.622989366484791 -0.591550711922194 -0.56011205847148 -0.528673406140057 -0.497234754815794 -0.465796104391112 -0.43435745489617 -0.402918806394685 -0.371480158946886 -0.340041512612124 -0.308602867420299 -0.277164223283496 -0.245725580075132 -0.214286937631767 -0.182848295788684 -0.151409654412897 -0.119971013383445 -0.0885323725957264 -0.0570937319492318
-1.05179393366426 -0.998399048268775 -0.945734057346315 -0.894691428776842 -0.845725271144938 -0.799138431240934 -0.755067067973543 -0.713693328497615 -0.675550000834151 -0.641066306540678 -0.609906560454658 -0.58154385073354 -0.555433385491382 -0.530958852668687 -0.507322819062557 -0.483074887070059 -0.456751293856672 -0.427487780061552 -0.39483514952278 -0.359404955400451 -0.322073938185166 -0.283685649334713 -0.244950884175636 -0.206420831733109 -0.168141011958056 -0.1299809715425 -0.0916120332171175 -0.0527400781146839 -0.013407444937732 0.0262594132187665
-1.06466803799447 -1.00673117728193 -0.947914928151446 -0.888629513516221 -0.831791031838663 -0.780328602810417 -0.734717555490837 -0.694856185960793 -0.660788449019499 -0.632132303109908 -0.60665606253159 -0.581665630548267 -0.55481424671924 -0.525144495786116 -0.492750127674149 -0.460540207860862 -0.431804787111127 -0.408542541786918 -0.391521282212544 -0.377876728964523 -0.363836580182425 -0.345985139665073 -0.322333133848288 -0.291366279642059 -0.25204383321604 -0.204254976056775 -0.151135051658717 -0.0961087873949179 -0.04051228414493 0.0148405138350688
-1.05309972889164 -1.01532338380004 -0.977547038825797 -0.939770694076918 -0.901994349646639 -0.864218005625997 -0.826441662112005 -0.788665319141428 -0.750888976504055 -0.713112633932641 -0.675336291178779 -0.637559947998773 -0.599783604188659 -0.562007259703414 -0.524230914540697 -0.48645456870997 -0.448678222252467 -0.410901875324708 -0.373125528108303 -0.335349180769952 -0.297572833472622 -0.259796486366924 -0.222020139554031 -0.184243793094903 -0.146467446939088 -0.108691101005671 -0.0709147552032957 -0.0331384094501773 0.00463793628674126 0.0424142820283355
-0.995383234387979 -0.960202009958091 -0.92502078573752 -0.889839561917697 -0.854658338574664 -0.819477115737094 -0.784295893359577 -0.749114671400011 -0.713933449903618 -0.678752228925268 -0.643571008471105 -0.608389788535087 -0.573208569105523 -0.53802735014811 -0.502846131594253 -0.467664913260795 -0.432483694958266 -0.397302476586504 -0.362121258071328 -0.326940039353193 -0.291758820376211 -0.256577601096483 -0.221396381518064 -0.186215161656597 -0.151033941526125 -0.115852721154658 -0.0806715006276787 -0.0454902800359581 -0.0103090594339416 0.0248721611330069
-0.959928828152119 -0.928768185331022 -0.897607542523121 -0.866446899767448 -0.835286257054758 -0.804125614344099 -0.772964971515949 -0.741804328440034 -0.710643685021642 -0.67948304118395 -0.648322396886109 -0.617161752096266 -0.586001106772641 -0.554840460833752 -0.523679814196253 -0.492519166809053 -0.461358518651202 -0.430197869790074 -0.399037220333877 -0.367876570465846 -0.336715920387972 -0.305555270271343 -0.274394620163439 -0.243233970089223 -0.212073320107184 -0.180912670280525 -0.149752020657753 -0.118591371260859 -0.0874307220204654 -0.05627007284435
-0.994064234064057 -0.960567153284977 -0.927065365406343 -0.893553050643944 -0.860021047259605 -0.826458374785584 -0.79285011978982 -0.759183121198873 -0.725455160338104 -0.691666165195145 -0.657813708007908 -0.623894772076872 -0.589905132636734 -0.555835732659057 -0.521678661073964 -0.487435422908955 -0.45310904028234 -0.418699187578309 -0.384206776714476 -0.349641017476262 -0.315013194116041 -0.280333194723421 -0.245605322736949 -0.210834014210918 -0.176029820313672 -0.141205836909236 -0.106379223530319 -0.0715642694617984 -0.0367597193285504 -0.00196043159045104
-1.02218611968134 -0.985972344633794 -0.949758569548977 -0.913544794379878 -0.877331019071305 -0.841117243582147 -0.804903467935794 -0.768689692173075 -0.73247591634008 -0.696262140483594 -0.660048364647938 -0.623834588876816 -0.587620813203372 -0.551407037618513 -0.515193262093002 -0.478979486559268 -0.442765710954886 -0.40655193527635 -0.370338159529522 -0.334124383698811 -0.297910607763265 -0.26169683171575 -0.225483055604407 -0.189269279482693 -0.153055503370043 -0.116841727265747 -0.0806279511225422 -0.0444141748983488 -0.00820039861838008 0.0280133776753271
0.982451007798903 0.948069380782028 0.91368775366167 0.879306126336629 0.84492449911474 0.810542872413338 0.776161246678717 0.741779622423657 0.707398000397913 0.673016381532746 0.638634767248454 0.604253159087593 0.569871558444074 0.535489966117226 0.501108382650667 0.466726808159765 0.432345242786686 0.397963687209028 0.363582141960416 0.329200606463135 0.294819079861634 0.260437561411437 0.226056050812357 0.19167454777854 0.15729305163717 0.122911561344777 0.0885300747622625 0.0541485897914272 0.0197671055933216 -0.0146143783561919
-1.03305193900961 -0.996739985363938 -0.960428031790169 -0.924116078332613 -0.887804124987086 -0.851492171741526 -0.81518021860085 -0.778868265566746 -0.742556312611002 -0.706244359697168 -0.669932406785741 -0.633620453836455 -0.597308500840449 -0.560996547914483 -0.524684595199386 -0.488372642806647 -0.452060690847232 -0.415748739459339 -0.379436788775377 -0.343124838877362 -0.306812889834715 -0.270500941677445 -0.234188994277933 -0.197877047484065 -0.161565101203393 -0.125253155352863 -0.0889412098273638 -0.0526292645219433 -0.0163173193543624 0.01999462575194
-1.00225194749815 -0.966975761433492 -0.931699575424417 -0.896423389511289 -0.861147203770085 -0.825871018276081 -0.790594833066125 -0.7553186481388 -0.720042463378064 -0.684766278640163 -0.649490093785132 -0.61421390867395 -0.57893772313395 -0.543661536857857 -0.508385349550893 -0.47310916110285 -0.437832971462117 -0.402556780626886 -0.367280588628094 -0.332004395577875 -0.29672820160866 -0.261452006836893 -0.226175811315071 -0.190899615089009 -0.155623418241737 -0.120347220863613 -0.0850710230370805 -0.0497948248514739 -0.0145186264315981 0.0207575720888744
-1.03230243097779 -0.995676932306657 -0.959029138479175 -0.922346636585528 -0.885637008413289 -0.848908652158356 -0.812153236952562 -0.775360373084183 -0.738528164531336 -0.701661119725946 -0.66478087122532 -0.627913332618113 -0.591086338678515 -0.554335408922865 -0.517699489835154 -0.481223551027852 -0.444947953411586 -0.408888599961129 -0.373052231716701 -0.337433399916161 -0.302023608346773 -0.266813233188771 -0.231788140194241 -0.196927560028185 -0.162188693435414 -0.127526650707712 -0.0929102102449751 -0.0583144569571396 -0.0237260336861901 0.0108655272428758
-1.00148840069516 -0.966861483551401 -0.932234566462617 -0.897607649470961 -0.86298073249638 -0.82835381541973 -0.793726898087706 -0.759099980355926 -0.724473062149878 -0.689846143414947 -0.655219224106254 -0.62059230418135 -0.585965383614858 -0.551338462449672 -0.516711540726558 -0.482084618409489 -0.447457695469597 -0.412830771983421 -0.378203848060241 -0.343576923834876 -0.308949999448532 -0.274323075043833 -0.239696150769086 -0.205069226752387 -0.170442303035308 -0.135815379623433 -0.101188456464927 -0.066561533495549 -0.0319346106588477 0.00269231209967955
-1.04591459338163 -0.996670824525113 -0.947901049088625 -0.900432115151792 -0.854987220362745 -0.812251745715199 -0.772863456016698 -0.737313537775198 -0.705554480486459 -0.677310778878073 -0.651933645617141 -0.628680972855642 -0.606618792580857 -0.584045696121278 -0.559227132751573 -0.531063424189913 -0.498964933077814 -0.463747313306665 -0.426394402687043 -0.38715748345641 -0.34610469895895 -0.303409971989051 -0.259670343141935 -0.215591863062541 -0.171893504793873 -0.129126533960353 -0.087158464114031 -0.0456961876572691 -0.00448786446605494 0.0367080287152175
-1.01966104970413 -0.985773457717832 -0.951873351309382 -0.917932574077139 -0.88400185151215 -0.85013452629543 -0.816315527975161 -0.782484419706073 -0.748467712201918 -0.71407115502283 -0.679130505555456 -0.643489023143071 -0.60701425563184 -0.569670904879493 -0.531463798656687 -0.492461114374227 -0.452733476997361 -0.412297952068969 -0.371151940671678 -0.329267745469459 -0.28661139452162 -0.243164389812098 -0.198970129023335 -0.154081369598195 -0.108526412322718 -0.0623481268320772 -0.0156721148148026 0.0313599405632086 0.0786247622799511 0.126003674849392
-0.970905565254665 -0.938436753721753 -0.905967942182959 -0.873499130683558 -0.841030319294626 -0.808561508082466 -0.77609269706848 -0.743623886241814 -0.711155075507479 -0.678686264743642 -0.646217453805242 -0.613748642541404 -0.581279830806586 -0.54881101847657 -0.516342205421296 -0.483873391466024 -0.451404576461517 -0.41893576040522 -0.386466943358547 -0.353998125492096 -0.321529307003762 -0.28906048808353 -0.256591668889753 -0.224122849570879 -0.191654030267399 -0.159185211095637 -0.126716392083231 -0.0942475732300712 -0.0617787545137414 -0.0293099359062487
-1.01342646099958 -0.979304362939273 -0.945182265040434 -0.911060167466933 -0.876938070379245 -0.842815973926282 -0.808693878214101 -0.77457178332446 -0.740449689284774 -0.706327596103949 -0.672205503771204 -0.638083412270833 -0.603961321555622 -0.56983923145231 -0.53571714178801 -0.501595052517369 -0.467472963633389 -0.433350875154938 -0.399228787098808 -0.365106699447619 -0.330984612175444 -0.296862525240529 -0.262740438537803 -0.228618351960827 -0.194496265461017 -0.160374179002874 -0.12625209254541 -0.0921300060536894 -0.0580079195224798 -0.0238858329539756
0.972319997142451 0.939753598773609 0.907187200486633 0.87462080239959 0.842054404654025 0.809488007386886 0.776921610693264 0.744355214647851 0.711788819285579 0.679222424607919 0.64665603052224 0.614089636912388 0.581523243653926 0.548956850589294 0.516390457565016 0.483824064477085 0.451257671253915 0.418691277904135 0.386124884464336 0.35355849100276 0.320992097595558 0.28842570432618 0.255859311307267 0.223292918643339 0.190726526377254 0.158160134525043 0.125593743057105 0.0930273519167711 0.0604609609847442 0.027894570126069
-1.00492180433001 -0.969761738302682 -0.934601672405702 -0.899441606767993 -0.864281541508153 -0.829121476711314 -0.793961412339091 -0.75880134832957 -0.723641284650257 -0.688481221250924 -0.653321157980984 -0.618161094664756 -0.583001031140944 -0.54784096730578 -0.512680903099051 -0.477520838577224 -0.44236077385068 -0.407200709128777 -0.372040644623834 -0.336880580461038 -0.301720516743798 -0.266560453539489 -0.231400390771361 -0.196240328326106 -0.161080266088327 -0.12592020396609 -0.0907601419634238 -0.0556000800948342 -0.0204400183207701 0.0147200434118333
-1.00942315700219 -0.974688178627409 -0.939953200295359 -0.905218222040629 -0.870483243905323 -0.835748265932711 -0.801013288163213 -0.766278310638643 -0.731543333409231 -0.696808356524441 -0.662073380022275 -0.627338403937866 -0.59260342832629 -0.557868453322395 -0.523133479090029 -0.488398505829272 -0.453663533702952 -0.418928562688667 -0.384193592691601 -0.349458623512541 -0.314723654926171 -0.279988686732609 -0.245253718833718 -0.210518751161321 -0.175783783665348 -0.141048816299174 -0.106313849011836 -0.0715788817588074 -0.0368439145256305 -0.00210894730536623
-1.02193701441438 -0.987866561058265 -0.953835008364209 -0.919870122806265 -0.885933612932543 -0.851966022110301 -0.817889290909325 -0.783623956408772 -0.749103544522762 -0.714263614369206 -0.679034869046203 -0.6433467976469 -0.607139024803096 -0.570391717301204 -0.533104164429154 -0.495311603326356 -0.45705896136959 -0.418393979033652 -0.379370726401894 -0.34006577889386 -0.300561338263142 -0.260939763012772 -0.221284038643529 -0.181670418938769 -0.142147603814392 -0.102744642189033 -0.0634395328597317 -0.0242002157475551 0.0149945546087107 0.0541633200158511
0.990616803634447 0.955407946299345 0.92019908894423 0.884990231574536 0.849781374226112 0.814572516947813 0.779363659810098 0.744154802865791 0.708945946075559 0.67373708938045 0.638528232735172 0.603319376097848 0.568110519444307 0.532901662821196 0.497692806284263 0.462483949854833 0.427275093562525 0.392066237504562 0.356857381787839 0.321648526490345 0.286439671682839 0.25123081743972 0.216021963849935 0.18081311096058 0.145604258636796 0.11039540670398 0.0751865550105048 0.039977703432281 0.00476885193237605 -0.0304399995043521
-1.047379262112 -1.00725091041946 -0.967156007181081 -0.927139674231362 -0.887271113400758 -0.84762278344873 -0.808256090854842 -0.769216214353834 -0.730494473981059 -0.692073880191161 -0.653958063815344 -0.616155810778952 -0.578675513093984 -0.541523987119075 -0.504707380770552 -0.468230743848902 -0.432082496184529 -0.396185635843329 -0.360449538899909 -0.324794515228209 -0.289143608152004 -0.253433334217738 -0.217654102862539 -0.181803101131867 -0.145850733613829 -0.109767057999692 -0.0735475268507252 -0.0372005280802791 -0.000760796140042702 0.0357303478837114
-0.999300773003951 -0.966025276123967 -0.932749779268677 -0.899474282490717 -0.866198785798217 -0.832923289174792 -0.799647792550498 -0.766372295834879 -0.733096798909 -0.699821301674031 -0.666545804140058 -0.633270306344391 -0.599994808322947 -0.566719310106055 -0.533443811738271 -0.50016831332665 -0.466892814993767 -0.433617316861776 -0.400341819043719 -0.367066321616595 -0.333790824648392 -0.30051532819616 -0.267239832273186 -0.233964336874352 -0.200688841964684 -0.1674133475018 -0.134137853443553 -0.100862359735539 -0.0675868662740759 -0.034311372943166
-1.00659702407449 -0.971510960225217 -0.936424896446964 -0.901338832828376 -0.866252769468934 -0.831166706456988 -0.796080643825534 -0.760994581582392 -0.725908519690047 -0.690822458096917 -0.65573639674051 -0.620650335555606 -0.58556427446429 -0.550478213337874 -0.515392152036636 -0.480306090427497 -0.44522002839223 -0.410133965865364 -0.375047902793887 -0.339961839121852 -0.30487577479258 -0.269789709752609 -0.234703643961348 -0.199617577397156 -0.164531510101308 -0.129445442156074 -0.0943593737447834 -0.0592733050557889 -0.0241872361964721 0.0108988327460285
-1.07953914537002 -1.15659804910032 -0.901616989580709 -0.905298158436512 -1.0080707224943 -0.949666907256796 -0.817304197730031 -0.748324251682289 -0.733080158427503 -0.728575336328588 -0.705403088398769 -0.637554188813845 -0.522321670130823 -0.450207598431559 -0.49107006918833 -0.538982261910272 -0.487680071053377 -0.405335166824197 -0.37725036550946 -0.382817291966045 -0.374949773193366 -0.324733311565018 -0.27594011095132 -0.26702005278423 -0.242447027245545 -0.154824626654606 -0.0832512431310914 -0.100372711031221 -0.126529833857042 -0.0439871573970569
1.01269644230525 0.978207567273593 0.943718692214402 0.909229817124845 0.874740942052288 0.840252067070764 0.80576319231079 0.771274317887747 0.7367854438 0.702296570034233 0.667807696647429 0.633318823714143 0.59882995129856 0.564341079423365 0.529852208103789 0.495363337366727 0.460874467244242 0.426385597777408 0.391896728985237 0.357407860789506 0.322918993087679 0.288430125800246 0.253941258939791 0.219452392534945 0.184963526586443 0.1504746610715 0.115985795901157 0.0814969309724636 0.0470080661926807 0.0125192014716242
-0.955177601566563 -0.921949159997124 -0.88872071857476 -0.855492277438302 -0.82226383674468 -0.789035396634683 -0.755806957166429 -0.722578518362702 -0.689350080187618 -0.656121642600783 -0.622893205602428 -0.589664769202941 -0.556436333397385 -0.523207898119539 -0.489979463279467 -0.45675102875366 -0.423522594403112 -0.390294160060397 -0.357065725570167 -0.323837290853811 -0.2906088558519 -0.257380420536955 -0.224151985009291 -0.190923549399967 -0.157695113835214 -0.124466678413068 -0.0912382431236124 -0.0580098079333184 -0.0247813728221594 0.00844706222651539
-0.978270606572595 -0.944851994583214 -0.911433382683869 -0.878014770910809 -0.844596159258311 -0.811177547729134 -0.77775893640194 -0.744340325365536 -0.7109217146734 -0.677503104354115 -0.644084494372019 -0.610665884675385 -0.577247275218182 -0.543828665977158 -0.510410056915152 -0.476991447916602 -0.443572838847127 -0.410154229575484 -0.376735619986482 -0.343317010026006 -0.309898399655208 -0.276479788828442 -0.243061177472868 -0.209642565524965 -0.176223952985668 -0.142805339895174 -0.109386726386259 -0.0759681126034724 -0.0425494986458617 -0.00913088460110171
-0.999340616718887 -0.959614656507219 -0.92061475979525 -0.884104491333233 -0.852840922393629 -0.828794120710219 -0.809792633339845 -0.792655267568051 -0.774303392272104 -0.751744664025265 -0.722229328593016 -0.683068279038901 -0.632963759299093 -0.576183416800305 -0.517712854112156 -0.459844090885353 -0.405140284690581 -0.359942727697367 -0.3297382782029 -0.312817924416203 -0.305673687024256 -0.303419507059157 -0.295657006933487 -0.27294790273807 -0.235206603896211 -0.185186772786071 -0.127646390272749 -0.0673274616812218 -0.00690377168904014 0.0514679501880999
-1.20235996773196 -1.09008632509198 -0.987200204479026 -0.901834311906668 -0.833460094620808 -0.779164174892287 -0.735155133859324 -0.699001880117615 -0.674592673225373 -0.665035491760831 -0.663997839419812 -0.662787101177535 -0.653819777332788 -0.633948829478645 -0.602045851906727 -0.560620508408544 -0.512459187318793 -0.457817105645008 -0.397921552842982 -0.340419279488706 -0.29456190143822 -0.266164289375264 -0.247294333294374 -0.227481033354947 -0.199844811065032 -0.160333822850653 -0.11261574346108 -0.0616886486826156 -0.010152700126422 0.0399914191401226
-1.00776655614303 -0.970577857821882 -0.933389159580762 -0.896200461486037 -0.859011763489003 -0.821823065514159 -0.784634367493865 -0.747445669361485 -0.710256971046533 -0.67306827249047 -0.635879573686413 -0.598690874640392 -0.561502175371045 -0.524313475947429 -0.487124776440098 -0.449936076875161 -0.412747377266746 -0.375558677625505 -0.338369977959936 -0.30118127827341 -0.263992578568012 -0.226803878861847 -0.189615179237091 -0.152426479773245 -0.115237780475022 -0.0780490813264537 -0.0408603823036165 -0.00367168337717459 0.0335170154959048 0.0707057143620787
1.01061506489047 0.972201896082801 0.933815810749617 0.89547076529779 0.857156484857612 0.818866985624378 0.780637679329976 0.742519541139174 0.704584404411687 0.66690971099099 0.629574478460657 0.59265811833929 0.556238791572829 0.520389656816573 0.485168307676612 0.450575079852844 0.416595122908222 0.383210099764097 0.350386027972376 0.318029830248777 0.286033655599973 0.254293538293962 0.22272105364406 0.191227679290764 0.159708961137994 0.128077544510191 0.0963304041504522 0.0644880019537601 0.0325804190039766 0.000640141182183715
-1.00648050308977 -0.972570708586064 -0.938671853810714 -0.904801343779311 -0.870977493071939 -0.837217195062229 -0.803530748733517 -0.769927740734932 -0.736421502769084 -0.703025146981974 -0.669747162239696 -0.636594881588365 -0.603573917107692 -0.570682997011769 -0.537922600910522 -0.505307097862824 -0.472847590556715 -0.440528226747942 -0.408329768850835 -0.376246392846371 -0.34427562810718 -0.312417520545873 -0.280682182234953 -0.249080925565642 -0.217619798044127 -0.186297723963873 -0.155090399652485 -0.123967579709072 -0.0928984797846231 -0.0618521807930964
-0.975779393431775 -0.941979547605092 -0.908179701701889 -0.874379855622166 -0.840580009330202 -0.806780162834041 -0.772980316252518 -0.739180469749587 -0.705380623558898 -0.671580777903759 -0.637780932896423 -0.603981088621378 -0.570181245169398 -0.536381402656392 -0.502581561196887 -0.46878172087473 -0.43498188171998 -0.401182043578226 -0.367382206267406 -0.333582369679318 -0.299782533724229 -0.265982698322018 -0.232182863431015 -0.198383029003424 -0.164583194928485 -0.130783361073857 -0.0969835272838265 -0.063183693427186 -0.0293838594941094 0.00441597449488385
-1.04856399235322 -1.01169131745414 -0.974818642554956 -0.937945967669161 -0.90107329284803 -0.864200618150468 -0.827327943628077 -0.790455269308435 -0.753582595130298 -0.716709921010824 -0.679837246869588 -0.642964572626768 -0.606091898223465 -0.569219223684466 -0.532346549051092 -0.495473874347116 -0.458601199591031 -0.421728524797768 -0.384855849967651 -0.347983175046133 -0.311110499964951 -0.274237824669922 -0.23736514916319 -0.200492473460835 -0.163619797578357 -0.126747121534912 -0.0898744453648627 -0.0530017691060952 -0.016129092795378 0.0207435835307994
-0.995324083657309 -0.960656413357631 -0.925988743048331 -0.891321072704997 -0.856653402268464 -0.82198573165755 -0.787318060737767 -0.752650389353621 -0.717982717318906 -0.683315044464901 -0.648647370723563 -0.613979696052017 -0.579312020358438 -0.544644343355212 -0.509976664759958 -0.475308984507031 -0.440641302605123 -0.405973619143545 -0.371305934239028 -0.336638248037349 -0.301970560691549 -0.267302872380296 -0.232635183384783 -0.197967493950792 -0.163299804079944 -0.128632113734512 -0.0939644229635374 -0.0592967318479989 -0.0246290405098714 0.0100386509186217
-0.990708328668074 -0.955555492073553 -0.920402655421943 -0.885249818653606 -0.850096981675344 -0.81494414441116 -0.779791306887394 -0.744638469152565 -0.709485631241564 -0.674332793174365 -0.63917995492489 -0.604027116455547 -0.568874277718568 -0.533721438625473 -0.498568599107015 -0.463415759211593 -0.428262919017517 -0.39311007860509 -0.357957238053319 -0.322804397434032 -0.287651556817264 -0.252498716261342 -0.217345875777769 -0.182193035342596 -0.147040194836884 -0.111887354143329 -0.0767345132461463 -0.0415816721654973 -0.0064288309638005 0.028724010285961
-0.968202958461559 -0.936585657612228 -0.904966309058148 -0.873353559680795 -0.841744761761086 -0.810118583454464 -0.778390251015023 -0.746468284342538 -0.714297819820842 -0.681837290553731 -0.649061700040787 -0.615950194380536 -0.58248272323834 -0.548642450546903 -0.514401373440335 -0.479683607591013 -0.444404867669205 -0.408495145798461 -0.371919159517527 -0.334766250572657 -0.297156916761979 -0.259211879408821 -0.221052753937301 -0.182796305971407 -0.144539007833801 -0.106354996966161 -0.0682493645875673 -0.0302098219922889 0.00777639300204137 0.0457221609469498
-1.00087312321974 -0.969872585816804 -0.93886903982767 -0.907821043753009 -0.876672427326869 -0.845367978185648 -0.813871044341766 -0.782137064818786 -0.750071282308817 -0.717570577842405 -0.684548582135302 -0.650923113324559 -0.616632420810845 -0.581696479049292 -0.546144730944612 -0.509962768145371 -0.473131341010626 -0.435655685997555 -0.397566593052843 -0.358972579983088 -0.320001596559865 -0.280763800058873 -0.241298177772295 -0.201620078085926 -0.161721463743506 -0.121600454354707 -0.0813031826349801 -0.0408853284807934 -0.000392747406918865 0.0401311611672958
-1.04012079657959 -1.00360229760742 -0.967085420556644 -0.930573934930314 -0.894072117568959 -0.857584866170634 -0.821119054525981 -0.78468252579094 -0.748285024490032 -0.711934879778239 -0.675632857963797 -0.639377834643256 -0.603169043308911 -0.567007149036042 -0.53089378166134 -0.494832998484158 -0.458828463074519 -0.422879836622471 -0.386985500562766 -0.351142719688957 -0.315348479634295 -0.279600210053685 -0.243897116688646 -0.208237711936946 -0.172615958734753 -0.137024513602967 -0.101455356863004 -0.065901014494536 -0.0303568713097185 0.00518097317117091
-0.990939657782467 -0.958378931465703 -0.925818205097887 -0.89325747858081 -0.860696751790007 -0.828136024581266 -0.795575296757628 -0.763014568110598 -0.730453838438274 -0.697893107576166 -0.665332375502864 -0.632771642232726 -0.600210907829226 -0.567650172552309 -0.535089436696016 -0.502528700494306 -0.469967964137243 -0.437407227699396 -0.404846491204935 -0.372285754591926 -0.339725017776911 -0.307164280681146 -0.274603543244736 -0.242042805414505 -0.209482067145301 -0.176921328414754 -0.144360589283601 -0.111799849836786 -0.0792391101729797 -0.0466783703942843
-1.00760052849542 -0.972777032900524 -0.937953537275405 -0.903130041590627 -0.868306545864789 -0.833483050116224 -0.798659554314172 -0.763836058396996 -0.729012562228652 -0.694189065674305 -0.659365568678354 -0.624542071205008 -0.589718573251619 -0.554895074948125 -0.520071576442093 -0.48524807781902 -0.450424579150738 -0.415601080516464 -0.380777582000724 -0.345954083701872 -0.311130585721721 -0.276307088155758 -0.241483591074161 -0.206660094522175 -0.171836598470606 -0.137013102853747 -0.102189607534275 -0.0673661123736156 -0.0325426172998045 0.00228087774246954
-0.958232800323222 -0.926822321764273 -0.895411843190652 -0.864001364605009 -0.832590886100858 -0.801180407792757 -0.769769929788601 -0.738359452188339 -0.706948975066804 -0.675538498522489 -0.64412802277365 -0.61271754806848 -0.581307074630969 -0.54989660258829 -0.518486132006831 -0.487075662806668 -0.455665194886868 -0.424254728208804 -0.392844262720364 -0.361433798253191 -0.330023334609864 -0.298612871596426 -0.267202409032766 -0.235791946760999 -0.204381484698303 -0.172971022784991 -0.141560560978841 -0.110150099248131 -0.0787396375856644 -0.0473291759903795
0.987927458888236 0.954986562251408 0.92204566574468 0.889104769498159 0.85616387349605 0.823222977696045 0.790282082095684 0.757341186668456 0.724400291251796 0.691459395671894 0.65851849984602 0.625577603714212 0.59263670726152 0.559695810653022 0.526754914091729 0.493814017752327 0.460873121787511 0.427932226290347 0.394991331321925 0.362050436875068 0.32910954292553 0.296168649426698 0.263227756242484 0.230286863231786 0.197345970322947 0.164405077453306 0.131464184526748 0.0985232914664868 0.0655823983064952 0.032641505108437
0.915128040940252 0.910264712214389 0.915335994373168 0.932086566617353 0.93938755469182 0.916930082729697 0.870558821872997 0.811963706950003 0.750062180525204 0.692610198174143 0.645490259780387 0.614116501304506 0.600185194932513 0.590521157752188 0.569951323142316 0.530182544743924 0.468630017518191 0.398662381444678 0.335844154385502 0.288569920714636 0.263441781434016 0.261345358448707 0.260300357276291 0.238916586419721 0.201030182710916 0.15595549573671 0.109693397774629 0.0663233514469223 0.02555265806404 -0.0140044213915158
-1.01741029855375 -0.982112381666687 -0.946816715799221 -0.911526441530071 -0.876247943262411 -0.840988469283614 -0.805755479593416 -0.77055553982198 -0.73539142640883 -0.700264880082141 -0.665177287915326 -0.630129948568111 -0.595122831729431 -0.56015059120508 -0.525206827740878 -0.49028624572591 -0.455383886105707 -0.42049503240831 -0.385615517462959 -0.350743128721158 -0.31587614228998 -0.281013099014974 -0.246153598695583 -0.211297083478806 -0.176441305947958 -0.141584277625926 -0.106726735357567 -0.0718698805612709 -0.0370140476275723 -0.00215935419004246
-1.10724231707259 -1.02649619430116 -0.954719370729999 -0.893934501991558 -0.84404906413487 -0.804328810819625 -0.773587785731597 -0.749078358724816 -0.722257914300256 -0.686373998878226 -0.647629791909445 -0.615467381102238 -0.595468706532527 -0.577775117746652 -0.551261866549847 -0.51518040431253 -0.470637449202904 -0.41578458701512 -0.35103632605474 -0.288813997047018 -0.244540636322127 -0.228944082517925 -0.233971383502995 -0.245027652525008 -0.24013105511726 -0.202963110388395 -0.147245699462819 -0.0903933909303549 -0.0345511412267324 0.0219534962508424
-1.01588111164588 -0.980869714120498 -0.945858316544602 -0.910846918829339 -0.875835520891645 -0.840824122665507 -0.805812724147323 -0.770801325362673 -0.735789926391458 -0.700778527338438 -0.665767128353498 -0.630755729597801 -0.595744331231757 -0.560732933412757 -0.525721536280646 -0.490710139908105 -0.455698744320489 -0.420687349421012 -0.385675955097583 -0.350664561299033 -0.315653167989421 -0.280641775144523 -0.245630382786991 -0.210618990950596 -0.175607599666727 -0.140596208944318 -0.105584818704862 -0.0705734288397217 -0.0355620392071753 -0.000550649657230886
