-0.951720663763729 -0.918597327257483 -0.885473990714743 -0.852350654120741 -0.819227317446927 -0.786103980662954 -0.752980643745075 -0.719857306663643 -0.68673396935882 -0.653610631751391 -0.620487293714814 -0.58736395511072 -0.554240615827259 -0.521117275858684 -0.487993935229085 -0.45487059397582 -0.421747252158213 -0.388623909910205 -0.355500567346806 -0.322377224432703 -0.289253881095001 -0.256130537274797 -0.22300719296915 -0.189883848209105 -0.156760503105696 -0.123637157778744 -0.0905138123032379 -0.0573904667355225 -0.0242671211022087 0.00885622457752617
-1.0285026658208 -0.992751391911036 -0.957000117922947 -0.921248843754985 -0.885497569405629 -0.84974629490837 -0.813995020336705 -0.778243745764757 -0.742492471229137 -0.706741196752276 -0.670989922337413 -0.635238647982983 -0.599487373693357 -0.563736099496636 -0.527984825412052 -0.492233551399626 -0.456482277411803 -0.420731003429915 -0.384979729439991 -0.349228455417967 -0.31347718133725 -0.277725907165924 -0.241974632850759 -0.206223358347971 -0.170472083672848 -0.134720808853295 -0.0989695339086008 -0.063218258859155 -0.0274669837383703 0.00828429141708446
-1.04999180072636 -1.01296518865317 -0.975938576589018 -0.938911964580489 -0.901885352734134 -0.8648587411566 -0.827832129894923 -0.790805519027587 -0.753778908818488 -0.716752299548866 -0.679725691383918 -0.642699084459829 -0.605672478884101 -0.568645874649487 -0.531619271700598 -0.494592669904226 -0.457566069089619 -0.420539469013674 -0.383512869434182 -0.346486270184874 -0.309459671118465 -0.272433072115402 -0.235406473167057 -0.19837987429371 -0.161353275520335 -0.124326676898025 -0.0873000785776433 -0.0502734806798125 -0.0132468831044107 0.0237797143038698
-1.05705728837906 -1.00991072773036 -0.961774684966089 -0.912140627383779 -0.862756010289696 -0.815587367373778 -0.771221557851942 -0.729653864150525 -0.689892936011583 -0.650927078250662 -0.61264984866155 -0.575181118282594 -0.538598933588071 -0.502814042795984 -0.467837178841727 -0.434246311786543 -0.402899036229629 -0.375204207796149 -0.352183884908226 -0.332761676149826 -0.315336577645382 -0.297760183714651 -0.275694481458698 -0.245144516766461 -0.205677177897057 -0.157969591276562 -0.103577993628718 -0.0441952251340414 0.018818570497508 0.0841864236736116
-0.936633834313433 -0.905655411764893 -0.87467698938292 -0.843698567313417 -0.812720145497517 -0.781741723848694 -0.750763302374564 -0.719784881150274 -0.688806460426951 -0.65782804047845 -0.626849621493559 -0.595871203639799 -0.564892787065307 -0.533914371840681 -0.502935957995027 -0.471957545469026 -0.440979134153787 -0.410000723830565 -0.379022314285765 -0.348043905436262 -0.317065497231548 -0.286087089607898 -0.255108682448728 -0.224130275610653 -0.193151868895946 -0.162173462142177 -0.131195055382447 -0.100216648681791 -0.0692382420374493 -0.038259835429711
-0.882919023105896 -0.88374508273007 -0.882376778879065 -0.875129735924789 -0.858735062208215 -0.829973114723734 -0.785405761110374 -0.726133942492177 -0.671633383288614 -0.640053654244032 -0.625864928106878 -0.617617528126626 -0.604535154081401 -0.578535011863952 -0.535330014521882 -0.483122397607588 -0.431239939528446 -0.381023267606941 -0.333120336230105 -0.293395559128049 -0.269017464866652 -0.263376191873292 -0.264748318021349 -0.259716050494948 -0.243197674275186 -0.213228570526289 -0.171976427348004 -0.122947580105258 -0.0708706462881597 -0.0207798139181123
-0.946287088934584 -0.913502552261476 -0.880718015555024 -0.847933478838375 -0.815148942149723 -0.782364405522921 -0.749579868959406 -0.716795332442902 -0.684010795918697 -0.651226259329176 -0.618441722643552 -0.585657185837744 -0.552872648880452 -0.520088111711485 -0.487303574269149 -0.454519036514625 -0.421734498423687 -0.388949960007599 -0.35616542127688 -0.323380882203555 -0.290596342750025 -0.257811802888537 -0.22502726263071 -0.192242722007859 -0.159458181090703 -0.126673639972474 -0.0938890987970498 -0.0611045576888588 -0.0283200166438739 0.00446452437404519
-0.99461678245844 -0.961892148971551 -0.929167515611409 -0.896442882502648 -0.863718249716672 -0.830993617301247 -0.798268985262841 -0.765544353600722 -0.732819722326689 -0.700095091444219 -0.667370460911002 -0.634645830673278 -0.601921200649569 -0.569196570647509 -0.536471940478832 -0.503747310082551 -0.471022679420072 -0.438298048415094 -0.405573416971239 -0.372848784949513 -0.340124152200268 -0.30739951858662 -0.274674884022726 -0.241950248483775 -0.209225612138048 -0.176500975194681 -0.143776337833153 -0.111051700213638 -0.0783270624487234 -0.0456024246391009
-0.873404294970178 -0.818542850514897 -0.789778014745708 -0.793925366657199 -0.816782002754458 -0.837143604504637 -0.826818675712644 -0.768618555436438 -0.696353101408422 -0.647871808266423 -0.626184199595498 -0.625589806217513 -0.639075969455112 -0.654381272634043 -0.656149486008594 -0.621893885544094 -0.539734887060137 -0.447351960082339 -0.38477034300157 -0.351839295963697 -0.338364084553336 -0.332025634286309 -0.31200751040326 -0.26415072651434 -0.209423449982898 -0.169631362855018 -0.134803052154524 -0.0929061891122006 -0.0554418768089483 -0.0397945762881963
-0.997980303573872 -0.964538757837812 -0.931097212134652 -0.897655666466499 -0.864214120915581 -0.830772575586655 -0.797331030594451 -0.763889486077645 -0.730447942260691 -0.697006399351521 -0.663564857406178 -0.63012331644273 -0.596681776475484 -0.563240237503688 -0.529798699531518 -0.496357162597926 -0.462915626713463 -0.429474091740317 -0.396032557527314 -0.362591024018204 -0.329149491180472 -0.295707958984948 -0.262266427415859 -0.228824896443425 -0.195383365968452 -0.161941835882086 -0.128500306106249 -0.0950587765689624 -0.0616172471918535 -0.0281757178949533
-1.00630660453595 -0.971982875723824 -0.937659146952699 -0.903335418293683 -0.86901168978884 -0.834687961462224 -0.800364233294877 -0.766040505261962 -0.731716777358139 -0.69739304957447 -0.663069321868136 -0.628745594187849 -0.59442186648156 -0.560098138694198 -0.525774410755061 -0.491450682533957 -0.457126953876844 -0.42280322459377 -0.38847949450592 -0.354155763514943 -0.319832031542602 -0.285508298539628 -0.251184564572621 -0.216860829753378 -0.18253709425863 -0.148213358278467 -0.113889621991494 -0.0795658855527899 -0.0452421490347994 -0.0109184124893095
-0.998742910641168 -0.964129140299511 -0.929515370058932 -0.894901600009259 -0.860287830113391 -0.825674060304343 -0.791060290522532 -0.756446520698176 -0.721832750713304 -0.687218980431375 -0.652605209689749 -0.617991438319266 -0.583377666157345 -0.548763893067739 -0.514150118939655 -0.479536343737796 -0.44492256745054 -0.410308790085458 -0.375695011677126 -0.341081232348948 -0.306467452246532 -0.271853671528875 -0.237239890408528 -0.202626109088933 -0.168012327683552 -0.133398546259551 -0.0987847647888833 -0.0641709832313258 -0.0295572015931409 0.00505658010778678
-1.05521605197944 -1.01756444291761 -0.979912833875553 -0.942261224868707 -0.904609615962627 -0.866958007253487 -0.82930639890982 -0.791654791122627 -0.754003184100411 -0.716351578027167 -0.67869997297135 -0.641048368972531 -0.603396766029216 -0.565745163975667 -0.528093562605823 -0.490441961716595 -0.452790361140492 -0.41513876084943 -0.37748716084764 -0.339835561129208 -0.302183961685683 -0.264532362500022 -0.22688076352082 -0.189229164686805 -0.151577565931601 -0.113925967200472 -0.076274368490343 -0.0386227698079501 -0.000971171147592664 0.0366804274995381
-1.04920251961175 -1.01248739467094 -0.97577226970661 -0.939057144653249 -0.902342019458014 -0.865626894071845 -0.8289117684481 -0.792196642539239 -0.755481516291694 -0.718766389677511 -0.682051262777217 -0.645336135698453 -0.608621008563651 -0.571905881554392 -0.53519075483903 -0.498475628473858 -0.461760502506363 -0.425045377060873 -0.388330252252655 -0.351615128083896 -0.314900004528512 -0.278184881544759 -0.24146975902826 -0.20475463687806 -0.168039515069547 -0.131324393584136 -0.0946092723510136 -0.0578941512895639 -0.0211790303321953 0.0155360905854282
-1.01340133238265 -0.980056572404554 -0.946711812430697 -0.913367052498095 -0.880022292654117 -0.846677532958643 -0.813332773511246 -0.779988014428907 -0.74664325585857 -0.71329849793252 -0.679953740694434 -0.646608984165843 -0.613264228350678 -0.579919473182484 -0.546574718563688 -0.513229964342635 -0.479885210343464 -0.446540456347572 -0.413195702137333 -0.379850947541772 -0.346506192401575 -0.313161436593629 -0.279816680139624 -0.246471923094878 -0.213127165504432 -0.179782407417748 -0.146437648912271 -0.113092890078884 -0.0797481310342465 -0.0464033719014639
-0.995061122698847 -0.960125308084821 -0.925189493454495 -0.890253678810041 -0.855317864116875 -0.820382049349279 -0.785446234553758 -0.750510419810739 -0.715574605264135 -0.680638791038296 -0.645702977115861 -0.610767163444037 -0.575831349954765 -0.540895536518931 -0.505959722980615 -0.471023909137758 -0.436088094815184 -0.401152279991396 -0.366216464691502 -0.331280648973339 -0.296344832902927 -0.261409016556881 -0.226473200054201 -0.191537383517007 -0.156601567037519 -0.121665750681114 -0.0867299344357157 -0.0517941182735702 -0.0168583021816666 0.0180775138493201
-1.01488215854621 -0.978883899642115 -0.94289336003199 -0.906919478423796 -0.870972864033778 -0.83506629288725 -0.799219537737502 -0.763450871964225 -0.727765574724733 -0.692165468480619 -0.656651543132982 -0.621224580442798 -0.585883135240665 -0.550616854635681 -0.515413988666121 -0.480266106808484 -0.445167972172495 -0.410123802962568 -0.375141056168214 -0.340230688824637 -0.305404532978464 -0.270672398900547 -0.236036009758627 -0.201492958532479 -0.167032404553127 -0.132640734967312 -0.0983016818333937 -0.0639993413651326 -0.0297219214862621 0.0045413419519901
-1.07219886392746 -1.0170798881453 -0.960255568436547 -0.90185181671744 -0.844466734997741 -0.791976958654522 -0.750901066440529 -0.7251733773333 -0.705749227833884 -0.682492147947944 -0.653877424176107 -0.620533282142741 -0.582778835849517 -0.539696752807316 -0.490723015321275 -0.437943311364323 -0.384806624600438 -0.33756541578999 -0.301433167474275 -0.274663972221903 -0.253772075108308 -0.235781881078723 -0.219758434557571 -0.205226000555056 -0.19150508694532 -0.176437804823253 -0.152156435302803 -0.111916819739948 -0.0591788704397322 4.64825555352762e-05
-0.994582752261058 -0.9619219047651 -0.929261057276074 -0.896600209797163 -0.863939362384455 -0.831278515090599 -0.798617667901609 -0.765956820788189 -0.733295973726438 -0.700635126687671 -0.667974279618665 -0.635313432460066 -0.602652585143493 -0.569991737564476 -0.537330889609074 -0.50467004116155 -0.472009192117965 -0.43934834242335 -0.406687492036234 -0.374026640920151 -0.341365789039891 -0.308704936367368 -0.276044082903008 -0.243383228681587 -0.210722373846774 -0.17806151855913 -0.145400662937887 -0.11273980708775 -0.0800789510966342 -0.0474180950482572
1.05993249023533 0.975354443196854 0.904881651480103 0.86117676683424 0.828566336288042 0.790890357118446 0.758378732315421 0.743360605527087 0.740172177321157 0.738129232645048 0.724458837045414 0.685865876218719 0.615908965473675 0.535561638567999 0.469867845316426 0.432738281312763 0.429155641201079 0.439523870047422 0.442008860916117 0.430403048442622 0.402405502655176 0.358408144013884 0.309574294706294 0.266863849550729 0.229651592161162 0.193027293638518 0.146525786235879 0.0804825414229447 -0.00600947361628271 -0.111667917769225
-1.01389767695411 -0.980184430173426 -0.946471183413229 -0.912757936670734 -0.879044689925785 -0.845331443173216 -0.811618196485166 -0.777904949966008 -0.744191703771744 -0.710478458079651 -0.676765213100478 -0.64305196905334 -0.60933872611354 -0.575625484281116 -0.541912243495073 -0.508199003625541 -0.4744857645156 -0.440772525969002 -0.407059287786452 -0.373346049795776 -0.339632811831583 -0.305919573762275 -0.272206335591414 -0.238493097368683 -0.20477985919307 -0.171066621165194 -0.137353383342893 -0.103640145750232 -0.0699269083189669 -0.036213670957774
1.00341334347803 0.971302825388474 0.940353341846662 0.915500931360203 0.903093718201382 0.901098202842455 0.872542304790879 0.788081772419066 0.68382225052405 0.603088512707008 0.552631951361056 0.530060613577301 0.5276415955214 0.51627818965722 0.473313589424292 0.423214395866567 0.394564217743562 0.38529128707262 0.384847795698238 0.379437151515723 0.354450566433082 0.30232779638059 0.243702773377598 0.19873746798016 0.157511828802077 0.109036866183855 0.0681298593150972 0.052512334501905 0.0657165376672818 0.107727394638457
-1.04537368634827 -1.00800034146774 -0.970626996512758 -0.933253651424999 -0.895880306170708 -0.858506960721129 -0.821133615042952 -0.783760269090921 -0.746386922776556 -0.709013576002512 -0.671640228679202 -0.634266880718975 -0.596893532035899 -0.559520182550907 -0.522146832209267 -0.484773481046741 -0.447400129148213 -0.410026776704571 -0.372653423948355 -0.335280071172698 -0.29790671868588 -0.260533366739189 -0.223160015355916 -0.185786664478924 -0.148413313957328 -0.111039963631692 -0.0736666134021274 -0.0362932631936006 0.00108008702905402 0.0384534372910342
0.999666567816079 0.964844867100365 0.930023166334838 0.895201465447643 0.860379764412239 0.825558063230588 0.790736361973353 0.755914660725511 0.721092959560618 0.686271258537094 0.651449557664248 0.616627856939114 0.581806156347472 0.546984455830101 0.512162755301497 0.477341054616036 0.442519353626272 0.407697652237609 0.372875950384711 0.338054248066452 0.303232545297759 0.268410842106528 0.233589138572543 0.198767434770658 0.163945730704122 0.129124026368159 0.0943023217975077 0.0594806170445856 0.0246589121930255 -0.0101627926657368
-1.01286026410582 -0.978024368547921 -0.943188473011079 -0.908352577557273 -0.87351668219832 -0.83868078693249 -0.80384489175403 -0.769008996664213 -0.734173101696434 -0.699337206895658 -0.66450131232099 -0.629665418035069 -0.594829524101191 -0.559993630585271 -0.525157737510448 -0.490321844726135 -0.455485952038581 -0.42065005925512 -0.385814166212432 -0.350978272863492 -0.316142379190352 -0.281306485187229 -0.246470590897018 -0.211634696381421 -0.176798801728698 -0.141962907037632 -0.10712701242253 -0.0722911179741686 -0.0374552236736814 -0.00261932947478946
1.06661257373181 1.02014258825571 0.971366077808683 0.918993717360517 0.865269154104546 0.813035442003718 0.764000289875945 0.719699948682574 0.682120183103741 0.652631292274334 0.629692199429456 0.611033983829266 0.593935412187828 0.573866001034841 0.546824401855604 0.512735056142193 0.472963771828827 0.430716032611503 0.389127030736497 0.349211116889396 0.311452431365618 0.276182708063338 0.243124055291773 0.211441213769024 0.178679079437699 0.142268875384675 0.100806978049395 0.0537751142924714 0.00303125930662189 -0.0489725496324074
-1.01970971343787 -0.983248303194329 -0.946786892841526 -0.910325482242917 -0.87386407130325 -0.837402659959096 -0.800941248233045 -0.764479836143677 -0.728018423607508 -0.69155701052371 -0.655095596824129 -0.618634182448783 -0.582172767364496 -0.545711351645332 -0.509249935383003 -0.472788518632591 -0.436327101404846 -0.399865683569826 -0.363404264985643 -0.326942845603291 -0.290481425396988 -0.254020004365201 -0.217558582603398 -0.181097160215922 -0.144635737245612 -0.108174313729142 -0.0717128897400152 -0.0352514653699515 0.00120995925329975 0.0376713839929813
-0.985895680754432 -0.951994447570568 -0.918093214444228 -0.884191981462225 -0.85029074875919 -0.816389516473109 -0.782488284707592 -0.748587053546435 -0.714685823028585 -0.680784593163045 -0.646883363883917 -0.612982135106578 -0.579080906731985 -0.545179678603432 -0.511278450561086 -0.477377222490289 -0.443475994270981 -0.409574765716323 -0.37567353664767 -0.341772306985909 -0.307871076676815 -0.2739698457194 -0.240068614325634 -0.206167382741331 -0.172266151134751 -0.138364919629006 -0.104463688244188 -0.070562456967208 -0.0366612257552673 -0.00275999455814137
-1.02106202505354 -0.986439652981775 -0.951817280910934 -0.917194908868666 -0.882572536940369 -0.847950165207372 -0.813327793676973 -0.77870542236581 -0.744083051401908 -0.709460680943469 -0.674838311158021 -0.640215942215421 -0.605593574260535 -0.570971207338263 -0.536348841452252 -0.501726476541118 -0.467104112529114 -0.432481749348073 -0.397859386904353 -0.363237024994835 -0.328614663389026 -0.293992301887491 -0.259369940415006 -0.224747578915842 -0.190125217288036 -0.15550285543549 -0.120880493331791 -0.0862581309873188 -0.0516357684899188 -0.0170134059468047
-0.846278030161206 -0.890333893367976 -0.924426491596315 -0.924416805462403 -0.888555240738274 -0.827696090886809 -0.780719774978427 -0.778008396269 -0.787924669148685 -0.772320824864899 -0.729026550959813 -0.664865899049285 -0.587691901646656 -0.509473514855182 -0.443226758201659 -0.402039981317106 -0.392390618814193 -0.39424011512796 -0.385262658881324 -0.360499405626334 -0.319333252647324 -0.26498382774792 -0.216017680808924 -0.187858054348224 -0.168008039354884 -0.14215167663381 -0.116616957782102 -0.100239822159401 -0.0912440493833184 -0.0852003791359593
-0.991159001597396 -0.958405305100656 -0.925647720683633 -0.892877690217771 -0.860079796090057 -0.827236791730981 -0.794330974229486 -0.761347166284169 -0.728280749373778 -0.695131394473311 -0.661905371762608 -0.628610601222718 -0.595254421710618 -0.561841847586984 -0.528373137112042 -0.494831848640514 -0.461200066002571 -0.427470674835709 -0.393641177954522 -0.35971674507468 -0.325704462637123 -0.29161208897144 -0.25745006996182 -0.223229902565908 -0.188964600480585 -0.154666431646804 -0.120343164242553 -0.0860014836511824 -0.0516482438404559 -0.0172903409242386
-0.965321133158118 -0.949792680491675 -0.939607891638952 -0.925066312658456 -0.89050887479881 -0.825833395064784 -0.749123848295631 -0.682815205899892 -0.638560267728793 -0.621134821926593 -0.618588781367003 -0.614790590106097 -0.597244578129785 -0.56799861914331 -0.532372047938131 -0.494226499931223 -0.456083527984284 -0.416562054112373 -0.374443522171792 -0.333062094230451 -0.296890111909162 -0.267859135597671 -0.237737600761473 -0.19852877242682 -0.153338358787273 -0.10914228026025 -0.0772948629913176 -0.0667993086851684 -0.0728759155548665 -0.0872992559405689
1.04709972256274 1.00777061926697 0.96844221431468 0.929131481772175 0.88987117869314 0.85070259156102 0.811685341590908 0.77288634726311 0.734383381387166 0.696240486262988 0.658455927822785 0.621011527906833 0.583893184452706 0.547103099787158 0.510642622932833 0.474493385306758 0.43863337993548 0.403045763889257 0.36771012175356 0.332586584130992 0.29763041812844 0.262793971120767 0.228017911554741 0.193246589302972 0.158450758869538 0.123611434460276 0.0887242644565995 0.0537906213977082 0.0188201402783784 -0.0161754782927196
-1.03035769889327 -0.993174999207289 -0.955992299680177 -0.918809600472815 -0.881626901706092 -0.844444203469152 -0.80726150576413 -0.770078808543748 -0.732896111650064 -0.695713414883714 -0.658530717990294 -0.621348020701641 -0.584165322766926 -0.546982624004663 -0.509799924280439 -0.472617223578802 -0.435434521913636 -0.398251819297212 -0.361069115746884 -0.323886411301944 -0.286703706007171 -0.249520999904892 -0.212338293027622 -0.175155585432477 -0.137972877284782 -0.100790168761802 -0.0636074599803566 -0.0264247510340286 0.0107579580161059 0.0479406671170964
-0.998454533678476 -0.963720753312227 -0.928986972854067 -0.894253192214906 -0.859519411417855 -0.824785630522428 -0.790051849621551 -0.755318068798284 -0.72058428806282 -0.685850507424824 -0.651116726964713 -0.616382946780592 -0.581649166958563 -0.546915387536718 -0.512181608537292 -0.477447829967088 -0.442714051832422 -0.40798027415307 -0.373246496930076 -0.33851272007608 -0.303778943481622 -0.269045167052173 -0.234311390752933 -0.199577614571809 -0.164843838527807 -0.130110062648882 -0.0953762869676915 -0.060642511497913 -0.0259087361726061 0.00882503909532393
-0.948101404103529 -0.915914479378721 -0.883724679586135 -0.851530130418043 -0.81932894071237 -0.787118510040273 -0.754893417760198 -0.722649591255796 -0.690391170224253 -0.65812492878386 -0.625859966423763 -0.593605963975827 -0.561372249659906 -0.529166741247827 -0.496998423454779 -0.464881959217441 -0.432833736490012 -0.400871365075295 -0.369010419518636 -0.33725711148696 -0.305615311927584 -0.2740867899423 -0.242664907250798 -0.211339495261948 -0.180094671523462 -0.14891319012071 -0.117778065150863 -0.0866736720818445 -0.055589571852772 -0.0245166217705635
-1.03866637419567 -1.00317570012171 -0.967685025894358 -0.932194351388461 -0.89670367655746 -0.861213001377386 -0.825722325836008 -0.790231649928014 -0.754740973664026 -0.719250297063142 -0.68375962016244 -0.648268943003488 -0.612778265651059 -0.577287588262737 -0.541796910999513 -0.506306233943183 -0.470815557151009 -0.435324880661303 -0.399834204512102 -0.364343528759294 -0.328852853463227 -0.293362178691904 -0.257871504543935 -0.222380831089066 -0.186890158250974 -0.151399485914388 -0.115908813954302 -0.0804181422492413 -0.0449274707015867 -0.00943679921968149
-1.05868714856531 -1.0187680150213 -0.978863614506385 -0.938995866591058 -0.899181308744845 -0.859444167817546 -0.819844810281006 -0.780456119494682 -0.741364906746436 -0.702656236965826 -0.664394261720814 -0.62663790423896 -0.589429985468896 -0.552748917243539 -0.516561595132349 -0.48085325876668 -0.445607737730993 -0.410784877360291 -0.376345790482822 -0.342280644149275 -0.308586868965946 -0.275252747562121 -0.242229970659042 -0.20945473379506 -0.17683784368501 -0.144295293821169 -0.111789213629111 -0.07929779939381 -0.0468173789045372 -0.0143488128266389
0.982833018836309 0.953277346408168 0.923749776784941 0.894276299636735 0.864873153140124 0.835547639057694 0.806281064989625 0.777046780995779 0.747812301137159 0.718540315043264 0.689180050616418 0.659677370327152 0.62997621979399 0.600012877227431 0.569730024146905 0.539103622715599 0.508110840400284 0.476700385238307 0.444824117793142 0.412474968162185 0.379656133826315 0.346371113943433 0.312624614379518 0.27842368026769 0.243783507101552 0.208739637957559 0.173400855883083 0.137885451813482 0.102276508265129 0.0666483056496534
-1.09138454905066 -1.03313402400549 -0.974877187300787 -0.91787820547055 -0.863207147274149 -0.812310788737249 -0.768336832725274 -0.733714034256054 -0.706294430117292 -0.68297946950637 -0.661444969489503 -0.639560339100117 -0.615306767560206 -0.587112564846052 -0.553127759687253 -0.509942135072398 -0.455857570223547 -0.397584575037649 -0.342973292636157 -0.296023768363634 -0.259773523120422 -0.236352780198627 -0.224262572457404 -0.218943016739845 -0.207219756257757 -0.176237741361079 -0.12303362458359 -0.0482836410509419 0.0426693459275504 0.143315815996656
-1.02965756366333 -0.995011180650199 -0.960364797561253 -0.92571841435201 -0.891072031050351 -0.856425647691163 -0.821779264264999 -0.787132880787075 -0.752486497415591 -0.717840114331178 -0.683193731661212 -0.648547349519756 -0.613900967999631 -0.579254587108681 -0.544608206847629 -0.509961827273671 -0.475315448433378 -0.44066907027435 -0.406022692728762 -0.371376315766061 -0.336729939365014 -0.302083563511281 -0.267437188218097 -0.232790813485353 -0.198144439231975 -0.163498065346675 -0.128851691678248 -0.0942053180873439 -0.0595589445219182 -0.0249125709517544
-1.00728195600486 -0.974351776465772 -0.941549746908538 -0.908598837334912 -0.874392667518927 -0.837789538312144 -0.798335825103959 -0.755877068777508 -0.710767397653052 -0.66359194494758 -0.615351276027866 -0.567149814298127 -0.520072671052235 -0.475127709142669 -0.433138786820626 -0.394270992373556 -0.35845272252195 -0.325324377682194 -0.29449662386214 -0.265749185739586 -0.23890405265982 -0.213809341828131 -0.190417681889817 -0.168510777404896 -0.147082125152266 -0.125027117200581 -0.101636934558642 -0.0765002147593321 -0.0499996324917012 -0.0227163717338442
1.04769796984848 1.00770038986129 0.967720440420517 0.927777875685645 0.887931735918744 0.848251122736081 0.808806097068083 0.769656254528787 0.730818370152513 0.692303749668363 0.654144642164273 0.616378532567893 0.579042195510342 0.542169564436612 0.505784244860689 0.469871371758643 0.434400602303988 0.399318152997942 0.364560064426644 0.330045114188235 0.295687764133854 0.261404232213811 0.227117760775101 0.19276542500054 0.158332607019557 0.123815838776702 0.0892079445303997 0.0545071535870491 0.0197370231310608 -0.0150725576836505
-1.02434722851653 -0.988291743958135 -0.952236259649801 -0.916180775850235 -0.880125292879755 -0.844069811064182 -0.808014330689757 -0.771958852028881 -0.735903375338192 -0.699847900805879 -0.663792428362091 -0.627736957872469 -0.591681489170481 -0.555626021960905 -0.519570555932287 -0.483515090836925 -0.447459626454674 -0.41140416261185 -0.375348699196572 -0.33929323629773 -0.303237774054404 -0.267182312552646 -0.231126851666403 -0.195071391225883 -0.15901593109844 -0.122960471189399 -0.0869050115188128 -0.0508495521074159 -0.0147940928639484 0.0212613663308486
-1.04042186905434 -1.00371160890457 -0.966999100023071 -0.930286302926067 -0.893584887092817 -0.856908789561725 -0.820271308644729 -0.783682632861573 -0.74714115028968 -0.710645117211816 -0.674204063174453 -0.637830336039984 -0.601536935024395 -0.565339464758022 -0.529253657867107 -0.493293153547142 -0.457469038251853 -0.421784280898637 -0.386239487103642 -0.350833926814343 -0.315566536061047 -0.280437720001344 -0.245453760301957 -0.210617338884233 -0.175910862178884 -0.141308136834737 -0.106768845863714 -0.0722548013598559 -0.0377504553825983 -0.00324591998272287
-1.06329880647096 -1.01972664072893 -0.976238529554603 -0.93285711911426 -0.889507744817448 -0.846188199116462 -0.803283413391358 -0.761271745039787 -0.720618116602012 -0.681667288946844 -0.64429681111468 -0.608267429188814 -0.573361668537257 -0.539449171666897 -0.506470623886042 -0.474563764569815 -0.443778835863743 -0.413619036928154 -0.383493929212173 -0.35298556630532 -0.321719124832215 -0.289321517887196 -0.255426604443469 -0.219779222621875 -0.182561181254907 -0.14409862053873 -0.104858035412525 -0.065282173559299 -0.0255784388943415 0.0141046006089879
-1.0063355623154 -0.972257771920783 -0.9381799815287 -0.904102191123875 -0.870024400702754 -0.835946610279105 -0.801868819924282 -0.767791029705141 -0.733713239612986 -0.699635449605427 -0.665557659580841 -0.6314798694228 -0.597402079049519 -0.563324288517787 -0.529246497944313 -0.495168707546901 -0.461090917557856 -0.427013128166382 -0.392935339520494 -0.358857551646546 -0.324779764540479 -0.290701978186465 -0.256624192521595 -0.222546407459287 -0.188468622865332 -0.154390838599984 -0.120313054548983 -0.0862352706184297 -0.0521574867703857 -0.0180797029809029
-0.982260038047452 -0.949053529921655 -0.915847021787518 -0.882640513567753 -0.849434005131067 -0.816227496346641 -0.783020987139564 -0.749814477440994 -0.716607967150474 -0.683401456172534 -0.65019494446329 -0.616988431991748 -0.583781918718003 -0.550575404566486 -0.517368889489003 -0.484162373582514 -0.450955856980076 -0.417749339813985 -0.384542822194526 -0.351336304144694 -0.318129785665662 -0.284923266753176 -0.251716747381271 -0.218510227553302 -0.185303707411597 -0.152097187101139 -0.118890666638548 -0.0856841460176915 -0.0524776252697891 -0.0192711044353985
-1.03426913501314 -0.995411952476777 -0.956530294769908 -0.917609161700024 -0.878666165946745 -0.83974762309518 -0.800982047480295 -0.762505737811387 -0.72440393154524 -0.686743320019742 -0.649567471349733 -0.612914172844288 -0.57681174873295 -0.541250670927149 -0.506217318541064 -0.471719551817986 -0.437758009076471 -0.404282959807011 -0.371221645174705 -0.338459561871141 -0.305871770469531 -0.273352147282868 -0.240869831583266 -0.208413653916457 -0.175975946963527 -0.143546852206109 -0.111104244192675 -0.078629167822171 -0.0461276163285959 -0.0136118200297118
-1.02675077905384 -0.992885493992143 -0.959020208861399 -0.925154923599531 -0.891289638139576 -0.857424352403451 -0.823559066273485 -0.789693779633681 -0.755828492414316 -0.721963204579068 -0.688097916178932 -0.654232627286732 -0.620367337963295 -0.586502048221459 -0.552636758042872 -0.51877146733241 -0.484906175991 -0.451040883980555 -0.417175591277761 -0.383310297857403 -0.349445003693794 -0.315579708785457 -0.28171441322777 -0.247849117138563 -0.213983820628627 -0.180118523799147 -0.146253226719927 -0.112387929450369 -0.0785226320396377 -0.0446573345343353
0.889853569564003 0.894145261401142 0.895002231512077 0.891483320538649 0.877522173079738 0.848829586161356 0.813350162561011 0.77920180101516 0.742961778344569 0.700736586579546 0.658290200504266 0.623800965591371 0.600849123187662 0.574622498136584 0.530878666495841 0.476046625683538 0.42208135000627 0.382370299964186 0.366004618707868 0.363457693796071 0.360548473889593 0.345318924126201 0.314703075551546 0.269446043666997 0.216645215888933 0.164883202838803 0.122331236043349 0.0950932680436501 0.0814155145328573 0.0775797569921391
-0.963709955050259 -0.931998727252819 -0.900287499425005 -0.868576271555025 -0.836865043607745 -0.805153815526031 -0.773442587188098 -0.741731358464221 -0.710020129257571 -0.678308899484361 -0.646597669080074 -0.614886437985013 -0.58317520614404 -0.551463973520267 -0.519752740104611 -0.488041505980978 -0.456330271258605 -0.424619036055074 -0.392907800456671 -0.361196564416179 -0.329485327852999 -0.29777409072068 -0.266062853109342 -0.234351615140699 -0.202640376926277 -0.170929138560517 -0.139217900079719 -0.10750666150683 -0.0757954228695236 -0.0440841841966549
-0.969314402118869 -0.937529446185248 -0.905744490272382 -0.873959534372363 -0.84217457834026 -0.810389622032608 -0.778604665448807 -0.746819708636048 -0.715034751689809 -0.683249794702866 -0.651464837708893 -0.619679880726789 -0.58789492380424 -0.556109967104084 -0.524325010798803 -0.492540054984319 -0.46075509974651 -0.42897014520763 -0.39718519148469 -0.365400238637327 -0.333615286710838 -0.301830335710631 -0.270045385482552 -0.238260435843435 -0.206475486653632 -0.174690537790743 -0.142905589157858 -0.111120640665663 -0.0793356922297255 -0.0475507437668359
-0.996299958691087 -0.961790498113603 -0.9272810374734 -0.89277157668379 -0.858262115714067 -0.823752654564166 -0.789243193300615 -0.754733731986174 -0.720224270601941 -0.685714809125831 -0.651205347604681 -0.616695886102562 -0.582186424664732 -0.547676963261204 -0.513167501840339 -0.478658040339118 -0.444148578655571 -0.40963911654327 -0.375129653739849 -0.340620190063621 -0.306110725353069 -0.271601259480759 -0.237091792455586 -0.202582324331412 -0.168072855205623 -0.133563385195667 -0.0990539144556933 -0.0645444431577334 -0.0300349715086344 0.00447450027605229
-0.996440889860253 -0.962582555288831 -0.928724220645609 -0.894865885863827 -0.861007550940898 -0.827149215882503 -0.793290880663196 -0.759432545258112 -0.725574209675849 -0.691715873929724 -0.657857538018464 -0.623999201937151 -0.590140865683127 -0.556282529262773 -0.522424192674527 -0.488565855875989 -0.454707518833025 -0.420849181585398 -0.386990844173467 -0.353132506566068 -0.319274168714161 -0.285415830581092 -0.251557492179755 -0.217699153509079 -0.183840814462572 -0.149982474939463 -0.116124134967272 -0.0822657946193959 -0.0484074540244452 -0.0145491133248331
-0.974638499220727 -0.939985852638801 -0.905333206074935 -0.870680559478461 -0.836027912728791 -0.801375265702314 -0.766722618333271 -0.732069970583915 -0.697417322470702 -0.662764674025643 -0.628112025288786 -0.593459376302183 -0.558806727136259 -0.524154077974923 -0.48950142901461 -0.45484878038838 -0.420196132204437 -0.385543484534941 -0.350890837435937 -0.316238190935074 -0.281585545052898 -0.2469328997992 -0.212280255140727 -0.177627611039733 -0.142974967483516 -0.108322324432174 -0.073669681711941 -0.0390170391399822 -0.00436439663104607 0.030288245875723
-1.01440037877767 -0.978328519559122 -0.942256660390346 -0.906184801307172 -0.87011294234206 -0.834041083509031 -0.797969224751749 -0.761897365998145 -0.725825507183599 -0.689753648263817 -0.653681789268366 -0.617609930245278 -0.581538071227103 -0.545466212184446 -0.509394353057696 -0.473322493728307 -0.437250634075869 -0.401178774031448 -0.365106913548731 -0.329035052620404 -0.292963191248907 -0.256891329439325 -0.220819467207337 -0.184747604568261 -0.148675741525396 -0.112603878107773 -0.0765320144593731 -0.0404601507304019 -0.00438828698099992 0.0316835767512081
-0.919205762606078 -0.889370715539855 -0.859497945241645 -0.829543604422228 -0.79948956436159 -0.769319502774391 -0.738998604544792 -0.708484957344969 -0.677726752829668 -0.646673695084489 -0.615291433935863 -0.583549605645431 -0.551428154681596 -0.518948258339812 -0.486139127825112 -0.453020877153811 -0.419606918862443 -0.385892956757141 -0.351874247612523 -0.317561968807542 -0.282971277872231 -0.248115551302462 -0.213001041457456 -0.177628711079993 -0.14198548858375 -0.106066863900258 -0.0699166073615871 -0.0335925980330299 0.0028391304877595 0.0393105059700366
-1.04608800104329 -1.0036318352975 -0.961434958145421 -0.919773103803616 -0.878793592161944 -0.838580483266295 -0.799093212113363 -0.760284748896869 -0.72220682964783 -0.6849121093446 -0.648358152917567 -0.612478752785127 -0.57722224551311 -0.542595144257077 -0.50860645586788 -0.47521698538781 -0.442400755910248 -0.41023286454149 -0.378799131667783 -0.348127196782258 -0.318230154154768 -0.289101356059078 -0.260655186784597 -0.232781141157774 -0.205348124137564 -0.178228255651005 -0.15132710536497 -0.124569677672256 -0.0979252661295164 -0.0713742365843667
1.01687476043164 0.957247242341051 0.774189359522915 0.836441282569836 0.945229098405825 0.855958817047636 0.708270224551587 0.680916498158964 0.72487060381135 0.750102690044664 0.730351847071847 0.655299400525101 0.534591381229615 0.457732640782543 0.490459550839553 0.5235757425184 0.450097020423423 0.346820623643204 0.309119722311129 0.32288977625558 0.346656817728687 0.343264085654714 0.292823645646462 0.196749445447595 0.124394134636676 0.128361240759672 0.126319101397251 0.0436436651752651 -0.0285234851344064 0.0424006417766242
-0.997693603204102 -0.963551094469071 -0.929427927185591 -0.895341212839691 -0.861325885150945 -0.827422182318085 -0.793673738222942 -0.760118240009451 -0.726766192186859 -0.693617287011018 -0.660655150358904 -0.627859391512776 -0.595212954848199 -0.562712125113981 -0.530352387083051 -0.498112685251569 -0.46597497964809 -0.433949832707514 -0.402054408176202 -0.370303672640039 -0.338712043394788 -0.30729085025309 -0.276039073095105 -0.244951269284157 -0.214016656048735 -0.183219204917453 -0.152527244754278 -0.121905878682749 -0.0913229495293421 -0.0607469850462697
-1.09999765160779 -0.977707073880893 -0.898177139320906 -0.901390589496007 -0.921737250923606 -0.890625383228254 -0.833129893513823 -0.786425246585833 -0.742417490577056 -0.686858560080917 -0.626152352206193 -0.571865754690504 -0.538010567636559 -0.548378240607447 -0.602565061782456 -0.593607024345303 -0.442836730959744 -0.291333517205258 -0.28239203806347 -0.348421493208869 -0.369109718489157 -0.271540665957055 -0.172382752485359 -0.186840443321957 -0.23467793239504 -0.215593954320331 -0.144465677783369 -0.0605204604429609 0.0147920182188426 0.0644664982641794
-1.01542830121751 -0.979798912374756 -0.944169523561797 -0.908540134816174 -0.872910746119202 -0.837281357420348 -0.801651968597921 -0.766022579520493 -0.730393190088853 -0.694763800246146 -0.659134410072744 -0.62350501968332 -0.58787562919884 -0.552246238765434 -0.516616848526819 -0.480987458591889 -0.445358069047093 -0.409728679923936 -0.374099291235519 -0.338469902976287 -0.302840515136019 -0.267211127728792 -0.231581740865865 -0.195952354657979 -0.160322969116623 -0.124693584197728 -0.0890641997342659 -0.0534348155459508 -0.0178054315224217 0.0178239524292003
-0.88872637472159 -0.897777007671041 -0.901851918375997 -0.896344886117065 -0.880045268671546 -0.853398134400353 -0.820075815502143 -0.783548383441249 -0.743249602906955 -0.698544523500971 -0.652559641249785 -0.609361813786075 -0.571918861051247 -0.538802452221613 -0.507701382787935 -0.47716910426386 -0.445842917609208 -0.411830865545596 -0.373681782433699 -0.332236927428628 -0.2889106658841 -0.244917110779294 -0.200669365595233 -0.15685520892654 -0.116062129320387 -0.0807232003237475 -0.0507541255302492 -0.0250287727223838 -0.000771036391443064 0.0252076822940809
-0.980025688376417 -0.91864413814775 -0.869045989755613 -0.842004962470287 -0.83430098570816 -0.837185844853413 -0.833792539015279 -0.808963499811665 -0.762497675170125 -0.699654382398802 -0.632577900018552 -0.575133746853411 -0.535753681902464 -0.501134424864994 -0.457678894805118 -0.412349847546084 -0.37585021358444 -0.353283785350791 -0.345680158249922 -0.343371277649277 -0.334014676406967 -0.310250224973929 -0.284647144172408 -0.268781764469307 -0.250329504538856 -0.214707633853425 -0.162201736870613 -0.097173899388058 -0.0254238975783123 0.0468890697923433
-1.01482425403622 -0.981810944697262 -0.948825892149858 -0.915850687577054 -0.882836761885814 -0.849739536195895 -0.816560552754308 -0.783312397118831 -0.750005706963047 -0.716625093878589 -0.683053013013493 -0.649146380404894 -0.614767245638515 -0.579798192494442 -0.54413674893476 -0.507719685455196 -0.470514734948876 -0.432574237364875 -0.393981917060466 -0.354862428969759 -0.31535066067107 -0.275562191371592 -0.235535366794021 -0.195287063151012 -0.154825512099551 -0.114171784855632 -0.0734069554269579 -0.0326148980706594 0.0081693147501246 0.0489228110207537
-1.00556944869527 -0.970715959446804 -0.935862470235999 -0.901008981105607 -0.866155492135216 -0.831302003394753 -0.79644851487867 -0.761595026558291 -0.726741538387893 -0.691888050316227 -0.657034562286972 -0.622181074242544 -0.587327586125836 -0.552474097881661 -0.517620609453809 -0.482767120780055 -0.447913631800369 -0.413060142469515 -0.378206652758087 -0.343353162685202 -0.308499672282104 -0.273646181592124 -0.238792690706915 -0.203939199712005 -0.169085708620087 -0.134232217428944 -0.0993787261495544 -0.0645252348006793 -0.029671743419009 0.00518174795428312
-1.04183602958928 -1.00398263313459 -0.966129236722585 -0.928275840358387 -0.890422443980659 -0.852569047517843 -0.814715650923977 -0.776862254137792 -0.73900885701121 -0.70115545940499 -0.663302061302046 -0.625448662715832 -0.587595263664441 -0.549741864184519 -0.511888464302611 -0.474035063986284 -0.436181663207927 -0.398328262018172 -0.360474860490825 -0.322621458714132 -0.284768056779948 -0.246914654767472 -0.209061252705265 -0.171207850609556 -0.133354448497888 -0.0955010463912394 -0.0576476443230538 -0.0197942423230734 0.0180591596062169 0.0559125614691466
0.962173741897903 0.931957214069444 0.90174817939753 0.871522058985221 0.841137774691702 0.810436197655044 0.779302495372723 0.747662253662679 0.715558435265305 0.683054375520535 0.650177523244009 0.616946355620295 0.583346679623039 0.549233621382209 0.514451561729887 0.478932581150287 0.442637137470699 0.405551498238583 0.367680512854421 0.329077548410609 0.289808101422526 0.249937559318205 0.209530873176298 0.168646605987291 0.127318204738371 0.0855819113879521 0.0435102637826494 0.00118682610376146 -0.0412970280168873 -0.0838479725848409
-0.903840974569231 -0.953427557735207 -0.966222863248279 -0.840941314359546 -0.741447877225161 -0.8206068445831 -0.92212927259359 -0.875048234090653 -0.758838105181248 -0.68734466166546 -0.661457974842938 -0.65382918988822 -0.639305682114148 -0.601519747386762 -0.534315955345425 -0.463603050169574 -0.414317411268913 -0.375441784434115 -0.332213378321369 -0.290840886667947 -0.262775874481392 -0.256242551548587 -0.266555706773776 -0.277947390202396 -0.243228117327288 -0.131112592571771 -0.00535381063365382 0.0608241947164133 0.0513515236909255 -0.0355531900018376
-0.993303777845038 -0.959622020319002 -0.925940262952223 -0.892258505871913 -0.858576748987604 -0.824894992161675 -0.791213235285577 -0.757531478249456 -0.72384972090916 -0.690167963128344 -0.656486204836189 -0.622804445978254 -0.589122686518078 -0.555440926491111 -0.521759165934179 -0.488077404817729 -0.454395643069192 -0.420713880510336 -0.387032116967941 -0.353350352394515 -0.319668586773995 -0.285986820114915 -0.252305052524198 -0.218623284134016 -0.184941515079161 -0.1512597455042 -0.11757797559022 -0.0838962055050927 -0.0502144353273287 -0.0165326651130996
-0.981714367467301 -0.948493757960372 -0.915272153631595 -0.882050312097792 -0.848832128270339 -0.815621690115909 -0.78242072052779 -0.74923069310103 -0.71605444931108 -0.682895852667839 -0.649761486938586 -0.616658615954946 -0.583594275749387 -0.550574591157758 -0.51760498960297 -0.484689020052799 -0.451828611814694 -0.419021094009943 -0.386261985387074 -0.353544163389753 -0.320859845135429 -0.288202541445791 -0.255570937959489 -0.222964485689334 -0.190380522327831 -0.157815706645017 -0.125266095041372 -0.0927277235947027 -0.0601971494616744 -0.0276710600686686
1.00766675327481 0.972646805417201 0.937626857459216 0.902606909286843 0.867586960815567 0.832567011939535 0.797547062438057 0.762527112090902 0.727507160794496 0.692487208482589 0.657467255121562 0.622447300685953 0.587427345184069 0.552407388759284 0.517387431599885 0.482367473938748 0.447347515997778 0.412327557910417 0.377307599777629 0.342287641658935 0.307267683603496 0.272247725643334 0.237227767741899 0.202207809842406 0.16718785187567 0.13216789377926 0.097147935530156 0.0621279771240805 0.0271080185923086 -0.00791194002499599
-1.03211728683263 -0.994620289330695 -0.957123291816598 -0.91962629428436 -0.882129296719685 -0.84463229907521 -0.807135301179621 -0.769638302837694 -0.732141303882527 -0.694644304170706 -0.657147303624455 -0.619650302182405 -0.582153299800418 -0.544656296503268 -0.507159292349679 -0.46966228746526 -0.43216528199095 -0.394668276062123 -0.357171269772881 -0.319674263057799 -0.28217725581157 -0.244680247940192 -0.207183239394889 -0.16968623017711 -0.132189220443999 -0.0946922103893848 -0.0571952001981612 -0.0196981900248413 0.0177988200886502 0.0552958301285351
-0.871791623351831 -0.912107361361599 -0.893309636831308 -0.847786016692223 -0.800815112023416 -0.77259986352859 -0.770149486262151 -0.787855709780594 -0.782834047298062 -0.718979154511193 -0.624578473388949 -0.544017642468375 -0.507186694536161 -0.485993239377579 -0.451544968617743 -0.429732324242546 -0.441047136569126 -0.429604038878808 -0.346162606082307 -0.244439376643732 -0.203890129915535 -0.264053786633078 -0.304801833063359 -0.220392157345429 -0.122295689574936 -0.129725572450138 -0.175650757123163 -0.168645904528727 -0.105952706278059 -0.00697961165151439
-0.917709307601272 -1.00638800467425 -1.01694736138603 -0.962160231499572 -0.87790313822459 -0.805772160344812 -0.787137929493373 -0.836232748215938 -0.858961049858907 -0.770356839734234 -0.630300280215371 -0.534883072941144 -0.543622285070518 -0.569736445843016 -0.522896219324354 -0.444879346804435 -0.393938283216953 -0.362117260846561 -0.328268726437268 -0.284686207219567 -0.227023500545572 -0.156873982672165 -0.0995893454753174 -0.0766042406398535 -0.0699268434669262 -0.0572465793922915 -0.03840435077379 -0.0234609635716127 -0.0412053612332671 -0.12510852157809
-0.993459330085837 -0.960231983528922 -0.927004636997926 -0.8937772904994 -0.860549944034926 -0.827322597598129 -0.794095251155778 -0.760867904672792 -0.727640558133529 -0.6944132115386 -0.661185864934205 -0.627958518377941 -0.594731171936991 -0.561503825716887 -0.528276479844421 -0.495049134493072 -0.461821789821562 -0.428594445882904 -0.395367102685686 -0.362139760166522 -0.328912418244032 -0.295685076838575 -0.262457735877474 -0.229230395304088 -0.196003055118966 -0.162775715322574 -0.129548375857842 -0.0963210366497842 -0.0630936976092824 -0.0298663586436853
0.949375189587879 0.918222263103724 0.88706933640003 0.855916409252429 0.824763481412493 0.793610552597886 0.762457622414701 0.731304690477717 0.70015175654805 0.668998820444836 0.637845882072971 0.606692941358788 0.575539998242886 0.544387052722929 0.513234104858099 0.482081154896572 0.450928203118841 0.419775249745648 0.3886222949534 0.357469338800893 0.326316381317526 0.295163422581363 0.264010462865139 0.232857502485995 0.201704541744011 0.170551580919332 0.139398620229412 0.108245659826017 0.0770926996608443 0.0459397396355738
-0.972842346866224 -0.941370057864539 -0.909897367055686 -0.878419646000567 -0.846941844476232 -0.815465631682164 -0.783969976291421 -0.752422152294609 -0.720765355478926 -0.688937886998213 -0.656882547676282 -0.624543263254436 -0.591874717205638 -0.558874623929485 -0.525553839165344 -0.491932753085032 -0.45803398491515 -0.423879535668989 -0.389481543352128 -0.354813312152612 -0.319838437804102 -0.28452973142271 -0.248896865654341 -0.212961379838662 -0.176755418560589 -0.140315565712396 -0.103685557170548 -0.0669126734043571 -0.0300512212703463 0.0068427357781594
-0.973464473870159 -0.94327724476042 -0.913060418206394 -0.882792754896385 -0.852425816781689 -0.821902215670143 -0.791155961532761 -0.760119162784693 -0.728724923454451 -0.696914160210279 -0.664658044665972 -0.631935312171713 -0.598727503760988 -0.565027383200486 -0.530831835342543 -0.496143006648873 -0.460973048316883 -0.425368868877377 -0.389389807596538 -0.353110169348664 -0.316608000410084 -0.279964199392391 -0.243271074248255 -0.206602219222511 -0.169944964387587 -0.133265748155614 -0.0965337064699232 -0.0597269963186119 -0.0228571613376202 0.0140559081751505
-0.951767267895543 -0.924383560203844 -0.896981880452622 -0.869496151058364 -0.841790274013922 -0.813693106764679 -0.784963348989765 -0.755372307886001 -0.724811878487213 -0.693236171723934 -0.660727574276514 -0.627400541762761 -0.593350576827351 -0.558597370222449 -0.523181294784154 -0.487301263576812 -0.451167566048896 -0.414877456957123 -0.378508433666345 -0.342171998665683 -0.305988155725332 -0.270054124716645 -0.23437598991563 -0.19893480929539 -0.163702671212766 -0.12865263160953 -0.0937705863834558 -0.0590442148369502 -0.0244554899349574 0.0100150419419438
-0.98017879464485 -0.947225708655139 -0.914272622627575 -0.881319536484521 -0.848366450243969 -0.815413363963803 -0.782460277765832 -0.749507191766258 -0.716554105994902 -0.68360102044754 -0.650647935070147 -0.617694849796243 -0.584741764576265 -0.55178867942831 -0.518835594392245 -0.485882509527365 -0.452929424898026 -0.419976340569421 -0.38702325661296 -0.354070173124085 -0.321117090204248 -0.288164007957009 -0.255210926494364 -0.22225784589917 -0.189304766129285 -0.156351687100871 -0.123398608688286 -0.0904455307474039 -0.0574924531019572 -0.0245393755676425
-1.00571561566381 -0.969438209484785 -0.933086018186911 -0.896798469286744 -0.861035895326942 -0.826248635117348 -0.792526147510431 -0.759861928924793 -0.728226506000924 -0.69755979344991 -0.667702228043298 -0.638469377067754 -0.609657649048078 -0.580986817461603 -0.552176507230388 -0.523022384102856 -0.493398898804539 -0.463419601143035 -0.433117352978514 -0.401963165299385 -0.369287586376111 -0.334495675281441 -0.297290534297261 -0.257473527393163 -0.214941022080415 -0.169707205773735 -0.12216254195996 -0.0728106207077914 -0.0222312623412609 0.0289766552517671
1.01199379465006 0.977487615272007 0.942981436049819 0.908475257088694 0.873969078297875 0.839462899571946 0.804956720942829 0.770450542491661 0.735944364359098 0.701438186666006 0.666932009394569 0.632425832492305 0.597919655929543 0.56341347976786 0.528907304086687 0.494401128945599 0.459894954364102 0.425388780221265 0.390882606373222 0.356376432724795 0.321870259192979 0.287364085703946 0.252857912220583 0.218351738721378 0.183845565210525 0.149339391676327 0.114833218017819 0.0803270441433444 0.0458208700877637 0.0113146959175642
-0.971254015498892 -0.937466729314401 -0.903679443147724 -0.869892156995826 -0.83610487078876 -0.802317584431298 -0.768530297794 -0.734743010726969 -0.700955723032698 -0.667168434548565 -0.633381145299106 -0.599593855355644 -0.565806564799302 -0.532019273750398 -0.498231982320747 -0.464444690548948 -0.430657398440346 -0.396870105940477 -0.363082812989016 -0.329295519561999 -0.295508225644549 -0.26172093123376 -0.2279336363746 -0.194146341112849 -0.16035904544965 -0.126571749391762 -0.0927844530130364 -0.0589971564016422 -0.0252098596359087 0.00857743720829452
-1.01868969027599 -0.971931749541763 -0.925895327653405 -0.881537022326855 -0.840445634163679 -0.803890424630081 -0.771230295765163 -0.741216000605367 -0.712076055603577 -0.682060673400192 -0.650029087969223 -0.614992788618084 -0.576135916119562 -0.533333217107942 -0.486839640622699 -0.437740339462575 -0.387701590829671 -0.339883965780258 -0.297456966208247 -0.262131523503938 -0.235253926431729 -0.217342852346077 -0.205606532961681 -0.196527750882378 -0.186997937908324 -0.174456501189137 -0.158126100075964 -0.137945808684571 -0.114937107987665 -0.0903920806721865
-0.943806476045631 -0.911809428423546 -0.879812380779634 -0.847815333109219 -0.815818285392489 -0.783821237614949 -0.751824189798502 -0.719827141986659 -0.687830094272983 -0.655833046726831 -0.623835999270701 -0.591838951790376 -0.559841904160572 -0.527844856211729 -0.495847807793566 -0.463850758877182 -0.431853709454028 -0.399856659475558 -0.367859608908351 -0.335862557819479 -0.303865506301135 -0.271868454426528 -0.239871402192938 -0.20787434958058 -0.175877296577355 -0.143880243194023 -0.111883189525095 -0.079886135678004 -0.0478890817280932 -0.0158920277426865
-1.06965107826432 -1.03177501626703 -0.993898954238111 -0.956022892106548 -0.918146829722483 -0.880270766914562 -0.842394703504226 -0.804518639354409 -0.766642574501209 -0.728766509023856 -0.690890443000934 -0.653014376510864 -0.615138309625361 -0.577262242389305 -0.539386174825064 -0.50151010689178 -0.463634038514278 -0.425757969543348 -0.387881899839451 -0.35000582937579 -0.312129758153751 -0.274253686203204 -0.236377613667954 -0.198501540712275 -0.16062546746839 -0.122749394048149 -0.0848733205139635 -0.0469972469079556 -0.00912117324051282 0.0287549004859099
-0.943428879981417 -0.920839029888642 -0.897802197321869 -0.873978235473189 -0.849178291005067 -0.823268473418203 -0.796183450095864 -0.767886121992434 -0.738383766464204 -0.707666016701107 -0.675607552825736 -0.642054316693849 -0.606918776300907 -0.570379504201178 -0.53271072730847 -0.494303185415939 -0.455623225633846 -0.417323111461537 -0.379984394540893 -0.343719862694862 -0.308525112791656 -0.274281097810819 -0.240410195177218 -0.206333324315322 -0.171924148202696 -0.137215090686765 -0.102420875541307 -0.0677484895695216 -0.0331916717659346 0.00130915082709784
-1.01931579453908 -0.983510304524811 -0.947704814540226 -0.911899324637391 -0.876093834920704 -0.840288345461075 -0.804482856143131 -0.768677366849168 -0.732871877638427 -0.697066388626027 -0.661260899973664 -0.625455411854677 -0.589649924405348 -0.553844437613741 -0.518038951431366 -0.482233465811743 -0.446427980687003 -0.410622495901725 -0.374817011298372 -0.33901152679852 -0.303206042343519 -0.267400557907758 -0.23159507359777 -0.195789589540576 -0.15998410581301 -0.124178622460915 -0.0883731394563892 -0.0525676567433607 -0.016762174226835 0.0190433081979135
-1.0183952211818 -0.98437544754887 -0.950355674019142 -0.916335900689282 -0.882316127581777 -0.848296354691156 -0.814276581974288 -0.780256809363381 -0.74623703672965 -0.71221726393217 -0.678197490842442 -0.644177717335073 -0.610157943318419 -0.576138168835839 -0.542118393978221 -0.508098618891552 -0.474078843713251 -0.440059068491342 -0.406039293261322 -0.372019518097984 -0.337999743085942 -0.30397996831464 -0.269960193892834 -0.235940419894105 -0.201920646232008 -0.167900872792542 -0.133881099511511 -0.0998613263397019 -0.0658415532380427 -0.0318217801699963
-0.980782167961954 -0.946727008254193 -0.912671848516776 -0.878616688711986 -0.844561528734987 -0.810506368472752 -0.776451207846632 -0.742396046804838 -0.708340885368661 -0.674285723577619 -0.640230561471056 -0.606175399088275 -0.5721202364644 -0.538065073617847 -0.504009910530138 -0.469954747051945 -0.435899583004232 -0.401844418219991 -0.367789252546567 -0.333734085876675 -0.299678918114378 -0.265623749172969 -0.231568579002678 -0.197513407592906 -0.163458235052806 -0.129403061547546 -0.0953478873466062 -0.0612927127236952 -0.027237537865118 0.00681763706467071
-0.987510957931972 -0.95310225181959 -0.918693545732559 -0.884284839631857 -0.84987613336036 -0.815467426750717 -0.781058719712774 -0.746650012191845 -0.712241304197944 -0.677832595760019 -0.643423886918079 -0.609015177714899 -0.574606468176242 -0.54019775825983 -0.505789047910167 -0.471380337086925 -0.436971625749107 -0.402562913837877 -0.368154201304261 -0.333745488156593 -0.299336774417531 -0.264928060113792 -0.230519345288314 -0.196110629983897 -0.161701914226551 -0.127293198056057 -0.0928844815840659 -0.0584757649322309 -0.0240670481903488 0.010341668559748
-0.976987025766245 -0.944171094881876 -0.911355163968252 -0.878539233048253 -0.845723302271027 -0.812907371808852 -0.780091441800274 -0.74727551235415 -0.714459583494311 -0.681643655235283 -0.648827727639386 -0.616011800780889 -0.583195874739649 -0.550379949617864 -0.517564025485232 -0.484748102259093 -0.451932179815836 -0.419116258020419 -0.386300336744029 -0.353484415894202 -0.320668495387561 -0.287852575129986 -0.255036654984394 -0.222220734808573 -0.189404814482781 -0.156588893898115 -0.123772972966563 -0.0909570516426201 -0.0581411300299097 -0.0253252082693397
-0.995441817342401 -0.959514357856636 -0.923580333666463 -0.887635365812006 -0.851684088772989 -0.815740044205178 -0.779843389028911 -0.744042880910706 -0.708395065237241 -0.672953052550864 -0.637748426296457 -0.602807388144538 -0.568149394546796 -0.53376692107963 -0.499656342298488 -0.465856609550339 -0.432402376268391 -0.399268527439302 -0.366415401693902 -0.333804920686258 -0.301399401826243 -0.269168736303799 -0.237113110429136 -0.205228341775113 -0.173462477844922 -0.141759325955002 -0.110093502744432 -0.0784491339126677 -0.0468175720780228 -0.015191976588525
1.01645468563533 0.98272830072572 0.949001915805379 0.915275530913847 0.881549146196192 0.847822761814733 0.814096377895264 0.780369994595727 0.746643612239178 0.712917231147296 0.679190851471123 0.645464473319046 0.611738096750015 0.57801172162524 0.544285347756932 0.510558974959032 0.476832603050699 0.443106231870223 0.409379861276395 0.375653491190887 0.341927121551094 0.308200752279333 0.274474383237631 0.240748014308977 0.207021645520514 0.173295276911394 0.139568908424637 0.105842539988542 0.0721161715686553 0.0383898031398358
1.0085252070542 0.974615732106185 0.940706257300091 0.906796782779228 0.872887308541555 0.838977834542587 0.805068360713396 0.771158887038578 0.737249413741264 0.703339941078814 0.669430469206976 0.635520998256094 0.601611528319 0.567702059338463 0.533792591225585 0.499883123914856 0.465973657357084 0.432064191544956 0.398154726467186 0.364245262054731 0.330335798224108 0.296426334891343 0.262516871970507 0.22860740938651 0.194697947109569 0.160788485124269 0.126879023427374 0.0929695620007652 0.0590601007546308 0.0251506395812345
-1.03481437451005 -0.998130561406623 -0.961446748340075 -0.924762935301685 -0.888079122204224 -0.851395308942906 -0.814711495421216 -0.778027681543812 -0.741343867211788 -0.704660052332998 -0.667976236845925 -0.631292420696709 -0.594608603857695 -0.557924786406064 -0.52124096843912 -0.48455715002984 -0.447873331219071 -0.41118951194346 -0.374505692115206 -0.337821871652902 -0.30113805047674 -0.264454228531622 -0.227770405861273 -0.191086582525672 -0.154402758550989 -0.117718933961946 -0.0810351088112793 -0.0443512831779597 -0.00766745721786853 0.0290163688938845
-0.946304636016504 -0.951648327150373 -0.953892283354688 -0.950832628999206 -0.940492314479033 -0.920960130501317 -0.890361402995994 -0.848252456167395 -0.799877072094632 -0.750823187805177 -0.702367902245185 -0.654710604840476 -0.607993602437654 -0.562130871566444 -0.517035617267982 -0.472846288945913 -0.429909572889666 -0.38917985856927 -0.351433442603231 -0.316126547023358 -0.282385375214786 -0.249460593743007 -0.217100721894945 -0.185233545644476 -0.154006064991849 -0.123304772006796 -0.0917549130106107 -0.0580181609949686 -0.0221631413815202 0.0153897823005909
-0.896323158853305 -0.886836095816237 -0.877371288564283 -0.867859304576759 -0.857439751676686 -0.845000030902591 -0.829209675811319 -0.80885604918335 -0.783415698175406 -0.752828031698104 -0.718194721301428 -0.680908004195198 -0.642168406253415 -0.602409608006774 -0.561866235256217 -0.520743540226944 -0.479230510045444 -0.437480445019079 -0.395680938888792 -0.354192445948959 -0.313418635632314 -0.273710968742445 -0.235212071566358 -0.197856903423701 -0.160958590281264 -0.123850649897184 -0.0865700005478174 -0.0492616399020415 -0.0117994826805732 0.0260103271329098
