-1.02307054485289 -0.987870638281915 -0.952670731572524 -0.9174708246007 -0.882270917228913 -0.847071009333399 -0.811871100858948 -0.776671191790776 -0.741471282207233 -0.706271372204365 -0.671071461855845 -0.635871551229754 -0.600671640367281 -0.565471729202038 -0.530271817670021 -0.495071905824329 -0.459871993757853 -0.424672081605541 -0.389472169491506 -0.354272257454472 -0.319072345511813 -0.28387243367473 -0.248672521929723 -0.213472610272787 -0.178272698762603 -0.143072787450069 -0.107872876292289 -0.0726729652280741 -0.0374730542168758 -0.00227314322330412
-0.974397845134464 -0.941009611665139 -0.90762137830426 -0.874233145132127 -0.840844912201636 -0.807456679559127 -0.774068447252136 -0.740680215316046 -0.707291983736435 -0.673903752466522 -0.640515521379897 -0.607127290330245 -0.573739059168877 -0.540350827737621 -0.50696259590119 -0.47357436362532 -0.440186130924788 -0.406797897909496 -0.373409664695946 -0.3400214313319 -0.306633197847937 -0.273244964269798 -0.239856730603883 -0.206468496885125 -0.173080263281924 -0.139692029964443 -0.106303796976422 -0.0729155643055819 -0.0395273318419992 -0.00613909945133752
-0.981971094783005 -0.948543012180825 -0.915114929644725 -0.881686847243971 -0.848258765097139 -0.814830683331643 -0.781402602060933 -0.74797452139311 -0.714546441428819 -0.681118362251868 -0.647690283886185 -0.614262206340726 -0.580834129610454 -0.547406053634354 -0.513977978357745 -0.480549903807252 -0.447121830031716 -0.413693757087544 -0.380265685003904 -0.346837613693432 -0.313409543039634 -0.279981472903073 -0.246553403052536 -0.213125333275527 -0.179697263526177 -0.146269193822483 -0.112841124271291 -0.0794130549647366 -0.0459849858472632 -0.0125569168263931
-0.938306359165147 -0.911596195626745 -0.884861355318835 -0.858172499838135 -0.831533651750596 -0.80489496681417 -0.778057772585567 -0.750761287991182 -0.722645125637399 -0.693372920720569 -0.66280400511692 -0.630846634872649 -0.59744671100253 -0.562700714395639 -0.526748900590577 -0.489756043849734 -0.451889555910694 -0.413302879688031 -0.374162695626168 -0.334702603111938 -0.295172931267778 -0.255794735215733 -0.216671974076287 -0.177894320000922 -0.139611393266672 -0.101972635112234 -0.065066822497425 -0.0288991157219229 0.00679912727627172 0.0423649991495768
-1.00373946923671 -0.934229552669242 -0.875396492547488 -0.843297886108217 -0.837928935802627 -0.850668108188514 -0.854489321035635 -0.827311780883245 -0.785240398136615 -0.747532752423872 -0.707871396398535 -0.653545125970467 -0.577584320353496 -0.495985691977301 -0.428790934997146 -0.389255337254805 -0.382512266347573 -0.387993815208342 -0.383239627268787 -0.363920822620122 -0.330241390518444 -0.283733093193601 -0.231238784770456 -0.179548062734696 -0.129926406120305 -0.0826547140125694 -0.0395996841536965 -0.00170832601794583 0.0353369026491345 0.0771696820341742
-0.974488291714217 -0.941145375206873 -0.907804159444977 -0.874466077876489 -0.841131711487471 -0.807801829648169 -0.774478807727469 -0.741165668409528 -0.707866417640944 -0.674584976141119 -0.641323940458222 -0.608085576097616 -0.574871407031432 -0.541679991098879 -0.508509520473205 -0.475359690796722 -0.442230722108883 -0.409123428568634 -0.376038469492734 -0.34297529070971 -0.309933034676029 -0.276910184485051 -0.243902585777701 -0.21090564012829 -0.177915610297116 -0.144929268302331 -0.111944562007522 -0.078959965603257 -0.0459748827425762 -0.0129889494441384
-0.956337742207541 -0.938002808380265 -0.919116875787485 -0.89917649988633 -0.877768319327516 -0.854569271267867 -0.829527403695081 -0.80259131962103 -0.773440731323424 -0.741738617343452 -0.70734991201038 -0.670190038600493 -0.630377683822438 -0.588844588114309 -0.546695710889753 -0.50491583373518 -0.464294453611727 -0.424960106806671 -0.386864587484297 -0.349913681990785 -0.31400167471779 -0.279097638330226 -0.245469798586061 -0.21338043372729 -0.182768878838977 -0.153402032669641 -0.124679991778537 -0.096022323598106 -0.0672932812427573 -0.038468289247396
-1.01675044937422 -0.980889743987123 -0.945028623962664 -0.909166289339687 -0.873301489102785 -0.83743298171626 -0.801560014617524 -0.765682045711408 -0.72979888579933 -0.693910496452615 -0.65801708942564 -0.622118939018546 -0.586216345865866 -0.550309715939703 -0.514399400555196 -0.478485427062045 -0.442567710979428 -0.406646044469857 -0.370720142091884 -0.334789531344894 -0.298853692963475 -0.262912243669872 -0.22696534413695 -0.191013372565856 -0.155057033320222 -0.119097188567649 -0.083135005529098 -0.0471715991675578 -0.0112075703607647 0.0247566085348585
-0.990942459556233 -0.957608461702201 -0.924274463898263 -0.890940466170319 -0.857606468527368 -0.824272470985075 -0.790938473602674 -0.757604476434246 -0.724270479469693 -0.690936482662474 -0.657602485884464 -0.624268488987142 -0.59093449182049 -0.557600494228512 -0.524266496060658 -0.490932497194141 -0.457598497538065 -0.424264497101328 -0.390930495942909 -0.35759649422231 -0.324262492124165 -0.290928489803934 -0.25759448730039 -0.224260484621159 -0.190926481765991 -0.157592478750913 -0.12425847566495 -0.0909244725961403 -0.0575904695555655 -0.0242564665350691
-0.985682682953525 -0.951405165175539 -0.91712764733 -0.882850129369407 -0.848572611185668 -0.814295092680021 -0.780017573851636 -0.74574005471991 -0.71146253528723 -0.677185015560647 -0.642907495582903 -0.608629975405659 -0.574352455078301 -0.54007493464111 -0.505797414113096 -0.471519893437287 -0.437242372537783 -0.402964851338938 -0.368687329745551 -0.33440980758395 -0.300132284660843 -0.265854760823751 -0.231577236083447 -0.197299710505303 -0.163022184209838 -0.128744657325559 -0.0944671299577733 -0.0601896022116219 -0.0259120742147809 0.00836545389944034
-1.01792666171693 -0.981500642831701 -0.945074624092325 -0.908648605599876 -0.872222587414436 -0.835796569560418 -0.799370551960551 -0.762944534522106 -0.726518517192219 -0.690092499920249 -0.653666482624598 -0.617240465215924 -0.580814447609661 -0.544388429740348 -0.507962411563916 -0.471536393102794 -0.435110374393107 -0.398684355459287 -0.362258336340278 -0.32583231714478 -0.289406297998932 -0.252980279017979 -0.216554260273586 -0.180128241825703 -0.14370222373098 -0.107276206022845 -0.0708501886451484 -0.0344241715154522 0.0020018454642585 0.0384278623958922
-0.98023456250212 -0.94734820256029 -0.9144618425941 -0.881575482629254 -0.848689122677516 -0.815802762762514 -0.782916402969274 -0.750030043397529 -0.717143684144453 -0.684257325307065 -0.651370966984335 -0.618484609275721 -0.58559825226823 -0.552711895999049 -0.519825540453936 -0.486939185462726 -0.454052830821566 -0.421166476347761 -0.388280121888961 -0.355393767393033 -0.322507412832903 -0.289621058189117 -0.256734703472727 -0.223848348694323 -0.19096199383216 -0.158075638860556 -0.125189283770415 -0.0923029285614292 -0.0594165732518617 -0.026530217864617
-0.880634450105593 -1.01666375009955 -1.05387056620563 -0.938349176925116 -0.812782141815957 -0.814324635101134 -0.861434008607102 -0.848165597530015 -0.789664492941331 -0.725331514377359 -0.670500639358507 -0.634489134901208 -0.616171446371952 -0.572650732537452 -0.473641530180845 -0.381075174750728 -0.356397224550323 -0.366893330635887 -0.366469384599259 -0.349672147421569 -0.321208597431269 -0.288646549247939 -0.270997162655668 -0.275325799541351 -0.249471285038608 -0.159957442887045 -0.107274628003498 -0.165710172427165 -0.170772785509479 0.101723479070069
-1.03424057114216 -0.997589685907425 -0.960938800787004 -0.924287915877832 -0.887637031173722 -0.850986146637703 -0.814335262212799 -0.777684377827002 -0.741033493368177 -0.704382608739659 -0.667731723946791 -0.631080839020417 -0.594429954003156 -0.557779068984732 -0.521128184088917 -0.484477299528579 -0.447826415514613 -0.411175532160932 -0.374524649570195 -0.337873767897019 -0.301222887309008 -0.264572007927348 -0.22792112968754 -0.191270252461701 -0.154619376054067 -0.117968500237916 -0.0813176247305643 -0.044666749281344 -0.00801587382362426 0.0286350016632167
-1.03685275411563 -0.999803424715276 -0.96275409524223 -0.925704765687435 -0.888655436104528 -0.851606106565792 -0.814556777155391 -0.777507447973459 -0.740458119172117 -0.703408790890315 -0.666359463162325 -0.629310135996247 -0.592260809391835 -0.555211483315439 -0.518162157711475 -0.481112832470012 -0.444063507454753 -0.407014182478269 -0.369964857375173 -0.332915532119363 -0.295866206719561 -0.25881688117001 -0.221767555407043 -0.18471822936246 -0.14766890300784 -0.110619576330583 -0.0735702493416101 -0.0365209220717572 0.000528405392002257 0.0375777329486597
-0.969825305452858 -0.936831372976123 -0.903837440528674 -0.870843508085493 -0.83784957559982 -0.80485564304102 -0.771861710464699 -0.73886777796344 -0.705873845691501 -0.672879913825444 -0.639885982569366 -0.606892052134253 -0.573898122707495 -0.540904194382114 -0.507910267222118 -0.474916341269834 -0.441922416538739 -0.408928492948592 -0.375934570421126 -0.342940648979678 -0.309946728672986 -0.276952809507926 -0.243958891323932 -0.210964973930517 -0.177971057184975 -0.144977140962644 -0.111983225163269 -0.0789893096851205 -0.0459953943961639 -0.013001479156787
-0.971651243642206 -0.940681860536694 -0.909693921628691 -0.878664672420486 -0.84754529173914 -0.816296595405927 -0.784944013894202 -0.753506034433971 -0.72190875662976 -0.690054614023187 -0.657843763529719 -0.625175792908285 -0.591937435942019 -0.55796401051087 -0.523114956566005 -0.487397618246666 -0.450850181216273 -0.413486293046912 -0.375319120887466 -0.33638444828536 -0.29672371288765 -0.256393427074784 -0.215510402160756 -0.174197388014357 -0.13254058979001 -0.0906106826945505 -0.0484527668588552 -0.00610813293572553 0.0363715912583729 0.0789321936160588
-1.004941002755 -0.971873821055295 -0.938827055711516 -0.905810694826209 -0.87280329087632 -0.839777316245558 -0.806712358570267 -0.773582213274722 -0.740330391682291 -0.706896354766262 -0.673233646200532 -0.639299330334149 -0.60505129925183 -0.570450755980979 -0.535455915947154 -0.500009733225835 -0.464059903940593 -0.427588353757433 -0.39059420800883 -0.353111161150714 -0.315181549919875 -0.276853441383276 -0.23819782392856 -0.199284230311343 -0.160153449438451 -0.120850557404914 -0.0814665229073893 -0.0420867682279697 -0.00272863738886736 0.0366075451526755
-0.968617159085525 -0.936644370545637 -0.904671582003429 -0.872698793415299 -0.840726004741146 -0.808753215969779 -0.776780427202121 -0.744807638564576 -0.712834850173358 -0.680862062130061 -0.648889274487982 -0.616916487288346 -0.584943700546443 -0.552970914173819 -0.520998128044886 -0.489025341989257 -0.457052555842226 -0.425079769506602 -0.393106982890884 -0.361134195858825 -0.32916140826299 -0.297188619973408 -0.265215830929952 -0.233243041116924 -0.201270250626489 -0.16929745958619 -0.137324668157204 -0.105351876493309 -0.0733790846850326 -0.0414062928070934
1.01449325491573 0.97807895049645 0.941664646023464 0.905250341394651 0.868836036452205 0.832421731031385 0.796007424995366 0.759593118224352 0.723178810638741 0.686764502190224 0.650350192915491 0.613935882872478 0.577521572112915 0.541107260663694 0.504692948556729 0.468278635868848 0.431864322704581 0.395450009234361 0.359035695605777 0.322621381809144 0.286207067795457 0.249792753513284 0.213378438901489 0.17696412392039 0.140549808625832 0.10413549309906 0.0677211774273929 0.0313068616901938 -0.00510745407107307 -0.0415217698244185
-0.991261479423054 -0.957646215523535 -0.924030951793972 -0.890415688418228 -0.856800425506283 -0.823185163162758 -0.789569901544736 -0.755954640800157 -0.722339380987936 -0.688724122105375 -0.655108863992344 -0.621493606449355 -0.587878349268153 -0.554263092205412 -0.520647835024247 -0.487032577548587 -0.453417319640771 -0.419802061255958 -0.386186802375928 -0.352571542996141 -0.318956283115475 -0.285341022739088 -0.251725761897259 -0.21811050063413 -0.184495239024187 -0.150879977151368 -0.117264715107101 -0.0836494529747067 -0.0500341907975957 -0.0164189286092033
0.986230537368512 0.963999174261051 0.941392392111262 0.917926626770995 0.893122501181527 0.866619665134566 0.838529688734126 0.809001399628785 0.777860735333071 0.74487817473558 0.709925252355213 0.67289876661845 0.633843769823899 0.593398329758691 0.552268069569591 0.510835818353365 0.469415543282938 0.428368557885853 0.38804856257206 0.348731458926512 0.310673698827911 0.274005005119055 0.238348184499126 0.203250311305097 0.168462446568725 0.133805608907845 0.0991766605898461 0.0645196582039049 0.0298915919768036 -0.00462231445527436
-1.0457462353031 -1.00922247505165 -0.972698714812071 -0.936174954602839 -0.899651194477263 -0.863127434505769 -0.826603674792438 -0.790079915432079 -0.753556156448767 -0.71703239786435 -0.680508639762492 -0.643984882242316 -0.607461125369565 -0.570937369076469 -0.534413613272339 -0.497889857908329 -0.461366102939267 -0.424842348292838 -0.388318593887804 -0.351794839634365 -0.315271085440583 -0.278747331228781 -0.24222357697834 -0.205699822709248 -0.169176068546864 -0.1326523146026 -0.0961285608266926 -0.0596048071383069 -0.0230810534934836 0.0134427001425166
1.04210656754345 1.00407674360044 0.966046919669096 0.928017095759683 0.889987271900225 0.85195744812334 0.813927624462326 0.775897800923002 0.737867977400586 0.699838153785314 0.661808330058089 0.623778506222481 0.585748682249107 0.547718857976773 0.509689033238039 0.471659207972289 0.433629382162431 0.395599555858635 0.357569729139307 0.31953990212855 0.281510074961889 0.243480247769442 0.205450420659698 0.167420593731826 0.129390767069337 0.0913609407428534 0.0533311147870895 0.015301289202665 -0.0227285361102816 -0.0607583612767319
-0.959292895009109 -0.926910067540711 -0.894527240159361 -0.862144412949986 -0.829761585981983 -0.797378759301881 -0.76499593288026 -0.73261310667291 -0.70023028065242 -0.667847454805882 -0.635464629161618 -0.603081803758256 -0.570698978622448 -0.53831615373294 -0.505933329050478 -0.473550504511728 -0.441167680059175 -0.40878485568267 -0.376402031389987 -0.344019207213235 -0.311636383190603 -0.279253559360835 -0.246870735764892 -0.214487912428904 -0.18210508931748 -0.149722266383292 -0.117339443592799 -0.0849566209116799 -0.0525737982887122 -0.020190975668447
1.00026714140682 0.965673381185675 0.931078785341919 0.896482605438364 0.86188164327584 0.827270252127684 0.792635440919233 0.757962798200412 0.723239575367489 0.688455637824071 0.653609644156798 0.618702451248067 0.583734337548215 0.548703267779341 0.513607717784081 0.478450521615447 0.443237025039909 0.40797826246737 0.372684955500555 0.337360885870047 0.30200810033839 0.266628680766209 0.231224849406451 0.195799215691899 0.160355797382361 0.124898877335432 0.089432390472823 0.0539597711497918 0.0184827993916491 -0.0169971583587803
-1.03029793823406 -0.991971642909947 -0.953664511335967 -0.915392125763051 -0.877207082574538 -0.839167100095523 -0.801313370285737 -0.763672296288711 -0.726227652348531 -0.688967374557524 -0.651938675300423 -0.615203586035063 -0.578817200948026 -0.542806865140882 -0.507184327537852 -0.471926701438766 -0.437009758740134 -0.40243854134957 -0.368222973144631 -0.33436323587154 -0.300857075743687 -0.267690094019121 -0.234799312134525 -0.202112213155347 -0.169566706483451 -0.137104699980772 -0.104673669013108 -0.072231407208816 -0.0397714137426108 -0.00729611417579836
-1.05809992040173 -1.01931615955009 -0.980532398558091 -0.941748637296559 -0.902964875577692 -0.864181113222407 -0.825397350145127 -0.78661358626862 -0.747829821455532 -0.709046055585533 -0.670262288666514 -0.631478520738421 -0.592694751849836 -0.55391098208388 -0.515127211518532 -0.476343440176668 -0.437559668023211 -0.398775894846373 -0.359992120404156 -0.321208344510438 -0.282424566993064 -0.243640787720989 -0.204857006727598 -0.166073224144265 -0.127289440329876 -0.0885056556719037 -0.0497218704446549 -0.0109380848717147 0.027845700913049 0.0666294867981975
-0.964105932280318 -0.932212897904597 -0.900285906256995 -0.868311738818511 -0.836302487814442 -0.804267715672657 -0.772181554887017 -0.740010775143563 -0.707728124831053 -0.675304901401588 -0.64270061985791 -0.60987184959042 -0.57677632095026 -0.543376408131526 -0.509641160198854 -0.475561681856081 -0.441135482003585 -0.406363630688716 -0.371249709719976 -0.335803786803524 -0.300037551119928 -0.26396188879482 -0.22758447373408 -0.190914979448502 -0.153974290088289 -0.116790523253791 -0.0794095197065439 -0.0418816408227843 -0.00425760727636645 0.0334117704344514
-0.980330581738461 -0.951696192171942 -0.925761569740975 -0.902864700065386 -0.881269639959561 -0.858479925217546 -0.831030936357456 -0.79598090482451 -0.753447621048284 -0.704810081189025 -0.653432545345307 -0.603175589600284 -0.557871955902111 -0.521243049658927 -0.495610076127525 -0.477804776499314 -0.462684296630174 -0.442696865099256 -0.41157585498157 -0.370604134612306 -0.322951946141694 -0.271386013465136 -0.217058987458717 -0.161148483767769 -0.106546050133942 -0.0563248363542649 -0.0125704683509881 0.0239479128769555 0.0567395821491139 0.0903834182396555
-1.01830882711454 -0.981592737816476 -0.9448899798431 -0.90821447618171 -0.871602609844699 -0.835093694650703 -0.79871630761825 -0.762495995917375 -0.726456924124262 -0.690619139647266 -0.65498760381727 -0.619563506445791 -0.584346891242384 -0.54933321750876 -0.514513092808089 -0.479862302157205 -0.445352724291303 -0.410955435365334 -0.376646982991932 -0.34242660319469 -0.308299204099942 -0.27426858757766 -0.240334130472364 -0.206492258211428 -0.172732015579086 -0.139038848922113 -0.105391191480583 -0.0717677342437055 -0.0381552123039381 -0.00454237177954978
-0.980384909003475 -0.944170032003488 -0.907975904622029 -0.871793876549808 -0.835628143869742 -0.799477019985659 -0.763302441192783 -0.727076004966968 -0.690844330615156 -0.654691376492569 -0.61877543531645 -0.58327338339455 -0.548345069123781 -0.514082229257699 -0.480552875964872 -0.447798234717254 -0.415840038394163 -0.384648836200968 -0.354174948671571 -0.324338965327965 -0.295054042939163 -0.266235653651524 -0.237808531120792 -0.20971642168011 -0.181969860862842 -0.154581682306586 -0.127507122865671 -0.100681058173274 -0.0740145157612502 -0.047412561136123
0.936556673829707 0.908774134995568 0.880927093813958 0.852946464784355 0.824811278909668 0.796501384105158 0.767951779432084 0.739070481053983 0.70970242239752 0.679698055245718 0.648992987543897 0.617544116277951 0.58531806403731 0.552320355825535 0.518575741307101 0.484146966375996 0.449112799778595 0.413578105441321 0.377651222547783 0.341428296130294 0.305002422683342 0.268442453447816 0.23172025865021 0.194791414624394 0.157643303148132 0.120268938679522 0.0826520609541134 0.0447916843346893 0.00675719641553518 -0.0313644219011886
-1.04103371038145 -0.997827764872015 -0.954731695567061 -0.911853846778827 -0.869334148433815 -0.827308206017529 -0.785862741637206 -0.745093345906326 -0.705179966841608 -0.666286099601703 -0.628425070509765 -0.591572663680074 -0.555707862649346 -0.520822448644039 -0.48690701187614 -0.453934580810022 -0.421865045388571 -0.390623303216332 -0.360125006160975 -0.330283815481004 -0.301012894782629 -0.272215285811857 -0.243753542873856 -0.215506032601482 -0.187454858379154 -0.159580872261999 -0.131756184236418 -0.103859716259666 -0.0759063802411591 -0.0479450855783513
-0.92978387199463 -0.910963183265202 -0.891968032363447 -0.872420035763343 -0.851561581357366 -0.828690651847402 -0.803706837754457 -0.776670850270625 -0.74768627545323 -0.716903268459389 -0.684615385980163 -0.651152035090097 -0.616822743039285 -0.581857517780024 -0.546428910550114 -0.510559165027174 -0.47426686937263 -0.437706297243328 -0.401099102377852 -0.36480077334631 -0.329200257426688 -0.294630759358699 -0.261202513728955 -0.228859625392342 -0.19710465042995 -0.16537921353111 -0.13332276259193 -0.100720424231287 -0.067742216752341 -0.0346543813793274
-1.01184346357918 -0.977482327568151 -0.943121191601029 -0.908760055685211 -0.874398919705458 -0.840037783542475 -0.80567664718338 -0.771315510628826 -0.736954373827187 -0.702593236742886 -0.668232099456838 -0.633870962079083 -0.59950982469419 -0.565148687284853 -0.530787549825787 -0.496426412361643 -0.462065274972501 -0.427704137810195 -0.393343001005191 -0.358981864530704 -0.324620728320636 -0.290259592307212 -0.255898456415936 -0.221537320609869 -0.187176185009003 -0.15281504974547 -0.118453914843031 -0.0840927802772953 -0.0497316459396314 -0.0153705117003484
-0.980498254765299 -0.947478561138185 -0.914441288145913 -0.881363766793055 -0.848224267910965 -0.815002616340908 -0.781683913137049 -0.74825404356028 -0.714696753485514 -0.680999260481652 -0.647164808279513 -0.613200647150395 -0.579106732978977 -0.544853844103449 -0.510412711892703 -0.475783057384922 -0.44097170724894 -0.405984921006898 -0.37082637153961 -0.335489952309284 -0.299967111923473 -0.264253265210278 -0.228359691879989 -0.192303240249042 -0.156107168176258 -0.119796646902073 -0.0833980916509902 -0.0469365189194756 -0.010430106307793 0.0261046783078451
-1.03300171913123 -1.00078972832832 -0.966542466387166 -0.929472236460939 -0.889945674253151 -0.848698654265175 -0.806789673639464 -0.764970672330914 -0.722444738903108 -0.678299461053329 -0.632709274404982 -0.586120326562999 -0.539468233606253 -0.495646485509357 -0.457495858071475 -0.425688396494216 -0.399909991167299 -0.37807064383044 -0.357710154865033 -0.336663407869185 -0.312839057245178 -0.284544953709996 -0.251685733239415 -0.21450957987913 -0.173042084695725 -0.127455690733227 -0.0787328419245636 -0.0279188967351714 0.0244991291283628 0.0781738056491651
1.05123196954665 1.01192458379556 0.97261719794133 0.933309811884413 0.894002425455782 0.854695038456115 0.815387650634343 0.776080261784681 0.736772871934214 0.697465481178458 0.658158089653773 0.61885069750673 0.579543304899203 0.540235912054286 0.500928519185927 0.461621126410288 0.422313733789169 0.383006341264702 0.343698948748904 0.304391556153014 0.265084163388074 0.225776770380182 0.186469377115662 0.14716198362144 0.107854590026639 0.0685471964711926 0.029239803036099 -0.01006759023146 -0.0493749833606302 -0.0886823763996392
-0.999126804688842 -0.964642875566903 -0.930158946604861 -0.895675017953985 -0.861191089705187 -0.826707161912154 -0.792223234540028 -0.75773930754392 -0.72325538092737 -0.68877145472283 -0.654287529029975 -0.619803603965289 -0.585319679634176 -0.550835756097735 -0.51635183337464 -0.481867911358183 -0.447383989947507 -0.41290006919056 -0.378416149176394 -0.343932230009689 -0.309448311799033 -0.274964394627109 -0.240480478472989 -0.2059965632841 -0.171512648984911 -0.13702873549476 -0.102544822735417 -0.0680609106071182 -0.0335769989215275 0.000906912531834796
-0.979473485602466 -0.946829585379721 -0.914185685126847 -0.881541784808029 -0.848897884403588 -0.816253983903869 -0.783610083323188 -0.75096618266836 -0.718322281892241 -0.685678380942881 -0.653034479803073 -0.620390578464296 -0.587746676908542 -0.555102775079864 -0.522458872938681 -0.489814970548805 -0.457171068002966 -0.424527165406169 -0.391883262868349 -0.359239360506912 -0.326595458441126 -0.293951556750799 -0.26130765535789 -0.228663754160575 -0.196019853119745 -0.163375952205582 -0.1307320513627 -0.0980881505396829 -0.0654442497265608 -0.0328003489237229
-1.02512077194741 -0.990844135985039 -0.956567500209403 -0.922290864830502 -0.888014230055429 -0.853737596078467 -0.819460963045563 -0.785184331055875 -0.75090770006972 -0.716631070043063 -0.682354441053305 -0.648077813208201 -0.613801186638125 -0.579524561563902 -0.545247938212596 -0.510971316745757 -0.476694697264079 -0.442418079690347 -0.408141463879661 -0.373864849594282 -0.339588236573261 -0.305311624561372 -0.27103501332628 -0.236758402649531 -0.202481792345304 -0.168205182231379 -0.133928572107299 -0.099651961813407 -0.065375351371499 -0.0310987408487315
1.05410811279213 1.0157676133358 0.977427114049909 0.939086615121771 0.900746116742434 0.862405619087803 0.8240651222695 0.78572462637347 0.747384131447225 0.709043637519128 0.670703144579369 0.632362652608599 0.594022161566473 0.55568167132867 0.517341181797749 0.479000693067763 0.440660205282873 0.402319718596177 0.363979233147639 0.325638749015758 0.287298266263662 0.248957784902403 0.210617304734719 0.172276825527794 0.133936347114906 0.095595869359853 0.0572553921823941 0.0189149155010575 -0.0194255608265266 -0.0577660369579521
-0.978062296151908 -0.945360227383312 -0.912658158734934 -0.879956090350224 -0.847254022347472 -0.81455195480809 -0.78184988769114 -0.749147820951805 -0.716445754652078 -0.683743688880113 -0.65104162372188 -0.618339559262804 -0.585637495567982 -0.552935432621198 -0.520233370353338 -0.487531308565004 -0.45482924702054 -0.422127185469549 -0.389425123688807 -0.356723061578518 -0.324020999069744 -0.291318936101729 -0.258616872646443 -0.225914808693704 -0.193212744272001 -0.160510679415786 -0.127808614144688 -0.0951065484910515 -0.0624044825529055 -0.0297024164446997
-0.993494752354699 -0.958398800537264 -0.923307925724379 -0.888234261979681 -0.853197358612296 -0.818219631555872 -0.783327547996637 -0.748549080628421 -0.713914172922877 -0.679449452522337 -0.645166312974026 -0.61107233930139 -0.577174774850432 -0.543479496257374 -0.509987716761045 -0.476683362720481 -0.443547457470009 -0.410566699124905 -0.377727892693025 -0.345012595971584 -0.31240105495514 -0.279874101108542 -0.247414907777805 -0.215009792900549 -0.182655310899648 -0.150347214888018 -0.118067816253495 -0.0857992835898142 -0.0535366560394017 -0.0212781903818549
-0.945208341922431 -0.914471353510905 -0.883734364988662 -0.852997376268855 -0.822260387279271 -0.791523397933984 -0.760786408077594 -0.730049417557302 -0.699312426300188 -0.668575434283712 -0.637838441606974 -0.607101448399482 -0.576364454798351 -0.545627460971105 -0.514890467077383 -0.484153473214872 -0.453416479453162 -0.422679485811408 -0.391942492304722 -0.361205498982497 -0.33046850590269 -0.299731513090994 -0.268994520444036 -0.238257527841548 -0.207520535224756 -0.17678354254712 -0.146046549749549 -0.115309556791741 -0.0845725637211002 -0.0538355706069585
-1.03188179279499 -0.997396460733584 -0.96291112865709 -0.928425796547532 -0.893940464458595 -0.859455132458994 -0.824969800605896 -0.790484468955492 -0.755999137571624 -0.721513806538336 -0.687028476012821 -0.652543146170562 -0.6180578171506 -0.583572488946218 -0.549087161506866 -0.514601834752419 -0.480116508608353 -0.445631183052106 -0.411145858073666 -0.376660533661276 -0.34217520980274 -0.307689886464615 -0.273204563528467 -0.238719240862466 -0.204233918366169 -0.169748595956466 -0.135263273588174 -0.100777951228083 -0.0662926288529351 -0.031807306441963
-1.02331421618091 -0.966069062180743 -0.909675747370663 -0.857214661776319 -0.812622754956417 -0.779121043543488 -0.756210252932335 -0.741597477762182 -0.729535580887667 -0.714335741758676 -0.693996637990666 -0.667438821740486 -0.634116770889197 -0.595620666214715 -0.554427099602755 -0.514422604473388 -0.478340969606981 -0.442895063690721 -0.404416257889073 -0.363730853368796 -0.32278888379722 -0.282818196797886 -0.242157895819178 -0.199173297869142 -0.155223318369631 -0.112013484971631 -0.0696421758288592 -0.027831725548687 0.0135925559496182 0.0547796149188153
-1.03895386077657 -1.00214626955823 -0.965338678238386 -0.928531086699079 -0.891723494799 -0.854915902398414 -0.818108309387227 -0.781300715650256 -0.744493121022308 -0.707685525365448 -0.670877928700754 -0.634070331089059 -0.59726273260192 -0.560455133353792 -0.52364753344518 -0.486839932877898 -0.450032331646378 -0.413224729814204 -0.376417127488021 -0.339609524877547 -0.302801922218268 -0.265994319721361 -0.229186717500762 -0.192379115628355 -0.155571514105059 -0.118763912913651 -0.0819563120353031 -0.0451487114367024 -0.00834111102820232 0.0284664892939276
-0.997247867001785 -0.96399340700814 -0.930738947047949 -0.897484487215396 -0.864230027700458 -0.830975568687621 -0.797721110243631 -0.764466652369046 -0.73121219491744 -0.69795773768952 -0.664703280421533 -0.631448822833605 -0.598194364701336 -0.564939906022207 -0.531685446856814 -0.498430987296316 -0.465176527432557 -0.431922067329539 -0.398667607057017 -0.365413146735607 -0.332158686498637 -0.298904226455637 -0.265649766620944 -0.232395306980453 -0.199140847501494 -0.165886388141279 -0.132631928835116 -0.0993774695256108 -0.0661230102064728 -0.0328685508841866
0.813597280822726 0.809392763776829 0.805910133437139 0.802860862049601 0.799232214129316 0.793918658503935 0.786167688982155 0.77486594087016 0.757103590483026 0.730422141744775 0.695964868006326 0.655775484975323 0.611996126564243 0.567162599504908 0.523648831117408 0.482787558255583 0.445335592047924 0.410787231187794 0.37822239076706 0.346325963906749 0.313684088235174 0.279310065387399 0.24392585302548 0.208547475232798 0.173658565751032 0.139577571777577 0.106494584674382 0.0745317888969237 0.0436680971102018 0.0138466040315996
-0.960643236169045 -0.930048355803526 -0.899453475415569 -0.868858594975062 -0.838263714441871 -0.807668833789959 -0.7770739530597 -0.746479072291902 -0.715884191462697 -0.685289310493272 -0.654694429149691 -0.624099547159242 -0.593504664258596 -0.562909780221957 -0.532314894906911 -0.501720008467033 -0.471125121104019 -0.440530232916066 -0.409935343992158 -0.379340454487936 -0.348745564575705 -0.318150674428737 -0.287555784224173 -0.256960894116158 -0.226366004162974 -0.195771114401161 -0.165176224876134 -0.134581335613508 -0.103986446550821 -0.0733915576035908
-1.00860434645593 -0.974475384637934 -0.940346422929094 -0.906217461448387 -0.872088500199579 -0.83795953916238 -0.803830578335508 -0.769701617706807 -0.735572657201649 -0.701443696753977 -0.667314736394515 -0.633185776178178 -0.599056816161831 -0.564927856410143 -0.530798896997035 -0.49666993802565 -0.462540979593934 -0.428412021749836 -0.394283064522776 -0.36015410791807 -0.326025151935009 -0.291896196564665 -0.257767241765246 -0.223638287460411 -0.189509333468487 -0.155380379594834 -0.121251425698278 -0.0871224716804307 -0.052993517560582 -0.0188645633874431
-0.966735433518045 -0.934507621157786 -0.9022798088408 -0.870051996659674 -0.837824184761707 -0.805596373301482 -0.773368562407985 -0.74114075218144 -0.708912942632602 -0.676685133723473 -0.644457325310496 -0.612229517223726 -0.580001709290939 -0.547773901330807 -0.515546093180212 -0.483318284757978 -0.451090475985851 -0.418862666715313 -0.386634856801775 -0.354407046186642 -0.322179234832814 -0.289951422717441 -0.257723609874676 -0.225495796373692 -0.193267982366748 -0.161040168012016 -0.128812353408226 -0.0965845386384897 -0.0643567237828785 -0.0321289089207038
-1.03701527598271 -1.00012672982589 -0.963238183673239 -0.926349637481164 -0.889461091124512 -0.852572544478131 -0.815683997498441 -0.778795450162406 -0.741906902447572 -0.705018354333086 -0.668129805803903 -0.631241256846432 -0.594352707441368 -0.557464157546557 -0.520575607120537 -0.483687056147465 -0.446798504596473 -0.409909952350979 -0.373021399289387 -0.336132845355751 -0.299244290510538 -0.262355734745647 -0.225467178178698 -0.18857862097895 -0.151690063396471 -0.114801505684341 -0.0779129480268636 -0.0410243905502935 -0.00413583321745416 0.032752724049688
-0.994417461521949 -0.959032048921687 -0.923646636236425 -0.888261223434401 -0.852875810542461 -0.817490397619748 -0.782104984796004 -0.74671957222052 -0.711334160050192 -0.675948748442108 -0.640563337546514 -0.605177927511943 -0.569792518458552 -0.534407110392984 -0.499021703312806 -0.463636297292797 -0.42825089240565 -0.392865488638511 -0.357480085960565 -0.322094684354727 -0.286709283807343 -0.251323884287108 -0.215938485692124 -0.180553087899971 -0.145167690776742 -0.109782294192259 -0.0743968980427379 -0.039011502225579 -0.00362610661651026 0.0317592889141578
-0.960839446508293 -0.97687876488056 -0.987040651378346 -0.980542046873992 -0.954792382231299 -0.90997785718217 -0.849199256939468 -0.778546248785342 -0.713149442798124 -0.666395198260666 -0.635651928477696 -0.614283560259414 -0.595098839731581 -0.568685790282217 -0.528077133903031 -0.478305109738254 -0.427594827578092 -0.384943362644135 -0.357197754209901 -0.34183293232522 -0.333980799734001 -0.327251472492294 -0.309167919904705 -0.269039735147152 -0.209410153632225 -0.138770710491675 -0.07617249749723 -0.038149009267596 -0.0206037951694237 -0.0142829182563504
-1.00403765842897 -0.96822884192633 -0.932420025399755 -0.896611208834625 -0.860802392239221 -0.824993575616735 -0.789184758927107 -0.753375942109286 -0.717567125061504 -0.681758307708219 -0.645949490119491 -0.610140672401783 -0.574331854669612 -0.538523037069717 -0.502714219727362 -0.466905402649694 -0.431096585817171 -0.395287769221604 -0.359478952841297 -0.323670136589168 -0.287861320361785 -0.252052504057442 -0.216243687581323 -0.180434870866414 -0.144626053950006 -0.108817236887456 -0.0730084197020696 -0.0371996024110586 -0.00139078503930529 0.0344180323863903
-0.990841186069585 -0.958821268750424 -0.926801351526745 -0.894781434494353 -0.862761517704345 -0.830741601222686 -0.798721685219513 -0.766701769860562 -0.734681855189774 -0.702661941211519 -0.670642027893665 -0.638622115194955 -0.606602203062806 -0.574582291399323 -0.542562380089343 -0.51054246899394 -0.478522558005163 -0.446502647162722 -0.414482736508137 -0.382462825942503 -0.350442915331813 -0.318423004577617 -0.28640309372371 -0.254383182833948 -0.222363271910195 -0.190343360934023 -0.158323449867834 -0.126303538681979 -0.0942836273977675 -0.0622637160492522
1.00816788328795 0.973757637077214 0.93934739087721 0.904937144766211 0.870526898820412 0.836116653059972 0.801706407282961 0.767296161252971 0.732885914817756 0.698475667879538 0.664065420474227 0.629655172671156 0.595244924553691 0.560834676261336 0.526424427944338 0.492014179739789 0.457603931770701 0.423193684116932 0.388783436815464 0.354373189774913 0.31996294287181 0.285552695984692 0.251142449000133 0.216732201818064 0.182321954383796 0.147911706663546 0.113501458661767 0.0790912104049679 0.0446809619696275 0.0102707134447186
-0.869060163482552 -0.930085499859152 -1.04413472576255 -0.948943783257894 -0.791665322586457 -0.7597275455112 -0.792244151705685 -0.78870566726693 -0.738424426075165 -0.656592766480815 -0.572101236931884 -0.517264938400767 -0.513229437760044 -0.536462165483033 -0.552115748721549 -0.524761737740656 -0.439219834235253 -0.361883422506312 -0.353733263142424 -0.372525939276572 -0.350211989677835 -0.24714453291742 -0.137287006775042 -0.0992595895319495 -0.116699102267033 -0.145205630597297 -0.123215675494571 -0.0276253816033113 -0.006333052903672 -0.249987533209732
-1.05438604283468 -1.01793841473158 -0.981490786757002 -0.945043159013769 -0.908595531582112 -0.872147904524712 -0.835700277856634 -0.799252651597256 -0.762805025830804 -0.726357400644602 -0.689909776073513 -0.653462152139286 -0.617014528855704 -0.580566906204681 -0.544119284159755 -0.507671662692813 -0.471224041743813 -0.434776421126657 -0.398328800667461 -0.361881180367255 -0.325433560270796 -0.28898594044445 -0.252538321041015 -0.216090702202003 -0.179643083937348 -0.143195466205674 -0.106747848891939 -0.070300231865033 -0.0338526150032326 0.00259500181283825
-1.01347846821013 -0.977939298890904 -0.942400129488043 -0.906860959909202 -0.871321790023374 -0.835782619687681 -0.800243448750432 -0.764704277071198 -0.729165104563405 -0.693625931163784 -0.658086756848413 -0.62254758160321 -0.587008405437969 -0.551469228457988 -0.51593005078508 -0.480390872511597 -0.444851693713423 -0.409312514430013 -0.373773334701839 -0.338234154609858 -0.302694974245147 -0.267155793693107 -0.231616613016437 -0.196077432278164 -0.16053825156535 -0.124999070957854 -0.0894598904827054 -0.0539207101419535 -0.0183815298905515 0.0171576503283209
-1.0580159461843 -1.08529343943271 -1.09076687604284 -1.00624356850953 -0.906037800370594 -0.867526021951752 -0.837826379687522 -0.757347265120812 -0.669916354119337 -0.627940603507195 -0.614724809609224 -0.596298228625449 -0.552555730281561 -0.518854638405922 -0.525419793945757 -0.526483652221062 -0.476832434284755 -0.409459809748674 -0.366519354300098 -0.348596819369167 -0.345886000321734 -0.34134254802351 -0.288969535339629 -0.165710450404614 -0.0692230204311326 -0.089207460047405 -0.16281969446573 -0.199457635275338 -0.150031428989123 0.0241707191491099
-1.02530859413101 -0.989970196565256 -0.954631799053051 -0.919293401654366 -0.883955004412056 -0.848616607362318 -0.813278210531848 -0.777939813919136 -0.742601417419363 -0.707263020921661 -0.671924624394304 -0.63658622782535 -0.60124783123448 -0.565909434767877 -0.530571038575535 -0.495232642696203 -0.459894247123432 -0.424555851781219 -0.389217456573072 -0.353879061390089 -0.318540666120264 -0.283202270647348 -0.247863874838113 -0.212525478577952 -0.177187081843731 -0.1418486846508 -0.106510287076985 -0.07117188922031 -0.0358334911971033 -0.00049509312826963
-1.07040431711116 -1.03026266189869 -0.990096895647918 -0.949860265397738 -0.909515354473493 -0.869053918357153 -0.828575064870757 -0.788209989692521 -0.748110887585297 -0.708418264479401 -0.669204871890365 -0.630526522730023 -0.592424663416349 -0.554883274391862 -0.517877235222211 -0.481402487940997 -0.445461734051509 -0.410063650467814 -0.375214103517424 -0.340901741770848 -0.307110909359347 -0.273819921379395 -0.240982976788338 -0.208556373840001 -0.176528924113283 -0.144890711539123 -0.113604396131578 -0.082614133283133 -0.0518174838168741 -0.0211003599135365
-1.0125563790879 -0.978881679998983 -0.945206980845644 -0.911532281543223 -0.877857581970924 -0.844182881993185 -0.810508181451521 -0.776833480198514 -0.743158778153955 -0.70948407527873 -0.675809371630907 -0.642134667292848 -0.608459962359133 -0.574785256973207 -0.541110551258128 -0.507435845206539 -0.473761138771824 -0.44008643188076 -0.406411724477156 -0.372737016599557 -0.339062308310196 -0.305387599669178 -0.271712890728106 -0.238038181538084 -0.204363472156716 -0.170688762633696 -0.137014052980565 -0.103339343203696 -0.0696646333269464 -0.0359899233785406
-0.96136779418498 -0.930588207093129 -0.899752125312791 -0.868805755911961 -0.837698738238186 -0.806403169466801 -0.774977545804755 -0.743471302266193 -0.711811230062437 -0.679905558636117 -0.647710914157925 -0.61519602198057 -0.582335576512987 -0.549128148389035 -0.515554630299988 -0.481501326941879 -0.446842138028121 -0.411495931336891 -0.3754063641894 -0.338571284014241 -0.30100208576685 -0.262695736612999 -0.223591492559796 -0.183631572791079 -0.142827760356262 -0.101225611473898 -0.0589362111735112 -0.0161009610671376 0.0270829997140977 0.0704045976592981
0.992212102233451 0.958784252501205 0.925356402701556 0.891928552766742 0.858500702706746 0.825072852553975 0.791645002352798 0.758217152143568 0.724789301938601 0.691361451720778 0.657933601383287 0.624505750796893 0.591077899836702 0.5576500483952 0.524222196380751 0.490794343747848 0.457366490478406 0.423938636617878 0.390510782226186 0.357082927357588 0.323655072064927 0.290227216380704 0.256799360256052 0.223371503662866 0.189943646737442 0.156515789636033 0.123087932430301 0.0896600751689447 0.0562322178934062 0.0228043606433111
-0.975237299896913 -0.942045270438327 -0.908853240951305 -0.875661211399659 -0.842469181823294 -0.80927715228367 -0.776085122852385 -0.742893093599713 -0.709701064580498 -0.676509035855119 -0.643317007521513 -0.610124979687006 -0.57693295243586 -0.543740925760087 -0.510548899624316 -0.477356873975921 -0.444164848745481 -0.410972823813675 -0.377780799055414 -0.344588774372439 -0.311396749673196 -0.278204724879264 -0.245012699964751 -0.211820674908642 -0.178628649656905 -0.145436624160952 -0.112244598427002 -0.079052572480058 -0.0458605463654438 -0.0126685201335633
-0.941300477366775 -0.920538656835501 -0.900045459539724 -0.87972937897697 -0.858548295222464 -0.835279924138692 -0.80893193815947 -0.778878933522565 -0.74573324511022 -0.710374512385516 -0.673513854490409 -0.635820260486569 -0.597782778997853 -0.55917069689686 -0.519885456274821 -0.481076881848758 -0.443911040559213 -0.408370585615005 -0.374086624829345 -0.34046749816475 -0.306865853621059 -0.272593750123184 -0.236800890296338 -0.198669964860807 -0.157677973216905 -0.113680011579704 -0.0677492547433097 -0.0210846232097419 0.0258300582663609 0.0726897388672047
-1.028581261727 -0.993118613003424 -0.957655964233521 -0.922193315321562 -0.886730666106543 -0.851268016431317 -0.815805366219413 -0.780342715477869 -0.744880064467066 -0.709417413466812 -0.673954762581275 -0.638492111870717 -0.603029461364766 -0.567566810970517 -0.532104160553054 -0.496641509931934 -0.461178858930955 -0.425716207436414 -0.390253555389527 -0.354790902888692 -0.319328250071605 -0.283865597034726 -0.248402943709563 -0.212940290020569 -0.177477636028921 -0.142014981832733 -0.106552327541125 -0.0710896732480649 -0.0356270189758969 -0.000164364729058756
0.995802065191833 0.958819432068931 0.920597726923162 0.881047185311248 0.841270222710689 0.80263658095695 0.766393127396606 0.733602835239642 0.704715975638574 0.679618972608067 0.656555563668838 0.633358814718117 0.608089804309064 0.57972166161856 0.547738397969654 0.512755502646371 0.475631277678673 0.437063798119285 0.397596412007355 0.357313786304945 0.316185917704848 0.274256139162899 0.23186112868711 0.189261542047977 0.146120601013754 0.102085443051916 0.0573363024290707 0.0121876364454053 -0.0330423022637033 -0.0780343122290814
-1.02787620362983 -0.991950594360923 -0.956024985087062 -0.920099375789099 -0.884173766431999 -0.848248156984307 -0.812322547444766 -0.776396937825715 -0.740471328163694 -0.704545718488621 -0.668620108779723 -0.632694499003557 -0.596768889129159 -0.560843279135489 -0.52491766898426 -0.488992058558295 -0.45306644775285 -0.417140836591804 -0.381215225135921 -0.34528961346488 -0.309364001663088 -0.273438389823675 -0.237512778074644 -0.201587166557252 -0.165661555430869 -0.129735944811136 -0.0938103346206622 -0.0578847247364717 -0.021959115046265 0.0139664945595869
-1.01789818255655 -0.981208834351657 -0.944519486237485 -0.907830138332895 -0.871140790821608 -0.834451443889338 -0.797762097664924 -0.761072752257165 -0.724383407751589 -0.687694064222371 -0.651004721721561 -0.614315380295678 -0.577626039960189 -0.540936700606361 -0.504247362090409 -0.467558024252549 -0.430868686938899 -0.394179350035181 -0.357490013444133 -0.32080067709694 -0.284111340931897 -0.247422004890388 -0.210732668926156 -0.174043333026311 -0.137353997299089 -0.100664661850509 -0.0639753266565901 -0.0272859916560796 0.00940334323137406 0.0460926780908961
-0.999865878776491 -0.964940889690553 -0.930015900694089 -0.895090912077523 -0.860165924480941 -0.825240938731937 -0.790315956058487 -0.755390977562695 -0.720466003442821 -0.685541033829702 -0.650616069488328 -0.615691111342226 -0.580766160287479 -0.545841217110394 -0.51091628243764 -0.475991356367108 -0.441066438997371 -0.406141530958487 -0.371216633029187 -0.336291746051393 -0.301366870882826 -0.266442007977414 -0.231517156173906 -0.196592313737392 -0.161667478253481 -0.126742647309706 -0.0918178191807501 -0.0568929924719059 -0.0219681664237281 0.0129566595644116
-1.00542582326795 -0.97106059487783 -0.936695366503123 -0.90233013821493 -0.867964910136955 -0.833599682387462 -0.799234455010357 -0.764869228034776 -0.730504001505126 -0.696138775455361 -0.661773549862338 -0.627408324688643 -0.593043099870788 -0.558677875241002 -0.524312650615716 -0.48994742585247 -0.455582200786054 -0.421216975119177 -0.386851748577363 -0.352486521109505 -0.318121292720334 -0.283756063432919 -0.249390833343687 -0.21502560255825 -0.180660371145613 -0.146295139158871 -0.111929906624106 -0.0775646735861269 -0.043199440191674 -0.00883420661297246
1.01091858534927 0.976647873924715 0.94237716245036 0.908106450869636 0.873835739224093 0.839565027569659 0.805294315921638 0.771023604306871 0.736752892838964 0.702482181635831 0.668211470745853 0.633940760200032 0.59967005003336 0.565399340296805 0.531128631051161 0.496857922380551 0.462587214338467 0.428316506832551 0.394045799737439 0.359775092941614 0.325504386337015 0.291233679839582 0.256962973461246 0.222692267229544 0.188421561138448 0.154150855156013 0.11988014918023 0.0856094431192779 0.0513387369921854 0.01706803084569
-1.06670605276142 -1.02494317599814 -0.983249881173831 -0.941727516164451 -0.90045054534541 -0.859484035871616 -0.81888234951652 -0.778696562210949 -0.738975311896656 -0.699765409347411 -0.66110879465411 -0.623046190236932 -0.58560808094641 -0.548784001354497 -0.512552359103945 -0.476888004399281 -0.441764402983106 -0.407153040188561 -0.373025223364779 -0.339353528334323 -0.306110848038116 -0.273275514686756 -0.240847617569544 -0.208814747005175 -0.177092740351212 -0.145598587229868 -0.11432563928308 -0.0832731056828098 -0.0523872637013951 -0.0216011576362656
-0.971267781575502 -0.939296481191885 -0.907325180793633 -0.875353880360329 -0.843382579945528 -0.81141127962286 -0.779439979472271 -0.747468679590852 -0.715497380137944 -0.683526081273064 -0.651554783094181 -0.619583485683876 -0.587612189111042 -0.55564089338982 -0.523669598515112 -0.491698304459616 -0.459727011178149 -0.427755718576216 -0.395784426568413 -0.36381313515503 -0.331841844357777 -0.29987055417797 -0.267899264535343 -0.235927975334679 -0.203956686502543 -0.171985397972708 -0.140014109685994 -0.108042821578807 -0.0760715335628444 -0.0441002455436292
-0.987260482618122 -0.9523318111809 -0.917319520339583 -0.882140402072432 -0.846808409136146 -0.811347620694569 -0.775725460761702 -0.739928025908072 -0.704072758080183 -0.668285875913136 -0.632597359420457 -0.597013128960278 -0.561543983497554 -0.52622023642452 -0.491090327588091 -0.456255688226605 -0.421825488309814 -0.387886861341667 -0.354537876702035 -0.321942383740256 -0.290280676798036 -0.259688065532569 -0.230119920863001 -0.201479535138908 -0.173641825169633 -0.146464670548217 -0.119766177542705 -0.0933707034923255 -0.0671673833460216 -0.0410615464551665
-1.02623908330141 -0.990757544669345 -0.95527600601899 -0.919794467337823 -0.884312928521227 -0.848831389439811 -0.813349849957188 -0.777868309951141 -0.74238676936314 -0.706905228156844 -0.671423686320987 -0.635942143850568 -0.600460600741734 -0.56497905699523 -0.529497512640136 -0.494015967814308 -0.458534422665644 -0.423052877273452 -0.387571331697872 -0.352089785990982 -0.316608240202839 -0.281126694359708 -0.245645148392664 -0.21016360221428 -0.174682055758291 -0.139200508975479 -0.103718961863644 -0.0682374144516164 -0.0327558668453371 0.00272568082997654
-0.9926665635733 -0.95918808872202 -0.92569998203603 -0.892193600985328 -0.858659049347828 -0.82508504991139 -0.791456055195744 -0.75775349363245 -0.723950967568528 -0.690021607123672 -0.655944479592806 -0.621700136564665 -0.5872721484471 -0.552656160924441 -0.517851265477909 -0.482858261499832 -0.447684078910838 -0.412358461833672 -0.376913106464116 -0.341364703088021 -0.305726190513747 -0.270012407490314 -0.234245792529358 -0.198448680677502 -0.162635393358695 -0.126813947262763 -0.0909751537657345 -0.0551096608781914 -0.019224668462735 0.0166684856550282
1.07093854498746 1.03344082244416 0.995943099905605 0.958445377431359 0.920947655221975 0.883449933459149 0.845952212108148 0.808454491048149 0.770956770030393 0.733459048816412 0.695961327336817 0.658463605564491 0.620965883470719 0.583468161020387 0.545970438177289 0.50847271490722 0.470974991156911 0.433477266794831 0.395979541702473 0.358481815891699 0.320984089406961 0.283486362303225 0.245988634677495 0.208490906611338 0.170993178082526 0.133495449073526 0.0959977196893958 0.0584999900583942 0.0210022602789968 -0.0164954695577667
-0.93501134954372 -0.904250266837864 -0.873489184240645 -0.842728101809016 -0.811967019560853 -0.781205937533378 -0.750444855880266 -0.719683774792967 -0.688922694497583 -0.658161615171233 -0.627400536760473 -0.596639459154214 -0.565878382213655 -0.535117305689131 -0.504356229318227 -0.47359515289839 -0.442834076250721 -0.412072999231059 -0.381311921749463 -0.350550843898109 -0.319789765814707 -0.289028687620084 -0.258267609367554 -0.227506531099705 -0.196745452883739 -0.165984374771563 -0.135223296729292 -0.104462218706997 -0.0737011406763538 -0.042940062614438
-0.987888322942312 -0.955209103269545 -0.922529883717268 -0.889850664426191 -0.857171445377809 -0.824492226515838 -0.79181300779209 -0.759133789173933 -0.726454570682867 -0.69377535236041 -0.661096134274031 -0.628416916497684 -0.595737699089141 -0.56305848204144 -0.530379265321957 -0.497700048860144 -0.46502083256664 -0.432341616314735 -0.399662399993698 -0.366983183594059 -0.334303967131661 -0.301624750615727 -0.268945534029005 -0.236266317341084 -0.203587100495394 -0.170907883441705 -0.138228666181301 -0.105549448736901 -0.0728702311654371 -0.0401910135323967
-0.973849420151331 -0.941051743886506 -0.908254067478159 -0.875456390802655 -0.84265871375133 -0.809861036238541 -0.777063358255776 -0.744265679831334 -0.71146800106363 -0.678670322071389 -0.645872642984479 -0.613074963935549 -0.580277285038625 -0.547479606333234 -0.514681927814106 -0.481884249371284 -0.449086570886816 -0.416288892315464 -0.383491213645507 -0.350693534926583 -0.317895856223667 -0.285098177596783 -0.252300499086141 -0.219502820725767 -0.186705142544748 -0.153907464568806 -0.121109786815126 -0.0883121092790241 -0.0555144318768683 -0.0227167545052902
-1.05698358914499 -0.939240666494299 -0.859399613842887 -0.838062283605159 -0.852519504920225 -0.872808670584184 -0.883264451296383 -0.874110670205148 -0.844830482351481 -0.797604366364931 -0.736142763336587 -0.664538604972923 -0.588982738189922 -0.524057670741615 -0.482560417148743 -0.46175435816084 -0.454578734583395 -0.452209861216916 -0.444815659298635 -0.420293401817659 -0.365972699701068 -0.279242828703669 -0.197731723891179 -0.156413579951322 -0.139408970748934 -0.123441267376758 -0.106498650662055 -0.0913660385488524 -0.0787504877137097 -0.068839589516322
-1.0218865286682 -0.986746934762049 -0.951607340881207 -0.916467747089342 -0.881328153524317 -0.846188560324067 -0.811048967552626 -0.775909375227288 -0.740769783252257 -0.705630191499243 -0.670490599823049 -0.635351008074252 -0.600211416114223 -0.565071823847516 -0.529932231174411 -0.49479263793489 -0.459653043973714 -0.424513449215041 -0.389373853621619 -0.354234257231169 -0.319094660100152 -0.283955062287066 -0.248815463858545 -0.213675864900263 -0.178536265565921 -0.143396666001013 -0.108257066250171 -0.0731174663405502 -0.0379778663302472 -0.00283826628509383
-0.956990905094405 -0.926600660337021 -0.896197188129052 -0.86576189783425 -0.835261630352095 -0.804663603628016 -0.773951112255517 -0.743114548522471 -0.712156618846161 -0.681081394153172 -0.649886089277867 -0.618566205031559 -0.587113286505859 -0.555503055913583 -0.523706227825696 -0.49168930912457 -0.4594263999533 -0.426926181186487 -0.394209141983619 -0.361308423912255 -0.328260331641966 -0.295101453159099 -0.261869509717091 -0.228601168155033 -0.195327744387529 -0.162074138172631 -0.128844935566665 -0.0956385220965854 -0.0624487948735776 -0.0292685289048843
-1.01382904341221 -0.978920909893491 -0.944012776360858 -0.909104642881705 -0.87419650958065 -0.839288376596723 -0.804380244069377 -0.769472112129488 -0.734563980873199 -0.699655850372164 -0.664747720634798 -0.629839591653712 -0.594931463422596 -0.560023335939471 -0.525115209210428 -0.490207083269518 -0.45529895814281 -0.420390833796482 -0.385482710156982 -0.350574587051728 -0.315666464283378 -0.280758341661461 -0.245850219022988 -0.210942096225921 -0.176033973184566 -0.141125849857297 -0.106217726322431 -0.0713096026755307 -0.0364014789611992 -0.00149335521129969
-1.02493140318287 -0.988818839716894 -0.95270627622672 -0.916593712644189 -0.880481148858111 -0.844368584773715 -0.808256020404949 -0.772143455806764 -0.73603089108938 -0.699918326358327 -0.663805761645071 -0.627693196962565 -0.59158063232259 -0.555468067732245 -0.519355503219962 -0.4832429389042 -0.447130374927138 -0.411017811435811 -0.374905248572313 -0.338792686454117 -0.302680125192544 -0.266567564875505 -0.230455005497282 -0.194342447034845 -0.158229889489551 -0.122117332844065 -0.0860047769819049 -0.0498922217492382 -0.0137796669419749 0.022332887656539
-1.00842795675075 -0.972922839983269 -0.937417723239942 -0.901912606545393 -0.866407489883273 -0.830902373228118 -0.795397256558956 -0.759892139862639 -0.724387023152822 -0.688881906453149 -0.65337678980045 -0.617871673234848 -0.58236655677864 -0.546861440382818 -0.511356324014147 -0.475851207773784 -0.440346091759994 -0.404840975925075 -0.369335860188541 -0.333830744484724 -0.298325628751663 -0.262820512938902 -0.227315397042011 -0.191810281059877 -0.156305164958623 -0.120800048707118 -0.0852949323179468 -0.0497898158202975 -0.0142846992660369 0.0212204172872986
-0.988870411819012 -0.954799739256297 -0.920729066646696 -0.886658393944488 -0.85258772109642 -0.818517048053044 -0.78444637478765 -0.750375701287867 -0.716305027575943 -0.682234353633851 -0.648163679247843 -0.614093004155242 -0.58002232811184 -0.545951650947307 -0.511880972535501 -0.47781029285316 -0.443739611912296 -0.409668929763124 -0.375598246478564 -0.341527562184136 -0.307456877018508 -0.273386191094256 -0.239315504419583 -0.205244816978257 -0.171174128760667 -0.137103439788568 -0.103032750202533 -0.0689620601740952 -0.0348913698798029 -0.000820679497456874
-1.01009219274761 -0.975150311447239 -0.940208430130345 -0.905266548780206 -0.870324667347624 -0.835382785762293 -0.800440903901954 -0.765499021624866 -0.730557138763325 -0.69561525515918 -0.660673370718459 -0.625731485363236 -0.590789599045049 -0.555847711833298 -0.520905823836926 -0.485963935205178 -0.451022046096831 -0.416080156668467 -0.381138267085856 -0.34619637755371 -0.311254488286473 -0.276312599477177 -0.241370711233196 -0.20642882361134 -0.171486936551813 -0.136545049957961 -0.101603163702287 -0.0666612776604105 -0.0317193917512524 0.00322249409543999
0.889723620140573 0.871519531738665 0.853122324690758 0.834483490911764 0.815531832208251 0.79608280455101 0.775521170676067 0.753218759731478 0.728926359748199 0.702536306491687 0.674128167782506 0.643828319454998 0.611792740500238 0.578295822536234 0.543580489678085 0.507645383402319 0.470497541924561 0.432421873055406 0.393817749148371 0.355264531133697 0.317386577085808 0.280760762300859 0.245774030961933 0.212694886821637 0.181508003023753 0.152039829745976 0.123767755910496 0.0961626451549319 0.06901832123414 0.0422093479322852
1.05003182813857 1.01233395027663 0.974636072390401 0.936938194502344 0.899240316664015 0.861542438931051 0.82384456134632 0.786146683931052 0.748448806632699 0.710750929411364 0.673053052351536 0.635355175568801 0.597657299160792 0.559959423153329 0.522261547541774 0.484563672271469 0.446865797266854 0.409167922418767 0.371470047614927 0.333772172764187 0.296074297780678 0.258376422573542 0.220678547031957 0.182980671070981 0.145282794729155 0.107584918073216 0.0698870411592031 0.0321891640415625 -0.00550871322092452 -0.0432065905683933
-0.989244280882157 -0.954703093197002 -0.920161905595992 -0.885620718187874 -0.85107953124298 -0.816538345053472 -0.781997159837231 -0.747455975790041 -0.712914793093579 -0.678373611885132 -0.643832432138546 -0.609291253786805 -0.574750076738253 -0.540208900802673 -0.50566772577709 -0.47112655150605 -0.436585377863062 -0.402044204789969 -0.367503032232673 -0.332961860084993 -0.298420688227723 -0.263879516556527 -0.229338345026524 -0.194797173591822 -0.160256002143014 -0.125714830580545 -0.0911736589077827 -0.0566324871542944 -0.0220913153515036 0.0124498564687008
-1.01908045938162 -0.986740582396677 -0.954443660142823 -0.922218436273246 -0.890036003264683 -0.85784441816173 -0.825557247456866 -0.793099116090607 -0.760473373347731 -0.727686093604067 -0.694675527255398 -0.661362968702496 -0.62766659345667 -0.593492101471385 -0.55875867062014 -0.523451866014398 -0.487569077641727 -0.451088607756134 -0.413998976203525 -0.376348660930966 -0.338201129410809 -0.299599063366342 -0.260502001524588 -0.220864870455129 -0.180707291094057 -0.140088646319439 -0.0991626724107439 -0.0580847429394158 -0.016922427243407 0.0242786563977037
-0.93963289024971 -0.908156582948087 -0.876680275573052 -0.845203968070693 -0.813727660353363 -0.782251352322329 -0.750775043868271 -0.719298734893628 -0.687822425358494 -0.656346115215739 -0.624869804331693 -0.59339349255105 -0.561917179731766 -0.53044086578484 -0.498964550648377 -0.467488234315866 -0.436011916797787 -0.404535598117213 -0.373059278322834 -0.341582957553242 -0.3101066359695 -0.278630313741043 -0.247153991070786 -0.215677668141068 -0.184201345018433 -0.152725021741433 -0.121248698352446 -0.0897723748929894 -0.0582960513973179 -0.0268197278978705
