-1.05235789339687 -1.01552862750329 -0.978699361472665 -0.941870095126548 -0.90504082829651 -0.868211560832182 -0.831382292645443 -0.794553023650919 -0.757723753711967 -0.720894482720461 -0.68406521073361 -0.647235937849953 -0.610406664181404 -0.57357738989336 -0.536748115148227 -0.499918840042962 -0.463089564662208 -0.426260289106802 -0.389431013493991 -0.352601737990487 -0.315772462775368 -0.278943188013689 -0.242113913814413 -0.205284640242548 -0.168455367243385 -0.131626094714012 -0.0947968224784227 -0.0579675503677976 -0.0211382783151548 0.0156909937210286
-0.970277348471303 -0.93698765394434 -0.903682844734704 -0.870337241535011 -0.836929547600966 -0.803437560597977 -0.76983107326717 -0.736080573995034 -0.702167338673792 -0.668077100271836 -0.633802632556504 -0.599338469494868 -0.564680758190903 -0.529832098296183 -0.494793644899384 -0.459554322289979 -0.424100432389998 -0.388420018450893 -0.352507691335942 -0.316382591026316 -0.280069989782658 -0.243589329405337 -0.206936729853627 -0.170105557114694 -0.133101483128381 -0.0959411823196402 -0.0586730331012105 -0.0213476487833359 0.0160071217214933 0.0533691206002256
-0.960872217872625 -0.927508363216508 -0.894144508434339 -0.86078065334764 -0.827416797724013 -0.79405294134272 -0.760689084083589 -0.727325225855621 -0.693961366583959 -0.66059750621925 -0.62723364479801 -0.593869782378222 -0.560505919007795 -0.527142054694347 -0.493778189444579 -0.460414323301832 -0.427050456333146 -0.393686588663716 -0.360322720423867 -0.326958851706286 -0.29359498259425 -0.260231113169806 -0.226867243510079 -0.193503373700904 -0.160139503867866 -0.126775634116514 -0.0934117644324784 -0.0600478947743109 -0.0266840251121593 0.00667984458093004
-0.981691011687942 -0.935067468274693 -0.889407939104388 -0.845523739412963 -0.8039975288482 -0.765327165243956 -0.729899954766523 -0.697908627955973 -0.668878164515038 -0.642136575258796 -0.616891746289037 -0.59232153252923 -0.567766166080797 -0.543215387756976 -0.518762817315128 -0.494268081577304 -0.469371354528928 -0.443068991744234 -0.414355929688396 -0.382865246801534 -0.348389557017506 -0.310856852536303 -0.270736638622448 -0.228523742717357 -0.184272767905512 -0.138055656956627 -0.0904539357383085 -0.0421035652772708 0.00665133586123058 0.0555396097273052
-0.992458652533707 -0.957549278193264 -0.922639903904179 -0.887730529697809 -0.852821155569748 -0.817911781494957 -0.783002407401619 -0.748093033212885 -0.713183658878572 -0.678274284366525 -0.643364909690048 -0.608455534873812 -0.573546159918577 -0.53863678472947 -0.503727409193594 -0.468818033221596 -0.433908656754072 -0.398999279827868 -0.364089902515425 -0.329180524935301 -0.294271147217582 -0.25936176947561 -0.224452391755741 -0.189543014077298 -0.154633636418445 -0.119724258744046 -0.0848148810069226 -0.0499055031692026 -0.0149961252422904 0.0199132527500911
-0.928812415848462 -0.880348050535876 -0.840512062006994 -0.811992545309797 -0.791669561271793 -0.775779348857426 -0.763790893799359 -0.754462902190879 -0.74048021479954 -0.714827291669629 -0.677760935278081 -0.631356033709992 -0.578860578912904 -0.528214978284134 -0.486784492591177 -0.454941380632463 -0.429962445219683 -0.403735667186653 -0.369826114000095 -0.333896021636241 -0.304631918198702 -0.287875530884655 -0.278089383265547 -0.266765091872108 -0.244889848697941 -0.206011395061462 -0.154424094117484 -0.0961879342376637 -0.0336787828246286 0.0316485229612492
-1.05898652701911 -1.0219482277146 -0.984909928285954 -0.947871628625683 -0.910833328629843 -0.87379502820892 -0.836756727327613 -0.799718425983566 -0.762680124251977 -0.725641822216804 -0.688603519919492 -0.651565217390854 -0.614526914656432 -0.577488611720685 -0.540450308584763 -0.503412005257672 -0.466373701737715 -0.429335397972537 -0.392297093902812 -0.35525878949199 -0.318220484709218 -0.281182179540268 -0.24414387403742 -0.20710556827322 -0.170067262334767 -0.133028956305688 -0.0959906502411907 -0.0589523441791797 -0.0219140381167636 0.0151242679591471
-0.993437223809386 -0.959665363968639 -0.925893504165 -0.892121644403604 -0.858349784700396 -0.824577925092442 -0.790806065690465 -0.75703420662544 -0.723262348035671 -0.689490490055944 -0.655718632799627 -0.621946776374738 -0.588174920851734 -0.554403066150827 -0.520631212155874 -0.486859358755545 -0.453087505839094 -0.419315653293278 -0.385543800999043 -0.351771948816594 -0.318000096600946 -0.284228244228729 -0.250456391663021 -0.216684538884426 -0.182912685857198 -0.149140832562499 -0.115368979065491 -0.0815971254466155 -0.0478252717634385 -0.0140534180678078
-0.996128959479048 -0.96288187524568 -0.929610795790052 -0.896303535795299 -0.862948200274156 -0.829537790580912 -0.79608460310649 -0.762603500298376 -0.729100313793676 -0.695566914927596 -0.661948364638111 -0.628178021263891 -0.594187815194478 -0.559903965022917 -0.525264112327011 -0.490257302420112 -0.45489043944501 -0.419190459126681 -0.383183635816128 -0.346873566786267 -0.310258180040488 -0.273333352891941 -0.236086759892789 -0.198511606451385 -0.160631424161811 -0.122486326596322 -0.0841524290541403 -0.0457082883234197 -0.00720622542108783 0.0313079975787347
-0.992538924120556 -0.958988803610145 -0.925438683081864 -0.891888562539665 -0.858338441910949 -0.824788321082208 -0.791238199852871 -0.757688078024865 -0.724137955497171 -0.690587832225113 -0.657037708292314 -0.623487583814473 -0.589937458919106 -0.556387333780994 -0.522837208557558 -0.489287083289518 -0.455736957992415 -0.422186832697778 -0.388636707437278 -0.355086582227174 -0.321536457079872 -0.287986331991418 -0.254436206892423 -0.22088608170298 -0.187335956366547 -0.153785830837153 -0.120235705087758 -0.0866855791146731 -0.0531354529887176 -0.0195853267993341
-1.0926275538385 -0.873583107400643 -0.781222460005711 -0.840849454507528 -0.934876836856411 -0.94088500463424 -0.860016058852643 -0.732116505140172 -0.628288764163312 -0.605454010072208 -0.632552515913719 -0.656529329458882 -0.636023261720699 -0.576448176680038 -0.497749319899268 -0.431222410298894 -0.401404889205532 -0.394450614212101 -0.39068387679278 -0.385494287680477 -0.378037787422782 -0.358108087007409 -0.278049979182571 -0.122672441176184 -0.0440901063745042 -0.157502017101571 -0.263139195274242 -0.164857927915972 0.00401641711620772 0.0277912017568742
-0.986912135970907 -0.95269910413288 -0.918486072352653 -0.884273040631049 -0.850060008916767 -0.815846977157004 -0.781633945345042 -0.747420913483568 -0.7132078815668 -0.678994849587853 -0.644781817543883 -0.610568785433061 -0.57635575326456 -0.542142721091565 -0.507929688961922 -0.473716656858104 -0.439503624738153 -0.405290592527756 -0.37107756018186 -0.336864527804808 -0.302651495538287 -0.268438463517759 -0.234225431853782 -0.200012400624981 -0.165799369807162 -0.131586339341781 -0.0973733091357356 -0.0631602790902987 -0.028947249118806 0.00526578086239091
-1.00800125199632 -0.972309450544343 -0.93661764902515 -0.900925847430995 -0.865234045843206 -0.82954224434595 -0.793850442945685 -0.758158641636235 -0.722466840438589 -0.686775039377768 -0.651083238467748 -0.615391437719741 -0.579699637152879 -0.544007836817952 -0.508316036765737 -0.472624237015298 -0.436932437570645 -0.401240638407297 -0.365548839495688 -0.329857040814396 -0.294165242344037 -0.258473444077536 -0.222781646057066 -0.187089848326478 -0.151398050887092 -0.11570625371969 -0.0800144567654207 -0.0443226599584819 -0.00863086324488811 0.0270609334263913
-1.03703354829405 -1.0008177074406 -0.96460186661167 -0.928386025811428 -0.892170185040891 -0.855954344300799 -0.819738503593959 -0.783522662937798 -0.747306822406164 -0.711090982110054 -0.674875142252644 -0.638659303060155 -0.602443464752083 -0.566227627521025 -0.530011791539971 -0.493795956930373 -0.457580123777512 -0.421364292073514 -0.385148461749873 -0.348932632588702 -0.312716804334771 -0.276500976778266 -0.240285149891047 -0.204069323684385 -0.167853498145526 -0.131637673234731 -0.0954218488283439 -0.0592060247817621 -0.0229902009505125 0.0132256228098459
-1.04949342171844 -0.975668586795254 -0.902003892340645 -0.828905562429374 -0.763830664451101 -0.71414640413459 -0.67980969725012 -0.659130298930913 -0.651239611720448 -0.653893303476371 -0.658522455902734 -0.654977004165193 -0.635288526971446 -0.600215177197376 -0.55406420796549 -0.506612699216612 -0.466749430247766 -0.434340150962444 -0.406836651280248 -0.381057910578742 -0.353664705599984 -0.321874129071236 -0.285128537660592 -0.244311072832275 -0.203842751294207 -0.167571061232643 -0.133511501503495 -0.0990228536954185 -0.0646690196584055 -0.0318151813077803
-0.837174468232889 -0.905161305980409 -0.93821687872627 -0.920536356747021 -0.875668266708601 -0.83233476478042 -0.800599168756393 -0.781387934754156 -0.757738910561738 -0.713383187535713 -0.652713439636435 -0.585287736475204 -0.521248813528788 -0.473078069735831 -0.450576978369451 -0.450488646578813 -0.462446735001599 -0.460705484353532 -0.424982351157669 -0.372227075088364 -0.328697466607793 -0.310332095886505 -0.291792571928538 -0.249260396526902 -0.206273603797013 -0.187986847109603 -0.178664724534252 -0.151479664631422 -0.0761254732262595 0.078573699539923
-0.975389147832515 -0.953606046552081 -0.93177596713653 -0.909240606237234 -0.884710901578498 -0.857010672033704 -0.826046019999588 -0.791988223285068 -0.754986977824437 -0.715462669838948 -0.674940028572329 -0.635219869023925 -0.59774401415839 -0.562518318801601 -0.529160612881378 -0.497172594872091 -0.465983731330466 -0.43485069259613 -0.403011847276823 -0.369805153269859 -0.334593465794944 -0.296836697715192 -0.256382992467349 -0.213309711526447 -0.168222857947034 -0.121695799507118 -0.0736427212990289 -0.0239514358804236 0.0269365516440497 0.0784413130329956
-1.02252020390564 -0.987148488287954 -0.951776772566433 -0.916405056651589 -0.881033340542298 -0.845661624251731 -0.810289907761884 -0.774918191047586 -0.739546474086168 -0.704174756857218 -0.668803039346836 -0.633431321542755 -0.598059603426654 -0.562687884956013 -0.527316166069089 -0.491944446651453 -0.456572726576568 -0.421201005722153 -0.385829283989822 -0.350457561372503 -0.315085837885953 -0.279714113558348 -0.244342388467531 -0.208970662703388 -0.173598936354303 -0.138227209520896 -0.102855482354234 -0.067483755001359 -0.0321120275427782 0.003259699957637
-0.955611381758224 -0.926042897120592 -0.896465215792727 -0.866863067772058 -0.837216265372788 -0.807485832283108 -0.777562555370393 -0.747314714185593 -0.71659079583478 -0.685256016633313 -0.653262302178592 -0.620583255388528 -0.587202903662878 -0.553146972328801 -0.518448795963525 -0.483130448217181 -0.447224056638262 -0.410813225295825 -0.373998598744878 -0.336897506963666 -0.299631451286243 -0.262307696998153 -0.224976565190897 -0.18768712951163 -0.150540418024178 -0.1136159971629 -0.0768556324276241 -0.0401746581164166 -0.00352048465483907 0.0331514584996745
0.959998705522595 0.927581576542299 0.895164447384771 0.862747317862226 0.830330187842683 0.797913057225806 0.765495925982015 0.733078794057334 0.700661661229439 0.668244527247881 0.635827391918079 0.603410255059416 0.570993116521809 0.53857597627732 0.50615883431037 0.473741690532684 0.441324544868804 0.408907397367258 0.376490248106157 0.344073097157973 0.311655944593766 0.279238790490472 0.246821634948526 0.214404478105301 0.181987320222426 0.149570161575266 0.117153002369893 0.0847358427844819 0.0523186829549262 0.01990152300655
-0.990449884395218 -0.956900642171576 -0.923351399951282 -0.889802157796623 -0.856252915768274 -0.822703673917246 -0.789154432257524 -0.755605190783697 -0.722055949449788 -0.688506708194378 -0.654957466934838 -0.621408225583238 -0.587858984099585 -0.554309742635636 -0.520760501391477 -0.487211260568746 -0.453662020334771 -0.420112780718079 -0.386563541728041 -0.353014303436214 -0.319465065929702 -0.285915829284684 -0.252366593533641 -0.21881735867953 -0.185268124650912 -0.151718891328575 -0.11816965847661 -0.084620425858694 -0.051071193353523 -0.017521960868549
0.994288675900795 0.964244327439783 0.934507827807123 0.905253055381363 0.876341776174445 0.847593000408562 0.818966827513524 0.790388011725285 0.761498837296783 0.731865833631298 0.70103498071651 0.6685471211862 0.634020309733027 0.597381449285174 0.55863953303416 0.517823066989312 0.475103113254885 0.431201445497041 0.386980614641303 0.34331556908876 0.30108435660939 0.260978981144887 0.222947271323806 0.186697519392069 0.151724047378194 0.11749986600766 0.083626711011197 0.0498008942351399 0.0159683069830085 -0.0178627645773816
-0.999056683253828 -0.961949364090484 -0.924879886159736 -0.887892049613053 -0.851026622747534 -0.81431359142371 -0.777742843610206 -0.741302325018458 -0.705012310223064 -0.66890315232407 -0.633013189660177 -0.597382756879752 -0.562053707085796 -0.527073967199858 -0.492490389787014 -0.458339456167882 -0.424644517452005 -0.391386775149068 -0.358536125020293 -0.326059389432898 -0.293922622405601 -0.262089902856095 -0.230517409297976 -0.199164312890818 -0.168009655782204 -0.13703704272747 -0.106228457924958 -0.0755598448175762 -0.0449846043834851 -0.014450501984659
1.02403021584314 0.990770198712757 0.957510181513483 0.924250164178863 0.890990146603657 0.857730128676528 0.82447011030055 0.791210091392758 0.757950071911623 0.724690051866807 0.691430031431318 0.658170010818999 0.624909990218283 0.591649969715955 0.558389949346483 0.52512992903669 0.491869908683324 0.458609888170462 0.425349867406058 0.39208984640623 0.358829825214139 0.325569803888763 0.292309782552352 0.259049761329867 0.225789740293843 0.192529719490372 0.159269698912196 0.126009678527843 0.0927496582623338 0.0594896380298107
-0.973994247767895 -0.941080933796242 -0.908167619928946 -0.875254306240226 -0.842340992718717 -0.809427679340947 -0.776514366120602 -0.74360105311614 -0.710687740527958 -0.677774428553178 -0.644861117233882 -0.611947806573395 -0.57903449657527 -0.546121187243971 -0.513207878562463 -0.48029457042678 -0.447381262715384 -0.414467955323352 -0.381554648148584 -0.348641341083641 -0.315728034019753 -0.282814726835516 -0.249901419358993 -0.216988111458096 -0.184074803210671 -0.151161494739575 -0.118248186137782 -0.0853348774803346 -0.0524215688004316 -0.0195082601208123
1.01188000202253 0.9782555707908 0.944628996923763 0.910995483632514 0.877344181360975 0.843663829003731 0.809947572025202 0.776190248674107 0.742389061766526 0.70854153485537 0.674644109873483 0.640692958348696 0.6066851595202 0.572621423472624 0.538503522751177 0.504333848897948 0.470115630716042 0.43585482705576 0.401557868789944 0.367230344834412 0.332877633615727 0.298504773718067 0.264115444356068 0.229713636050612 0.195305943917094 0.160899261820121 0.126499074026626 0.0921091045228067 0.0577274457695788 0.0233507823465394
-1.02671719821618 -0.98877136255568 -0.950857553367148 -0.913017244188954 -0.875288968110501 -0.837711372660936 -0.800326503577326 -0.763171768464953 -0.726262624194041 -0.68961324538332 -0.653254628380607 -0.617221974965996 -0.581544930044247 -0.546230911018806 -0.511280563497685 -0.476689673408493 -0.442458817431862 -0.408612594940933 -0.375174337605845 -0.342138283592219 -0.309491397689546 -0.27721151168844 -0.245239925383995 -0.213508285325174 -0.181946157071936 -0.150497022489019 -0.119162109649278 -0.0879480027248352 -0.056824964076743 -0.0257541756132892
-1.00238977820923 -0.967280426862505 -0.932171075513839 -0.897061724140686 -0.861952372666738 -0.826843021006199 -0.791733669089067 -0.756624316847781 -0.721514964208725 -0.686405611110738 -0.651296257548521 -0.616186903530737 -0.581077549062918 -0.545968194138058 -0.510858838751526 -0.475749482920706 -0.440640126659843 -0.405530769948595 -0.370421412756384 -0.335312055046279 -0.300202696779759 -0.265093337945267 -0.229983978639087 -0.194874618975578 -0.159765259033544 -0.124655898896549 -0.0895465387027474 -0.0544371785740198 -0.0193278185125626 0.0157815415093492
-0.976172796101151 -0.94364169581827 -0.9111105955143 -0.878579495115702 -0.846048394500307 -0.813517293526503 -0.780986192023518 -0.748455089826674 -0.715923986824821 -0.683392882921653 -0.650861778026704 -0.618330672050966 -0.585799564933097 -0.553268456722412 -0.520737347522642 -0.48820623754452 -0.455675127002887 -0.423144016022011 -0.390612904669638 -0.358081792878009 -0.325550680545487 -0.293019567578243 -0.260488453913681 -0.227957339532804 -0.195426224559769 -0.162895109130726 -0.130363993286615 -0.09783287706196 -0.0653017605608266 -0.0327706439046654
-0.97367435348004 -0.940229108067418 -0.906783862625086 -0.873338617135638 -0.839893371541044 -0.806448125792021 -0.773002879914904 -0.739557633975575 -0.706112388122507 -0.672667142525145 -0.639221897354226 -0.605776652780814 -0.572331408981228 -0.538886166152812 -0.505440924488263 -0.471995684140671 -0.438550445249326 -0.405105207937924 -0.371659972271561 -0.338214738096523 -0.304769505204395 -0.271324273354687 -0.237879042178607 -0.20443381130525 -0.17098858048356 -0.137543349521358 -0.104098118342133 -0.0706528869207084 -0.0372076553215645 -0.00376242363159827
-1.00652367048555 -0.97091145410657 -0.935299237756583 -0.899687021478553 -0.86407480542093 -0.828462589758631 -0.79285037466694 -0.757238160326925 -0.721625946942407 -0.686013734696226 -0.650401523664533 -0.614789313896806 -0.579177105398967 -0.543564898002714 -0.507952691510149 -0.472340485779226 -0.436728280709841 -0.401116076313806 -0.365503872616937 -0.329891669589151 -0.294279467186389 -0.258667265362313 -0.223055064061467 -0.187442863230426 -0.151830662832994 -0.116218462819858 -0.0806062630720008 -0.0449940634645261 -0.00938186391873447 0.0262303356325254
-1.05978348228235 -1.02238252066517 -0.984981559170677 -0.947580597868966 -0.910179636763043 -0.872778675857378 -0.835377715229356 -0.797976754937849 -0.760575794894773 -0.723174835003248 -0.685773875278167 -0.648372915762367 -0.610971956530892 -0.573570997787632 -0.536170039759698 -0.498769082638253 -0.461368126579205 -0.423967171633389 -0.386566217803592 -0.349165265005497 -0.311764313133007 -0.27436336206898 -0.236962411652085 -0.199561461709926 -0.162160512070051 -0.12475956258465 -0.087358613204537 -0.0499576639022465 -0.0125567146385462 0.0248442346287371
1.0110673038726 0.976471607332279 0.941875910747113 0.907280214119306 0.872684517502773 0.83808882094745 0.803493124435647 0.768897427915933 0.73430173126954 0.699706034376653 0.665110337180607 0.630514639640522 0.595918941745119 0.561323243601496 0.526727545327958 0.492131846969232 0.457536148550691 0.422940450093849 0.388344751622662 0.353749053174708 0.319153354790968 0.284557656510982 0.24996195836851 0.215366260410868 0.180770562745362 0.146174865470204 0.111579168587246 0.0769834720518888 0.0423877757300848 0.00779207946542586
-0.967009684215167 -0.934794839166245 -0.902579994093422 -0.870365148960051 -0.838150303779093 -0.805935458587081 -0.773720613465234 -0.741505768488614 -0.709290923662973 -0.677076078983609 -0.644861234473307 -0.612646390161726 -0.580431546064217 -0.548216702138918 -0.516001858335068 -0.483787014623541 -0.451572170985026 -0.419357327417851 -0.387142483919219 -0.354927640464204 -0.322712797022348 -0.290497953557651 -0.258283110011942 -0.226068266326611 -0.193853422463449 -0.16163857838653 -0.129423734048646 -0.0972088894237724 -0.0649940445818835 -0.0327791996169553
-1.01477545826184 -0.980137430430755 -0.945499402445511 -0.91086137413039 -0.876223345397024 -0.841585316187128 -0.806947286475379 -0.772309256248621 -0.737671225509393 -0.703033194286417 -0.668395162697466 -0.633757130882574 -0.599119098976738 -0.56448106709481 -0.529843035335682 -0.495205003754544 -0.460566972392472 -0.425928941277776 -0.39129091043255 -0.356652879866811 -0.322014849587555 -0.287376819600724 -0.252738789908056 -0.218100760491301 -0.183462731256474 -0.148824702116704 -0.114186673089328 -0.0795486442023155 -0.0449106154219615 -0.0102725866991443
-1.02433943834893 -1.06162887366955 -0.99696556449907 -0.851342733441897 -0.742133571982979 -0.762343333002713 -0.811125546082711 -0.774942987222997 -0.683347141396011 -0.594838185695535 -0.540622356728277 -0.545082405979182 -0.608244768334585 -0.632710612286387 -0.537740973306596 -0.406661621182078 -0.336285635422069 -0.313310600110417 -0.302500837131517 -0.291003114997327 -0.271559813876694 -0.241888141329048 -0.219604614476142 -0.21767746050532 -0.210582437303958 -0.173659571868253 -0.12419843692967 -0.0908658381194264 -0.105887966932488 -0.20238086132976
-0.985879887035589 -1.04921795266466 -1.02958306211154 -0.942559041598215 -0.837100057550172 -0.762744034168725 -0.737993586554987 -0.760569979368789 -0.776104384605049 -0.736286561836161 -0.669130713609335 -0.621732153215483 -0.620002999508999 -0.60512259359819 -0.523453628414237 -0.426824981925901 -0.376727581567959 -0.367834367601667 -0.377816012209793 -0.383152102434662 -0.360024454033489 -0.295016564676413 -0.216318659685266 -0.15944476798015 -0.147597405222549 -0.183818221433919 -0.202816917334215 -0.136864279461471 0.0231926130724563 0.271862608012257
-1.00840784668745 -0.973200872985277 -0.93799389925379 -0.90278692544728 -0.867579951581684 -0.832372977695865 -0.797166003858745 -0.761959030144508 -0.726752056618331 -0.691545083338258 -0.656338110342802 -0.621131137665596 -0.585924165340605 -0.550717193403132 -0.515510221890515 -0.480303250846894 -0.445096280290002 -0.409889310125133 -0.374682340238918 -0.339475370555761 -0.304268401009511 -0.269061431557409 -0.233854462250255 -0.198647493153691 -0.163440524299159 -0.128233555705143 -0.0930265873724823 -0.0578196192821922 -0.0226126513536244 0.0125943165092853
1.01863815677161 0.978300651084087 0.938058452434832 0.898029000620829 0.858322368279916 0.819046775410476 0.780310398612212 0.742221705805391 0.704890373591226 0.668395787029733 0.632694956335204 0.5977142980105 0.563369327376762 0.529531955028272 0.496082630348231 0.462979562602397 0.430199265342525 0.3977137093818 0.365500420969986 0.333563690841734 0.301914500852915 0.270548072713682 0.239396587551313 0.208372129286703 0.177369433598097 0.14629353467837 0.115108009021557 0.0838050597270876 0.0524328540147848 0.021053550134573
-0.979915548311308 -0.945655298821228 -0.911395049342971 -0.87713479988179 -0.842874550416627 -0.808614300924523 -0.77435405140122 -0.740093801885732 -0.705833552571452 -0.671573303655914 -0.637313055198838 -0.603052807225492 -0.568792559748457 -0.534532312729563 -0.500272066138769 -0.466011820029296 -0.431751574467147 -0.397491329486193 -0.363231085092957 -0.328970841216697 -0.294710597767353 -0.260450354679006 -0.226190111982294 -0.191929869720744 -0.157669627892892 -0.123409386479431 -0.0891491454346785 -0.0548889046988241 -0.0206286641819246 0.013631576213497
-0.977243802839455 -0.941654941784468 -0.90610818763563 -0.87066576650174 -0.835395753457656 -0.800358991245537 -0.765581544310668 -0.731077040818341 -0.696844142110735 -0.662882766603491 -0.629212827829221 -0.595859238099776 -0.562842141712003 -0.530162610902737 -0.497811427070071 -0.465757280317135 -0.433963587536556 -0.402394764073911 -0.371021338631307 -0.339837294884035 -0.308842480250684 -0.278031686395114 -0.247379481962271 -0.216853752787833 -0.186415876489306 -0.156030273564602 -0.125680044251442 -0.095354306056331 -0.065047565821105 -0.0347556777214326
-0.97614043658542 -0.944553559871282 -0.912966683265715 -0.881379806873094 -0.849792930733074 -0.818206054881165 -0.78661917940102 -0.755032304363707 -0.723445429741812 -0.69185855550499 -0.660271681709671 -0.628684808433977 -0.597097935760784 -0.565511063791981 -0.533924192603364 -0.502337322147336 -0.470750452341175 -0.439163583085074 -0.407576714273949 -0.37598984579872 -0.344402977549308 -0.312816109441356 -0.281229241493411 -0.249642373737656 -0.218055506157921 -0.18646863871227 -0.154881771304054 -0.123294903842313 -0.0917080363135667 -0.0601211687237018
0.936455886434251 1.01534725847624 0.822582965325187 0.822505143008175 0.908836513751183 0.892106720104653 0.820692499717996 0.778010708563148 0.749791580803176 0.707136189648302 0.660315586306227 0.629393316484018 0.625176522447738 0.621446732699434 0.590298021171753 0.534100257283772 0.467746040742256 0.425943096918288 0.43207598327204 0.444421459955712 0.404979337794516 0.294034857011181 0.245014975418511 0.353358183184151 0.409407382305027 0.229844400290977 0.0418023548742106 0.0727940274016549 0.141399563456733 -0.0360340503180083
-1.01541767872134 -0.980853509983664 -0.946289341271411 -0.91172517260948 -0.877161004020487 -0.842596835537901 -0.808032667240887 -0.773468499227732 -0.738904331627509 -0.704340164569833 -0.669775998155686 -0.635211832478898 -0.60064766760683 -0.566083503500981 -0.531519340090622 -0.496955177281969 -0.462391014990856 -0.427826853194619 -0.393262691878743 -0.358698530999791 -0.324134370507095 -0.28957021034422 -0.255006050431672 -0.220441890704679 -0.185877731180427 -0.151313571884198 -0.116749412791708 -0.082185253861989 -0.0476210950369119 -0.0130569362540581
-1.02667250298188 -0.985656663494512 -0.944674216531332 -0.903866798272909 -0.86337712359517 -0.823356254126149 -0.783987559806945 -0.745440666528418 -0.707797915667386 -0.671101286765404 -0.63531859653701 -0.600399120989984 -0.566324874656373 -0.53320882616528 -0.501162520408534 -0.470160853231808 -0.440116237352038 -0.410827802017367 -0.382074481780147 -0.353667715878349 -0.325427069721351 -0.297182411661261 -0.268804821821102 -0.240202955895351 -0.211394560093384 -0.182427521678729 -0.15336120161662 -0.124248747956614 -0.0951069833838415 -0.0659436492423292
-1.02385698399758 -0.988053646096253 -0.952250308234538 -0.916446970485086 -0.880643632959903 -0.844840295753783 -0.809036958853312 -0.773233622235025 -0.737430285943461 -0.701626950023977 -0.665823614457192 -0.63002027920754 -0.594216944257362 -0.558413609660616 -0.522610275486597 -0.486806941794336 -0.451003608629615 -0.415200275995495 -0.379396943865738 -0.343593612139615 -0.307790280697773 -0.271986949429477 -0.236183618258447 -0.200380287121009 -0.164576955969438 -0.12877362476383 -0.0929702934796195 -0.0571669621056915 -0.0213636306693866 0.0144397007923401
-1.02120442585442 -0.985028607856814 -0.948852789865227 -0.91267697187829 -0.876501153944131 -0.840325336100551 -0.804149518294553 -0.7679737004879 -0.731797882792204 -0.69562206531316 -0.659446247982937 -0.623270430690323 -0.587094613313801 -0.550918795690625 -0.514742977646772 -0.478567159004322 -0.442391339581811 -0.406215519187494 -0.37003969764917 -0.333863874883097 -0.297688050827647 -0.261512225446793 -0.2253363988069 -0.18916057102956 -0.152984742354861 -0.11680891304985 -0.080633083370928 -0.0444572535397812 -0.00828142364990699 0.0278944062372452
-0.997493852386389 -0.964179321520223 -0.930864790744862 -0.897550260109662 -0.864235729638862 -0.830921199349109 -0.797606669251805 -0.764292139359244 -0.730977609692514 -0.697663080264387 -0.664348551045559 -0.631034021996211 -0.597719493090431 -0.564404964357961 -0.531090435854352 -0.497775907682775 -0.464461379954334 -0.431146852764256 -0.397832326188711 -0.3645178002435 -0.331203274929334 -0.297888750219717 -0.264574225979334 -0.231259702055972 -0.197945178338656 -0.164630654736375 -0.131316131196732 -0.0980016076777449 -0.0646870841404903 -0.0313725605468063
-0.996066474766372 -0.962258046196841 -0.928449617622435 -0.894641189050379 -0.86083276056875 -0.827024332261181 -0.793215904112709 -0.759407476104092 -0.725599048297589 -0.691790620788505 -0.657982193722833 -0.624173767259237 -0.590365341530796 -0.556556916568244 -0.522748492346399 -0.488940068718753 -0.455131645523773 -0.421323222661164 -0.387514800055219 -0.353706377667341 -0.319897955468213 -0.286089533429583 -0.252281111527463 -0.218472689738273 -0.184664268035794 -0.15085584639957 -0.117047424834841 -0.0832390033460427 -0.049430581908702 -0.0156221604911201
-1.00800003773363 -0.972987895153544 -0.93797575247595 -0.902963609568514 -0.867951466241005 -0.832939322291801 -0.797927177531634 -0.762915031813616 -0.727902885148027 -0.692890737596639 -0.657878589270027 -0.622866440290968 -0.587854290751126 -0.552842140617734 -0.517829989861628 -0.482817838592506 -0.447805686957526 -0.412793535114799 -0.377781383236795 -0.342769231542446 -0.307757080262303 -0.272744929593274 -0.237732779597695 -0.202720630294921 -0.167708481666964 -0.132696333658475 -0.0976841861020158 -0.0626720388182137 -0.0276598916920372 0.00735225537545967
1.03793440667914 1.00152686389426 0.96511932109379 0.928711778222657 0.892304235266607 0.85589669220235 0.819489148929605 0.78308160531743 0.746674061189229 0.710266516397467 0.673858970956497 0.637451424921145 0.601043878347625 0.564636331297713 0.528228783835785 0.491821236031048 0.455413687957211 0.419006139701151 0.382598591342224 0.34619104291655 0.309783494449436 0.273375945953527 0.236968397390814 0.200560848720423 0.164153299940667 0.12774575107314 0.0913382021933882 0.054930653371713 0.0185231046035031 -0.0178844441345821
-1.0154451274318 -0.979608350887077 -0.943771574398611 -0.907934797958113 -0.872098021441027 -0.836261244736356 -0.800424467903606 -0.764587691052997 -0.728750914327118 -0.692914137877873 -0.657077361862069 -0.621240586437739 -0.5854038117318 -0.549567037746708 -0.513730264455952 -0.477893491841629 -0.442056719890189 -0.40621994859689 -0.370383177964006 -0.334546408013069 -0.298709638770427 -0.262872870242238 -0.227036102353917 -0.191199335008101 -0.155362568097088 -0.119525801499948 -0.0836890350531788 -0.047852268611481 -0.012015502144916 0.0238212643476134
-0.960820525633253 -0.929768683578147 -0.898716841593133 -0.867664999735698 -0.836613158005309 -0.805561316397343 -0.774509474948848 -0.743457633685562 -0.712405792546304 -0.681353951444559 -0.650302110279392 -0.619250268946264 -0.588198427356122 -0.557146585481875 -0.526094743296374 -0.495042900710305 -0.463991057632754 -0.432939214028588 -0.401887369875751 -0.370835525148719 -0.339783679821101 -0.308731833872725 -0.277679987308293 -0.246628140173855 -0.215576292655969 -0.184524444934791 -0.15347259702435 -0.122420748911112 -0.0913689006374368 -0.0603170522596529
-0.95931958911814 -0.899746848740646 -0.921058094594118 -0.848363657583426 -0.762770216470122 -0.76383254490593 -0.768901448246596 -0.691467076490025 -0.611780926498733 -0.618725625570248 -0.668946975877528 -0.68603157331239 -0.619841796730194 -0.525343156840467 -0.468723473268648 -0.45595666944965 -0.473435650801946 -0.489443146868773 -0.476044662116417 -0.43854697657859 -0.39056718918086 -0.345057527951982 -0.312310737333447 -0.291584331826115 -0.240654389755583 -0.126987222548464 0.00170848978931208 0.0765118859140854 0.0238957477106059 -0.230818732129276
-1.03860610191324 -1.00315747930281 -0.967708856473645 -0.932260233304395 -0.896811609735645 -0.861362985703369 -0.825914361063172 -0.790465735659576 -0.75501710937315 -0.719568482077424 -0.684119853581735 -0.648671223679364 -0.613222592157346 -0.577773958777703 -0.542325323332488 -0.506876685758885 -0.471428046092198 -0.435979404615088 -0.40053076167947 -0.365082117666915 -0.329633472966409 -0.294184827929288 -0.258736182756286 -0.223287537595072 -0.187838892531668 -0.152390247612409 -0.116941602786551 -0.0814929579882799 -0.0460443131885991 -0.0105956683677138
-1.02849246402072 -0.992552331683803 -0.956612199398365 -0.920672067231248 -0.884731935268086 -0.848791803588208 -0.812851672226916 -0.776911541180564 -0.740971410333717 -0.705031279576571 -0.669091148933601 -0.633151018462858 -0.597210888198407 -0.561270758078381 -0.525330628029235 -0.489390498026654 -0.453450368057935 -0.417510238107586 -0.381570108168313 -0.345629978268391 -0.309689848444987 -0.273749718712558 -0.237809588994716 -0.201869459192383 -0.165929329206564 -0.129989198968333 -0.094049068528966 -0.0581089379635247 -0.0221688073220211 0.0137713233517958
-0.981591424349667 -0.947575600393314 -0.913559776503504 -0.879543952723642 -0.845528129055168 -0.811512305490499 -0.777496482027926 -0.743480658651839 -0.709464835285147 -0.67544901184922 -0.64143318832075 -0.607417364690259 -0.573401540956263 -0.539385717149267 -0.505369893290927 -0.471354069335532 -0.437338245221468 -0.403322420890875 -0.369306596304539 -0.335290771494073 -0.301274946508795 -0.267259121402417 -0.233243296246209 -0.199227471110865 -0.165211646047217 -0.131195821104426 -0.0971799963448471 -0.0631641718114239 -0.0291483474562467 0.00486747679130678
-0.979925754379952 -0.945356533457125 -0.910787312396335 -0.876218091067422 -0.84164886945813 -0.807079647583041 -0.772510425446195 -0.737941203050678 -0.703371980406287 -0.668802757530172 -0.634233534462185 -0.599664311247854 -0.565095087925098 -0.530525864501404 -0.495956640979563 -0.461387417374009 -0.426818193702132 -0.392248969981502 -0.357679746233614 -0.323110522495491 -0.288541298808034 -0.253972075201397 -0.219402851662737 -0.184833628190128 -0.150264404868303 -0.115695181784342 -0.0811259589480563 -0.0465567363365287 -0.0119875138731795 0.0225817085319861
-1.05352389230579 -1.01714191110965 -0.980767783172946 -0.94440837535161 -0.908073246190985 -0.87177196975893 -0.835511490523971 -0.799296949890951 -0.763128906609312 -0.727006989924235 -0.690931693719257 -0.654903728037505 -0.618923937245928 -0.582993703006774 -0.547114185925991 -0.511285125089037 -0.475506611384496 -0.439781564433961 -0.404111342236034 -0.368488227564351 -0.332902234386308 -0.297343452257527 -0.261802273086549 -0.226270317231261 -0.190743816494037 -0.155220527313496 -0.119699693228761 -0.0841808526841425 -0.0486632366442045 -0.0131459992035721
1.03555342547744 0.99813072854232 0.960128406980193 0.922135935045551 0.884462878381675 0.847312664510691 0.810744077081321 0.774731523048821 0.739056546467996 0.703513164808381 0.668138152098894 0.633028971508299 0.598156282864032 0.562983532628215 0.526918138146156 0.489650613661205 0.450861806125129 0.409910796425316 0.366425711981642 0.321432632408316 0.276307125368128 0.232586920298283 0.192458393733639 0.158190420949324 0.131733225083891 0.114227417126052 0.103893811601707 0.0983095090781558 0.0953965507510888 0.0931632129732936
-0.978382517116481 -0.943639044282065 -0.908895571667033 -0.874152099499064 -0.839408628018059 -0.80466515743953 -0.769921687869188 -0.735178219374262 -0.700434751977833 -0.665691285688913 -0.630947820504355 -0.596204356417976 -0.561460893397009 -0.526717431302359 -0.49197396994659 -0.457230509055228 -0.422487048321648 -0.387743587397653 -0.353000125961346 -0.318256663837611 -0.283513200888023 -0.248769736997435 -0.214026272143804 -0.179282806368329 -0.144539339872066 -0.109795872908642 -0.0750524057820932 -0.0403089387434546 -0.0055654717813336 0.0291779951812689
-0.955801844810281 -0.924966579271676 -0.894133435416156 -0.863273575273877 -0.832333476104796 -0.801256709653487 -0.769999910373171 -0.73852250107801 -0.706781995317288 -0.674735137413123 -0.642337504043861 -0.609544379976905 -0.576314533994755 -0.54262067094028 -0.508440730132694 -0.473759652736205 -0.438565441028407 -0.402851339895455 -0.366621615140225 -0.329919373623911 -0.292797432472284 -0.255323698464689 -0.217626436994739 -0.17983799885026 -0.142046717781642 -0.104318908227415 -0.0666768244161074 -0.0291212666766041 0.00838872005077673 0.0459045296728586
-1.0611020326746 -1.02419724235655 -0.987292452080467 -0.950387661864747 -0.913482871726022 -0.876578081683957 -0.839673291772132 -0.802768502026342 -0.76586371247733 -0.72895892317297 -0.692054134234697 -0.655149345802337 -0.618244557998823 -0.581339770879504 -0.544434984475183 -0.507530198786055 -0.470625413775357 -0.433720629289107 -0.396815845138748 -0.359911061114631 -0.32300627700183 -0.286101492607073 -0.249196707823681 -0.212291922567235 -0.175387136755749 -0.138482350345195 -0.101577563440938 -0.0646727761856537 -0.0277679887218734 0.00913679880790785
-1.01924719503464 -0.979915485481274 -0.940611381491685 -0.901365770410042 -0.862229755859824 -0.823255031895204 -0.784475438013841 -0.745927076639307 -0.707672956455338 -0.669781537418182 -0.632316178313981 -0.595338962636352 -0.558910657945817 -0.52308676807054 -0.487909271497695 -0.453371309082867 -0.419447176899603 -0.38608462952489 -0.353224436788538 -0.320805971028206 -0.28876825520851 -0.257054305749954 -0.225623112896565 -0.194439213945143 -0.163473360580043 -0.132700560259147 -0.102106629146913 -0.0716734674521858 -0.0413565028547979 -0.0111045449023287
-0.929983014217599 -0.899773374604237 -0.869571830321503 -0.83937496875685 -0.809156501963479 -0.778887978010305 -0.748555164363335 -0.71814761387905 -0.687655801578736 -0.657063345581408 -0.626325514232184 -0.595390488432709 -0.564210378167277 -0.532753009750781 -0.500992831087945 -0.468915060112229 -0.436508707687477 -0.403767186370309 -0.370692149007957 -0.337313807917305 -0.303669515282649 -0.269798403756077 -0.235746727860845 -0.201555909740563 -0.167240920149092 -0.132804230282961 -0.0982247644991074 -0.0634894046129106 -0.0286404091131003 0.00626611934325598
-0.954519082833253 -0.921422773216815 -0.88832646363208 -0.855230154086289 -0.822133844530296 -0.789037534904244 -0.755941225161839 -0.722844915245424 -0.689748605038343 -0.656652294435748 -0.623555983439023 -0.590459672076112 -0.557363360389157 -0.524267048477098 -0.491170736434354 -0.458074424280442 -0.424978112032992 -0.391881799776983 -0.358785487604249 -0.325689175566709 -0.292592863706303 -0.259496552075153 -0.226400240766108 -0.19330392985814 -0.160207619333982 -0.127111309156666 -0.0940149993066475 -0.0609186897545637 -0.0278223804143429 0.00527392881426371
-0.941793484149701 -0.909362410704494 -0.876931336944744 -0.844500262502225 -0.812069187060357 -0.779638110353608 -0.747207032268974 -0.714775952742636 -0.682344871754969 -0.649913789275964 -0.617482705189863 -0.585051619359471 -0.552620531686882 -0.520189442231356 -0.487758351078445 -0.455327258261706 -0.422896163820785 -0.390465067871675 -0.358033970508708 -0.325602871663229 -0.293171771225836 -0.260740669065473 -0.228309564964451 -0.195878458748239 -0.163447350501566 -0.131016240418884 -0.0985851288742896 -0.066154016279987 -0.0337229030209692 -0.00129178947542583
-0.985314164274797 -0.950343884539373 -0.915341475970885 -0.880296724866984 -0.845220453503755 -0.810128599034996 -0.775036522146943 -0.739967313473589 -0.704975559907521 -0.670123073373615 -0.635469069667303 -0.601072115551661 -0.566980497710342 -0.533201382509313 -0.499735912858357 -0.466602258160216 -0.433826294513155 -0.401447698304584 -0.369498665143406 -0.33796766723536 -0.306832245935395 -0.276062631588301 -0.245599810498228 -0.2153811792165 -0.185359019323756 -0.155485586187391 -0.125698145292502 -0.0959388392126699 -0.0661843087577098 -0.0364198192964943
0.985744709981932 0.951644789025253 0.917544867973864 0.883444946753 0.849345025339146 0.81524510373243 0.781145181976293 0.747045260134017 0.712945338304948 0.678845416587928 0.644745495043713 0.610645573723539 0.576545652647169 0.542445731708484 0.508345810786153 0.474245889823905 0.440145968798826 0.406046047756377 0.371946126732928 0.337846205660091 0.303746284443286 0.269646362982291 0.235546441154288 0.201446518856074 0.167346596085475 0.133246672889526 0.0991467494110596 0.0650468257963908 0.0309469021099663 -0.00315302160423442
-1.0348459696115 -0.997690553521906 -0.960535137350606 -0.923379721017458 -0.886224304407023 -0.8490688874115 -0.811913469988936 -0.774758052092431 -0.737602633589448 -0.700447214361169 -0.663291794429288 -0.626136373850627 -0.588980952668853 -0.55182553087502 -0.51467010844172 -0.477514685320313 -0.440359261442621 -0.403203836683554 -0.3660484109298 -0.328892984172069 -0.291737556427078 -0.254582127739771 -0.217426698268012 -0.180271268215251 -0.143115837854359 -0.105960407455234 -0.0688049772064562 -0.0316495472320842 0.00550588252058178 0.0426613121484318
-1.02035772507776 -0.986349678557663 -0.952344926103724 -0.918340719105826 -0.884322755454566 -0.850273399536138 -0.816173235218392 -0.78200593440666 -0.747769301674538 -0.713459054737459 -0.679048431209944 -0.644505048681288 -0.609795640187687 -0.574883400552954 -0.539739244128914 -0.504368501591839 -0.468788616945683 -0.433031071180686 -0.397128289098339 -0.36110243375886 -0.324973102787146 -0.288760487703834 -0.252487155612516 -0.216170851507946 -0.179807656366573 -0.143389034939795 -0.106909651097119 -0.0703695612308183 -0.0337871927061373 0.00281443436843893
-1.06198373525852 -1.02456620958286 -0.987148683889983 -0.949731158179701 -0.912313632539737 -0.874896107049791 -0.837478581669513 -0.8000610563212 -0.76264353089781 -0.725226005289699 -0.687808479406164 -0.650390953161236 -0.612973426480679 -0.575555899337184 -0.538138371714763 -0.500720843595789 -0.4633033149796 -0.42588578593505 -0.388468256551225 -0.351050726928649 -0.313633197170704 -0.276215667366392 -0.238798137547192 -0.201380607718775 -0.163963077841106 -0.126545547862736 -0.0891280177322674 -0.0517104874191428 -0.0142929569761051 0.0231245735232766
0.989673232082325 0.956739438710025 0.923805645368115 0.89087185212474 0.857938059133449 0.825004266538663 0.792070474362888 0.759136682577926 0.726202891074687 0.69326909973613 0.660335308494321 0.627401517293598 0.594467726128871 0.561533935197328 0.528600144724784 0.495666354849302 0.46273256565381 0.429798777088447 0.396864989089179 0.363931201668075 0.330997414856232 0.298063628689691 0.26512984322429 0.232196058491805 0.199262274407983 0.166328490867615 0.133394707797694 0.100460925117379 0.0675271426822653 0.0345933603320575
-1.04218477993493 -1.00543627684145 -0.968687773757686 -0.931939270676415 -0.895190767531513 -0.858442264271761 -0.821693760964455 -0.78494525771452 -0.748196754658895 -0.711448251918684 -0.674699749519669 -0.637951247463796 -0.601202745757709 -0.564454244426825 -0.527705743504206 -0.490957243034709 -0.454208743088513 -0.417460243825279 -0.380711745402502 -0.34396324787954 -0.307214751291216 -0.270466255662106 -0.233717760975803 -0.196969267185911 -0.160220774167065 -0.123472281757777 -0.086723789731023 -0.0499752978723374 -0.0132268060830218 0.0235216857066812
-1.02434761332258 -0.988373711761269 -0.952399810252573 -0.916425908894239 -0.880452007835812 -0.844478107228782 -0.808504207180637 -0.77253030775323 -0.736556408869899 -0.7005825104176 -0.664608612276297 -0.628634714324199 -0.592660816430858 -0.556686918431173 -0.520713020167529 -0.484739121546893 -0.448765222488075 -0.412791322892673 -0.376817422671158 -0.340843521786703 -0.304869620215656 -0.268895717941818 -0.232921814978789 -0.196947911342525 -0.160974007028583 -0.125000102072835 -0.0890261966928048 -0.0530522911182144 -0.0170783854459205 0.0188955202604359
-1.00634892594047 -0.97074102668169 -0.935133127399944 -0.899525228072454 -0.86391732867189 -0.828309429182269 -0.792701529637555 -0.757093630087248 -0.721485730593034 -0.685877831204891 -0.650269931913768 -0.614662032695855 -0.579054133517268 -0.543446234303807 -0.507838334990043 -0.472230435585931 -0.436622536107967 -0.401014636523426 -0.365406736828665 -0.329798837185586 -0.294190937797481 -0.258583038843637 -0.222975140407337 -0.187367242515178 -0.15175934506301 -0.116151447919459 -0.0805435509750113 -0.044935654136613 -0.00932775735519886 0.026280139407299
-1.00647158058998 -0.970858426697974 -0.935245272665245 -0.899632118375839 -0.864018963804992 -0.828405808963451 -0.792792653912815 -0.757179498699542 -0.721566343258686 -0.685953187495836 -0.650340031310111 -0.614726874599015 -0.579113717293481 -0.543500559458168 -0.507887401167513 -0.472274242401347 -0.436661083119279 -0.401047923294627 -0.365434762904556 -0.329821601927893 -0.294208440343882 -0.258595278158411 -0.222982115483932 -0.187368952429158 -0.151755788981275 -0.116142625106904 -0.0805294608119509 -0.0449162961357252 -0.00930313121186551 0.0263100338024068
0.849817364995532 0.878384115660674 0.904829703974802 0.922892374762499 0.928347832568398 0.917184138223518 0.884201317984359 0.827438240421707 0.759077177938015 0.692832040818911 0.634399887051063 0.587473561546398 0.554070209319842 0.529504175798308 0.507942372769051 0.48566477704869 0.45894594207666 0.421925662754303 0.371072864550332 0.31430775374105 0.262413356804653 0.224091685620535 0.199720693672874 0.186462143472325 0.176937092030679 0.163612716057875 0.142881376555311 0.112456380649857 0.0714096356788025 0.0191526990320432
-0.965980020793424 -0.934310842503044 -0.902641664284628 -0.870972486174493 -0.839303308089966 -0.807634129923888 -0.775964951590152 -0.744295773009665 -0.712626594110356 -0.680957414838657 -0.649288235207985 -0.617619055248502 -0.585949875015656 -0.554280694666024 -0.52261151437514 -0.490942334293232 -0.459273154580972 -0.427603975466109 -0.395934797156068 -0.364265619709888 -0.332596443149511 -0.300927267477411 -0.269258092618174 -0.237588918465651 -0.205919744868629 -0.174250571677149 -0.14258139879135 -0.110912226123553 -0.079243053584726 -0.0475738810854989
-0.926179078640105 -0.898028678531294 -0.923413840828895 -0.972395052508229 -0.992422480508997 -0.941359575252528 -0.841333241122266 -0.733213782768504 -0.668581651946795 -0.679820829921617 -0.711819268887877 -0.687590913773088 -0.569103000820519 -0.474135931536476 -0.504560031225703 -0.542792155123663 -0.468533871478221 -0.370079070656117 -0.351201817585799 -0.369004553323677 -0.343921812958152 -0.233978363854243 -0.147559902483445 -0.177900162649487 -0.207264098378566 -0.11921320506976 -0.0134639233912081 0.00110497610514337 -0.00487965139881071 0.0840854557122846
-0.982328474255555 -0.949133399604002 -0.915938325063153 -0.882743250717833 -0.849548176542287 -0.816353102465874 -0.783158028348979 -0.749962954048965 -0.716767879480058 -0.683572804570427 -0.650377729247138 -0.617182653436981 -0.583987577094631 -0.550792500286295 -0.517597423093087 -0.48440234554421 -0.451207267640489 -0.418012189321133 -0.384817110494683 -0.351622031008608 -0.318426950695111 -0.285231869409058 -0.252036787095977 -0.218841703739903 -0.18564661938824 -0.15245153412382 -0.119256448107814 -0.086061361524329 -0.0528662745708678 -0.0196711874482847
-1.07323673547461 -1.01592838846904 -0.958893822551187 -0.902974982073136 -0.849190648067822 -0.798481299533143 -0.751297370645993 -0.707763810558461 -0.667193673144437 -0.628880931131256 -0.592855127938238 -0.559329699657698 -0.528420783889413 -0.499855324263012 -0.473350992152799 -0.448977563881932 -0.426724045943717 -0.405904260563218 -0.385580457000307 -0.364483776922349 -0.341262585098579 -0.314845897011455 -0.285285330996316 -0.25284294389793 -0.21749994374589 -0.179175617860328 -0.137822419538724 -0.0935868776054063 -0.0473586570147478 -0.00021320675363229
-0.953456772196298 -0.841713163129119 -1.03683335262778 -1.05969354306194 -0.934538890775789 -0.791665464755769 -0.682204030582859 -0.631563403390871 -0.6414298999304 -0.697221585822423 -0.743006020552651 -0.712513137072975 -0.576061347346808 -0.450322979383634 -0.443858847808907 -0.4864297976659 -0.485641483614486 -0.439278768363145 -0.368713352379289 -0.299485079117458 -0.258175827778976 -0.260369878635015 -0.277661116236137 -0.2759841611169 -0.242626973468431 -0.176983765856825 -0.105520420691487 -0.0547790089845413 -0.0245346863156919 -0.00787087940653589
1.00888718547312 0.936633202510715 0.871083019734205 0.817523776474728 0.779172528767726 0.756868182130913 0.744007123306778 0.733218601323226 0.721505833125058 0.707302747696494 0.690392154262532 0.670894082108364 0.648503828281482 0.621217760878563 0.586634132433053 0.54245766217628 0.488731646445248 0.434747223301782 0.38964048184705 0.352679473614778 0.32066524074683 0.290623443098877 0.260478211381812 0.228194863479833 0.191004995115142 0.147198066693913 0.100028719520188 0.0532443481249972 0.00759817904943862 -0.0369051031628722
-1.03470804988257 -0.998154899377345 -0.961601748791784 -0.925048598040716 -0.888495447152046 -0.851942296167182 -0.815389145068452 -0.778835993820919 -0.742282842379658 -0.705729690699263 -0.66917653874237 -0.632623386473629 -0.596070233880715 -0.55951708104341 -0.522963928042328 -0.486410774869288 -0.449857621494266 -0.413304467888648 -0.376751314024538 -0.340198159875486 -0.303645005415402 -0.267091850614731 -0.230538695430037 -0.193985539830291 -0.157432383847955 -0.120879227543025 -0.084326071022133 -0.0477729143905208 -0.0112197577012372 0.0253333990057181
-1.02692421196219 -0.990536188939011 -0.954148165800236 -0.917760142451444 -0.881372118855645 -0.844984094977421 -0.808596070730228 -0.772208046010632 -0.735820020698769 -0.699431994676379 -0.663043967848047 -0.626655940124071 -0.590267911420142 -0.553879881673521 -0.517491850841017 -0.481103818936039 -0.444715786007338 -0.408327752188432 -0.371939717641214 -0.3355516825563 -0.299163647131487 -0.262775611538001 -0.22638757584077 -0.189999540078905 -0.153611504294552 -0.11722346851825 -0.0808354327310853 -0.0444473969057564 -0.00805936103085852 0.0283286749010389
-1.00993984987438 -0.974389836100737 -0.938839822316479 -0.903289808497578 -0.867739794675283 -0.832189780904366 -0.796639767278417 -0.761089753907356 -0.725539740927625 -0.689989728490509 -0.654439716780165 -0.618889705988965 -0.583339696292822 -0.547789687801811 -0.512239680593323 -0.476689674679842 -0.441139670025047 -0.405589666462284 -0.370039663789473 -0.334489661793141 -0.298939660256969 -0.263389659006042 -0.227839658031051 -0.192289657340627 -0.156739656849548 -0.121189656461935 -0.0856396561331511 -0.0500896558347281 -0.014539655551643 0.0210103447277668
-1.06416165932013 -1.01578729856867 -0.968493644247546 -0.922651234217168 -0.8774676879995 -0.832023626854274 -0.7860545973307 -0.739740844663924 -0.694386483543354 -0.651388559337052 -0.611391970673441 -0.57485357949603 -0.542102016248117 -0.512952985372137 -0.486922995486552 -0.462844697914781 -0.439333563283537 -0.414820196727753 -0.387922396754938 -0.358191600854693 -0.325412656262137 -0.289421862296734 -0.250261326615313 -0.208153334654235 -0.16383507463061 -0.118312174732418 -0.0731491202503597 -0.0296545183513876 0.012445393395269 0.0538199698198103
-0.927666509235045 -0.905415545658158 -0.908171601274852 -0.903170939151288 -0.879288961703661 -0.836832141969916 -0.800192096124968 -0.787788703170659 -0.770069750279544 -0.7179857546784 -0.652470245640168 -0.606952505449329 -0.600972784453211 -0.598515205250534 -0.560865229982732 -0.494069806710709 -0.419732595482393 -0.376922618374323 -0.39128349379887 -0.417291863483116 -0.391632624982822 -0.286674794690421 -0.217523864345039 -0.270186844028818 -0.271540341849265 -0.0788551841246589 0.0698905280090124 -0.0448151103842017 -0.187911944622386 -0.0106968051191602
-1.02472315822317 -0.987806476287941 -0.950889794309536 -0.91397311222598 -0.877056429980345 -0.84013974751622 -0.803223064774215 -0.766306381696144 -0.72938969823162 -0.692473014328433 -0.655556329919275 -0.618639644933065 -0.58172295932664 -0.544806273168528 -0.507889586558494 -0.470972899609588 -0.434056212439887 -0.397139525174306 -0.360222837948085 -0.323306150930949 -0.28638946430124 -0.249472778225579 -0.212556092823696 -0.175639408174781 -0.138722724242756 -0.101806040955291 -0.064889358210332 -0.0279726758905941 0.00894400615240427 0.0458606880749436
-0.990441908112467 -0.955946484212607 -0.921451060473626 -0.886955637071262 -0.85246021402931 -0.817964791298346 -0.783469368688032 -0.74897394598669 -0.714478523038213 -0.679983099715947 -0.645487675955474 -0.610992251707933 -0.576496826944202 -0.542001401714109 -0.507505976076344 -0.473010550046099 -0.438515123618714 -0.404019696753603 -0.369524269398041 -0.335028841486657 -0.300533412950914 -0.266037983747861 -0.231542553936871 -0.197047123602798 -0.162551692830082 -0.128056261688031 -0.0935608301858159 -0.0590653983385815 -0.0245699662454817 0.00992546597332629
-1.0213360367599 -0.986052634597981 -0.950769232620393 -0.915485831038314 -0.880202430156084 -0.844919030259746 -0.809635631468983 -0.774352233865895 -0.739068837548617 -0.703785442605475 -0.668502049069543 -0.633218656960079 -0.597935266258686 -0.562651876796357 -0.527368488395564 -0.492085100995322 -0.456801714552596 -0.421518328979624 -0.386234944168216 -0.3509515599732 -0.315668176240157 -0.280384792844522 -0.245101409781136 -0.209818027038778 -0.17453464446256 -0.139251261885255 -0.103967879233942 -0.0686844964733157 -0.0334011136242459 0.00188226927835642
-0.973056194993663 -0.938774828472706 -0.904493462066178 -0.870212095878484 -0.835930730010853 -0.801649364547245 -0.767367999505709 -0.733086634895513 -0.698805270756718 -0.664523907131663 -0.630242544041013 -0.595961181500015 -0.561679819516078 -0.527398458065256 -0.49311709710496 -0.458835736549381 -0.424554376317316 -0.390273016389214 -0.355991656755974 -0.321710297388653 -0.287428938253346 -0.253147579346254 -0.218866220783999 -0.184584862686718 -0.150303505068187 -0.116022147890919 -0.0817407910187453 -0.0474594343069488 -0.0131780776752964 0.021103278940323
-1.08027091965581 -0.997322986617089 -0.92128218304694 -0.857203664144216 -0.809489286177753 -0.780119639741007 -0.762043551655925 -0.746503281160735 -0.726946580930301 -0.698532160929901 -0.661057066849847 -0.615477928311705 -0.563650064942119 -0.511023556388019 -0.462761930830464 -0.419287750566735 -0.380290328197362 -0.347266943419636 -0.321430406781882 -0.301047685139789 -0.283649284425883 -0.26652717755962 -0.246019205408158 -0.219358598250543 -0.188314276065678 -0.155855193106709 -0.125214751023909 -0.0988413534360102 -0.0757789644384386 -0.0542204382457963
-1.00812619791969 -0.973896720251244 -0.939667242631871 -0.905437765101581 -0.871208287693363 -0.83697881043906 -0.802749333372969 -0.768519856540946 -0.734290380032637 -0.70006090391941 -0.665831428155716 -0.63160195266678 -0.597372477371029 -0.563143002159702 -0.528913526908417 -0.494684051457509 -0.460454575643994 -0.426225099326903 -0.391995622397733 -0.357766144855832 -0.323536666727509 -0.289307188064334 -0.255077709018903 -0.220848229755352 -0.186618750382937 -0.15238927097961 -0.118159791552996 -0.0839303120955143 -0.0497008326090626 -0.0154713530979111
1.00336345073387 0.967929690680621 0.932495930570134 0.897062170302395 0.861628409621948 0.826194648237695 0.790760885871424 0.755327122303487 0.719893357535591 0.684459591628402 0.649025824657057 0.613592056700312 0.578158287847771 0.542724518232422 0.507290748005812 0.471856977350332 0.436423206428261 0.400989435290576 0.365555663936891 0.330121892272677 0.294688120179862 0.259254347554189 0.223820574346631 0.18838680053132 0.152953026119787 0.117519251140674 0.0820854756536815 0.046651699742015 0.0112179235518565 -0.0242158527548678
1.0242142850512 0.986274427555891 0.948337310003576 0.910410153012417 0.872509057964644 0.834656022737651 0.796887750425409 0.759247515964844 0.721790176448122 0.684568875687716 0.647618322222095 0.610968615771229 0.574640830284038 0.538619936625259 0.502879635270149 0.467384648220252 0.432092695187876 0.396942465202095 0.361874818662258 0.32685833213205 0.291868511216237 0.256886090842083 0.221912723226846 0.186951165631274 0.15198767820009 0.117006974367394 0.0820040778408223 0.0469781290483393 0.0119344250256856 -0.0231201980394539
-0.979032393873337 -0.95672083249153 -0.935514156395088 -0.913378095669812 -0.884315564782003 -0.844230049181606 -0.800590133872633 -0.76239868630414 -0.733230604151268 -0.714059285121082 -0.700880096822256 -0.688443899338861 -0.672122758344138 -0.64977356186799 -0.619047852636262 -0.574290969801908 -0.511797934073438 -0.438968695954486 -0.36583544649863 -0.301854409164114 -0.256337815510349 -0.235068491080687 -0.22971163735425 -0.228606244375146 -0.22090408051164 -0.197971758317708 -0.159222488766009 -0.107107988118849 -0.0481873953784511 0.00995329476798327
-0.94954149689108 -0.917033411021769 -0.884525325191342 -0.85201723944162 -0.819509153809446 -0.787001068319254 -0.754492982950791 -0.721984897670223 -0.689476812434056 -0.656968727217712 -0.624460642081926 -0.591952557108759 -0.559444472372229 -0.526936387914163 -0.494428303730265 -0.461920219663922 -0.429412135513772 -0.396904051051785 -0.364395966082846 -0.331887880570186 -0.299379794516626 -0.266871707935684 -0.234363620883685 -0.201855533434351 -0.169347445688203 -0.136839357754915 -0.104331269754 -0.0718231817859094 -0.0393150938650117 -0.00680700598415365
-0.990327366747101 -0.964308242943095 -0.928242955026244 -0.883322150822173 -0.833527331470193 -0.784271167601172 -0.743900154498515 -0.717660550523035 -0.69546384169263 -0.666214155667262 -0.63012095901806 -0.590220053043943 -0.550160869618914 -0.516047362917302 -0.4907504131418 -0.461754082308225 -0.417327685875783 -0.3642683712641 -0.313698008918652 -0.275509529427901 -0.259288628416052 -0.268584884268024 -0.282803406411592 -0.278762780312932 -0.247079964548978 -0.187086247668341 -0.119171864995578 -0.0643829689028188 -0.0253304331765299 -1.63119567617703e-05
