-0.946633219570262 -0.913838752723956 -0.881044285826441 -0.84824981879629 -0.815455351523864 -0.782660883893803 -0.749866415796056 -0.717071947136075 -0.684277477876019 -0.651483007997758 -0.618688537505331 -0.585894066408318 -0.553099594719865 -0.520305122467383 -0.487510649704943 -0.454716176578969 -0.421921703244875 -0.389127229801661 -0.35633275632568 -0.323538282859134 -0.290743809435686 -0.25794933606866 -0.225154862690039 -0.192360389224243 -0.159565915646786 -0.126771441955236 -0.0939769681842876 -0.0611824943719448 -0.0283880205323283 0.00440645332641215
-0.981527709289151 -0.948338106436365 -0.915148503590738 -0.881958900760698 -0.848769297962842 -0.815579695200811 -0.782390092418262 -0.749200489551697 -0.716010886568964 -0.682821283432711 -0.649631680053446 -0.616442076328637 -0.583252472172008 -0.550062867562298 -0.51687326249081 -0.483683656934089 -0.450494050851069 -0.417304444144988 -0.38411483673934 -0.350925228694346 -0.317735620104408 -0.284546011061127 -0.251356401644905 -0.218166791931869 -0.184977181992255 -0.151787571884447 -0.1185979616253 -0.0854083512281847 -0.052218740734043 -0.019029130190713
-1.02552590489113 -0.989191668926419 -0.952857432970491 -0.916523197024481 -0.880188961084516 -0.843854725148406 -0.807520489225719 -0.771186253313048 -0.734852017343343 -0.69851778125153 -0.662183545044076 -0.625849308745336 -0.589515072394044 -0.553180836086461 -0.516846599933927 -0.480512364050576 -0.444178128566403 -0.407843893672041 -0.371509659521658 -0.335175426062937 -0.298841193191935 -0.262506960802257 -0.226172728777687 -0.189838497025792 -0.153504265559113 -0.117170034419033 -0.0808358036573445 -0.0445015732967642 -0.00816734323328355 0.0281668866687865
-0.970236373802374 -0.937077387823901 -0.903918401837957 -0.870759415800125 -0.837600429622439 -0.804441443213872 -0.771282456514685 -0.738123469470262 -0.704964482015163 -0.671805494075043 -0.63864650555075 -0.605487516336932 -0.572328526354604 -0.539169535630252 -0.506010544226719 -0.472851552246806 -0.439692559782966 -0.406533566846286 -0.37337457343925 -0.340215579611285 -0.307056585423553 -0.27389759094822 -0.240738596301474 -0.207579601586986 -0.174420606814353 -0.14126161197698 -0.108102617097586 -0.0749436222058829 -0.0417846273302619 -0.00862563249878066
-0.978574584944997 -0.96040219137633 -0.940797867898131 -0.917322167290033 -0.888085030394941 -0.851620866326577 -0.807612569218656 -0.756615679882414 -0.701527840819178 -0.645937411836981 -0.59385352028058 -0.549390485378916 -0.515628926679271 -0.491514665002303 -0.474584460623497 -0.460873630364278 -0.446528867341095 -0.429643813304552 -0.409070190725661 -0.384745096322915 -0.356876970376678 -0.325576445886177 -0.290562926726095 -0.251745677708375 -0.210184636518556 -0.167152771824292 -0.123624503348104 -0.0802691730915392 -0.036834361117399 0.00716279299620427
-0.980103457380357 -0.947714276461182 -0.915325095407301 -0.882935914064112 -0.850546732267926 -0.818157549867767 -0.785768366772581 -0.753379182929362 -0.720989998377364 -0.688600813185252 -0.656211627447066 -0.623822441263188 -0.591433254731108 -0.559044067936748 -0.52665488096073 -0.494265693874043 -0.461876506760429 -0.42948731976426 -0.397098133007661 -0.364708946463131 -0.332319760065759 -0.299930573758839 -0.26754138751846 -0.235152201322525 -0.202763015123389 -0.170373828868963 -0.137984642514923 -0.105595456035478 -0.073206269471188 -0.0408170828791997
-0.873568107937277 -0.868050660940849 -0.860786933963107 -0.850734754372278 -0.838256560126189 -0.823670219855929 -0.805710714296033 -0.782926416914172 -0.75470216000712 -0.720914685989588 -0.682571918918911 -0.640964578263079 -0.59752703763385 -0.554268287218039 -0.512917166118192 -0.473507292524718 -0.435765564272451 -0.399887218686058 -0.365948081063055 -0.333077989102518 -0.300170283603909 -0.266433485645984 -0.23233683742466 -0.198696774269174 -0.16645778292487 -0.136364328238223 -0.108232736044124 -0.0816327739278641 -0.0560761154879426 -0.0310599108261579
-0.974369262779941 -0.940512156805532 -0.906655050836422 -0.87279794485905 -0.83894083876675 -0.805083732431633 -0.771226625734021 -0.737369518565447 -0.703512410854062 -0.669655302550422 -0.635798193658074 -0.601941084193815 -0.568083974176146 -0.53422686363039 -0.500369752591809 -0.466512641128603 -0.432655529323419 -0.398798417283743 -0.364941305099713 -0.331084192767231 -0.297227080258638 -0.263369967526708 -0.229512854445941 -0.19565574089579 -0.161798626853797 -0.127941512361024 -0.0940843976145077 -0.0602272828176322 -0.0263701680431735 0.00748694666874357
-1.06800110218916 -1.03157526902827 -0.995149435873218 -0.958723602739949 -0.922297769631506 -0.885871936536737 -0.849446103400568 -0.813020270128523 -0.77659443651244 -0.740168602358773 -0.703742767646123 -0.667316932396131 -0.630891096618254 -0.594465260273227 -0.558039423310461 -0.52161358568279 -0.485187747325766 -0.448761908102356 -0.412336067901571 -0.375910226789164 -0.339484384875073 -0.303058542309865 -0.266632699406615 -0.230206856489592 -0.193781013765323 -0.157355171373734 -0.120929329306093 -0.0845034875060325 -0.0480776458752813 -0.0116518043050936
-1.03084007837017 -0.991520996842332 -0.952243290409596 -0.913037266165834 -0.873935065581829 -0.834973242322536 -0.796204164452711 -0.757678237498161 -0.719422202429108 -0.681460430352266 -0.643831477475897 -0.606577446283651 -0.569735194802365 -0.533320603231611 -0.497329583914223 -0.461699155593351 -0.426356876335819 -0.391251355102847 -0.356338260141848 -0.321580445950616 -0.286942563589541 -0.252389670037815 -0.21788844594984 -0.183418278327741 -0.149007755889317 -0.114686034120532 -0.0804353338643266 -0.0462275340622314 -0.0120400806931493 0.0221481885046728
-1.00045198011008 -0.966951473922 -0.933450967842576 -0.899950461979231 -0.866449956358522 -0.83294945099379 -0.799448945926412 -0.765948441185895 -0.732447936726249 -0.698947432502184 -0.665446928546722 -0.631946424912462 -0.598445921670838 -0.564945418968623 -0.531444916948062 -0.497944415657937 -0.464443915116853 -0.430943415316149 -0.397442916253866 -0.363942417982106 -0.330441920566489 -0.296941424058279 -0.263440928451334 -0.229940433696394 -0.196439939629143 -0.162939446074658 -0.129438952930627 -0.0959384601033893 -0.0624379674612565 -0.0289374748630346
-1.03451318786245 -1.00011291232949 -0.965715404753755 -0.931316212814013 -0.896858292007939 -0.862279102334867 -0.82754671398182 -0.792636749995537 -0.757524434673946 -0.722181041238906 -0.686562437356802 -0.650620639305154 -0.61431830800514 -0.577660682952578 -0.540664751523721 -0.503351914041941 -0.465746410955123 -0.427879430262114 -0.389791749067331 -0.351555553346526 -0.31325088129328 -0.274947774928324 -0.236676291580966 -0.198449401449193 -0.160251710897134 -0.122061386945711 -0.0838592030768866 -0.0456313758591161 -0.00738328774579896 0.0308748873384303
-1.0166420603467 -0.981190747021999 -0.945739433547498 -0.91028811981827 -0.874836805822466 -0.839385491572734 -0.803934177086613 -0.76848286237865 -0.733031547446517 -0.697580232291205 -0.662128916943852 -0.626677601443129 -0.591226285832725 -0.555774970176393 -0.520323654534786 -0.4848723389361 -0.449421023416713 -0.413969708078197 -0.378518393023555 -0.343067078296318 -0.307615763925148 -0.272164449910595 -0.236713136140755 -0.201261822502925 -0.165810508993676 -0.130359195633758 -0.0949078824313627 -0.0594565693805125 -0.0240052564311096 0.0114460564779744
-1.17183136561711 -1.01259881541444 -0.887418614501276 -0.832959328020078 -0.824061623157518 -0.823516854100281 -0.807747020990927 -0.763855482466062 -0.708040385182614 -0.659821313151236 -0.622908811777171 -0.597061166814312 -0.579628859472625 -0.558331152786386 -0.525003482818261 -0.49757719592016 -0.491907586530703 -0.489449831146087 -0.467969291745438 -0.424872190182015 -0.362474963277607 -0.289008340847067 -0.236360224677492 -0.226665590602915 -0.219390538672874 -0.174221375847847 -0.114394112516585 -0.0705141693688896 -0.0391149048705072 -0.00821166193116812
-1.0302868093252 -0.993521663859326 -0.956757414799265 -0.919995082337864 -0.883235562118651 -0.846479705742293 -0.809728313187333 -0.772982008978538 -0.736240767447708 -0.699504726602263 -0.662775329345068 -0.626054344802851 -0.589343453634074 -0.552643982624142 -0.5159568969907 -0.479282069553418 -0.442618877331618 -0.4059658065412 -0.369321313022176 -0.332684621914415 -0.296055150682751 -0.25943224608812 -0.22281497207585 -0.186202228874114 -0.149592544658061 -0.112984492846465 -0.076377199885615 -0.0397700431564321 -0.00316285075084361 0.0334444365614715
-0.987571052338434 -0.953720194795043 -0.919869337238973 -0.88601847968981 -0.852167622235269 -0.818316764956807 -0.784465907842709 -0.750615050844668 -0.716764193861178 -0.682913336783656 -0.649062479528405 -0.615211622017953 -0.581360764189155 -0.54750990603619 -0.513659047562555 -0.479808188751699 -0.445957329583719 -0.412106470045345 -0.378255610151257 -0.344404750021279 -0.310553889801524 -0.276703029630141 -0.242852169613419 -0.209001309822788 -0.175150450222095 -0.141299590757047 -0.107448731408384 -0.0735978721666218 -0.0397470130263624 -0.00589615398322871
-0.989075533764437 -0.960084547211341 -0.931036755453772 -0.901869666262186 -0.872518038999899 -0.842917980542879 -0.81301373622484 -0.782732424169713 -0.751924515204554 -0.720449255800609 -0.688277642302779 -0.655408608524373 -0.621856392935331 -0.587696452632102 -0.553001090172285 -0.517768771331575 -0.481993894745759 -0.445728427272904 -0.409023975072772 -0.371873133289642 -0.334253744313922 -0.296125418296619 -0.257374836431134 -0.217900902513182 -0.177724339705317 -0.136924613305485 -0.095694337786331 -0.0542305544940508 -0.0126348630943226 0.029014997167304
-1.0564947218376 -1.01653332055653 -0.97660095643138 -0.936729339671667 -0.896983572196067 -0.857424625958087 -0.818063561341396 -0.778899532885283 -0.739933983321366 -0.701176409231792 -0.662666234408477 -0.624450364445782 -0.586569368857102 -0.549038472831962 -0.511867472714358 -0.47506979379002 -0.438673474027789 -0.402761373187226 -0.367419440923726 -0.332691164685306 -0.29860941636814 -0.265199166432581 -0.23245377959569 -0.200339365515374 -0.168744619356194 -0.137539130776189 -0.106593481900627 -0.0757910315500407 -0.0450652528587812 -0.0143621475396524
-0.987311154750499 -0.984645710791574 -0.977972820762527 -0.991542817684744 -0.982364835408803 -0.908902176393999 -0.802676016705309 -0.70903907002616 -0.655612326908077 -0.654091262583198 -0.67020101413798 -0.658174134122465 -0.59085911233387 -0.515568187558126 -0.481241431804497 -0.468866500986876 -0.450874342261434 -0.433421483848826 -0.424597696492075 -0.406500139959207 -0.354727821274496 -0.261282802800266 -0.183779368251033 -0.171392708461346 -0.173929421393665 -0.13458644201374 -0.0694906461725381 -0.00735155292399417 0.0457206867513262 0.0892657638911985
1.0313186312768 0.99368962174865 0.956060348030413 0.918432575521727 0.88080904312067 0.843193854953858 0.805595602563598 0.768023488572866 0.730484672511596 0.692985302662864 0.655529525415349 0.618120986684133 0.580763969912521 0.543465308656736 0.506230717801816 0.469058887435139 0.431947255167266 0.394895273499148 0.35790243224516 0.320966355582978 0.284084201281104 0.247252189204809 0.210462787606445 0.173707673721381 0.136979112329961 0.100269838710186 0.0635738825856927 0.0268860532440455 -0.00979701621711104 -0.0464782367476133
-1.01173031009518 -0.981086009852867 -0.950483335778178 -0.919950030030165 -0.889401798474457 -0.85873566906557 -0.827885994406998 -0.79679319995111 -0.765384677896794 -0.733593192355916 -0.701386028345732 -0.668739101109848 -0.635622720123554 -0.601984771788883 -0.567774120881494 -0.532965968744787 -0.4975250276548 -0.461347717050364 -0.424333108995598 -0.38645917889297 -0.347723627979538 -0.308163462215927 -0.267972906457021 -0.227373324109177 -0.186537413890366 -0.145604187779641 -0.104626575488773 -0.0636336871494358 -0.0226454368401814 0.0183205603737153
1.01573772429196 0.979778046039502 0.943818367827856 0.907858689637829 0.871899011361557 0.835939332866952 0.7999796540137 0.764019974653956 0.728060294617973 0.692100613779964 0.656140932211877 0.620181250035093 0.584221567388991 0.548261884484934 0.512302201541159 0.476342518731421 0.440382836223343 0.404423154204482 0.368463472843897 0.332503792216697 0.296544112374504 0.260584433359907 0.224624755179346 0.188665077820401 0.152705401231363 0.11674572532897 0.0807860499430294 0.0448263748966631 0.0088667000731745 -0.0270929746290877
-1.11558180677251 -1.04581254852198 -0.975703841981643 -0.906637591454228 -0.841938596759484 -0.784870446752175 -0.736508990910094 -0.697195573351391 -0.666521256132615 -0.643573783588519 -0.626177911228295 -0.611842647354741 -0.597880412583538 -0.580817276781898 -0.557881683035132 -0.529897918049414 -0.4982311269752 -0.462814045119222 -0.423523203837182 -0.381442728524391 -0.337958643086061 -0.294187649859349 -0.250169164909186 -0.205881430473236 -0.16213527975231 -0.119760021575661 -0.0788262763231553 -0.0391026748419059 9.14217026081265e-05 0.0395489695653161
1.04318805354569 1.0068942620554 0.970600470512587 0.934306678849224 0.898012886956606 0.861719094737778 0.825425302183456 0.789131509327598 0.752837716289453 0.716543923167113 0.68025012988875 0.643956336340053 0.607662542394845 0.571368747879471 0.53507495262744 0.498781156548382 0.462487359594785 0.426193561814435 0.389899763277676 0.353605964049761 0.31731216419467 0.281018363800981 0.244724563055647 0.208430762158496 0.172136961262477 0.135843160488471 0.0995493598759781 0.0632555594310008 0.0269617591069283 -0.00933204115600248
-0.969032283747714 -0.938649342785183 -0.907912514303869 -0.873836041362345 -0.835578588012159 -0.79393424759443 -0.75409440961558 -0.721261884668844 -0.696287871529404 -0.677981229014648 -0.661333067928833 -0.640380062072934 -0.609646755142865 -0.5656091704143 -0.507623976738421 -0.444618945688689 -0.387159510083163 -0.342790644996004 -0.315911951472523 -0.30136199218651 -0.291589070218878 -0.28053191511521 -0.268090962279786 -0.25498836326173 -0.239271428330847 -0.218501040161431 -0.190967212325033 -0.155629356610768 -0.11339534678075 -0.0656601720903402
0.987108282731321 0.95343995163128 0.919771620458035 0.886103289132513 0.852434957569181 0.818766625690435 0.785098293456839 0.75142996080901 0.717761627569597 0.684093293559404 0.650424958709804 0.616756622979811 0.583088286362345 0.549419948985942 0.515751610966648 0.48208327223493 0.448414932677326 0.414746592190244 0.381078250690758 0.347409908168728 0.313741564632215 0.280073220111442 0.246404874725301 0.212736528594333 0.179068181757027 0.145399834262068 0.111731486281 0.0780631380021233 0.044394789557935 0.0107264410669788
-0.990041092973542 -0.956228179857014 -0.922380550379383 -0.888550275955209 -0.854714450483041 -0.82082530763118 -0.786810617662953 -0.752568408048739 -0.717902198492115 -0.682643071642387 -0.646826869698587 -0.61054062474718 -0.57389335606596 -0.537082031698052 -0.500303509644914 -0.463666258976004 -0.427287199992527 -0.39140544685466 -0.356306660172684 -0.32234049249831 -0.289872594368608 -0.259198200045678 -0.230330878691742 -0.20316948040664 -0.177435644140547 -0.152793555222637 -0.128854795647723 -0.105268494946493 -0.0818865761275016 -0.0586116605687648
-1.11334176851602 -0.98213896800553 -0.934409435272934 -0.927734722472018 -0.90360339370451 -0.823533669348559 -0.745255382940053 -0.726946447346529 -0.732365479604388 -0.714533010316825 -0.677936520185366 -0.63993022743612 -0.61616405543483 -0.61547074810579 -0.634260063193178 -0.626066993162182 -0.552172000790922 -0.447712195388254 -0.360135266806464 -0.312274580540835 -0.320809920997393 -0.378903057943691 -0.385643702593378 -0.26774485477113 -0.156484727299635 -0.177275359791667 -0.227498886022342 -0.187199115771894 -0.0950964686786885 -0.0295805168456254
-1.00557700510289 -0.970733308297927 -0.935889611498791 -0.90104591475035 -0.866202218160697 -0.831358521838446 -0.796514825831054 -0.761671130192483 -0.726827435063856 -0.69198374058931 -0.657140046837872 -0.622296353859791 -0.587452661683288 -0.552608970248465 -0.517765279476403 -0.482921589300218 -0.448077899637999 -0.413234210335696 -0.378390521239318 -0.343546832267247 -0.308703143355955 -0.273859454482696 -0.239015765787834 -0.204172077434955 -0.169328389517409 -0.134484702082524 -0.0996410150637727 -0.064797328361303 -0.0299536418558187 0.00489004457683721
-0.939691657005373 -0.898927306832482 -0.869224908941453 -0.855096313718845 -0.849812703708541 -0.845262662406766 -0.839045044961803 -0.828240384965088 -0.802145658128627 -0.752322109015251 -0.687171615470508 -0.61930621366063 -0.559341704941282 -0.509908951425871 -0.471222057776049 -0.441813038088707 -0.418917111299522 -0.396264406264076 -0.368287827882509 -0.335736475313268 -0.300938496279384 -0.266454382187575 -0.235773999179317 -0.21101397353386 -0.187868597346775 -0.162533596257324 -0.139632764263197 -0.124475674975953 -0.116686952104175 -0.114469981880705
-1.0218391562453 -1.01291390993831 -0.997719012999909 -0.971408960253461 -0.930804103264811 -0.874934462616469 -0.810002878215091 -0.743741644112986 -0.682828051620924 -0.63217469318594 -0.590690368541665 -0.555782929243378 -0.525344922383748 -0.499207677205002 -0.477186933442897 -0.457097290657751 -0.43643456349073 -0.413420567081807 -0.386809970456058 -0.356762857680142 -0.323790666581114 -0.288076769181701 -0.248492274287329 -0.204402656820676 -0.158463119390757 -0.11336921004166 -0.0686881308714467 -0.0234653350127046 0.0222123743178403 0.0679978563824282
-0.99413285758804 -0.955610220193368 -0.91714298740731 -0.878785621859245 -0.840586865788997 -0.802609955939092 -0.764981827452395 -0.727828758068744 -0.691210697515525 -0.655168512914263 -0.619733068975509 -0.584932729807069 -0.550789870583249 -0.517302910744365 -0.484474079299838 -0.452344799269518 -0.420969221564879 -0.390413214653478 -0.360722382237223 -0.331849551399352 -0.303724355068437 -0.276252814022949 -0.249246500440964 -0.222504529440185 -0.195870636497208 -0.169205403783454 -0.142392179890735 -0.115348938480473 -0.0881093870721349 -0.0607361666496994
0.905562211429605 0.880298009414159 0.855002198659875 0.829651369347473 0.804236675022461 0.778740593112526 0.753096333209281 0.727230589196548 0.701093259963041 0.674641317996955 0.647836825179517 0.620643115740214 0.593022565101324 0.564933713456311 0.536337523524639 0.507208483358604 0.47754376528937 0.447417753430726 0.416924779379666 0.386161752883374 0.355226228226579 0.324196187619226 0.293071324972116 0.261840179633488 0.23052496100047 0.19915468386472 0.167751914547149 0.136335351808619 0.104914672640556 0.0734972985920232
-1.02265152594762 -0.986089078057395 -0.949522776373624 -0.912945671990128 -0.876348337852045 -0.839718737320179 -0.803036873566696 -0.766283741960422 -0.729452266845455 -0.692536084024698 -0.655519746161021 -0.618385535132284 -0.581115566225803 -0.543691288366711 -0.506100085979338 -0.468353751846959 -0.430471758394075 -0.392479888251126 -0.35440451121988 -0.316268035581483 -0.27809187923692 -0.239895507780945 -0.201690577583376 -0.163485730954771 -0.125285363193582 -0.0870913553744137 -0.0488997786885799 -0.0107059970060838 0.0274916452050278 0.0656940583271972
-0.993397244532607 -0.959063722890704 -0.924730752982031 -0.890399005655932 -0.856069007773036 -0.821741211121433 -0.787415911187773 -0.753093498504796 -0.718774900091054 -0.68446106040212 -0.650152457155852 -0.615849451385675 -0.581552257110651 -0.547260500292374 -0.512973775805497 -0.47869214223437 -0.444415764326484 -0.410144767772191 -0.375879102416377 -0.341618053779212 -0.307360741299682 -0.273106310984108 -0.238854015108128 -0.20460314178339 -0.170353016196261 -0.136103025635061 -0.101852768721205 -0.0676019918305535 -0.0333508210236414 0.000900522717825428
-0.98563113657171 -0.954280451499885 -0.922929766347472 -0.891579081036059 -0.860228395385702 -0.82887770922095 -0.797527022485845 -0.7661763351632 -0.734825647271415 -0.703474958835225 -0.672124269869114 -0.640773580385006 -0.609422890420314 -0.578072200114404 -0.546721509593523 -0.515370818829478 -0.484020127746198 -0.452669436230519 -0.421318744160262 -0.389968051414284 -0.358617357871701 -0.327266663423234 -0.295915968006017 -0.264565271594307 -0.233214574264425 -0.201863876125768 -0.170513177317966 -0.139162477996171 -0.107811778347369 -0.0764610785665038
-0.967652612070803 -0.933698465427239 -0.89974431870103 -0.865790171864818 -0.831836024952728 -0.79788187803436 -0.763927731259766 -0.729973584784006 -0.696019438701743 -0.662065293067796 -0.62811114783803 -0.594157002943567 -0.560202858299058 -0.526248713753267 -0.49229456915481 -0.458340424417601 -0.424386279524033 -0.390432134665137 -0.356477990064396 -0.322523845866481 -0.288569702196359 -0.254615559147298 -0.220661416685766 -0.186707274731859 -0.152753133146979 -0.118798991790864 -0.0848448505752828 -0.0508907094321636 -0.0169365683220406 0.0170175727874007
-1.00308580754645 -0.970324043879616 -0.937562280226589 -0.904800516608959 -0.872038753032138 -0.839276989486245 -0.806515225916416 -0.773753462260911 -0.740991698475459 -0.708229934535269 -0.675468170475996 -0.642706406348407 -0.609944642197472 -0.577182878044966 -0.544421113921624 -0.5116593499172 -0.478897586112973 -0.446135822497289 -0.41337405902154 -0.380612295582207 -0.347850532062046 -0.315088768371376 -0.282327004530766 -0.249565240598406 -0.216803476672701 -0.184041712844059 -0.151279949130662 -0.118518185525586 -0.085756421993705 -0.0529946584928381
1.00521863871566 0.969177413571168 0.933136188480034 0.897094963464873 0.861053738610228 0.825012514005119 0.788971289694539 0.752930065745653 0.716888842358334 0.680847619730904 0.644806397922749 0.608765176958524 0.572723956853283 0.536682737583678 0.500641519143593 0.464600301634238 0.428559085172098 0.392517869827399 0.356476655650879 0.320435442661558 0.284394230870525 0.248353020275561 0.212311810821208 0.17627060244567 0.140229395115031 0.104188188755948 0.0681469831095002 0.0321057778952509 -0.00393542706770466 -0.0399766319353896
-0.985512255179001 -0.952546566471417 -0.919580877877757 -0.886615189541093 -0.853649501530836 -0.820683813903058 -0.787718126734141 -0.754752440108273 -0.721786754120562 -0.688821068869507 -0.65585538445625 -0.622889700982597 -0.589924018546098 -0.556958337227296 -0.523992657080836 -0.491026978074794 -0.458061300153626 -0.425095623253881 -0.392129947291385 -0.35916427210698 -0.326198597522761 -0.293232923402368 -0.26026724977561 -0.227301576700012 -0.194335904177782 -0.161370232195366 -0.128404560731471 -0.0954388897396557 -0.0624732190806086 -0.0295075485918011
-1.05720734016798 -1.01863748784372 -0.980067635493423 -0.941497783064988 -0.90292793047739 -0.864358077652313 -0.825788224551257 -0.787218371182448 -0.748648517701218 -0.710078664285439 -0.671508811056033 -0.632938958119687 -0.594369105576853 -0.555799253503042 -0.517229401951881 -0.478659550914382 -0.440089700355771 -0.40151985020075 -0.362950000353451 -0.324380150676262 -0.285810301021136 -0.247240451256167 -0.208670601314017 -0.170100751152673 -0.131530900766857 -0.0929610501684175 -0.0543911994009683 -0.0158213485150797 0.0227485024426165 0.0613183534264731
-1.07155470888044 -1.02564841674176 -0.979630145934608 -0.933452653702429 -0.887177580311208 -0.841063662329273 -0.796049138511768 -0.753164590238606 -0.713130467201951 -0.676215527722195 -0.641191896320386 -0.606457539067737 -0.570523799107089 -0.532355527867798 -0.491381260400725 -0.448430757956233 -0.404576096085686 -0.360457381344948 -0.316696634107925 -0.274275499016216 -0.234265526778338 -0.197670785491548 -0.165225412808054 -0.137317285191024 -0.1132191647925 -0.091898844282707 -0.0722193527157284 -0.0531554119931645 -0.0342332790228323 -0.015117094464103
1.02247990758022 0.987381498906787 0.952283090174548 0.917184681299068 0.882086272096791 0.846987862388437 0.811889452110949 0.776791041230104 0.741692629710797 0.706594217543308 0.671495804820366 0.636397391660309 0.60129897817498 0.566200564450236 0.531102150533526 0.496003736344647 0.460905321798424 0.425806906917454 0.390708491740399 0.355610076262422 0.320511660467814 0.28541324433194 0.250314827794469 0.215216410808838 0.180117993419261 0.145019575701552 0.109921157767155 0.0748227397193385 0.0397243215930375 0.00462590340610331
-0.93695032704417 -0.905311713812831 -0.873723585219942 -0.842287672977735 -0.811144990957756 -0.780395545482032 -0.749936030515213 -0.719618253943119 -0.68931779169365 -0.658922425868153 -0.628344995219685 -0.597504602664234 -0.566301517213437 -0.534560672261532 -0.502099098995251 -0.468777555388699 -0.434480023366202 -0.399139653865588 -0.362729374176403 -0.325332047981545 -0.287058023062254 -0.248036153105935 -0.208469315424664 -0.168543961943394 -0.12830681941391 -0.0877739651782233 -0.0469786041124054 -0.00596497592219575 0.0351956679020607 0.0764253229238673
-0.971769012258781 -0.938423549115941 -0.905078085905441 -0.871732622567231 -0.838387158999984 -0.80504169509002 -0.771696230715511 -0.738350765771882 -0.705005300231727 -0.671659834105098 -0.638314367474694 -0.604968900441382 -0.571623433123429 -0.538277965708724 -0.50493249837897 -0.471587031221526 -0.438241564280884 -0.404896097524407 -0.37155063089597 -0.338205164322606 -0.304859697727138 -0.271514231041179 -0.238168764231502 -0.204823297294523 -0.171477830310073 -0.13813236336574 -0.104786896496722 -0.0714414297168854 -0.038095963007161 -0.00475049634024593
-1.02601791017564 -0.989314854275959 -0.95261179829406 -0.915908742093866 -0.879205685449704 -0.842502628132416 -0.805799569988497 -0.769096510888172 -0.732393450720917 -0.69569038938713 -0.658987326811636 -0.622284262925368 -0.585581197640733 -0.548878130796036 -0.512175062262772 -0.475471992119292 -0.438768920497872 -0.402065847539611 -0.365362773383496 -0.328659698151235 -0.291956621960212 -0.255253544903401 -0.218550466976118 -0.181847388150794 -0.145144308406004 -0.108441227751994 -0.0717381463195754 -0.0350350642778387 0.00166801817157627 0.0383711008188919
-1.00283732915331 -0.966662790166287 -0.930488251200353 -0.894313712292752 -0.858139173521326 -0.82196463497064 -0.785790096711567 -0.749615558797722 -0.713441021227386 -0.677266483994217 -0.641091947128746 -0.604917410670717 -0.568742874669518 -0.532568339213102 -0.496393804380823 -0.460219270179083 -0.42404473659383 -0.387870203602134 -0.351695671156093 -0.31552113911678 -0.279346607322513 -0.243172075600457 -0.206997543733165 -0.170823011525932 -0.134648478919628 -0.0984739459186304 -0.0622994126457878 -0.0261248792352259 0.010049654252286 0.0462241877743178
-0.955249759287698 -0.928416611403304 -0.901499305258289 -0.874369799553577 -0.846923395850404 -0.819067747157449 -0.790736569412843 -0.761851103851308 -0.732256629964473 -0.70179680307976 -0.670384743610848 -0.637950938242982 -0.604430294354263 -0.569775402094211 -0.533972931920047 -0.497128192748363 -0.459383758030534 -0.420912620897687 -0.381878904186379 -0.342380829875132 -0.302500144727959 -0.262291801584397 -0.22170357758608 -0.180654386246134 -0.139054862261554 -0.0968609134407564 -0.054217818853965 -0.0113059902691282 0.0317430010167167 0.0748097938242601
-0.98485822064805 -0.973621451932779 -0.96066839007309 -0.939684222581 -0.908211099075587 -0.866277790048755 -0.820002587376651 -0.775888101231911 -0.735884693588897 -0.700374176360839 -0.668016409414717 -0.637040764605944 -0.605130320161096 -0.567782979791395 -0.521733721270646 -0.470850993138349 -0.420302188948893 -0.373317011550505 -0.332770336632829 -0.302055421957324 -0.284695120803402 -0.281456446182499 -0.282083050034151 -0.273706926358771 -0.244036798472179 -0.186469171878821 -0.116574951522243 -0.051747952420928 0.00550076954600839 0.0563808482842899
-0.976676370054047 -0.943534381480294 -0.910392392867049 -0.877250404128522 -0.844108415155881 -0.810966425852947 -0.777824436197187 -0.744682446196726 -0.711540455908676 -0.678398465410125 -0.645256474809084 -0.612114484221297 -0.578972493741365 -0.545830503379329 -0.512688513120209 -0.479546522933493 -0.446404532784145 -0.413262542634535 -0.380120552460426 -0.346978562293743 -0.313836572180451 -0.280694582164352 -0.247552592280602 -0.214410602557646 -0.181268613005735 -0.148126623616136 -0.11498463432237 -0.0818426450537188 -0.0487006557802383 -0.0155586664821768
0.933208991717512 0.903795602532565 0.874361741080443 0.844888611048475 0.815357380156208 0.785745942570004 0.756019134211294 0.72614668421466 0.696130952812225 0.665970756946803 0.635618109306413 0.605013321515381 0.574100526491122 0.542839142323416 0.511188588201019 0.479093002536204 0.446498313205001 0.41337288671495 0.379702577595155 0.345520753829466 0.310872661765421 0.275797690129306 0.240311797162391 0.204431871587325 0.168201954537273 0.131681124074122 0.0949614535641285 0.058134215172708 0.0212544809575225 -0.0156317270507034
-1.0071328488165 -0.972090939809675 -0.937049030785169 -0.902007121745409 -0.866965212660372 -0.831923303503766 -0.79688139429668 -0.761839485059583 -0.726797575763095 -0.69175566632996 -0.656713756541272 -0.621671846142708 -0.586629934908795 -0.551588022729446 -0.516546109533643 -0.481504195291246 -0.446462279998493 -0.411420363716235 -0.376378446518556 -0.34133652846785 -0.306294609623591 -0.271252690037865 -0.236210769733215 -0.201168848731241 -0.166126927079313 -0.131085004848483 -0.096043082178771 -0.0610011592228867 -0.0259592361153366 0.00908268701392424
-0.990319591945809 -0.957015014614937 -0.923710437238351 -0.890405859837738 -0.857101282474052 -0.823796705221885 -0.790492128171128 -0.757187551399004 -0.723882974916767 -0.690578398697388 -0.657273822626647 -0.623969246568525 -0.59066467038688 -0.55736009394506 -0.52405551710757 -0.490750939744051 -0.45744636175634 -0.424141783169913 -0.390837204059038 -0.357532624569519 -0.324228044865036 -0.29092346509918 -0.25761888538517 -0.224314305819391 -0.191009726471274 -0.157705147370963 -0.124400568418408 -0.0910959895028528 -0.0577914106009103 -0.0244868317110344
-1.0296599222088 -0.994515967242642 -0.959372012379326 -0.924228057734347 -0.889084103437081 -0.853940149593431 -0.818796196201529 -0.783652243242036 -0.748508290733493 -0.713364338725602 -0.67822038735482 -0.643076436779296 -0.607932487123509 -0.57278853837728 -0.537644590480204 -0.502500643305645 -0.467356696727384 -0.432212750687108 -0.397068805136489 -0.361924859999234 -0.326780915192056 -0.291636970650398 -0.25649302638461 -0.221349082420983 -0.186205138774649 -0.151061195434555 -0.115917252296081 -0.0807733092425295 -0.0456293662024914 -0.0104854231158772
-1.00189899519126 -0.966338763346603 -0.930778531537342 -0.895218299754777 -0.859658068000678 -0.824097836281443 -0.788537604611513 -0.752977373021844 -0.717417141601435 -0.681856910431931 -0.646296679507528 -0.610736448800559 -0.575176218269892 -0.539615987820538 -0.504055757331719 -0.46849552663337 -0.432935295557627 -0.397375063994728 -0.361814831890151 -0.326254599352253 -0.290694366530107 -0.255134133579154 -0.219573900680301 -0.184013668012742 -0.148453435723377 -0.112893203923968 -0.0773329726180331 -0.0417727417594739 -0.00621251121199024 0.0293477191832698
-1.05242056824933 -1.01384604662806 -0.975271524883703 -0.936697002852093 -0.898122480384237 -0.859547957354556 -0.820973433715964 -0.782398909452873 -0.743824384597189 -0.70524985919647 -0.666675333313379 -0.628100807014354 -0.589526280358248 -0.550951753373573 -0.512377226090783 -0.473802698578419 -0.435228170903763 -0.396653643090946 -0.358079115158322 -0.319504587144283 -0.280930059092226 -0.242355531055684 -0.203781003128716 -0.16520647540189 -0.126631947911282 -0.0880574206536186 -0.0494828935227402 -0.0109083664064893 0.0276661607283908 0.0662406878954316
-0.956729369516354 -0.92742141555174 -0.898076610065559 -0.868636326730021 -0.839038115244378 -0.809217641094669 -0.779106856887041 -0.748645075440553 -0.717804763305791 -0.68656552562773 -0.654902368197365 -0.6227891469672 -0.590208823933426 -0.557180785266995 -0.52374065644211 -0.48995259597122 -0.45588347652187 -0.421582494343738 -0.387094595427382 -0.35246540114473 -0.317740701713058 -0.282955154467411 -0.248098885213935 -0.213159504665507 -0.178159094690834 -0.143117118553859 -0.108008093943625 -0.0728065025997876 -0.0375316280393401 -0.00221395422361244
-1.04494620215842 -1.00880589390879 -0.972665585636157 -0.936525277291405 -0.900384968797194 -0.864244660116159 -0.828104351399108 -0.791964042831211 -0.755823734546934 -0.719683426635285 -0.683543119054164 -0.64740281172869 -0.611262504586794 -0.575122197567638 -0.538981890625375 -0.502841583762897 -0.466701277002484 -0.430560970395236 -0.394420663988627 -0.358280357786807 -0.32214005178309 -0.285999745973932 -0.249859440368345 -0.213719134975461 -0.177578829792335 -0.141438524794575 -0.105298219884083 -0.0691579149632573 -0.0330176100101995 0.00312269497806472
-1.01536650312588 -0.981024529575606 -0.946682556035027 -0.912340582476585 -0.877998608895646 -0.843656635286732 -0.809314661618064 -0.774972687834235 -0.740630713811625 -0.706288739389913 -0.671946764330201 -0.637604788373947 -0.603262811318055 -0.568920833181225 -0.534578854037346 -0.500236873959286 -0.465894893025946 -0.431552911341392 -0.397210929005487 -0.362868946076116 -0.328526962600668 -0.294184978603196 -0.259842994014395 -0.225501008755834 -0.191159022805939 -0.156817036183262 -0.122475049010012 -0.0881330614353656 -0.0537910736126862 -0.0194490856963861
1.05916827354001 1.01729332933935 0.975481471025737 0.933826833331268 0.892485906262383 0.851625465878282 0.811391077174875 0.771897689627122 0.733159001689477 0.695147710304401 0.657773757386881 0.620931396095038 0.584532118819895 0.548556374884078 0.512999044660819 0.477843775794155 0.443066420956949 0.408622885666573 0.374461125783039 0.34051724569243 0.306724386912343 0.273018756683478 0.239348825138918 0.205677834471213 0.172015852218369 0.138385889218983 0.104815904168539 0.071326455476611 0.0379035525522394 0.00452456755432971
-1.04561109438324 -0.960153342086318 -0.889761520936291 -0.847478723892353 -0.8185105359397 -0.788186320003544 -0.770168058743153 -0.776789861805145 -0.786741727051478 -0.77546583278432 -0.739057190851353 -0.678774021486635 -0.601238087170568 -0.534525319368923 -0.503039763011826 -0.495043747901444 -0.491157911332183 -0.477577835695368 -0.444744785035848 -0.394507804915652 -0.331567886276103 -0.262923004534928 -0.20475907301546 -0.16890918615636 -0.14060722495198 -0.104011614123743 -0.0655781667456675 -0.0361700534939531 -0.0219824871009183 -0.0280436908129126
-1.01320833401934 -0.979254472279087 -0.94530061052551 -0.911346748737547 -0.877392886861002 -0.843439024840774 -0.809485162651312 -0.775531300297307 -0.74157743787488 -0.707623575498988 -0.673669713268483 -0.639715851278193 -0.605761989615396 -0.571808128337174 -0.537854267471225 -0.503900406957905 -0.469946546702539 -0.435992686557671 -0.402038826366798 -0.368084965990028 -0.334131105291615 -0.300177244166629 -0.266223382633387 -0.232269520724345 -0.198315658405253 -0.1643617956619 -0.130407932626934 -0.0964540694477783 -0.062500206184091 -0.0285463428735912
-1.02017536475536 -0.984845055231041 -0.949514745687845 -0.914184436129959 -0.878854126533122 -0.843523816893266 -0.808193507315547 -0.772863197943799 -0.737532888967353 -0.702202580580927 -0.666872272955287 -0.631541966255213 -0.596211660628916 -0.560881356158334 -0.525551052861914 -0.490220750570404 -0.454890449082248 -0.419560148254371 -0.384229847979739 -0.348899548237028 -0.313569249026339 -0.278238950326277 -0.242908652029453 -0.207578354007205 -0.172248056131767 -0.136917758292541 -0.10158746044672 -0.0662571625739247 -0.0309268646756921 0.00440343324095966
-0.968130653727395 -0.940880664161753 -0.913712046620448 -0.886598467448059 -0.859332652491798 -0.831673583101733 -0.803426203136748 -0.77445227748176 -0.744794892617012 -0.714533056407024 -0.6837081406581 -0.65235210816199 -0.620483700206112 -0.588068772060556 -0.555080590147543 -0.52157495151516 -0.487579913152029 -0.452930041183042 -0.417431790539554 -0.380972662242494 -0.343460418835183 -0.304815191964205 -0.265006589689186 -0.224054706428281 -0.182132105620729 -0.139452931257623 -0.0962451805163934 -0.0527210149654654 -0.00901540055089184 0.0347559956868664
-1.03264814719037 -0.997706030321038 -0.962134992440631 -0.92521188188018 -0.88663950496681 -0.84628139151641 -0.804218007303837 -0.760722535679844 -0.716622094339801 -0.672958475297238 -0.631078233493707 -0.592404114602764 -0.558001776782899 -0.527508528132332 -0.500213217698072 -0.475439208382538 -0.452475234335725 -0.430437000842508 -0.408321280708349 -0.384822145686164 -0.358557992265733 -0.328324632569676 -0.293627541251958 -0.2543242977165 -0.210971237835684 -0.164366249498229 -0.11557467218976 -0.0656031727678939 -0.0149562759813279 0.0359870289484717
-0.999489663173277 -0.969265793442911 -0.938999073031587 -0.908643516850408 -0.878126393220977 -0.847341608329225 -0.816076366407877 -0.784116075982847 -0.751345664706002 -0.717705984165271 -0.683262062566866 -0.648109972271573 -0.61235059783685 -0.576104072606841 -0.539482475052239 -0.502546415363245 -0.465347845118182 -0.427955549728369 -0.390436079290324 -0.352830208808384 -0.315172269513841 -0.277472620966523 -0.239645736040409 -0.201603394634129 -0.163342491430756 -0.12488499197287 -0.086268030456612 -0.047532216311584 -0.00871689124765794 0.0301389199552264
-1.01430186660698 -0.977030275866743 -0.939767379205381 -0.902521337739593 -0.865307791716347 -0.82814362378856 -0.791043207102679 -0.754020780021358 -0.71709255127855 -0.680273356036534 -0.643570564799577 -0.606989681907446 -0.570532947188325 -0.53418954242407 -0.497948693716829 -0.461812862496249 -0.42578836040691 -0.389883664625636 -0.354104308910544 -0.318441887812697 -0.282884511081395 -0.247417846020081 -0.212017790148769 -0.176660625154241 -0.141333939173762 -0.106028092575463 -0.0707332282004448 -0.035440958961155 -0.000148995582458779 0.035143426757674
-1.01001883320099 -0.976299688666257 -0.942580544162924 -0.908861399688045 -0.875142255227762 -0.841423110764173 -0.807703966274119 -0.773984821758386 -0.740265677318792 -0.706546533063296 -0.67282738902341 -0.639108245211533 -0.605389101620258 -0.571669958162957 -0.537950814743086 -0.504231671303658 -0.470512527810649 -0.436793384282339 -0.40307424075751 -0.36935509730465 -0.335635953999671 -0.301916810893962 -0.2681976679408 -0.234478525077928 -0.200759382279044 -0.167040239518091 -0.133321096734025 -0.099601953875052 -0.0658828109613791 -0.0321636680312113
1.0022021117303 0.966663292473533 0.93112447331325 0.89558565430607 0.860046835486863 0.824508016880832 0.788969198496266 0.75343038034689 0.7178915624851 0.682352744957385 0.646813927747937 0.61127511082537 0.575736294174285 0.540197477843219 0.504658661847385 0.46911984600476 0.43358103009402 0.398042213933886 0.362503397390443 0.326964580479206 0.291425763253048 0.255886945783816 0.220348128219246 0.184809310711179 0.149270493351981 0.113731676191354 0.0781928591678095 0.0426540422029491 0.00711522526190503 -0.0284235916793068
-0.953617019527508 -0.921422663785289 -0.889228308052563 -0.857033952333754 -0.824839596575527 -0.792645240708776 -0.760450884659076 -0.728256528370736 -0.696062171868325 -0.663867815206501 -0.631673458480014 -0.599479101793639 -0.567284745251317 -0.535090388953641 -0.502896032991013 -0.470701677416385 -0.438507322238237 -0.406312967324587 -0.374118612508379 -0.341924257622715 -0.309729902500739 -0.277535546983735 -0.245341190945564 -0.21314683428425 -0.180952476961913 -0.148758118997434 -0.116563760572647 -0.0843694018901208 -0.0521750430724133 -0.0199806842220779
-1.0747603419269 -1.00490404675138 -0.940828941397446 -0.935002292601166 -0.955384349424291 -0.953042699253764 -0.895981300451617 -0.77745585251827 -0.674792648532615 -0.656701948847111 -0.673359289330032 -0.645306524728602 -0.53010919770825 -0.433427602607213 -0.449924483723143 -0.482177633518524 -0.427548155247222 -0.354615347163799 -0.346984840825817 -0.377149406002162 -0.389823597014549 -0.34434411673674 -0.258536262250697 -0.166539571387062 -0.109261950763008 -0.109854571687776 -0.11367329545236 -0.0665474156862068 0.00600473460916947 0.0585425625892386
-0.999287940697331 -0.965311744806544 -0.931335548901254 -0.89735935298721 -0.863383156943524 -0.829406960645081 -0.795430764076493 -0.761454567261209 -0.72747837026827 -0.693502173173669 -0.659525976035597 -0.625549778907794 -0.59157358185186 -0.557597384960834 -0.523621188357868 -0.489644992255123 -0.455668796865314 -0.421692602314351 -0.387716408681653 -0.353740215947465 -0.319764024067242 -0.285787832985562 -0.251811642603503 -0.21783545277811 -0.183859263233803 -0.149883073702302 -0.115906884077144 -0.081930694310662 -0.0479545044285273 -0.0139783144747481
0.992165499327422 0.960831038095716 0.929497758314818 0.898186792523792 0.866891922795017 0.83558775198492 0.804199516552808 0.772648010215472 0.740885622116772 0.708863340210381 0.676494952262181 0.6436849459911 0.610346691967546 0.576429092167843 0.541900245698414 0.50676950878016 0.471062399652045 0.434827827510774 0.398119340076126 0.360985648202446 0.323474253527715 0.28564936402323 0.247642012993548 0.209586382970568 0.171562428062319 0.133626631986296 0.0957958253217451 0.058068091654444 0.0204061797345393 -0.0172359953967293
-0.977649832125234 -0.945676933905622 -0.913704035706461 -0.881731137540986 -0.849758239417126 -0.817785341334496 -0.785812443264743 -0.753839545167314 -0.721866646980814 -0.689893748637795 -0.657920850067428 -0.625947951198039 -0.593975051974165 -0.562002152405175 -0.530029252524417 -0.498056352396314 -0.466083452096098 -0.434110551711136 -0.402137651326416 -0.370164751005265 -0.338191850805592 -0.306218950781218 -0.2742460509696 -0.24227315139544 -0.210300252048786 -0.178327352899374 -0.146354453870345 -0.114381554884407 -0.0824086559091069 -0.0504357569232016
-0.993721825006666 -0.960303746579139 -0.926885668132437 -0.893467589619351 -0.86004951101095 -0.826631432289512 -0.793213353463868 -0.759795274548763 -0.726377195556045 -0.692959116533169 -0.659541037672886 -0.626122959204274 -0.592704881334588 -0.559286804183801 -0.52586872785918 -0.492450652504461 -0.459032578239873 -0.425614505055168 -0.392196432900458 -0.358778361697778 -0.325360291362146 -0.291942221808085 -0.258524152948156 -0.225106084701836 -0.191688017018258 -0.158269949849255 -0.124851883127832 -0.0914338167760653 -0.058015750691154 -0.0245976847640768
-0.970497555758634 -0.940747825600181 -0.910967158182827 -0.881167511423245 -0.851430116144036 -0.821828109159257 -0.792332978342865 -0.762872763486707 -0.733303360994271 -0.703468807239604 -0.673237841867339 -0.642485380339756 -0.611105322527215 -0.579067505932394 -0.546365895871507 -0.513015031282581 -0.479026851570421 -0.444382324385118 -0.409055048176947 -0.373020116351628 -0.33625299605374 -0.298752045203351 -0.260607184822471 -0.221943154206972 -0.18293240264622 -0.143738606191921 -0.104442637951624 -0.0650990459249092 -0.0257398806236266 0.0136084318123062
-0.886904488749075 -0.968659406794284 -1.00352224379803 -0.94886816108875 -0.849273931490903 -0.763238943964282 -0.71775144051399 -0.719778665234612 -0.727715017533351 -0.700043995855221 -0.644178339483861 -0.579763097912564 -0.528718102608463 -0.522062312934039 -0.57044838852977 -0.593964662252764 -0.521343232993073 -0.406455590555865 -0.319173428932704 -0.268229867945601 -0.247073383874181 -0.247143231003539 -0.251841775640665 -0.243250435120484 -0.206203718867757 -0.135713902707202 -0.064751235973515 -0.0240606842392347 0.00247189548172853 0.0426754233151205
1.06551380533832 1.02119117521066 0.977096330999687 0.93346625931175 0.890475138331114 0.848255924829489 0.806839498350462 0.766225882906232 0.726393757611564 0.687306443183574 0.648887171646224 0.611049152850185 0.573722997240116 0.536908917636618 0.500611812194074 0.464785718026056 0.429353832864268 0.394166857953766 0.359094457739292 0.324154645950987 0.289402523640346 0.254884332281699 0.220610875040729 0.186567333912957 0.152671844521914 0.118836567782317 0.0850168121456096 0.0511845655181967 0.0173353860895934 -0.0165292753799073
-1.02439221541102 -0.98837777746516 -0.95236333944015 -0.916348901260879 -0.880334462870361 -0.844320024226196 -0.808305585326191 -0.772291146158895 -0.736276706635612 -0.700262266658616 -0.664247826171318 -0.62823338512741 -0.592218943514804 -0.556204501458291 -0.520190059097835 -0.484175616497217 -0.448161173685493 -0.412146730629002 -0.376132287283241 -0.34011784362304 -0.304103399628065 -0.268088955272661 -0.232074510509892 -0.196060065309744 -0.16004561973119 -0.124031173854495 -0.0880167277561266 -0.052002281508099 -0.0159878351684179 0.020026611208413
-1.01027748234216 -0.975674149170808 -0.941070816028874 -0.90646748294761 -0.87186414992261 -0.837260816966354 -0.802657484194528 -0.768054151757434 -0.733450819840658 -0.698847488601242 -0.664244158046792 -0.629640828147554 -0.595037498862929 -0.560434170108937 -0.52583084178884 -0.491227513798241 -0.456624186048231 -0.4220208585195 -0.387417531195679 -0.352814204002584 -0.318210876851576 -0.283607549691445 -0.249004222620683 -0.214400895761845 -0.17979756918401 -0.145194242933594 -0.110590917019849 -0.0759875914225419 -0.0413842660406667 -0.00678094075302308
-0.991339473195616 -0.959215921743983 -0.927092370363496 -0.894968819106678 -0.862845267952182 -0.830721716852495 -0.798598165729307 -0.766474614503063 -0.734351063120015 -0.702227511537695 -0.670103959732943 -0.637980407687426 -0.605856855391182 -0.573733302867744 -0.541609750154671 -0.509486197312135 -0.477362644383398 -0.44523909132147 -0.413115538061039 -0.380991984553745 -0.34886843075547 -0.316744876635215 -0.284621322214468 -0.252497767537819 -0.220374212689801 -0.188250657755218 -0.15612710278001 -0.124003547792648 -0.0918799927905862 -0.0597564377635252
-0.990350626117878 -0.95625208529419 -0.922153544418209 -0.888055003402164 -0.853956462097201 -0.819857920360441 -0.785759378133987 -0.751660835408428 -0.717562292283308 -0.683463748882224 -0.649365205316011 -0.615266661692311 -0.581168118103584 -0.54706957458154 -0.512971031127714 -0.478872487683682 -0.444773944178945 -0.41067540055467 -0.376576856771939 -0.342478312859829 -0.308379768864418 -0.27428122481488 -0.240182680672779 -0.206084136388323 -0.171985591933902 -0.13788704730569 -0.103788502572806 -0.0696899578142533 -0.0355914130756274 -0.00149286839417236
-0.971360667551029 -0.93964411129447 -0.907927555065134 -0.876210998895715 -0.844494442863434 -0.812777887036985 -0.781061331406421 -0.749344775955137 -0.717628220718538 -0.685911665748285 -0.654195111109064 -0.622478556868814 -0.590762003076695 -0.559045449706748 -0.527328896740683 -0.495612344265993 -0.46389579239269 -0.43217924121506 -0.400462690826603 -0.368746141333394 -0.337029592844649 -0.305313045445686 -0.27359649912623 -0.241879953821435 -0.210163409343785 -0.1784468654896 -0.146730322113226 -0.115013779083793 -0.0832972362715382 -0.051580693546975
0.931168353209985 0.937437316889598 0.938285865230755 0.929417587692675 0.90900436931192 0.876569830822232 0.834576240168735 0.785966618184451 0.732668350042616 0.67668186916549 0.621315437631207 0.570204274681869 0.526836574820342 0.494112433592558 0.473148588566551 0.458516444355717 0.443476803303177 0.422593391625617 0.392403584123227 0.356036426056667 0.318268880301717 0.282869549322689 0.249573593938024 0.216577040457069 0.179952818798661 0.135868102410502 0.0829901352462696 0.021160678217277 -0.0475805104406064 -0.120644173160372
-1.00020726097176 -0.966316008886131 -0.932424756901409 -0.898533505116333 -0.864642253534939 -0.830751002144142 -0.796859750957098 -0.762968499987719 -0.729077249226694 -0.695185998656731 -0.661294748251836 -0.627403497983836 -0.593512247839091 -0.559620997862087 -0.525729748079673 -0.491838498390017 -0.457947248662166 -0.424055998777352 -0.390164748642342 -0.356273498253846 -0.322382247631061 -0.288490996793855 -0.254599745764769 -0.220708494570384 -0.186817243250771 -0.152925991844609 -0.119034740371544 -0.0851434888484532 -0.0512522373001737 -0.0173609857535323
-1.01949824622348 -0.982714786416931 -0.945931326619562 -0.909147866846941 -0.872364407117726 -0.835580947447611 -0.798797487837362 -0.762014028265017 -0.725230568632612 -0.688447108836756 -0.65166364882833 -0.614880188571785 -0.578096728024568 -0.541313267116119 -0.504529805790164 -0.467746344075573 -0.430962882028926 -0.394179419732494 -0.357395957251031 -0.320612494553536 -0.283829031585064 -0.247045568300122 -0.21026210469101 -0.173478640763956 -0.136695176543113 -0.0999117120628433 -0.0631282473804317 -0.0263447825563423 0.0104386823591671 0.04722214731839
-1.03281711275673 -0.993682535857279 -0.954569797388822 -0.915456726320907 -0.876273981770958 -0.83697091545181 -0.797618819310039 -0.758309776957173 -0.719097098430807 -0.680032138126728 -0.64119720144743 -0.602682331547086 -0.564591118592326 -0.527081340799624 -0.49031959077199 -0.454453530608746 -0.419599376242769 -0.385766489444845 -0.352916907153775 -0.320930221142538 -0.289665411892653 -0.259003077203224 -0.228910284143693 -0.199370779256694 -0.170348557707316 -0.141818441652055 -0.113818312590573 -0.0863575535756413 -0.0592684945292913 -0.0323392020908675
-0.951368514899847 -0.919382707589887 -0.887396900243168 -0.855411092864472 -0.823425285442518 -0.791439477973034 -0.759453670495863 -0.727467863056577 -0.695482055679529 -0.663496248363814 -0.63151044102868 -0.599524633573418 -0.567538825900392 -0.535553017924264 -0.503567209563084 -0.471581400736142 -0.439595591391892 -0.407609781594203 -0.375623971432169 -0.343638160980378 -0.311652350309789 -0.279666539490594 -0.247680728589915 -0.215694917646096 -0.183709106585449 -0.151723295316272 -0.119737483786848 -0.0877516719803888 -0.0557658599798619 -0.0237800478931707
-1.02963333045218 -0.993006199217744 -0.956379067950507 -0.919751936575329 -0.883124804990659 -0.846497673113908 -0.809870540964755 -0.773243408599132 -0.736616276115717 -0.699989143595311 -0.663362011004469 -0.626734878281185 -0.590107745366611 -0.553480612214536 -0.516853478790676 -0.480226345095811 -0.44359921114233 -0.40697207695399 -0.370344942543825 -0.333717807870617 -0.29709067287958 -0.26046353751483 -0.223836401716071 -0.187209265433983 -0.15058212866755 -0.113954991444077 -0.0773278538558323 -0.0407007160093268 -0.00407357800306697 0.0325535600664411
-1.03699746903959 -0.978038281764805 -0.923647305360778 -0.879233368177984 -0.841526596048378 -0.806012305563734 -0.771875278873637 -0.739264460751151 -0.708485980905428 -0.67974783318432 -0.652708283054375 -0.626888163886813 -0.602569432953848 -0.583078543131657 -0.571522522723078 -0.567086206133623 -0.565851038230362 -0.555407099623932 -0.524864986549827 -0.477908721999411 -0.421865685653015 -0.362936070473254 -0.302811322551888 -0.242472852540182 -0.184570676198285 -0.132664685333457 -0.0922856708325214 -0.0677223031882925 -0.0563238722379749 -0.0537048226548711
-0.956560393406061 -0.925434138363935 -0.894308447879792 -0.863189754565636 -0.832091336795193 -0.801024421811509 -0.769985186573193 -0.738961580009284 -0.707923689215006 -0.67683308438441 -0.645635129940682 -0.614271138864298 -0.582682941290576 -0.550814435974232 -0.518625462184781 -0.486137552631551 -0.453385943935783 -0.420398994926569 -0.387202420290654 -0.353818235937569 -0.320267533082536 -0.286568470895344 -0.25272748036403 -0.218753824563324 -0.18467982309647 -0.150543575559815 -0.116383244993596 -0.082229913013092 -0.0480862720898585 -0.0139479174095192
-0.946966298259974 -0.915134562681518 -0.883302827043396 -0.851471091310352 -0.819639355505649 -0.787807619675361 -0.755975883898285 -0.724144148267291 -0.692312412898824 -0.660480677902705 -0.628648943338668 -0.596817209253923 -0.564985475685154 -0.533153742626939 -0.501322010045146 -0.46949027783292 -0.437658545892548 -0.405826814235601 -0.373995082894665 -0.342163351877096 -0.31033162118394 -0.27849989082729 -0.246668160863423 -0.214836431346109 -0.1830047022749 -0.151172973614313 -0.119341245242932 -0.0875095170332468 -0.0556777889192914 -0.0238460608504875
-0.987607845387082 -0.949502743100033 -0.915557036879121 -0.900666082204425 -0.877278655455926 -0.818009489714089 -0.73858372396141 -0.662829991911267 -0.603880500298529 -0.569686973601584 -0.558175634251402 -0.564766329167101 -0.578431714210596 -0.562355681015008 -0.493255396868802 -0.427769895910629 -0.418607135491848 -0.422828898964454 -0.391092422524031 -0.344082927739868 -0.319992632524677 -0.336493425413997 -0.329175877434668 -0.241404571756518 -0.129721457630043 -0.0670790967689807 -0.0788951346593629 -0.152683176860736 -0.171875585454399 0.00611558834790894
-1.01243917019939 -0.978244675918115 -0.944050181674806 -0.90985568746402 -0.87566119325728 -0.841466699008222 -0.807272204621968 -0.773077710004057 -0.738883215110208 -0.704688719907967 -0.670494224362 -0.636299728436254 -0.602105232069582 -0.567910735100466 -0.533716237372024 -0.49952173884628 -0.465327239526492 -0.431132739461924 -0.39693823871735 -0.362743737373564 -0.328549235515365 -0.294354733248383 -0.260160230761564 -0.2259657282337 -0.191771225719648 -0.157576723236855 -0.123382220777066 -0.08918771832602 -0.0549932158711347 -0.0207987134002484
-1.0815779777208 -1.03747004778693 -0.993253573858279 -0.949004324129465 -0.905142629325231 -0.862115098879613 -0.820128894533689 -0.77925000340163 -0.739219161782939 -0.699689988700773 -0.660292884887569 -0.620652446503085 -0.580432867994966 -0.539456736962406 -0.497729332416286 -0.455828305862675 -0.414456368973789 -0.374244101591251 -0.335809039016177 -0.299788670218259 -0.266825472584333 -0.237397212016341 -0.211322808476646 -0.188233378939451 -0.167667674365892 -0.149033061504861 -0.13130373626934 -0.113513660336041 -0.095369029272478 -0.0767440971188671
1.0124170127672 0.977308832583196 0.942200652386746 0.907092472162088 0.871984291912148 0.836876111654459 0.801767931446279 0.76665975134292 0.731551571352186 0.696443391460491 0.661335211616194 0.626227031758143 0.591118851808554 0.556010671623116 0.520902491046319 0.485794309944388 0.450686128199707 0.415577945737575 0.380469762517141 0.345361578590049 0.310253394031065 0.275145208891029 0.24003702312507 0.204928836692869 0.169820649668031 0.134712462155971 0.0996042742754239 0.0644960861460395 0.0293878978777872 -0.00572029042178258
1.01590964093742 0.980252948404424 0.944596255945956 0.908939563670689 0.873282871707939 0.837626180185019 0.801969489200585 0.766312798819477 0.730656108999933 0.694999419647774 0.659342730565761 0.623686041530891 0.588029352340014 0.5523726628694 0.516715973012386 0.481059282651167 0.445402591688702 0.409745900122151 0.374089207965335 0.338432515204504 0.30277582181902 0.267119127798787 0.231462433175885 0.195805738002239 0.160149042366986 0.124492346379345 0.0888356501916739 0.0531789539458917 0.0175222576990286 -0.0181344385131076
-0.967541319784641 -0.93583559859839 -0.904129877284916 -0.87242415575971 -0.840718434056975 -0.809012712217042 -0.777306990186024 -0.745601267892964 -0.713895545292844 -0.682189822345908 -0.650484099007513 -0.618778375231791 -0.587072650990819 -0.555366926328432 -0.523661201305467 -0.491955475979001 -0.460249750374313 -0.428544024393233 -0.396838297929656 -0.365132570969165 -0.333426843520267 -0.301721115609084 -0.270015387332191 -0.238309658784915 -0.206603929987118 -0.174898200946997 -0.143192471701538 -0.111486742295495 -0.079781012775904 -0.0480752831903704
-1.09286597601475 -1.03994214878332 -0.986712082241103 -0.934102686321826 -0.885807395184168 -0.845198416221841 -0.81159652554371 -0.783236442655776 -0.758060091937462 -0.734147146320193 -0.710421068069992 -0.686016266786533 -0.659691053868815 -0.628699347913134 -0.59056705812849 -0.545412448977405 -0.494386840313533 -0.440181418301535 -0.3856373269457 -0.332655675297825 -0.28290256367158 -0.238101084112772 -0.20020229559574 -0.170766338550581 -0.149561712301905 -0.135261953265956 -0.123952387331021 -0.111865926779392 -0.0984140399973542 -0.0838028343971887
-0.953084706358692 -0.920140207671717 -0.88643934776904 -0.852394310349472 -0.82160420077687 -0.797057303809229 -0.776111700116082 -0.755190544565908 -0.732607492911442 -0.70734834209197 -0.679196952908727 -0.648136702128438 -0.61352110250167 -0.57218421071437 -0.52151902745793 -0.463673785510151 -0.402727296026949 -0.345725451590275 -0.298993618429746 -0.263007975939598 -0.23678240680522 -0.218719811250476 -0.204779159653114 -0.190433732880899 -0.17165798360775 -0.145525094175908 -0.113001993794727 -0.0758878204317459 -0.035416800220098 0.00731806866568232
