-1.01068047694138 -0.971869943992309 -0.933170420302286 -0.894695523546381 -0.856511347952895 -0.81866525103115 -0.781177166861321 -0.744053916663397 -0.707277293645787 -0.670834408379477 -0.63475866889737 -0.599095057597843 -0.56388285115237 -0.529138503324802 -0.494866522427267 -0.461046457872626 -0.4276511311456 -0.394651410917637 -0.362023036379459 -0.329763181612145 -0.297874379419365 -0.266346832932547 -0.235121426594162 -0.204132272906506 -0.173335715300147 -0.142695919991823 -0.112186113414689 -0.0817771634106371 -0.0514214432400905 -0.0210667025181046
-1.02888777813192 -0.993015728377545 -0.957143678554903 -0.921271628621978 -0.885399578583607 -0.849527528478557 -0.813655478434437 -0.777783428573266 -0.741911378905849 -0.706039329410188 -0.670167280044288 -0.634295230761152 -0.598423181532561 -0.56255113240539 -0.526679083445384 -0.490807034718643 -0.454934986288311 -0.419062938205327 -0.383190890501012 -0.347318843140402 -0.311446796071967 -0.275574749238629 -0.239702702561129 -0.203830655960658 -0.167958609382383 -0.132086562777588 -0.0962145160980349 -0.0603424693111123 -0.0244704224462389 0.0114016244516596
-0.970908110028126 -0.938072584291642 -0.905242169017239 -0.872422977340962 -0.839624480878722 -0.806856852070125 -0.774129708169676 -0.741452405079916 -0.708833808480629 -0.676283116443199 -0.643811346828179 -0.611429972443415 -0.579148916729824 -0.546971905660625 -0.514899222888591 -0.482923580252436 -0.451035958752414 -0.419227987849011 -0.387492133255344 -0.35582355723482 -0.324218096188421 -0.29267092415454 -0.261174565721222 -0.229720788159449 -0.198300978922313 -0.166907894011358 -0.135540143439849 -0.104196591592383 -0.0728712663271552 -0.0415569863707654
-1.00095356593264 -0.965515046698672 -0.930076527439946 -0.894638008121729 -0.859199488753779 -0.823760969367997 -0.788322450040379 -0.752883930847143 -0.717445411821307 -0.682006892997705 -0.64656837446164 -0.611129856311033 -0.57569133864378 -0.540252821557692 -0.504814305104981 -0.469375789155536 -0.433937273555407 -0.398498758237611 -0.363060243134708 -0.327621728090475 -0.292183212926496 -0.25674469746519 -0.221306181532312 -0.185867664978949 -0.150429147754175 -0.114990629856862 -0.0795521113870922 -0.0441135924782726 -0.00867507329589287 0.0267634459865358
-0.989779324185931 -0.956096827232804 -0.92241433017113 -0.888731832892694 -0.85504933537796 -0.821366837634492 -0.787684339689585 -0.754001841552151 -0.720319343137824 -0.686636844337773 -0.652954345038578 -0.619271845125668 -0.58558934449133 -0.55190684305527 -0.518224340771107 -0.48454183770068 -0.450859333933974 -0.417176829565331 -0.383494324691577 -0.349811819415139 -0.31612931383984 -0.282446808086188 -0.248764302341431 -0.215081796797618 -0.181399291599271 -0.147716786835004 -0.114034282417322 -0.0803517782257245 -0.0466692741837995 -0.0129867702261568
-0.95098377484961 -0.94474098057022 -0.937547777406307 -0.924822530582081 -0.90356749335719 -0.871442160516644 -0.827151104911441 -0.772188136188902 -0.718158933115647 -0.676200802794177 -0.64546569655121 -0.622109226769523 -0.601396712310531 -0.57503229795021 -0.536145814146438 -0.487131008170145 -0.433155197556847 -0.381216064087365 -0.337216578849412 -0.300850505912981 -0.270259307593633 -0.244387218065021 -0.225389558933173 -0.214146040521445 -0.203222840590135 -0.184353677921591 -0.154255967949434 -0.112157482446669 -0.0623437218925529 -0.0103646189429061
-1.04051365909696 -1.00453686464425 -0.968560070289273 -0.932583276169856 -0.89660648244658 -0.860629689278579 -0.824652896796423 -0.788676105088292 -0.752699314101346 -0.716722523749774 -0.680745733956902 -0.644768944648339 -0.608792155763551 -0.57281536729744 -0.536838579259685 -0.500861791663653 -0.46488500451478 -0.428908217783099 -0.392931431432757 -0.356954645439785 -0.320977859783183 -0.285001074420779 -0.249024289225721 -0.213047504059915 -0.17707071882498 -0.141093933441297 -0.105117147864596 -0.0691403620795768 -0.0331635761514774 0.00281320983432797
-1.00695774476655 -0.972759597137316 -0.938561449535999 -0.904363302001092 -0.87016515460705 -0.835967007441909 -0.801768860612075 -0.767570714229414 -0.73337256840926 -0.699174423218649 -0.664976278527956 -0.630778134158392 -0.596579989968702 -0.562381845967751 -0.528183702192735 -0.493985558644027 -0.459787415299236 -0.425589272081724 -0.391391128895784 -0.357192985623668 -0.322994842142119 -0.288796698341126 -0.254598554163672 -0.220400409573654 -0.186202264565657 -0.152004119143965 -0.117805973320989 -0.0836078271335937 -0.0494096807083408 -0.0152115341942174
-0.931494992031882 -0.903835338943754 -0.875789658953619 -0.846959445822965 -0.817249301841493 -0.786745298857117 -0.755956278422425 -0.725436665367736 -0.69550044792964 -0.666266741601181 -0.637315607494943 -0.608092343128393 -0.577987917705988 -0.546175987180126 -0.51197118280279 -0.475469350276346 -0.437117886727717 -0.397989180531669 -0.359201152539093 -0.321428862257533 -0.285236653858699 -0.251247120379155 -0.220315850314874 -0.193321719549884 -0.171003758061016 -0.153549523485955 -0.139080530013006 -0.125544073435485 -0.112256619416119 -0.0988769260849867
-1.00615733821395 -0.958847124935372 -0.912127650093569 -0.867207720235462 -0.825473696965812 -0.787777843871731 -0.752658477411901 -0.71854266533109 -0.685726427646846 -0.65457763033039 -0.623882570894848 -0.592032154738822 -0.558113477449519 -0.523998395368563 -0.491967182006947 -0.463149018798728 -0.438107449537752 -0.416294559533958 -0.396830221675408 -0.37861691764658 -0.360502781331051 -0.340954741902625 -0.316914909696008 -0.285352415377415 -0.244869289778189 -0.194710834755495 -0.135062536104639 -0.0667446832699864 0.00782340364601183 0.0858226468763814
-0.980999914278358 -0.953288427313412 -0.92419855012728 -0.89323893586466 -0.859360342022294 -0.821938984319666 -0.782610807015189 -0.743041109459484 -0.702752882833097 -0.660952252833282 -0.617720191394214 -0.573356382009296 -0.528707724127779 -0.486809981022298 -0.450638848324122 -0.420740887275643 -0.396778768761984 -0.377308736628064 -0.360259076181436 -0.342152665620386 -0.319161031365884 -0.288221422564166 -0.249333979262525 -0.203772429855633 -0.154841965226618 -0.105453716584221 -0.0549111139512051 -0.0019275304129623 0.0535361875086041 0.111207324932464
-1.04100674682318 -1.00287830695196 -0.964749867062367 -0.926621427100506 -0.888492987018418 -0.850364546780602 -0.812236106395443 -0.774107665862555 -0.735979225102569 -0.697850784037375 -0.659722342672884 -0.621593901036012 -0.583465459172244 -0.545337017201346 -0.50720857524168 -0.469080133331711 -0.430951691486346 -0.392823249706171 -0.35469480799068 -0.316566366349338 -0.278437924794104 -0.240309483329117 -0.202181041927244 -0.164052600535421 -0.125924159028131 -0.0877957172700656 -0.0496672751592022 -0.0115388326410657 0.0265896101819133 0.0647180531680777
-0.974490197297082 -0.942026413058971 -0.909562628766694 -0.877098844395852 -0.8446350600607 -0.812171275914689 -0.779707492129408 -0.747243708841371 -0.714779926028659 -0.682316143617093 -0.649852361481905 -0.617388579485679 -0.584924797486561 -0.552461015324947 -0.519997232869831 -0.487533450122363 -0.455069667111887 -0.42260588384837 -0.390142100361336 -0.357678316777897 -0.325214533249564 -0.292750749905894 -0.260286966788626 -0.227823183897012 -0.195359401148164 -0.16289561844154 -0.130431835688119 -0.0979680528193453 -0.0655042698369922 -0.0330404867604174
-0.966286538327023 -0.935428985134711 -0.90453575325021 -0.873562251493111 -0.842477403501917 -0.811248318437642 -0.779821332732437 -0.748140271367636 -0.716159686250168 -0.683843588906764 -0.651183102417761 -0.618176127751898 -0.584813362885597 -0.551056693826007 -0.516876595682878 -0.482306711945633 -0.447400666939495 -0.412228839953217 -0.376859240810138 -0.34133364650841 -0.305687275839888 -0.269951221101993 -0.23414006861441 -0.198264927404819 -0.162339503310621 -0.126377091625796 -0.0903867486609288 -0.0543772312185488 -0.0183603370523663 0.0176513758461134
-0.97937427807573 -0.94647152302906 -0.913568768059973 -0.880666013235863 -0.847763258636494 -0.814860504332543 -0.781957750345964 -0.749054996675352 -0.716152243274592 -0.683249490090566 -0.650346737086828 -0.617443984231106 -0.584541231492728 -0.551638478847443 -0.518735726292935 -0.485832973908208 -0.452930221776082 -0.420027469913299 -0.387124718337205 -0.354221967133636 -0.321319216405554 -0.288416466258571 -0.255513716808908 -0.222610968150352 -0.189708220276345 -0.156805473133592 -0.123902726582203 -0.0909999804594055 -0.0580972345974796 -0.0251944888274705
-1.02893745082521 -0.987693126274228 -0.946538751003783 -0.905576875647174 -0.864950020596971 -0.82480760994577 -0.78528671282699 -0.746498433972901 -0.708462375470363 -0.671166985385063 -0.634567598343426 -0.598611270612059 -0.563282796752501 -0.528717924506034 -0.49506862882767 -0.462400840347623 -0.430746489661525 -0.400087551551473 -0.370376907645352 -0.341501022767743 -0.313329757542399 -0.285741199526266 -0.258646344009064 -0.231979587332823 -0.205736022316044 -0.179918173117991 -0.154497592784525 -0.12942547684748 -0.104602561895986 -0.0799169697834966
-0.969457134335942 -0.935660792827141 -0.901864305359594 -0.868067503861333 -0.834270626154306 -0.800474115531491 -0.766678831276094 -0.732885726575065 -0.699095714240094 -0.665309607218497 -0.631527859375353 -0.597750834805177 -0.563978795086123 -0.530211591730887 -0.496449023913623 -0.462691091519773 -0.428937834554391 -0.395189252789675 -0.361445210196226 -0.327705067771091 -0.293968060767926 -0.260233376404971 -0.226500009758776 -0.192766987201409 -0.159033652428671 -0.125299582340396 -0.0915649693287976 -0.0578300972848039 -0.0240950006018043 0.00964034870119562
-1.00740414521415 -0.972349259006429 -0.937294372664731 -0.90223948609141 -0.867184599333158 -0.832129712477955 -0.797074825634607 -0.762019938893972 -0.726965052254285 -0.691910165689464 -0.656855279168779 -0.621800392660339 -0.586745506144461 -0.551690619650305 -0.516635733218934 -0.481580846890194 -0.446525960674338 -0.411471074464469 -0.376416188134071 -0.341361301595317 -0.30630641477005 -0.271251527603786 -0.236196640136728 -0.201141752426723 -0.166086864507507 -0.131031976394208 -0.0959770880516347 -0.0609221994532755 -0.0258673106576553 0.00918757825544141
-1.01325546128654 -0.981114514903197 -0.948919939641406 -0.916622718952616 -0.884203559071782 -0.851642459367436 -0.818886868958912 -0.785880656097922 -0.752585915814885 -0.718970034431689 -0.685003336657405 -0.650656881797898 -0.615904087732504 -0.580727806634444 -0.545116834835337 -0.509074311006508 -0.472618200389707 -0.435811432168683 -0.398716402176255 -0.361348408899546 -0.32371097648925 -0.285812426662356 -0.247680271401021 -0.209350487985568 -0.170873724623798 -0.132296989304332 -0.0936380582115674 -0.0549091643651709 -0.016129599930083 0.0226795781424361
1.01571510076813 0.980942876247591 0.946175134409675 0.911417294228176 0.876676605889043 0.841960435334735 0.807274780321566 0.772626211762167 0.738024961380543 0.703481084783906 0.669000272300892 0.634587122940497 0.600246944733352 0.565987881796635 0.531815768658293 0.497724365402805 0.463704210737608 0.429745032305447 0.395836209911914 0.361966543078688 0.32812468625647 0.294298069887116 0.260469228377107 0.226622661802988 0.192755628956953 0.158869599131714 0.124970124906409 0.0910633233606076 0.057153486289179 0.0232444491658188
-0.986409567266678 -0.952236520749056 -0.918063474421415 -0.883890428426546 -0.849717382841371 -0.815544337767938 -0.781371293474694 -0.74719825022879 -0.713025208125821 -0.678852167194024 -0.644679127363764 -0.61050608854094 -0.576333050644648 -0.542160013646789 -0.507986977539319 -0.473813942341623 -0.439640908073632 -0.405467874730008 -0.371294842306978 -0.337121810832275 -0.302948780341511 -0.268775750853473 -0.234602722319663 -0.200429694647638 -0.166256667636472 -0.132083641073176 -0.0979106148049739 -0.0637375887079388 -0.0295645627133177 0.00460846323384835
1.025047191524 0.989018326781942 0.952989462032501 0.916960597264946 0.880931732370439 0.84490286722838 0.808874001769234 0.77284513594359 0.736816269731482 0.70078740312997 0.664758536174775 0.628729668911284 0.592700801364918 0.556671933481231 0.520643065189655 0.484614196434999 0.448585327192672 0.412556457545096 0.376527587579566 0.340498717295834 0.304469846671766 0.268440975694895 0.232412104391421 0.196383232811462 0.160354361062149 0.124325489266044 0.0882966175504262 0.0522677460124147 0.0162388746237558 -0.0197899966751462
-1.0182394247259 -0.979468670550892 -0.940440579362529 -0.900960834125299 -0.860883852693354 -0.820119316270858 -0.778749224572368 -0.736922150866759 -0.694880644129776 -0.652870586489507 -0.611057216976549 -0.569585613847124 -0.528595095008153 -0.488201936969344 -0.448608078363731 -0.410381147714878 -0.374146148261707 -0.340391892214058 -0.309442855976955 -0.281102363765239 -0.255043451746203 -0.230871526548661 -0.207921476647506 -0.185558640741502 -0.163540676578811 -0.141779763461976 -0.120413847861648 -0.0995765825002193 -0.079158677938948 -0.0589901091988065
1.0063232032196 0.973609107303335 0.940895011208385 0.90818091475963 0.875466817791678 0.842752720173053 0.810038621898233 0.777324522999865 0.744610423537323 0.711896323595481 0.679182223334496 0.646468122933343 0.613754022556555 0.581039922310893 0.548325822285291 0.515611722555125 0.482897623185193 0.450183524211528 0.417469425655021 0.384755327504785 0.352041229741983 0.319327132331601 0.286613035173912 0.253898938147487 0.221184841108799 0.188470743928363 0.155756646554983 0.123042548977563 0.0903284512671503 0.0576143535153227
-1.00530246274445 -0.969361612574907 -0.933420762465168 -0.897479912455011 -0.861539062603623 -0.825598212965795 -0.789657363559326 -0.753716514394652 -0.717775665489761 -0.681834816863628 -0.645893968531636 -0.609953120508275 -0.574012272805649 -0.538071425426332 -0.50213057836477 -0.466189731592431 -0.430248885079058 -0.394308038810474 -0.358367192801639 -0.322426347167954 -0.286485502049938 -0.250544657556198 -0.214603813667726 -0.178662970324323 -0.142722127428667 -0.106781284872834 -0.0708404425436147 -0.0348996003391331 0.00104124179188057 0.0369820838880443
0.970513498720506 0.938155927173718 0.905793387218804 0.873416181855437 0.841016876885481 0.808587694173042 0.776117217028988 0.743591857644143 0.71099298228241 0.678303276068742 0.645515745499224 0.612625977412721 0.579631090619353 0.546534331814252 0.513337900758652 0.480033681593189 0.446612315450214 0.413069787049526 0.379405834419075 0.34562986523197 0.311753704572608 0.277789093597526 0.243747437751817 0.209639919343709 0.175477163845428 0.141270480490717 0.107034470395388 0.0727828225632698 0.0385222856681602 0.00425787330135205
-0.995232021287308 -0.962171182830659 -0.929110344424121 -0.896049506121072 -0.862988667942817 -0.829927829895078 -0.796866991953318 -0.763806154073154 -0.730745316161079 -0.697684478120863 -0.664623639894505 -0.63156280143356 -0.598501962687324 -0.565441123596063 -0.532380284098044 -0.499319444132577 -0.466258603645411 -0.433197762606991 -0.400136920977623 -0.36707607865235 -0.334015235509897 -0.300954391445038 -0.267893546416741 -0.23483270042817 -0.201771853595081 -0.168711006055232 -0.135650157921796 -0.102589309313746 -0.069528460397829 -0.0364676113527402
-1.00567647049535 -0.971098001181991 -0.93651953182825 -0.901941062318633 -0.867362592567161 -0.832784122480551 -0.798205651906768 -0.763627180664084 -0.729048708510739 -0.694470235225252 -0.659891760727262 -0.625313284971694 -0.590734807943723 -0.556156329749543 -0.5215778505202 -0.486999370365133 -0.452420889401499 -0.417842407798923 -0.383263925732053 -0.348685443343178 -0.314106960766495 -0.279528478127115 -0.244949995513805 -0.210371512996229 -0.175793030603987 -0.141214548351025 -0.10663606622874 -0.0720575842191392 -0.0374791022892019 -0.0029006204021512
-0.99328181499369 -0.959603054001035 -0.925924293016392 -0.89224553207734 -0.858566771231088 -0.824888010539504 -0.791209250113444 -0.757530490083143 -0.723851730607344 -0.690172971808745 -0.656494213637345 -0.622815455999968 -0.589136698793949 -0.555457941878678 -0.521779185126758 -0.488100428501602 -0.454421672006267 -0.420742915711587 -0.387064159697096 -0.353385404009379 -0.319706648686779 -0.286027893732247 -0.252349139007143 -0.218670384376527 -0.184991629861818 -0.151312875522734 -0.117634121415819 -0.0839553675691272 -0.0502766138999372 -0.016597860297831
-1.05167466642129 -1.01633330521849 -0.980991944094051 -0.945650583125608 -0.910309222385202 -0.874967861938918 -0.839626501834608 -0.804285142109959 -0.768943782780257 -0.733602423830042 -0.698261065143288 -0.662919706578831 -0.627578347987308 -0.592236989186584 -0.556895630020341 -0.521554270468323 -0.486212910563469 -0.450871550415447 -0.415530190141685 -0.38018882981394 -0.344847469492548 -0.309506109246868 -0.274164749182345 -0.238823389382556 -0.203482029807516 -0.16814067039537 -0.132799311120326 -0.097457951963363 -0.062116592896487 -0.0267752338894592
-1.01816985501796 -0.983200435508935 -0.948231016100289 -0.913261596864364 -0.878292177823785 -0.843322758992893 -0.808353340402627 -0.773383922074075 -0.738414503972336 -0.703445086084179 -0.668475668539042 -0.633506251502028 -0.598536835132078 -0.563567419563459 -0.528598004899739 -0.493628591146336 -0.458659178287323 -0.42368976631953 -0.388720355234578 -0.35375094499051 -0.31878153553697 -0.283812126803579 -0.248842718639868 -0.21387331088057 -0.178903903381348 -0.143934496025748 -0.10896508878794 -0.0739956816623323 -0.0390262746336538 -0.00405686768421513
-0.981787082768221 -0.946962268671905 -0.912150437518545 -0.877367064277577 -0.842642535114936 -0.808012570900212 -0.773519320121112 -0.739202650995263 -0.705086883041847 -0.671191244792492 -0.637530149527063 -0.604116806712483 -0.570957522547965 -0.538030990161883 -0.505309490574733 -0.47276726944634 -0.440388522384845 -0.408195280152319 -0.376223324670635 -0.344525607346939 -0.313159371959691 -0.282164803249391 -0.251513849804687 -0.221163757414539 -0.191081196821004 -0.161226365882823 -0.131524145972363 -0.101898528324213 -0.0723052601082215 -0.0427080274780493
1.03180235649407 0.994297086766938 0.956739606202283 0.919081494490608 0.881298230402979 0.843386389122229 0.805403032397679 0.767423766858168 0.72953789208412 0.691839104956983 0.654424998610709 0.617394140242376 0.580830547618841 0.544760040786079 0.509184354110208 0.474067076958811 0.439382012285421 0.405181962385917 0.371521961039057 0.338386968612759 0.305744427122231 0.273541986359543 0.241648127224216 0.209937365064897 0.178387521919282 0.146996819597258 0.115741772308413 0.0845905831028098 0.0534999179927185 0.0224235587309607
-1.00127007193428 -0.960062967573816 -0.919445212337319 -0.879863202589568 -0.841633628126985 -0.805012706994613 -0.770144476800309 -0.737067654977772 -0.705511858701225 -0.675130340538642 -0.645579994892464 -0.616518626623749 -0.587598010491502 -0.558445800846521 -0.528735592505536 -0.498348862557223 -0.467198051914371 -0.435111574514296 -0.401908937868477 -0.367458050760531 -0.331638922292109 -0.294299629145157 -0.255160518322803 -0.214032566692332 -0.171217000256492 -0.127068811340593 -0.0816678084247421 -0.035082274817325 0.0123904230149358 0.0603956478157348
-0.988183113546607 -0.954488560556919 -0.920794007662719 -0.887099455002323 -0.853404902666819 -0.819710350718413 -0.786015799151001 -0.752321247908997 -0.71862669680718 -0.684932145626039 -0.651237594138526 -0.617543042115714 -0.583848489369387 -0.550153935874195 -0.516459381656987 -0.482764826790533 -0.449070271337036 -0.415375715270487 -0.381681158539716 -0.347986601081103 -0.314292042827917 -0.280597483740636 -0.246902923888576 -0.213208363375864 -0.179513802337041 -0.145819240913398 -0.112124679242802 -0.0784301174440522 -0.0447355555630818 -0.0110409936276089
-0.957132623439578 -0.932160158380681 -0.907601117807689 -0.883573192430181 -0.859901826620182 -0.836283065540818 -0.81218760385716 -0.787099792034894 -0.760783954240211 -0.733023424184775 -0.703397600061653 -0.67143489618426 -0.636819588375593 -0.599859398496975 -0.560946996623089 -0.520191399643712 -0.477705599521159 -0.433902141692785 -0.389384908610564 -0.345223577309894 -0.302604273472029 -0.262520424313927 -0.225194663195367 -0.190604360127206 -0.158516625581799 -0.128589639823526 -0.10025612182337 -0.0729208243557773 -0.0461020967024306 -0.019346687271824
-0.990167373056826 -0.956767182276439 -0.923374215464569 -0.889992119675704 -0.856621665428729 -0.823260881116949 -0.789899703166944 -0.75652331405111 -0.723105972391834 -0.689622063964174 -0.656057407003888 -0.622400677861909 -0.588641225153255 -0.554771086549288 -0.520781351666538 -0.486656628845857 -0.45238177149696 -0.417949094580665 -0.383354184698659 -0.348598253464976 -0.313683918746736 -0.278613908290383 -0.243391389359655 -0.208022195897704 -0.172522389048035 -0.136913326266225 -0.101227323055786 -0.0654962981789648 -0.029739625385012 0.00602645783007082
-1.08995964251721 -1.04343108028645 -0.997053580857637 -0.950924322588142 -0.905083315678004 -0.8596125080788 -0.814818766905618 -0.771039570479847 -0.728509922784585 -0.68742245501986 -0.647902781591707 -0.610059762707667 -0.573948750878932 -0.539411067831312 -0.506209987679 -0.47401062487512 -0.442471060865219 -0.411319404725611 -0.380329150631949 -0.349385305526474 -0.318400754543077 -0.287310590752156 -0.256138738970138 -0.224909807045937 -0.193562303212371 -0.162027440506286 -0.130293350796746 -0.0983694958637557 -0.0662937382988599 -0.0341110408964894
0.872518910815783 0.861804358799414 0.85104878066373 0.840326355093367 0.82881186204731 0.815450775837392 0.799170746912487 0.778982145172713 0.754244042186128 0.724701178266536 0.691292267042803 0.655254515472558 0.617678586279927 0.579068965255028 0.539730221204444 0.499753431934632 0.459270635227968 0.418791199770636 0.378848105079585 0.339691443091045 0.301500583846059 0.264297978602615 0.227478403486472 0.190378805789151 0.152732492597461 0.114376578514447 0.0751670484128284 0.0350596016191108 -0.00561007499473604 -0.0464112976703755
-1.00816315871261 -0.973587347966368 -0.939011537066124 -0.904435725905163 -0.869859914445574 -0.835284102658407 -0.800708290481757 -0.766132477872234 -0.731556664893446 -0.696980851648702 -0.662405038293114 -0.627829224994744 -0.59325341190408 -0.558677599101314 -0.524101786637809 -0.489525974519909 -0.454950162750946 -0.420374351367214 -0.385798540413625 -0.351222729936608 -0.316646919982973 -0.282071110599812 -0.247495301835357 -0.212919493717764 -0.178343686193765 -0.143767879182786 -0.109192072576459 -0.0746162662618924 -0.0400404601358848 -0.00546465409765941
-1.0567525151158 -1.0177127485407 -0.978686222571744 -0.939686548009618 -0.900720150732882 -0.861792087236472 -0.822909121402935 -0.784081600442761 -0.745332497490609 -0.706684861686964 -0.668149420271446 -0.629733820008457 -0.591441817297819 -0.553261607081033 -0.515178440023633 -0.477181351145618 -0.439259593665953 -0.401399509245013 -0.363588789998948 -0.325823441425599 -0.28810154736823 -0.250421139768226 -0.212780042959454 -0.175174347668608 -0.137593417801219 -0.100026202195579 -0.0624667162421968 -0.0249108513134891 0.012643063842715 0.0501960911347329
-0.996656533519024 -0.962870651225 -0.929084768905103 -0.895298886528586 -0.861513004071405 -0.827727121544889 -0.79394123909516 -0.760155356896936 -0.726369475104509 -0.692583593850681 -0.658797713202713 -0.625011833211478 -0.59122595392155 -0.5574400753523 -0.523654197496129 -0.489868320262752 -0.456082443533541 -0.422296567159169 -0.388510691002733 -0.354724815007728 -0.320938939137747 -0.287153063370506 -0.2533671877402 -0.219581312284688 -0.185795436999989 -0.152009561848088 -0.118223686696684 -0.0844378114200812 -0.0506519360133043 -0.016866060501558
1.03905778037195 1.00248905723502 0.965920334123391 0.929351611054655 0.89278288812662 0.856214165457651 0.819645443168083 0.783076721363761 0.746508000090581 0.709939279365006 0.673370559145699 0.636801839376876 0.600233119989731 0.563664400863392 0.52709568186247 0.490526962845602 0.45395824368662 0.417389524326143 0.380820804729145 0.344252084891252 0.30768336481575 0.271114644497745 0.234545923899608 0.19797720298245 0.161408481735073 0.124839760167571 0.0882710383475187 0.0517023163538734 0.0151335942536364 -0.0214351278891799
-1.01636174861917 -0.980400635252409 -0.944439521836733 -0.908478408300643 -0.872517294585487 -0.836556180621697 -0.800595066283197 -0.764633951461496 -0.728672836174952 -0.692711720470394 -0.656750604381684 -0.62078948793944 -0.58482837116142 -0.548867254013931 -0.512906136459 -0.476945018492992 -0.4409839001249 -0.405022781379882 -0.369061662290019 -0.333100542898897 -0.297139423252975 -0.261178303416542 -0.225217183525181 -0.189256063716209 -0.153294944062559 -0.117333824607882 -0.0813727053430693 -0.0454115862419171 -0.00945046726259122 0.0265106516406492
-0.975778378014092 -0.942862576073977 -0.909946774304511 -0.877030972810445 -0.84411517166336 -0.811199370910291 -0.778283570533274 -0.745367770508552 -0.712451970854201 -0.679536171616402 -0.646620372911925 -0.613704574875187 -0.580788777644417 -0.547872981373091 -0.514957186210288 -0.482041392272236 -0.449125599634482 -0.416209808242689 -0.383294018021299 -0.350378228939734 -0.317462440978665 -0.284546654117315 -0.25163086832912 -0.218715083566824 -0.185799299706181 -0.152883516606921 -0.119967734141659 -0.0870519521758639 -0.0541361705335318 -0.0212203890282919
-1.0674121084918 -1.02358942247096 -0.979803097528354 -0.93610124560484 -0.892514365474111 -0.849080195988171 -0.805883049479414 -0.763005341523641 -0.720475327189867 -0.678323180877373 -0.636640914813295 -0.595536000681728 -0.555118905762396 -0.515512079717536 -0.47682333256877 -0.439089933392753 -0.402331734056338 -0.366569458532127 -0.331814802035854 -0.298042472650039 -0.265217931673902 -0.233307221362781 -0.202278707796503 -0.172079366845002 -0.142568289714147 -0.113579590994549 -0.0849353634798473 -0.056475005348317 -0.0281191581137428 0.000191225876213331
-1.05466287011873 -0.973161787005107 -0.904076879447872 -0.8537564009853 -0.817099090176842 -0.788023227013759 -0.767974772193397 -0.758293360046865 -0.752365638734261 -0.742175158331931 -0.722046062752232 -0.686887644366526 -0.634686492651148 -0.575738385502339 -0.522672234994111 -0.485140301491636 -0.465997732466184 -0.443887875522226 -0.398168282357097 -0.335265120906387 -0.268371713165252 -0.210214534166512 -0.171652671093655 -0.159042511447094 -0.162597031844263 -0.168241263183001 -0.160891864365739 -0.129704820460816 -0.0818017931955937 -0.0287958634621906
-0.940293518917062 -0.929976477385435 -0.916147770028844 -0.896780298015658 -0.868242511463832 -0.828427439454386 -0.78293087797102 -0.738713287488163 -0.700491019540499 -0.671208664672999 -0.648967878411537 -0.63065958252721 -0.611328985922698 -0.578638446027001 -0.524253832746777 -0.46323791737301 -0.41264508672741 -0.374099288370276 -0.34554897625025 -0.325671069130771 -0.313324601978973 -0.306103074192635 -0.296537842892105 -0.276839887739301 -0.243000820839844 -0.191971697249896 -0.120760711384072 -0.0284581373672711 0.0775745711929349 0.187908165818306
-1.02377348587714 -0.980612289529368 -0.937248533688877 -0.893645833585015 -0.850387498380005 -0.808080531094145 -0.76680701624715 -0.726558758095025 -0.68749135833951 -0.649772103670958 -0.613451223288449 -0.57854968201824 -0.545072336671923 -0.512959612002412 -0.482133120312901 -0.452503656166357 -0.424011727700773 -0.396727515094465 -0.370686232772619 -0.34565356010758 -0.321327792708483 -0.297346859823211 -0.273107225254642 -0.24799317488789 -0.221581748382029 -0.193555517797801 -0.163826431028667 -0.132473199276477 -0.100012211143915 -0.0670692745838763
-0.962300456304911 -0.931854068523148 -0.901407680798331 -0.870961293177723 -0.840514905644715 -0.810068518170555 -0.779622130741792 -0.749175743341754 -0.718729355925577 -0.688282968437693 -0.657836580807899 -0.627390192962335 -0.596943804842355 -0.566497416450186 -0.53605102780118 -0.505604638902336 -0.475158249750877 -0.444711860313279 -0.414265470550732 -0.383819080434041 -0.353372689936411 -0.322926299017433 -0.292479907582225 -0.262033515569115 -0.231587123103717 -0.201140730346914 -0.170694337413362 -0.140247944392145 -0.109801551316262 -0.0793551582046942
1.05364921148903 1.01214563847398 0.970621289332836 0.929051934322889 0.887475633747619 0.845964766227378 0.804666693603785 0.763742530188108 0.723333416948952 0.683555694527026 0.644446475594117 0.606023065829782 0.568302376441193 0.531299740745976 0.495033452060089 0.459535221582349 0.424839332364329 0.390976936985738 0.357964507664366 0.325762925642171 0.294319174417155 0.263548438233399 0.233238704319298 0.203176285824204 0.173267996596971 0.14345145834071 0.11366702347605 0.0838679446881965 0.0540563450031564 0.0242465650321349
-0.948874849575586 -0.917455708425286 -0.886036567323245 -0.854617426328332 -0.823198285521858 -0.79177914499379 -0.760360004846291 -0.728940865174062 -0.697521726029777 -0.666102587446031 -0.634683449417144 -0.603264311927868 -0.571845174947516 -0.540426038383637 -0.509006902108968 -0.47758776591875 -0.446168629582197 -0.414749492841904 -0.383330355470251 -0.351911217385372 -0.320492078541838 -0.289072938916403 -0.257653798574545 -0.22623465757973 -0.194815515898653 -0.163396373490968 -0.13197723038494 -0.100558086656045 -0.0691389424999817 -0.0377197981425091
-0.973990027889534 -0.940259050070785 -0.906528072431454 -0.872797095074842 -0.839066118042536 -0.805335141369518 -0.771604165126068 -0.73787318935518 -0.704142213955413 -0.670411238805336 -0.636680263847994 -0.602949289042553 -0.569218314358398 -0.535487339805795 -0.501756365370062 -0.468025390895829 -0.434294416158761 -0.400563440799338 -0.366832464477873 -0.333101487069191 -0.299370508501745 -0.265639528744175 -0.231908547925872 -0.198177566209315 -0.164446583728583 -0.130715600610348 -0.0969846169800515 -0.0632536329665247 -0.0295226487133906 0.00420833563203016
-0.987505994751255 -0.952531335933722 -0.917550723635732 -0.882553687425475 -0.84753979888498 -0.8125160986227 -0.777509461338956 -0.742554554331888 -0.707697381199028 -0.672979261675205 -0.63841144374502 -0.60399765745552 -0.569746235555712 -0.53568392160246 -0.50184096786906 -0.46824325068668 -0.434917521944782 -0.401898411708138 -0.36922082793035 -0.336912911945044 -0.305001113430849 -0.273501278126282 -0.242386836009415 -0.211615488502126 -0.181124438561985 -0.150843355700538 -0.120692274109568 -0.0906003399369913 -0.0605427824750289 -0.0305063518019787
-1.04183395019828 -1.00546804922711 -0.969102148283368 -0.932736247381372 -0.89637034658668 -0.860004445993248 -0.823638545757382 -0.787272646044894 -0.750906746997265 -0.71454084872092 -0.678174951206385 -0.641809054415219 -0.605443158317495 -0.569077262917377 -0.532711368245729 -0.49634547440613 -0.459979581492057 -0.423613689483872 -0.387247798314428 -0.350881907839659 -0.314516017896268 -0.278150128323173 -0.241784238968159 -0.205418349702032 -0.169052460478824 -0.132686571290939 -0.0963206822010571 -0.0599547932625516 -0.0235889044213082 0.0127769844036599
-1.05617949851091 -1.01957878124279 -0.982978063997134 -0.946377346874613 -0.909776629996757 -0.87317591346193 -0.83657519725497 -0.799974481301115 -0.76337376540071 -0.726773049351934 -0.690172333069196 -0.65357161649596 -0.616970899564638 -0.580370182163438 -0.543769464175865 -0.507168745510818 -0.470568026130411 -0.433967306184217 -0.397366585840562 -0.360765865155326 -0.324165144156274 -0.287564422870741 -0.250963701324334 -0.214362979540486 -0.177762257535678 -0.141161535314444 -0.104560812840495 -0.0679600900914201 -0.0313593671411386 0.00524135591234759
-1.0064908528972 -0.971990304324114 -0.937489755859919 -0.902989207661423 -0.868488659980902 -0.833988113063628 -0.799487567031379 -0.764987021960693 -0.730486477870647 -0.695985934749286 -0.661485392518001 -0.626984851081519 -0.592484310376534 -0.557983770467615 -0.523483231424326 -0.48898269320834 -0.454482155741565 -0.419981618894743 -0.385481082538524 -0.350980546594378 -0.316480010996477 -0.281979475670708 -0.247478940509821 -0.212978405413129 -0.178477870339329 -0.143977335262496 -0.109476800158843 -0.0749762650064491 -0.0404757297887158 -0.00597519449037566
-0.970172908700592 -0.937993102671446 -0.905788882424506 -0.873537596443339 -0.841224158413661 -0.808835847876326 -0.776361842590588 -0.74378816960823 -0.711086354932737 -0.678229423476769 -0.645210896837981 -0.612029420785279 -0.578687933190128 -0.545206540334243 -0.511607456653507 -0.477904160790223 -0.444106110748103 -0.410215417770065 -0.376232816995419 -0.342160885909821 -0.308002662585519 -0.273762454395344 -0.239449645914488 -0.205075398657165 -0.170652904691335 -0.136196299917936 -0.101721465016081 -0.0672422102304469 -0.0327623192897931 0.00171693070609986
-1.00276563855757 -0.952602593529573 -0.905620748651597 -0.862271925108987 -0.821466971478841 -0.782179908201654 -0.745178415779768 -0.711713133012219 -0.683172871822956 -0.660309831048181 -0.641191584048175 -0.623214547814243 -0.603577137666475 -0.578685762240104 -0.545742653396447 -0.505925342586001 -0.461648717690887 -0.416301792730536 -0.372726243995767 -0.33060027072564 -0.288811202896281 -0.24644980986157 -0.203420618486421 -0.160628706799439 -0.122167599972962 -0.0918938798304182 -0.0695279076558777 -0.0535647365505904 -0.041734407423895 -0.0315757081371522
0.979657922886123 0.965795769865239 0.950854157571259 0.932684493310749 0.907806114821958 0.873440353747288 0.830948586914096 0.782736312800086 0.731245471299416 0.679159981945207 0.630095241409985 0.58789951565113 0.555371488745794 0.531111517250224 0.512379717328547 0.495273571097328 0.476273905477759 0.454557560657109 0.429799327012955 0.400969782418019 0.366863451618807 0.327031909507517 0.284054931559105 0.240676323768017 0.19726781362391 0.15412023523042 0.113572927651896 0.0777270692650439 0.0456826907352706 0.0157895358001592
-1.00635362168976 -0.965112929393393 -0.923910543039787 -0.882776159724097 -0.841748915130183 -0.800879550291658 -0.760255789052452 -0.719963364380009 -0.680043062925523 -0.640535667412146 -0.601526891167117 -0.563113680168701 -0.525391361547771 -0.488448787045643 -0.452347622564254 -0.417047266037598 -0.382485715548644 -0.348617637744202 -0.315387097507179 -0.282679084101005 -0.250363817884242 -0.218291293971288 -0.186230606499891 -0.153942832723933 -0.121237883338499 -0.0879903183194783 -0.0542844613247845 -0.0202555170625687 0.013967549240092 0.048257332226389
-0.951710376692854 -0.920118564661443 -0.888526752521818 -0.856934940169413 -0.825343127553079 -0.793751314637054 -0.762159501393697 -0.730567687798809 -0.698975873833828 -0.667384059507388 -0.635792244931276 -0.604200430243071 -0.572608615575973 -0.541016801045676 -0.509424986764863 -0.477833172851675 -0.446241359413002 -0.414649546505269 -0.383057734141904 -0.351465922214818 -0.319874110585544 -0.288282299144868 -0.256690487900609 -0.225098676893933 -0.193506866182389 -0.16191505580459 -0.130323245707038 -0.09873143580963 -0.0671396260179432 -0.0355478162339765
-1.02111983592123 -0.984945771407983 -0.948766308887226 -0.912582143336587 -0.876393041455547 -0.840199485132426 -0.804005745289049 -0.767819360804868 -0.731657153356321 -0.69553710638104 -0.659472567564443 -0.623475725653895 -0.587557348448169 -0.551722519951691 -0.515975803935253 -0.480325367029475 -0.44477955105779 -0.409343795755076 -0.374022119217767 -0.338815755077104 -0.303725240848027 -0.26874888622478 -0.233876089618828 -0.199093929922285 -0.164389119232668 -0.129747683385737 -0.0951532699648288 -0.0605898631988525 -0.0260451721514309 0.0084921629051352
-0.99343723056826 -0.959412985060103 -0.925388739646196 -0.891364494447626 -0.857340249610144 -0.823316005277978 -0.789291761564606 -0.755267518573117 -0.721243276395824 -0.687219035091554 -0.653194794595978 -0.619170554813974 -0.585146315682014 -0.551122077262936 -0.517097839636854 -0.483073602826598 -0.44904936682479 -0.415025131560472 -0.381000896925425 -0.34697666272595 -0.312952428746975 -0.27892819478997 -0.244903960722551 -0.210879726458982 -0.176855492033964 -0.142831257513827 -0.108807022970978 -0.0747827884639832 -0.0407585539899601 -0.00673431953066507
-0.930696303596305 -0.89976287938422 -0.868829455266293 -0.837896031321586 -0.806962607628866 -0.776029184254791 -0.745095761217913 -0.71416233852717 -0.683228916201164 -0.652295494278515 -0.62136207286826 -0.590428652097037 -0.559495232073679 -0.528561812835791 -0.497628394410684 -0.46669497685571 -0.435761560234837 -0.40482814460843 -0.373894730000247 -0.342961316291199 -0.312027903326486 -0.281094490952238 -0.250161079018293 -0.219227667382767 -0.18829425593316 -0.157360844575536 -0.126427433260816 -0.0954940219578343 -0.0645606106622326 -0.0336271993763534
-1.00874770765309 -0.974661426048021 -0.940575144708832 -0.906488863856007 -0.872402583537508 -0.838316303750309 -0.804230024459965 -0.770143745609845 -0.736057467085979 -0.70197118876689 -0.667884910558383 -0.633798632373085 -0.599712354126099 -0.565626075742437 -0.531539797147793 -0.497453518260687 -0.463367239010219 -0.429280959374978 -0.395194679337826 -0.361108398849225 -0.327022117851539 -0.292935836297751 -0.258849554183335 -0.224763271518226 -0.190676988327722 -0.156590704652454 -0.122504420579028 -0.0884181362039372 -0.0543318516172328 -0.0202455669073572
-1.00310874142535 -0.94711537195789 -0.928957373479138 -0.909049636969774 -0.903915295534624 -0.921651022744293 -0.880539411908351 -0.723866867594652 -0.584749119665195 -0.593237175194151 -0.677293824810231 -0.714359805030777 -0.624407600744235 -0.497536690323466 -0.438622952326039 -0.441520872563951 -0.470309945025098 -0.480991089146554 -0.440940024531823 -0.371110246000955 -0.305849692178134 -0.27114219805159 -0.259515184065729 -0.249348231480398 -0.195885979361029 -0.0763701668808934 0.0208341241609586 0.0140287317224909 -0.0406934845844989 -0.0527919097347552
-1.12762987141478 -1.03712437302013 -0.953029784367261 -0.883949772834996 -0.829749973129552 -0.787752564332648 -0.753843935700653 -0.724307747680283 -0.698452535305013 -0.675938234716666 -0.65480551190371 -0.632690215316279 -0.607067679581772 -0.574771184036663 -0.534205973477496 -0.49070720983203 -0.450559157955284 -0.416912577280094 -0.39091429652746 -0.36882892699322 -0.345700525616919 -0.316644022532686 -0.277057840652973 -0.224398018452559 -0.164067563877212 -0.103893519564918 -0.0534520974515545 -0.0197862034678515 0.00194364977394477 0.0195475479912092
1.01966276641107 0.983836810108508 0.948010853843336 0.912184897674929 0.8763589416559 0.840532985828575 0.804707030200921 0.768881074733313 0.733055119230141 0.697229163475609 0.661403207329179 0.625577250669127 0.589751293393325 0.553925335478047 0.518099376922974 0.482273417743021 0.44644745795391 0.410621497559328 0.374795536578653 0.338969575106051 0.30314361325438 0.267317651116277 0.231491688703481 0.195665726027156 0.159839763177078 0.124013800244515 0.0881878372481152 0.0523618741926539 0.0165359111000464 -0.0192900520035073
-0.995383484572925 -0.96083398403589 -0.926296733482989 -0.891778509702595 -0.857284684417614 -0.822821951034587 -0.788403694760031 -0.75404533268824 -0.719763717664619 -0.685575477656411 -0.651494905367088 -0.617535709684179 -0.583709862582204 -0.550022388383655 -0.516476114350818 -0.483072027157204 -0.449805435414135 -0.41665077607294 -0.383578232414646 -0.350561844699045 -0.317576617430625 -0.284601158674749 -0.2516284907403 -0.218655834194182 -0.185682788391882 -0.152709683346624 -0.11973739291402 -0.0867666485210861 -0.0537970680381001 -0.0208279909461524
-0.934763355765182 -0.905756401316174 -0.87669906000138 -0.847551963896759 -0.818256154300067 -0.788769978129628 -0.759140595564255 -0.729438953777649 -0.699742334662557 -0.67008970278235 -0.640360418663832 -0.610393941824662 -0.580045443135086 -0.549232938875681 -0.517888755717611 -0.485939616484066 -0.453287164386632 -0.419738328038475 -0.385115638223816 -0.349398749009531 -0.312606595283157 -0.274782957913526 -0.236071001694656 -0.196607566219934 -0.156404806355062 -0.115462569042626 -0.073856154260448 -0.0316969325006544 0.0108348967226355 0.0535419266398051
-1.0355857343932 -1.00068194719702 -0.96576302456102 -0.930813881658458 -0.895835826737319 -0.860834576623254 -0.825817089377833 -0.790786406473489 -0.755728661790188 -0.720622378814443 -0.685432547051388 -0.650120772510817 -0.614648170142921 -0.578973890659487 -0.54306216089668 -0.506899476426577 -0.470482918313986 -0.433829640858729 -0.396961859908386 -0.359901964266564 -0.322672385975874 -0.285296034328138 -0.247797727612009 -0.210202405701395 -0.172533585814387 -0.134812003035014 -0.0970486865668639 -0.059253742517154 -0.0214432904880518 0.0163650465445376
0.988746186173192 0.954844145450294 0.920926084923095 0.886976860617166 0.852988070846504 0.818953353485449 0.78486776236129 0.750723798700692 0.716502337374864 0.682186211145032 0.647777710687932 0.61328399115918 0.578709470393456 0.544047616941716 0.509286886062394 0.474406629127591 0.43938815574165 0.40422971232422 0.368934237167278 0.333506499236816 0.297951725167326 0.262275785511138 0.226487126491915 0.190597609918063 0.154630184265597 0.118610106580202 0.0825607815186176 0.0465018006260194 0.0104393553902759 -0.0256237127150718
-0.995590323393441 -0.961076638720595 -0.926562954051889 -0.892049269437275 -0.857535584967912 -0.823021900710015 -0.788508216588833 -0.753994532491278 -0.719480848291894 -0.684967163888207 -0.650453479282042 -0.615939794501294 -0.581426109585066 -0.546912424617275 -0.51239873968098 -0.477885054810994 -0.443371370004134 -0.408857685153488 -0.374344000128344 -0.339830314806519 -0.305316629067962 -0.270802942812253 -0.236289256017487 -0.20177556869995 -0.167261880950159 -0.132748192869675 -0.0982345045300001 -0.0637208159947135 -0.0292071273257579 0.00530656141533335
-0.877236869001894 -0.89854917092428 -0.907046731248771 -0.905659136293047 -0.89999837151909 -0.892776026255695 -0.872419706154613 -0.828575410800014 -0.770046699182788 -0.709356020737056 -0.654743827263119 -0.613380071152825 -0.585376551747738 -0.542612456188296 -0.466313067265709 -0.403320662575415 -0.399164720430347 -0.428506527209182 -0.45405558943796 -0.461582486166419 -0.442623064575224 -0.392021558821023 -0.3178557509644 -0.233594334265318 -0.16103609887733 -0.117181814406107 -0.0915100713722097 -0.0673819340583487 -0.0312105408809449 0.0298279512101539
-0.986029661142812 -0.951135519838842 -0.916241378489186 -0.881347236998641 -0.846453095200883 -0.811558952932173 -0.776664810110252 -0.741770666666687 -0.706876522506867 -0.671982377567146 -0.637088231933918 -0.602194085731087 -0.567299939084572 -0.532405792128353 -0.497511644948557 -0.462617497431829 -0.427723349420734 -0.392829200781001 -0.35793505139238 -0.323040901167557 -0.288146750027453 -0.253252597918418 -0.218358444888516 -0.183464291032638 -0.148570136531263 -0.113675981574158 -0.0787818263026549 -0.0438876708335539 -0.00899351523396988 0.0259006404414047
-1.00049139008244 -0.966516447455014 -0.932541504803138 -0.898566562119574 -0.864591619332212 -0.830616676348462 -0.796641733058689 -0.762666789365128 -0.728691845234531 -0.694716900683022 -0.660741955859691 -0.626767010946871 -0.592792066103881 -0.558817121397978 -0.524842176852584 -0.490867232407831 -0.456892287959847 -0.422917343312038 -0.388942398271606 -0.35496745275369 -0.320992506700408 -0.287017560115892 -0.253042613252329 -0.219067666381854 -0.185092719608356 -0.151117772977105 -0.117142826467132 -0.0831678800452108 -0.0491929336953191 -0.0152179874057343
0.964954466811036 0.932005256716956 0.899056046595415 0.866106836355203 0.833157625790219 0.800208414659534 0.7672592026978 0.734309989619601 0.701360775083684 0.668411558788524 0.635462340647352 0.602513120627091 0.569563898733798 0.536614675130076 0.503665450012479 0.470716223556806 0.437766995963558 0.404817767552767 0.371868538647802 0.338919309465844 0.305970080197525 0.273020851010932 0.240071621983972 0.207122393182686 0.174173164715843 0.141223936677503 0.108274709060169 0.0753254818182951 0.0423762548557076 0.0094270280635745
-1.06124744428153 -1.02365693600693 -0.986066427795804 -0.948475919710976 -0.910885411774038 -0.873294903979987 -0.835704396258685 -0.798113888552936 -0.760523380922475 -0.722932873444286 -0.685342366147417 -0.647751859048936 -0.610161352174995 -0.572570845588097 -0.534980339350121 -0.497389833484098 -0.459799327991219 -0.422208822824145 -0.384618317949408 -0.347027813437535 -0.309437309385055 -0.271846805868022 -0.234256302880597 -0.196665800386741 -0.159075298311496 -0.121484796566632 -0.0838942950497299 -0.0463037936646876 -0.00871329235484657 0.0288772089265908
-0.962652977338055 -0.929781166252097 -0.896909355086563 -0.864037543728371 -0.831165732057253 -0.798293919934789 -0.765422107157162 -0.732550293539779 -0.699678479040341 -0.666806663675208 -0.633934847553074 -0.601063030805713 -0.568191213546974 -0.535319395818987 -0.502447577617521 -0.469575758824607 -0.436703939283038 -0.403832118792386 -0.370960297178375 -0.33808847441455 -0.305216650511408 -0.272344825494394 -0.239472999448749 -0.206601172518164 -0.173729345020363 -0.14085751727414 -0.107985689428547 -0.0751138615705116 -0.0422420337082128 -0.00937020583014284
-0.981518698298697 -0.948099695045588 -0.914680691785428 -0.881261688491322 -0.847842685084703 -0.814423681502213 -0.781004677793001 -0.747585674028415 -0.714166670256101 -0.680747666485996 -0.647328662600899 -0.613909658451828 -0.580490653874222 -0.547071648641211 -0.513652642535921 -0.480233635443779 -0.446814627300377 -0.41339561813968 -0.379976608037882 -0.346557597141723 -0.313138585615576 -0.279719573614769 -0.246300561258444 -0.212881548635778 -0.179462535752285 -0.146043522594751 -0.112624509158708 -0.0792054954571809 -0.0457864815643876 -0.0123674675698472
-0.981855743417325 -0.949068921229334 -0.916282098752274 -0.883495275596548 -0.850708451179036 -0.817921624947258 -0.785134796664818 -0.75234796622717 -0.719561133741065 -0.686774299317825 -0.653987462875735 -0.621200624284821 -0.588413783456851 -0.555626940470541 -0.522840095467973 -0.490053248677724 -0.457266400331521 -0.424479550587182 -0.391692699561279 -0.358905847279306 -0.326118993743986 -0.293332138931616 -0.260545282712796 -0.227758424990441 -0.194971565902432 -0.162184705667326 -0.129397844591423 -0.09661098298367 -0.0638241210758766 -0.0310372590805664
-0.984757014403414 -0.950028315734502 -0.915299617152733 -0.880570918776412 -0.845842220680109 -0.811113522924876 -0.776384825561442 -0.741656128629269 -0.706927432133096 -0.672198736047208 -0.637470040258806 -0.602741344633322 -0.568012649044003 -0.533283953395367 -0.498555257614052 -0.463826561683881 -0.429097865604409 -0.394369169380911 -0.359640473020476 -0.32491177653174 -0.290183079923723 -0.255454383193897 -0.220725686293539 -0.185996989178011 -0.151268291865202 -0.116539594404213 -0.0818108969064557 -0.0470821994732623 -0.0123535021033249 0.0223751952303232
1.02359375820401 0.987183262424339 0.950772766539629 0.914362270430997 0.877951774051109 0.841541277366552 0.805130780328051 0.768720282888256 0.732309785023379 0.695899286724782 0.659488788020867 0.623078288949292 0.586667789548591 0.550257289860778 0.513846789920691 0.477436289730966 0.44102578932749 0.404615288911351 0.36820478868871 0.331794288720828 0.295383789032738 0.258973289633693 0.22256279046983 0.186152291466606 0.149741792529905 0.113331293570052 0.0769207945347244 0.0405102953942488 0.00409979617220749 -0.0323107030945043
-0.97010780020411 -0.948639381715093 -0.926527033663886 -0.903272411402962 -0.878504630188092 -0.85186765179161 -0.822937364148792 -0.791336238790139 -0.756941155464108 -0.719798063481022 -0.680374782180715 -0.639244598410401 -0.597091801865295 -0.555044693632619 -0.514222026587667 -0.475260349366009 -0.438581638507915 -0.404231786412199 -0.372116397019878 -0.341956004582229 -0.313424875928096 -0.286280190623049 -0.260610779179553 -0.236452222136077 -0.213295449188184 -0.19049992036005 -0.167443867833203 -0.143679093049133 -0.119432902331827 -0.0951014782258933
-1.00129982994797 -0.967758838556298 -0.934217847099028 -0.900676855504953 -0.867135863730312 -0.833594871744654 -0.800053879543315 -0.766512887109874 -0.732971894355089 -0.699430901191407 -0.665889907610841 -0.632348913625298 -0.598807919260518 -0.565266924597575 -0.531725929724086 -0.498184934698506 -0.46464393956583 -0.431102944346375 -0.397561949039421 -0.364020953584776 -0.330479957907378 -0.29693896192516 -0.263397965528035 -0.229856968619327 -0.196315971184024 -0.162774973255704 -0.129233974980638 -0.0956929765145055 -0.0621519779379365 -0.0286109793127971
-1.0220015085603 -0.986253398500942 -0.950505288454419 -0.914757178441555 -0.879009068517001 -0.843260958742621 -0.807512849175324 -0.7717647398667 -0.736016630852014 -0.700268522157017 -0.664520413785734 -0.628772305736758 -0.59302419800713 -0.557276090587672 -0.521527983482669 -0.485779876756464 -0.45003177046718 -0.414283664588 -0.378535559073077 -0.342787453885395 -0.307039348990145 -0.271291244336174 -0.235543139806957 -0.199795035276653 -0.164046930647542 -0.128298825844106 -0.092550720851536 -0.0568026156794924 -0.0210545103748108 0.0146935950063797
-1.0017287336307 -0.960422323673455 -0.919221604675791 -0.878263299157377 -0.837699427869824 -0.797676264908541 -0.758301799512177 -0.719668600535822 -0.681845840157073 -0.644874190703602 -0.608703721780876 -0.57326185231381 -0.538492711114537 -0.504407266544072 -0.471050951239191 -0.43854021539085 -0.407010957596813 -0.376605852527899 -0.347416536417721 -0.319323715678027 -0.292155364265092 -0.265739874637485 -0.239907313262939 -0.214487915877162 -0.189310921278606 -0.164238421454547 -0.13926491808481 -0.114403848287071 -0.0896119812378453 -0.064831919128363
-1.02429749084437 -0.987635800535571 -0.950974110289119 -0.914312420119859 -0.877650729999783 -0.840989039883284 -0.804327349697224 -0.767665659370128 -0.731003968864737 -0.694342278146514 -0.657680587157617 -0.621018895834381 -0.58435720412376 -0.547695512015212 -0.511033819525758 -0.474372126740193 -0.437710433765936 -0.401048740733132 -0.364387047778096 -0.327725355039096 -0.291063662654891 -0.254401970773504 -0.217740279580031 -0.181078589217273 -0.144416899621795 -0.107755210676721 -0.071093522257653 -0.0344318342397694 0.00222985349593481 0.03889154106701
-1.04931313570988 -1.01179438319323 -0.974275630609175 -0.936756877917863 -0.899238125020164 -0.861719371809165 -0.824200618206113 -0.786681864158874 -0.749163109693611 -0.711644354859046 -0.674125599715838 -0.636606844327632 -0.599088088760577 -0.56156933309085 -0.524050577362898 -0.486531821484235 -0.44901306532642 -0.411494308754113 -0.373975551645868 -0.336456793942712 -0.298938035601286 -0.261419276611222 -0.223900517094096 -0.186381757174837 -0.148862996859827 -0.111344236146123 -0.0738254751120044 -0.0363067138561833 0.00121204752213686 0.0387308089236294
-1.02350253862032 -0.988957103063371 -0.95441166731648 -0.919866231175683 -0.885320794555572 -0.850775357416442 -0.816229919782823 -0.78168448169483 -0.74713904319067 -0.712593604292738 -0.678048164962086 -0.643502725144433 -0.608957284807159 -0.574411844004297 -0.539866402804107 -0.505320961245113 -0.47077551937642 -0.436230077319186 -0.401684635192037 -0.367139193031397 -0.33259375085314 -0.298048308658144 -0.263502866387293 -0.228957423996639 -0.194411981562904 -0.159866539175864 -0.125321096856847 -0.0907756546031807 -0.0562302123846289 -0.0216847701640662
-1.01621255886992 -0.982915674284033 -0.949618789688803 -0.916321905144844 -0.883025020799031 -0.849728136802614 -0.816431253238094 -0.783134370143975 -0.749837487451536 -0.716540605060946 -0.683243722855155 -0.649946840712806 -0.616649958472893 -0.583353075815807 -0.550056192407152 -0.516759308012006 -0.483462422448521 -0.450165535647685 -0.416868647587135 -0.383571758318282 -0.350274867910978 -0.316977976454093 -0.283681084112576 -0.250384191061596 -0.217087297441157 -0.183790403383381 -0.150493509024035 -0.117196614488616 -0.0838997198578895 -0.0506028252014415
-0.954232307479201 -0.921909441742424 -0.889586575941542 -0.857263710020129 -0.824940844017348 -0.792617977987106 -0.760295111946712 -0.727972245883684 -0.695649379702993 -0.663326513301998 -0.631003646630154 -0.598680779649944 -0.566357912337211 -0.534035044721245 -0.501712176824533 -0.469389308588912 -0.437066439955012 -0.404743570939256 -0.372420701569408 -0.340097831842776 -0.307774961749055 -0.275452091286639 -0.243129220488716 -0.210806349399036 -0.178483478068798 -0.146160606545726 -0.113837734856181 -0.0815148630283406 -0.0491919911189994 -0.0168691191921043
-0.996043908663523 -0.962613833041165 -0.929158994225534 -0.895661003573447 -0.862113673655509 -0.828509484131615 -0.794823381805029 -0.761018066065647 -0.727024779506519 -0.692776084103723 -0.658241276162304 -0.623398835569548 -0.588230532263611 -0.552731296386121 -0.516896350259128 -0.480708924722873 -0.444155385388557 -0.407246628432997 -0.369997001679179 -0.332410128969135 -0.294486953149661 -0.256232343170163 -0.217666872390492 -0.178830197595649 -0.13982260486078 -0.100748606759678 -0.0616689925705791 -0.0226211662532312 0.0164072862110215 0.055441233335435
-1.01174622535522 -0.97585097875062 -0.939955732197187 -0.9040604858093 -0.868165239727991 -0.832269994131779 -0.796374749322464 -0.760479505602559 -0.724584263154141 -0.688689022110244 -0.652793782528144 -0.616898544446179 -0.581003307913708 -0.545108073024176 -0.509212839872065 -0.473317608511917 -0.437422378964922 -0.401527151158779 -0.365631925009684 -0.329736700481305 -0.29384147754918 -0.257946256172581 -0.222051036245724 -0.186155817627532 -0.150260600100819 -0.114365383439033 -0.0784701674542749 -0.0425749519728448 -0.00667973683916712 0.0292154780978019
1.01345034620723 0.978161689841328 0.942859622071549 0.907528235813988 0.872155359159799 0.836735649872327 0.801287349228616 0.765834711291446 0.730402457752844 0.695018772079996 0.65972521721149 0.624566700953761 0.589582941895353 0.554792901753233 0.520206788703788 0.485820553632635 0.451631161579988 0.4176538914952 0.383905680946131 0.350391788065525 0.31711455112735 0.28406964258939 0.251226071644697 0.218547554856734 0.186003301535316 0.153563545414059 0.121197125175408 0.0888751306908855 0.0565790516394776 0.0242929776520371
1.04486412225467 0.996727467876967 0.94856199336383 0.900352266242017 0.852472687818693 0.805390101644817 0.759551286466114 0.715369002803479 0.673140003083714 0.633177967232581 0.595980293265771 0.562090308721454 0.531905186394418 0.505237480105901 0.481570240899533 0.459653127682053 0.43808913431436 0.415627986610892 0.391186700062364 0.364204716911058 0.334252086087149 0.301003749077712 0.264554217597428 0.224922368548376 0.18140496935462 0.133256493354086 0.0802843470181716 0.022735287346561 -0.0379394596813933 -0.0999875508414212
-0.997681972033741 -0.962970854191163 -0.928259736525932 -0.893548619205981 -0.858837502269467 -0.824126385707424 -0.789415269452187 -0.75470415343539 -0.719993037644584 -0.685281922082773 -0.650570806758857 -0.61585969168321 -0.581148576843441 -0.546437462136087 -0.511726347447283 -0.477015232712611 -0.442304117904805 -0.407593003095745 -0.372881888357217 -0.338170773661482 -0.303459658955915 -0.268748544169855 -0.234037429160481 -0.199326313794217 -0.164615198046632 -0.129904081939502 -0.0951929655703004 -0.0604818490420478 -0.0257707324042639 0.00894038430690739
-0.959722973891896 -0.927668032628286 -0.895613091396074 -0.86355815025168 -0.831503209298497 -0.799448268644368 -0.767393328367956 -0.735338388528184 -0.703283449134195 -0.671228510178026 -0.639173571633045 -0.607118633467958 -0.575063695674857 -0.543008758339392 -0.510953821565057 -0.478898885433174 -0.446843949983315 -0.414789015110209 -0.382734080663254 -0.350679146455355 -0.31862421229029 -0.28656927797651 -0.254514343341134 -0.222459408250524 -0.190404472709353 -0.158349536778088 -0.126294600602054 -0.0942396643235102 -0.0621847279875672 -0.0301297916150512
-0.919089470377821 -0.934037959806425 -0.941427926291622 -0.935678440795936 -0.916095747352436 -0.883923916425822 -0.843271151136776 -0.798172162561437 -0.74950356094177 -0.698013234732622 -0.647092286074545 -0.600792620529516 -0.561941063822825 -0.528464122333026 -0.497481587511271 -0.467786710445857 -0.438901323752214 -0.41158812651716 -0.38632557607579 -0.361214296284925 -0.333760452631815 -0.301804896484331 -0.264527222732818 -0.221610319536404 -0.173411504606869 -0.120534646883397 -0.0638953906621551 -0.00442663368098689 0.0571814879125194 0.12029952836834
