-1.00785605213343 -0.971634369276194 -0.935412686489824 -0.899191003858479 -0.86296932145783 -0.826747639366816 -0.790525957685964 -0.754304276499636 -0.718082595805964 -0.681860915575204 -0.645639235752332 -0.609417556276 -0.573195877065593 -0.536974197963405 -0.50075251880935 -0.464530839510893 -0.428309160009673 -0.392087480316449 -0.35586580046657 -0.319644120524619 -0.283422440562486 -0.247200760647982 -0.210979080832588 -0.174757401147369 -0.138535721558058 -0.102314042020591 -0.0660923625170511 -0.0298706830419574 0.00635099638658496 0.0425726757445738
-0.984374224879563 -0.949517594886782 -0.914660964902559 -0.879804335032488 -0.844947705521363 -0.810091076630989 -0.775234448551986 -0.740377821441089 -0.705521195390653 -0.670664570466611 -0.635807946693593 -0.600951324085897 -0.566094702656247 -0.53123808241106 -0.49638146332111 -0.461524845220892 -0.426668227887173 -0.391811611002052 -0.356954994261646 -0.322098377512779 -0.287241760639955 -0.252385143542575 -0.217528526179636 -0.182671908532225 -0.147815290610207 -0.112958672449539 -0.0781020541617862 -0.0432454358572207 -0.00838881756534053 0.0264678007045499
-0.930814161764328 -0.944359790578081 -0.954172474787911 -0.953330089078758 -0.937098749023813 -0.903065622831332 -0.855913848361594 -0.80130926044478 -0.741752512138654 -0.680168924149629 -0.624347669551117 -0.583293884508277 -0.562006449207264 -0.549459219918192 -0.533521895882272 -0.513672572141136 -0.490885229639982 -0.460508997137855 -0.418675126620592 -0.370268215167354 -0.322361196130628 -0.28136615623648 -0.25105179570528 -0.231769116672847 -0.212841715442485 -0.183159854187381 -0.140907864392767 -0.087121747656619 -0.02495011671584 0.0419302629079362
-1.02133025565752 -0.984777573157748 -0.948222604405765 -0.911663208855048 -0.875098206182635 -0.838526573535457 -0.801946957716437 -0.765358030326149 -0.72875889249978 -0.692148779014845 -0.655527029683565 -0.61889301057684 -0.582246055635257 -0.545585370278156 -0.50891006035013 -0.472218961918026 -0.435510978616635 -0.398785554130271 -0.362042402546753 -0.325281779518414 -0.288504076088709 -0.251710090256713 -0.214902247843966 -0.178083738338188 -0.141259178069349 -0.104432827920582 -0.0676061001454117 -0.0307795712136417 0.00604667691019899 0.0428726858879006
-1.01429814060231 -0.980249799933364 -0.946200758497797 -0.912151331334532 -0.878103696364921 -0.844060591052805 -0.810025128149545 -0.776000540131424 -0.741990163086875 -0.707997139610068 -0.67402373470597 -0.640071993982247 -0.606144104970433 -0.572242822897533 -0.538370543699791 -0.504527658454937 -0.470713642403387 -0.436926312294834 -0.403162746035578 -0.369418724649084 -0.335689704938104 -0.301971474634268 -0.268261145184701 -0.234556306981747 -0.200855142483141 -0.167156231218053 -0.133459148936021 -0.0997637244642159 -0.0660698027199746 -0.032377232643174
-1.02084370286744 -0.988015101192593 -0.955175274331573 -0.922311417750527 -0.889429986371403 -0.856537972919158 -0.823625261874997 -0.790674816740035 -0.757659025338789 -0.724543687310355 -0.69127882522877 -0.657810517401805 -0.624087532073369 -0.59006939723193 -0.555726337520551 -0.521060604456134 -0.486085327793899 -0.450825123368492 -0.415312348020819 -0.379598836537374 -0.34374129319105 -0.307788487617491 -0.271757450903352 -0.235656271867973 -0.199489008810419 -0.163263311913004 -0.127005229411302 -0.0907409604033051 -0.0544789093834329 -0.0182230321952097
-0.965467097006874 -0.931732801635332 -0.897998506361851 -0.864264211296787 -0.830529916531861 -0.796795622166958 -0.763061328353257 -0.72932703522686 -0.695592742812262 -0.661858451107637 -0.628124160117457 -0.594389869847768 -0.56065558031476 -0.52692129157518 -0.493187003708189 -0.459452716842043 -0.425718431087051 -0.391984146432645 -0.358249862816511 -0.324515580090219 -0.29078129808381 -0.257047016624549 -0.223312735528595 -0.189578454629957 -0.155844173845147 -0.122109893119983 -0.0883756124350214 -0.054641331782285 -0.0209070511649278 0.0128272294111131
-0.939059842908219 -0.910936828758609 -0.882792635923454 -0.85463526007341 -0.82649213659056 -0.798381027340411 -0.770261560410768 -0.742071821336191 -0.713721859215975 -0.685118342782993 -0.656182455739684 -0.626839010530878 -0.596998996842644 -0.566518113325997 -0.535252224929622 -0.503113152827918 -0.470032737420045 -0.435966939778491 -0.400908310079913 -0.364971634244309 -0.328302257127515 -0.291028383183078 -0.253209655255386 -0.214891173782735 -0.176128431188209 -0.136999291955329 -0.0976607168245905 -0.058263553369749 -0.0188551002406356 0.0205432311438997
-0.980873062536698 -0.9466849421252 -0.912496821791057 -0.878308701612154 -0.844120581589254 -0.809932461688019 -0.775744341810816 -0.741556221830282 -0.707368101563428 -0.673179980847585 -0.638991859657002 -0.604803738000153 -0.570615615873797 -0.536427493227816 -0.502239370007175 -0.468051246184025 -0.433863121780119 -0.399674996988409 -0.365486872011693 -0.33129874692096 -0.297110621754245 -0.26292249654571 -0.22873437131401 -0.19454624608127 -0.160358120899 -0.126169995808789 -0.091981870783166 -0.0577937457848154 -0.0236056208061041 0.0105825041531806
-0.938995320837363 -0.908165377479772 -0.877352833106598 -0.846558049179869 -0.815754101265542 -0.784902405831557 -0.753945028849853 -0.722821158853158 -0.691477825113332 -0.65987549348378 -0.628020535404936 -0.595930798713988 -0.563621876223204 -0.531100340645162 -0.498368054536478 -0.465417059929638 -0.432236908026931 -0.398817007234025 -0.365151002339208 -0.33124962645791 -0.297127884787342 -0.262797721090861 -0.228258833396397 -0.193513703252836 -0.158588192028297 -0.123518657279027 -0.0883600614945531 -0.0531653948777991 -0.0179611535519976 0.0172327898795411
-1.06611089654422 -1.02816868226996 -0.990242264635466 -0.952347265030647 -0.914511367778928 -0.876761784346285 -0.839111771835385 -0.801571470833011 -0.764152510225721 -0.726867972195515 -0.689735263806389 -0.652772873342844 -0.61599566774287 -0.579404028558439 -0.542992647304882 -0.506747940736992 -0.470653605239489 -0.434690730477323 -0.398841412555332 -0.363094380057649 -0.32744001968823 -0.291870987144745 -0.256389014099697 -0.220998089986803 -0.185702159309784 -0.150502166836061 -0.115387103317875 -0.080341013504719 -0.0453401121502904 -0.0103586565093375
-1.03216958234838 -1.06081280797473 -0.908384613450636 -0.884532876539135 -0.94124230671546 -0.966657885763387 -0.951228852988681 -0.908902927339186 -0.845317488809077 -0.766338416830977 -0.687055927544984 -0.624866321268062 -0.588453979742062 -0.551655610408373 -0.491311477539798 -0.431123747035255 -0.399574774259116 -0.397405770811449 -0.413161177790468 -0.414339498051289 -0.363177749888252 -0.250030266137319 -0.177720637800943 -0.224868668825489 -0.260809756766488 -0.16742059379968 -0.0860274569724709 -0.1481670788128 -0.186768428899072 0.0398914639276906
-1.0080509283594 -0.972706915651807 -0.937362902980117 -0.902018890381751 -0.866674877966198 -0.831330865858357 -0.795986854172708 -0.760642843001448 -0.725298832358069 -0.689954822235202 -0.654610812620726 -0.619266803501328 -0.583922794871438 -0.548578786756455 -0.513234779181741 -0.477890772141567 -0.442546765610597 -0.407202759516157 -0.371858753787849 -0.336514748411711 -0.301170743387888 -0.265826738721395 -0.230482734436736 -0.195138730559464 -0.159794727099869 -0.124450724047298 -0.0891067213226089 -0.0537627188312983 -0.0184187164859096 0.0169252857992522
-1.0939027231309 -1.05729466882755 -1.02061506042856 -0.983746038292739 -0.946632549812543 -0.909254281861522 -0.871667072204044 -0.833948901584311 -0.796190171775054 -0.758454201359397 -0.720683555133492 -0.682790609446749 -0.64468327830331 -0.606251626326243 -0.567394790826779 -0.528066049249871 -0.48823130969625 -0.447852862756024 -0.406885468553966 -0.365257382864131 -0.322890235372888 -0.279716447127068 -0.235711604615329 -0.190879991198582 -0.145297512284926 -0.0990785425702633 -0.0524197118545174 -0.00551522511877242 0.0415326670352693 0.0886447026007505
-0.978152093690845 -0.941284258686116 -0.90449090545614 -0.867832964415894 -0.83134503975269 -0.795058462724727 -0.759017799101414 -0.723259043980443 -0.68777067526142 -0.652538294376118 -0.617583514083071 -0.582936949972499 -0.548633791965634 -0.514727527307748 -0.481264184411413 -0.448241659034371 -0.415642109738004 -0.383432878953086 -0.351590507813289 -0.320143148394505 -0.289131855508175 -0.258585031478772 -0.22848046868288 -0.198780365649782 -0.169435155467453 -0.140391322581715 -0.111591322311107 -0.0829752809042329 -0.0544780374572531 -0.0260331092782165
-1.03554719658246 -1.03441631866933 -1.02694253849781 -1.00391010833176 -0.965040967139903 -0.912447141491693 -0.848863321654614 -0.779294232935852 -0.717202077103396 -0.675111128848731 -0.653336478096544 -0.649140918579819 -0.654813184801877 -0.642745774347378 -0.593366117555591 -0.539137612702873 -0.511266580456614 -0.483895063111254 -0.426786205723505 -0.349251842772107 -0.270490981091309 -0.207879786516946 -0.171503060891204 -0.166028867952907 -0.181749683021099 -0.201851894082162 -0.195473128211623 -0.137536763654399 -0.0401579442438136 0.0752502447897109
-1.01556748854385 -0.979114469456637 -0.942661450254947 -0.906208430807473 -0.869755411094323 -0.83330239113851 -0.796849371023268 -0.760396350834722 -0.723943330610365 -0.687490310368047 -0.651037290095676 -0.614584269773676 -0.578131249396149 -0.541678229011911 -0.50522520870176 -0.468772188619717 -0.432319168897911 -0.395866149507686 -0.359413130361326 -0.322960111295663 -0.286507092128663 -0.250054072715242 -0.213601053058109 -0.177148033207894 -0.140695013259115 -0.10424199330653 -0.0677889734019613 -0.0313359535756067 0.00511706618591986 0.0415700859068996
-1.00245347175065 -0.97105970616357 -0.939645359855991 -0.908176752748251 -0.876598370820473 -0.84485066992886 -0.812879819374149 -0.780642322671113 -0.748130306746151 -0.715346231273001 -0.682298263503151 -0.648995997582526 -0.615445566659482 -0.581639259892099 -0.547566723384861 -0.513220875018146 -0.478589715919794 -0.443638308431605 -0.408326316961615 -0.372614752968855 -0.336464964675102 -0.299834913617967 -0.262669014598387 -0.224935213422424 -0.186709126653308 -0.148094530060315 -0.109200165479737 -0.0701290190348365 -0.0309560879297601 0.00825062786112776
-0.971745592596095 -1.04750551962149 -0.8164857777925 -0.762846827510706 -0.831829549146476 -0.867141173512323 -0.845273913220546 -0.779676701741483 -0.698840374177837 -0.631241003490101 -0.590253712437578 -0.585478386229268 -0.613711638945401 -0.620537000151122 -0.561012189099873 -0.479304768313381 -0.426942316630817 -0.395782634892836 -0.367260619457923 -0.340789326754374 -0.320276353227941 -0.30665181421741 -0.288935900633703 -0.252241563833958 -0.177962721388037 -0.0695154314337854 -0.0221233481682756 -0.100875670044112 -0.158516176476801 0.00529770787742675
1.03852011310194 1.00189592332473 0.965271733477116 0.928647543453387 0.892023353065887 0.855399162141189 0.818774970644744 0.782150778562475 0.745526585823313 0.708902392337455 0.672278197997154 0.635654002690176 0.599029806321528 0.562405608865162 0.525781410328616 0.489157210784806 0.452533010331351 0.415908809099301 0.379284607223837 0.342660404823226 0.30603620201151 0.269411998899523 0.232787795585271 0.19616359216511 0.159539388741624 0.122915185391653 0.0862909820828547 0.0496667787642937 0.013042575419865 -0.0235816279578302
-1.02937913526815 -0.994854125034672 -0.960329114823356 -0.925804104667624 -0.891279094540428 -0.856754084331313 -0.822229073656656 -0.787704062123847 -0.753179049577504 -0.718654035901687 -0.68412902090101 -0.649604004360225 -0.615078986076233 -0.580553965894532 -0.54602894368968 -0.511503919403869 -0.476978892986194 -0.44245386434571 -0.4079288334127 -0.373403800242383 -0.338878764921217 -0.304353727571571 -0.269828688459465 -0.235303647897099 -0.200778606237732 -0.166253563829906 -0.13172852096224 -0.0972034778701758 -0.0626784346363738 -0.0281533913052989
0.965555211968013 0.913272534562234 0.8642604280696 0.823251981663326 0.796535315419469 0.787225935882641 0.784193864568842 0.774546074177879 0.752582827173404 0.716512541782563 0.672982969522626 0.63075169523339 0.596801871590268 0.571018922611143 0.550225644018985 0.526092047014667 0.490813396789752 0.443838759020664 0.388334794711627 0.335084745693204 0.296775999002541 0.280235412563777 0.268847727849028 0.244598537421028 0.207318954657013 0.160809014768388 0.106898919488724 0.0473499934652785 -0.0143821135221209 -0.0744181704105052
-1.06693421335394 -1.0187591410147 -0.970497800344417 -0.92228070210696 -0.874455996757629 -0.827474526618525 -0.781980261787556 -0.738518479394023 -0.697046556917005 -0.657373933378361 -0.619306193621311 -0.582647958944417 -0.547339409701359 -0.513862962466304 -0.482751732178712 -0.454199391018751 -0.428120832170999 -0.403655275596997 -0.379750024917856 -0.355360391616016 -0.329443689139248 -0.301091075536036 -0.269929087257724 -0.235869153040381 -0.19942689235614 -0.161263288456828 -0.122016588976991 -0.0822673527297635 -0.0423881188599238 -0.00269942159516152
1.00847063943582 0.974255928721841 0.940041217879658 0.905826506711035 0.87161179502423 0.837397082626267 0.803182369312736 0.768967654923118 0.734752939483894 0.700538223061205 0.666323505692827 0.632108787409445 0.597894068252689 0.563679348307965 0.52946462767546 0.495249906470701 0.461035184804957 0.426820462757119 0.392605740399965 0.358391017814189 0.324176295082464 0.289961572303265 0.255746849638274 0.221532127246278 0.18731740521128 0.153102683574752 0.118887962282826 0.0846732412546694 0.0504585203969238 0.0162437996131004
-1.01042657716237 -0.976871251157754 -0.943315925164069 -0.909760599165323 -0.876205273144254 -0.842649947075649 -0.809094620903787 -0.775539294572188 -0.74198396805184 -0.708428641339542 -0.674873314507855 -0.641317987648278 -0.607762660846418 -0.574207334164303 -0.54065200764263 -0.507096681260351 -0.473541354988803 -0.439986028830622 -0.406430702789123 -0.372875376839066 -0.339320050948068 -0.30576472508352 -0.272209399211902 -0.238654073314361 -0.205098747431625 -0.171543421602824 -0.13798809580112 -0.104432769992596 -0.0708774441810017 -0.0373221183795015
0.968378882506484 0.933529359177754 0.898679835804894 0.863830312348927 0.828980788739069 0.794131264893672 0.759281740719458 0.724432216151977 0.689582691253737 0.654733166102062 0.619883640706587 0.585034115060021 0.550184589135984 0.515335062831725 0.48048553603199 0.445636008647854 0.4107864806245 0.375936952017191 0.341087422910905 0.30623789339939 0.271388363578586 0.236538833537872 0.201689303340372 0.166839773047406 0.131990242739326 0.0971407124954215 0.0622911823716986 0.0274416524008703 -0.00740787745424796 -0.0422574072483147
-0.945656866679654 -0.866996158694085 -0.83668506327954 -0.849484948344198 -0.864205418518618 -0.845727542514324 -0.819170008644304 -0.810012064925408 -0.784937578588468 -0.710834198515967 -0.61420008098301 -0.536436009112857 -0.50738506156925 -0.510659499177851 -0.519984646731075 -0.5157689027264 -0.484668199962689 -0.431645534739276 -0.366980705700102 -0.303913657367061 -0.256424370731533 -0.233802986361444 -0.226580283130891 -0.220315562975775 -0.199441581773028 -0.153346073122909 -0.0923632275779336 -0.0351432384489995 -0.0126538531282745 -0.0589422075282437
-1.01051738059182 -0.976852279362325 -0.943187961631118 -0.909506959553831 -0.8757785669978 -0.841974386379512 -0.808088492600353 -0.774122289765543 -0.740084026310737 -0.705979253488487 -0.671795889488486 -0.637517444234711 -0.603127086025735 -0.568606616658505 -0.533933971022189 -0.499072982876475 -0.463988533201501 -0.4286637929887 -0.393090818425955 -0.357278916475647 -0.321241706793778 -0.284994238015244 -0.248557274690502 -0.211954881122323 -0.175218604707182 -0.138379618108801 -0.101460111966197 -0.0644804960796879 -0.0274630389194884 0.00956952637670986
-1.07310728378854 -1.03579998379095 -0.998492683790307 -0.961185383815141 -0.923878083905577 -0.886570784091843 -0.849263484352967 -0.811956184640343 -0.774648884846006 -0.737341584843713 -0.700034284493457 -0.66272698365179 -0.625419682193245 -0.588112380064271 -0.550805077240117 -0.513497773739293 -0.476190469597418 -0.43888316487528 -0.401575859628919 -0.364268553870237 -0.326961247600101 -0.289653940827688 -0.252346633595425 -0.215039325958206 -0.177732017987555 -0.140424709774699 -0.103117401473057 -0.0658100932226516 -0.0285027850477239 0.00880452305642892
-1.03364713127758 -0.997193115190459 -0.960739099179598 -0.924285083334549 -0.887831067822514 -0.851377052838821 -0.814923038613644 -0.778469025358378 -0.742015013174447 -0.705561002110888 -0.669106992117157 -0.632652983117812 -0.596198975010134 -0.559744967582291 -0.523290960613389 -0.486836953955382 -0.450382947510743 -0.41392894131116 -0.377474935392891 -0.341020929681242 -0.304566924073786 -0.268112918480105 -0.231658912857832 -0.195204907182104 -0.158750901450037 -0.122296895670613 -0.085842889878303 -0.0493888841040834 -0.0129348783394528 0.0235191274339592
-0.977892344492372 -0.942924649980565 -0.907956955485877 -0.87298926107657 -0.838021566941821 -0.803053873284527 -0.76808618024155 -0.733118487925344 -0.698150796416747 -0.663183105796585 -0.628215416177232 -0.593247727678949 -0.558280040425894 -0.52331235455779 -0.488344670192436 -0.45337698734434 -0.418409305990843 -0.383441626063883 -0.348473947440106 -0.313506269820367 -0.278538592861578 -0.243570916246143 -0.208603239758442 -0.173635563199221 -0.138667886332705 -0.103700208960126 -0.0687325310672591 -0.0337648527076711 0.00120282597845118 0.0361705048292661
-0.853403188685025 -0.885751404043338 -0.912906679474968 -0.927724846480509 -0.923729874930357 -0.896896971665934 -0.852338153042981 -0.796644753404231 -0.733188569526092 -0.665693935239678 -0.602514870161273 -0.553162815353453 -0.524109424896839 -0.509667204944234 -0.501337048203689 -0.491532541532072 -0.474069604297178 -0.447460791761702 -0.411949143693418 -0.370003001985508 -0.324647034062509 -0.27952779328328 -0.240779376743972 -0.212053868141758 -0.184587753840599 -0.148447059791365 -0.101431567625788 -0.0443554219001631 0.0176435368118199 0.0783465439321211
0.942572347120137 0.937193168242929 0.930319287995437 0.921144503224196 0.905641968071215 0.879796158853021 0.842857483288753 0.795984791121741 0.744704768789459 0.694680181271599 0.647750271022564 0.604798399865437 0.565953915156465 0.52833010638456 0.489078340816492 0.448518354697811 0.407729775937737 0.367663430121387 0.328902285633992 0.290686684385334 0.251921311666336 0.212480602924609 0.176117994234528 0.147075694269164 0.127672001469603 0.118620106979544 0.11613668298514 0.11599885539103 0.116722083933366 0.117506411806176
-1.02295309836955 -0.985786954686206 -0.948620810988339 -0.911454667210596 -0.874288523298188 -0.837122379192874 -0.799956234812032 -0.762790090065216 -0.725623944855042 -0.688457799067174 -0.651291652526404 -0.614125505042305 -0.576959356460351 -0.539793206769617 -0.502627056040992 -0.465460904529022 -0.428294752523413 -0.391128600270852 -0.353962448000322 -0.316796295913021 -0.279630144203198 -0.242463993031065 -0.205297842420691 -0.168131692346771 -0.130965542722643 -0.0937993934659931 -0.0566332445732499 -0.0194670960375409 0.0176990522399532 0.0548652003810386
-0.992052402314376 -0.972198896538238 -0.944685921159341 -0.912503254947838 -0.889538082498285 -0.88310127434738 -0.863301038976 -0.803508963180955 -0.7273528090786 -0.664462475095573 -0.618220229580095 -0.585446433360786 -0.561449412653718 -0.535489355224788 -0.498046383067009 -0.45052849353206 -0.400031264569941 -0.365472721165285 -0.360705171721925 -0.367495611285847 -0.359589706563576 -0.31855084330646 -0.257213283445128 -0.194013475758291 -0.138525740237688 -0.0982127169618029 -0.0809524551430601 -0.0934440006058296 -0.137254976488316 -0.212670150257185
-0.976392558500415 -0.939576056117432 -0.902773723416158 -0.866003895168277 -0.829307079315218 -0.792731296129037 -0.756332442034558 -0.720163975292137 -0.684261725351503 -0.648654637424599 -0.613361748582846 -0.578399618862535 -0.543781080760158 -0.509504056613002 -0.475563152668141 -0.441954620970992 -0.408670489048115 -0.375684240552301 -0.342963084594519 -0.310467675992223 -0.278157030989485 -0.245991968453227 -0.213940517741748 -0.181974438666404 -0.15007320235938 -0.118220491885863 -0.0864091267222272 -0.0546339475698527 -0.0228887436189768 0.00883295881795022
-1.0310636812635 -0.996574861009765 -0.962072806717143 -0.927536433013689 -0.89293228086615 -0.858225777178278 -0.823390266263157 -0.788398429677143 -0.753212380540362 -0.717793799689635 -0.682113207264811 -0.646143333231492 -0.609857146773139 -0.573228573944653 -0.536236170972394 -0.49887605789713 -0.461155767607009 -0.423110920565284 -0.384785115016144 -0.346225772752408 -0.307481271454051 -0.268598629449951 -0.229619427664581 -0.190584994044689 -0.151541082030521 -0.112526615738448 -0.0735487764958497 -0.0346035666096471 0.00432598490608386 0.0432600923604779
-1.05716488916418 -1.0212795690132 -0.985394248878848 -0.949508928731168 -0.913623608444986 -0.877738287886568 -0.841852966983178 -0.80596764566574 -0.770082323818785 -0.734197001323565 -0.698311678094598 -0.66242635405472 -0.626541029140568 -0.590655703343994 -0.554770376669924 -0.51888504912036 -0.482999720715937 -0.447114391554745 -0.411229061750257 -0.375343731400029 -0.33945840059764 -0.303573069423872 -0.267687737908332 -0.231802406092256 -0.195917074114564 -0.16003174211789 -0.124146410162029 -0.0882610782716551 -0.0523757464137911 -0.0164904145410472
0.996046997768772 0.961790060796127 0.927533123841553 0.893276186915818 0.859019249990681 0.82476231302257 0.790505375945605 0.75624843871101 0.721991501360729 0.687734563956552 0.65347762654894 0.619220689185519 0.584963751881085 0.550706814519102 0.516449876963455 0.482192939131053 0.447936000960468 0.413679062423915 0.379422123502189 0.345165184176766 0.310908244429296 0.276651304254618 0.242394363700344 0.208137422821445 0.173880481649554 0.139623540224062 0.105366598638728 0.0711096569891777 0.0368527153241382 0.00259577368060997
-1.04270767625956 -1.00257519047332 -0.962236592191695 -0.921440849711197 -0.880052606991069 -0.837995299329595 -0.79531185171851 -0.752099829072049 -0.70855586630102 -0.664935359670445 -0.621629680865638 -0.579064195426985 -0.537659123643435 -0.497814104798195 -0.459860981319279 -0.423880989219694 -0.389831150385242 -0.357422236607924 -0.326321689018903 -0.296269876199808 -0.267025398594882 -0.238311016084991 -0.209706126297485 -0.180818112357037 -0.151509661631134 -0.12174184201049 -0.091613939235926 -0.061236064879701 -0.0306234159897178 0.000232539017209561
-1.01665172905079 -0.982104446410262 -0.947557163793556 -0.913009881185729 -0.878462598586404 -0.843915316013905 -0.809368033546795 -0.774820751289311 -0.740273469388146 -0.705726188006251 -0.671178907329164 -0.636631627548064 -0.602084348829676 -0.567537071242881 -0.532989794814644 -0.49844251950209 -0.463895245242066 -0.429347971960129 -0.394800699594069 -0.360253428141884 -0.325706157616623 -0.291158888020595 -0.256611619313145 -0.222064351413508 -0.187517084123458 -0.152969817224024 -0.118422550530732 -0.0838752838910789 -0.0493280172459487 -0.0147807505595729
-0.979485689463809 -0.947182539701334 -0.914879389954718 -0.882576240262197 -0.85027309064142 -0.81796994109948 -0.785666791621853 -0.753363642163251 -0.721060492576962 -0.688757342697942 -0.656454192389227 -0.624151041520875 -0.591847890003796 -0.559544737912308 -0.52724158534379 -0.494938432324451 -0.462635278871561 -0.430332125037803 -0.398028970870814 -0.365725816362631 -0.333422661491395 -0.30111950624661 -0.268816350663243 -0.236513194801808 -0.204210038779547 -0.17190688272831 -0.139603726781652 -0.107300571039186 -0.0749974154630694 -0.0426942599810942
1.03338390220607 0.99818530379983 0.962986705349483 0.927788106835437 0.892589508164033 0.857390909229391 0.822192309950828 0.786993710288903 0.751795110343957 0.716596510249275 0.681397910130134 0.646199310109808 0.611000710294156 0.575802110719359 0.540603511401678 0.505404912347348 0.470206313572681 0.435007715144318 0.399809117131741 0.364610519565482 0.329411922466335 0.294213325857124 0.259014729768798 0.223816134229315 0.188617539246549 0.153418944802303 0.118220350794195 0.0830217571018892 0.0478231636174224 0.0126245702359247
-0.954918212358699 -0.924358045915631 -0.893765274129276 -0.863111157742047 -0.83237710678592 -0.801540349905895 -0.770551240909507 -0.739363370180563 -0.707970149245405 -0.676371790486566 -0.644555888568802 -0.612506883727422 -0.580208118857074 -0.547638547489744 -0.51476672907445 -0.481524036090983 -0.447836440639009 -0.413645500266892 -0.37891410516416 -0.343674890636267 -0.307977928267651 -0.271884245135808 -0.235498690290458 -0.198924189725895 -0.162212155242472 -0.125398428966957 -0.0885080885257154 -0.051561971673506 -0.0145747211790749 0.0224405689353353
-1.04880725355991 -0.99609421814288 -0.943888719390476 -0.893179341925872 -0.844568480302675 -0.798490261127375 -0.755091929287559 -0.714547036520845 -0.677421243683885 -0.644199189186044 -0.614649312528508 -0.588361003485419 -0.564803291096543 -0.542963761464144 -0.521694689844826 -0.499788551050044 -0.476169033938535 -0.450344484003298 -0.422091665199376 -0.391676358695738 -0.35948659996483 -0.325899461480136 -0.291248163719299 -0.255773861883743 -0.219393302065888 -0.181851153506157 -0.142528187146011 -0.100959805588136 -0.0576638363790979 -0.0134037133014278
-0.994298010090628 -0.950556646983154 -0.90920010698489 -0.872930170403372 -0.840227853201811 -0.809726482532184 -0.784889394645867 -0.769066679175145 -0.760325430176536 -0.754295444892954 -0.742140328888671 -0.713907139808293 -0.66324345097031 -0.598198898388721 -0.529799991232119 -0.466578668591942 -0.414814774236079 -0.374274340715394 -0.342620662444283 -0.315619892508315 -0.288563898660853 -0.25738149259923 -0.220549261796665 -0.178769096206535 -0.139096319926958 -0.108051321175445 -0.0836613105023457 -0.0622645365529871 -0.0419365780197914 -0.021187346106953
-1.01471539540807 -0.978258685277699 -0.94180197503267 -0.905345264540186 -0.868888553592704 -0.832431841965897 -0.795975129443072 -0.75951841580328 -0.723061700800929 -0.686604984225062 -0.650148266027899 -0.613691546202458 -0.577234824762557 -0.54077810180523 -0.504321377435107 -0.467864651704003 -0.431407924692151 -0.394951196646269 -0.358494467835474 -0.322037738451995 -0.285581008668836 -0.249124278651065 -0.21266754853201 -0.176210818437688 -0.13975408849663 -0.103297358820202 -0.0668406294486206 -0.030383900379181 0.00607282849134414 0.0425295572913127
-1.03025894515707 -0.994195011073932 -0.958131076991218 -0.922067142882917 -0.88600320865701 -0.849939274206703 -0.813875339432138 -0.777811404249483 -0.741747468632093 -0.705683532570416 -0.669619596066092 -0.633555659123557 -0.597491721740771 -0.561427783889783 -0.525363845537485 -0.489299906656057 -0.453235967238553 -0.417172027356238 -0.38110808708184 -0.345044146415744 -0.308980205340248 -0.272916263852884 -0.236852322012118 -0.200788379909369 -0.164724437706937 -0.128660495549697 -0.0925965534419438 -0.0565326113518864 -0.0204686692439849 0.0155952729182385
-1.02812847315919 -0.993322160546909 -0.958515847960855 -0.923709535426261 -0.888903223005241 -0.854096910767635 -0.819290598777311 -0.784484287077275 -0.749677975633062 -0.714871664384434 -0.680065353245523 -0.645259042124057 -0.610452730942402 -0.575646419681482 -0.540840108325989 -0.506033796817125 -0.471227485084142 -0.43642117305199 -0.401614860639438 -0.366808547744837 -0.332002234261435 -0.297195920087936 -0.262389605144863 -0.227583289370762 -0.192776972754427 -0.157970655334436 -0.123164337298225 -0.0883580188609829 -0.0535517002000564 -0.0187453814833288
-1.01301569926569 -0.977007080426951 -0.940998461582486 -0.904989842772435 -0.868981224138148 -0.832972605816647 -0.796963987826405 -0.760955370124186 -0.724946752538448 -0.688938134877358 -0.652929516996234 -0.616920898762176 -0.58091228007273 -0.544903660947217 -0.508895041431081 -0.47288642155249 -0.436877801334054 -0.400869180793427 -0.36486055995451 -0.328851938871141 -0.292843317604642 -0.256834696219108 -0.220826074789718 -0.184817453368629 -0.148808831904822 -0.112800210325165 -0.0767915885712444 -0.0407829666096153 -0.00477434449198848 0.031234277708637
1.00093003095651 0.966440731351302 0.9319514318227 0.897462132443315 0.862972833324258 0.828483534578784 0.79399423629024 0.759504938520412 0.725015641274778 0.690526344517191 0.65603704810131 0.621547751853247 0.587058455615471 0.552569159295876 0.518079862857138 0.483590566415636 0.449101270121111 0.414611974103056 0.380122678481732 0.345633383360723 0.31114408883944 0.276654794996664 0.242165501828637 0.207676209311165 0.173186917420839 0.13869762612515 0.104208335354376 0.0697190450168376 0.0352297549702131 0.000740465059522228
-1.00653302100362 -0.971856385825447 -0.937179750671329 -0.902503115507487 -0.86782648024685 -0.833149844792565 -0.798473209061951 -0.763796572995562 -0.729119936612717 -0.694443299960259 -0.659766663116352 -0.625090026166988 -0.590413389191363 -0.555736752241465 -0.521060115366981 -0.486383478635573 -0.451706842101103 -0.417030205744242 -0.382353569534108 -0.347676933466804 -0.313000297545177 -0.278323661765269 -0.243647026095909 -0.208970390507564 -0.174293755004482 -0.139617119580172 -0.104940484151409 -0.0702638486334981 -0.0355872130125801 -0.000910577292508128
-1.00980015896863 -0.975015552582662 -0.940231000675256 -0.905454322859233 -0.870689564166529 -0.835940106260402 -0.801210451910295 -0.766506195454742 -0.731836176402461 -0.697210918812457 -0.662644439774703 -0.628151629636913 -0.593748182248269 -0.559453005463819 -0.525285611759977 -0.491264718092736 -0.457405211656708 -0.42370745612139 -0.390167873450929 -0.356781642313181 -0.323543630551929 -0.290447369913025 -0.257481047750599 -0.224631863462168 -0.191888409010511 -0.159239141103209 -0.126670582861784 -0.0941667429134101 -0.0617035054939234 -0.0292547237413262
-0.99091821026644 -0.955696222683868 -0.920506697992189 -0.888860394079068 -0.861848367123465 -0.83819617862644 -0.809587113086148 -0.769190551438216 -0.723162537371079 -0.679777872842374 -0.642799730133725 -0.614863374107758 -0.596956599235696 -0.583477318423174 -0.567410691583977 -0.542680748230107 -0.505829771304069 -0.462934187872164 -0.420462520391345 -0.376917528757375 -0.328810532225724 -0.273775945552583 -0.21394056549704 -0.153209847639177 -0.0981115008401413 -0.0552440750139192 -0.0288672310047755 -0.020629826868127 -0.0240763985737159 -0.030725401569866
-1.00157581940337 -0.968284502162227 -0.934993184886181 -0.901701867577367 -0.868410550310155 -0.83511923317273 -0.801827916236317 -0.768536599564629 -0.735245283208297 -0.701953967183141 -0.668662651378817 -0.635371335653439 -0.602080019843565 -0.568788703699523 -0.535497386981982 -0.502206069579185 -0.46891475142581 -0.435623432514665 -0.402332112842499 -0.369040792363665 -0.335749471021919 -0.302458148792176 -0.269166825773989 -0.235875502103188 -0.202584177936074 -0.169292853446188 -0.136001528855576 -0.102710204351998 -0.069418879937582 -0.0361275555680442
-1.07022204799382 -0.854136723475237 -0.910361140564822 -0.905001942248489 -0.824784529075857 -0.735987358556891 -0.702482358479232 -0.758141286434088 -0.819241748949248 -0.799024880002117 -0.716180074431964 -0.615758792293528 -0.538993527876334 -0.511840912409069 -0.536827255292908 -0.538033441679818 -0.451458949052984 -0.33922304846968 -0.276121414805587 -0.261535544635956 -0.275993389960925 -0.295032773115936 -0.274230997777635 -0.187340794265931 -0.100777118132596 -0.081515366501651 -0.106110477554268 -0.124486652110441 -0.0704656004883196 0.126156589619413
-1.01483671676454 -0.979042578420508 -0.943246933667107 -0.907448782826241 -0.871647647888887 -0.835843128519858 -0.800034613410229 -0.764220987107005 -0.728399328554629 -0.692566364835787 -0.656719221188712 -0.620855122390519 -0.584972059885758 -0.549071091788712 -0.513153793177484 -0.477220740315741 -0.441272309597266 -0.405309076750754 -0.369331575090272 -0.333339968936482 -0.297334330361694 -0.261315108223749 -0.225284258522616 -0.189243997552893 -0.153196075645563 -0.117142221604611 -0.0810845440896306 -0.0450250240038518 -0.00896475136942456 0.0270954065117706
-1.00131130881722 -0.9681624661959 -0.935016655175986 -0.901880843038093 -0.868766933538624 -0.835688171478941 -0.802658229364458 -0.769691235738112 -0.736802715588896 -0.704006101299777 -0.671305058383564 -0.638700810635533 -0.606193532932901 -0.57377920448068 -0.541451512473716 -0.509199171738416 -0.477010542966851 -0.444877542682199 -0.412791795874074 -0.380740205566737 -0.348708494293108 -0.316681827195769 -0.284643139855945 -0.252577155368 -0.220477976440226 -0.188344671678043 -0.15618679366147 -0.12401541991768 -0.0918372437878567 -0.0596578625666857
-0.997422875892552 -0.963326350337917 -0.929229824668603 -0.895133298787829 -0.861036772649073 -0.826940246215394 -0.792843719437916 -0.758747192264694 -0.724650664643444 -0.690554136552615 -0.656457608093923 -0.622361079399908 -0.588264550605916 -0.554168021858547 -0.520071493283745 -0.485974964913595 -0.451878436759294 -0.417781908842346 -0.383685381198529 -0.349588853910423 -0.315492327072305 -0.281395800763628 -0.247299275004548 -0.213202749796592 -0.17910622512607 -0.145009700957217 -0.110913177181196 -0.0768166536757821 -0.0427201303382745 -0.00862360707085189
0.979329282454048 0.946634465709566 0.913939649164652 0.881244832948731 0.848550017057972 0.815855201459098 0.7831603861343 0.750465571063106 0.717770756198906 0.685075941510939 0.652381127057966 0.619686312921132 0.586991499169705 0.554296685825456 0.521601872951936 0.488907060827329 0.456212249790304 0.423517440206852 0.390822632395553 0.358127826458007 0.32543302244157 0.292738220337011 0.260043419908757 0.227348620884738 0.194653823073257 0.161959026284908 0.129264230259097 0.096569434733626 0.0638746395110838 0.0311798444102546
-1.08434959583117 -1.04027131032748 -0.996185472543551 -0.952086340541748 -0.908089249456758 -0.864353284215204 -0.821091451839166 -0.778498006676298 -0.736638270281097 -0.695546147076625 -0.65525880575336 -0.615814231068636 -0.577245072862277 -0.539562641304082 -0.502760119838223 -0.466779524676389 -0.431526716080712 -0.396814097747571 -0.362443958533763 -0.328271584503513 -0.294165511022904 -0.260003982452233 -0.225704079128653 -0.191201057583205 -0.156464043145626 -0.12148012760768 -0.0862743998105284 -0.0508861264312555 -0.0153732884412468 0.0202014546145375
-1.00881892646079 -0.974747239830091 -0.940675553112454 -0.906603866218852 -0.872532179050461 -0.838460491511579 -0.804388803528769 -0.770317115030622 -0.736245425931564 -0.702173736167261 -0.668102045772484 -0.634030354806776 -0.599958663350891 -0.565886971570401 -0.531815279638022 -0.497743587670206 -0.46367189579054 -0.4296002042074 -0.395528513123652 -0.361456822635333 -0.327385132811773 -0.293313443692214 -0.259241755195541 -0.22517006720386 -0.191098379572506 -0.157026692153848 -0.122955004815149 -0.0888833174520151 -0.0548116300585349 -0.0207399426534166
-1.01384412072343 -0.97790107972578 -0.941958038833389 -0.906014998163117 -0.870071957868701 -0.834128918120176 -0.798185879115895 -0.762242841051262 -0.726299804081553 -0.690356768322067 -0.654413733768335 -0.618470700385943 -0.582527668091665 -0.546584636607027 -0.510641605634445 -0.474698574995142 -0.43875554456897 -0.402812514351499 -0.366869484377385 -0.330926454721931 -0.294983425470593 -0.259040396702331 -0.22309736847009 -0.187154340795474 -0.151211313600719 -0.115268286775558 -0.0793252601790629 -0.043382233682051 -0.00743920723298181 0.028503819200275
-0.965807427992941 -0.932958998443591 -0.90011056878471 -0.867262138936089 -0.834413708876514 -0.801565278615881 -0.768716848229538 -0.735868417789912 -0.703019987292281 -0.670171556707881 -0.637323125988913 -0.604474695082822 -0.57162626393478 -0.538777832480879 -0.50592940065358 -0.473080968379902 -0.440232535599681 -0.407384102309456 -0.374535668531616 -0.341687234335243 -0.308838799801091 -0.275990364996284 -0.243141929933432 -0.210293494615015 -0.177445059057533 -0.14459662327863 -0.111748187286521 -0.0788997511019652 -0.0460513148053305 -0.013202878491886
-1.02266682300794 -0.986199577684723 -0.949735116894599 -0.913278466572745 -0.876835472459241 -0.840412933035541 -0.804020637943684 -0.76766705643259 -0.731352385018118 -0.695074756880395 -0.658832324589675 -0.622623245563747 -0.586446511360445 -0.550304450097786 -0.514199825964628 -0.478133810872989 -0.442107395892852 -0.406122441002895 -0.370179907823308 -0.334276295631635 -0.298406988119757 -0.262567054919753 -0.226750309424493 -0.190951280973487 -0.155168618932023 -0.11940125643057 -0.0836451416345454 -0.0478958760220463 -0.0121506592869385 0.0235929093229701
-1.02785410423963 -0.993102219879307 -0.958350335480947 -0.923598451050696 -0.888846566593113 -0.854094682093177 -0.819342797459168 -0.784590912600384 -0.749839027506894 -0.715087142167055 -0.68033525648158 -0.645583370329276 -0.610831483605468 -0.576079596271568 -0.541327708320072 -0.506575819801717 -0.471823930808728 -0.437072041541031 -0.402320152211428 -0.367568262976514 -0.33281637397883 -0.298064485338591 -0.263312597086704 -0.228560709215596 -0.193808821653101 -0.159056934304398 -0.124305047048632 -0.0895531597807632 -0.0548012724850402 -0.0200493851680331
-0.976741168724755 -0.946192314948759 -0.915648882672463 -0.885120883705988 -0.854592573449473 -0.824046974030598 -0.793487930897188 -0.76290921963657 -0.732243513073912 -0.701408269540039 -0.670321192150554 -0.638900045217253 -0.607075577029897 -0.574830471790101 -0.542157478216688 -0.509037667185435 -0.475453102879 -0.441401500550597 -0.406892565991051 -0.371968316071074 -0.336678845431353 -0.301082193556247 -0.265268179304806 -0.229330280384281 -0.193344830520051 -0.157375736494383 -0.121454341298997 -0.0855961590707085 -0.0497859523172614 -0.0140007956391313
-0.948153268075293 -0.916673196239687 -0.885186975979556 -0.853686861431885 -0.822167876320956 -0.790625524175983 -0.759054458158607 -0.727449376996088 -0.695806012045734 -0.664120129889301 -0.632386605376302 -0.600600090423183 -0.568756296886862 -0.536855176386125 -0.504897267939665 -0.472881220403934 -0.440805459766705 -0.408669410703281 -0.376474093720799 -0.344225913966218 -0.311932622746451 -0.279602088427732 -0.24724264761358 -0.214862709075351 -0.182470502018478 -0.150072572282932 -0.117668911812776 -0.0852585277634832 -0.0528430420320872 -0.0204247302010114
0.86557471769196 0.847931478557979 0.830095474751767 0.811748967457661 0.792533893089896 0.772158146138554 0.750633778167212 0.727914866676624 0.703419435842752 0.676616709974078 0.647716767233959 0.617114899249467 0.585229113449679 0.552568280471686 0.519602606061702 0.48655677319443 0.453566803640593 0.420659597126498 0.387837138818631 0.355110877688617 0.322494628659364 0.289993643421516 0.257578920736661 0.225126436870849 0.192166331037038 0.158244826677181 0.123318321202293 0.087492815482478 0.0510625502551285 0.0143688262244576
-1.01022615498865 -0.975577712650396 -0.940929270443166 -0.906280828477189 -0.871632386763027 -0.836983945249596 -0.802335503738887 -0.767687062002486 -0.733038619837249 -0.698390177072016 -0.663741733638257 -0.629093289493105 -0.594444844593516 -0.559796398895756 -0.525147952367649 -0.49049950502393 -0.455851056874636 -0.421202607864088 -0.386554157913706 -0.351905706919008 -0.317257254769039 -0.282608801366363 -0.24796034666762 -0.213311890664671 -0.178663433436171 -0.144014975119735 -0.109366516002016 -0.0747180563864765 -0.0400695964947701 -0.00542113652809881
-1.04946101210542 -1.01200015288604 -0.974539293639652 -0.937078434385531 -0.899617575171963 -0.862156716056458 -0.824695857104434 -0.787234998393554 -0.749774140042533 -0.712313282161994 -0.674852424789139 -0.63739156794281 -0.599930711636467 -0.562469855862019 -0.525009000610305 -0.487548145889423 -0.450087291700118 -0.412626437996462 -0.375165584708091 -0.337704731713567 -0.300243878878684 -0.262783026083476 -0.22532217326494 -0.187861320376822 -0.150400467382901 -0.112939614279245 -0.0754787611810455 -0.0380179082034284 -0.000557055342122389 0.0369037974369924
-1.04686202032485 -1.00992031001736 -0.972978599798175 -0.936036889732219 -0.899095179856184 -0.862153470193861 -0.82521176074569 -0.788270051516382 -0.751328342551069 -0.714386633893464 -0.67744492554117 -0.640503217480264 -0.603561509687998 -0.566619802106343 -0.529678094660939 -0.492736387247411 -0.455794679815711 -0.418852972563104 -0.381911265707198 -0.344969559299651 -0.30802785335063 -0.271086147841882 -0.23414444264145 -0.197202737597265 -0.160261032590484 -0.123319327531401 -0.0863776224136161 -0.0494359172488368 -0.0124942120378747 0.0244474932211815
0.948979461793709 0.796961486852642 0.942307617870314 0.985419736610826 0.911971021336179 0.802004051525594 0.727767715029294 0.731733953621538 0.745060616401737 0.697830165372213 0.627137606821787 0.596831083110902 0.638506277317305 0.65474903538795 0.562956836402959 0.468783529105907 0.477002685869594 0.500610403920238 0.439968809953146 0.33668162368655 0.267662963094413 0.274785176426539 0.259753533036081 0.142070708794804 0.0525960845455574 0.111058813058842 0.181310429844688 0.122731234540247 0.0326942005516362 0.0680704697272122
-1.01690198587424 -0.982129901952979 -0.947357818091809 -0.912585734343996 -0.877813650763199 -0.843041567390399 -0.808269484215485 -0.773497401246036 -0.738725318611465 -0.703953236449793 -0.669181154811632 -0.634409073725742 -0.599636993212135 -0.564864913255837 -0.530092833853761 -0.495320755085366 -0.46054867702224 -0.425776599621957 -0.391004522840666 -0.356232446742847 -0.321460371420062 -0.286688296939476 -0.251916223270666 -0.217144150353087 -0.182372078103285 -0.147600006424832 -0.112827935192311 -0.0780558642720166 -0.0432837935260891 -0.00851172281562822
-1.02985693192631 -0.991035674211428 -0.952080061173623 -0.912861459064927 -0.873252496019724 -0.833172406616223 -0.792725589325574 -0.752069857574821 -0.711391520721652 -0.670873788858723 -0.630658979087912 -0.590879185263407 -0.551658208665228 -0.513086680276733 -0.475223954139495 -0.438037446824621 -0.40149935498496 -0.365692933070808 -0.330732480952659 -0.296745422384367 -0.263862462090623 -0.232163646604833 -0.20152638969527 -0.171776450680732 -0.142735603847259 -0.114244557560447 -0.0862237415368838 -0.0586017811669261 -0.0312603631850292 -0.004069439661672
-1.00103290210616 -0.966153573137167 -0.931274244152539 -0.896394915149209 -0.861515586210929 -0.826636257448869 -0.791756928997085 -0.756877600974467 -0.721998273416376 -0.687118946331216 -0.65223961970312 -0.617360293510152 -0.582480967748167 -0.547601642484213 -0.512722317799998 -0.477842993764715 -0.442963670448124 -0.408084347934796 -0.373205026297139 -0.338325705544105 -0.303446385668781 -0.268567066644446 -0.233687748365151 -0.198808430712116 -0.16392911359446 -0.129049796938752 -0.0941704807134784 -0.0592911648755536 -0.0244118492937124 0.0104674661853567
-0.911300475897888 -1.02254795355698 -1.00538671037877 -0.880207520119477 -0.750200652501863 -0.710911472816131 -0.744506232655648 -0.803339385615172 -0.833897306991882 -0.797144558625139 -0.717826526820603 -0.636633804000514 -0.581330604799259 -0.527975632699833 -0.454076979450464 -0.394645801011718 -0.384755089892781 -0.402222120584981 -0.415923414685675 -0.416228200234198 -0.398878881880378 -0.36067687023807 -0.302659599777243 -0.232021811474973 -0.176351448480661 -0.156795260941939 -0.148342024827048 -0.115703216465618 -0.0286390878122166 0.141827915272349
1.04270567582839 1.00577074370387 0.968837570523622 0.931907601356609 0.894981017952768 0.858057511753718 0.821136076286874 0.784214996319834 0.747290419495145 0.710358201050582 0.673415163729895 0.636458372153324 0.599485203607456 0.562494286044259 0.525484464746419 0.4884542036541 0.451401994638723 0.414326822639257 0.377228345264775 0.340108417737219 0.302969444681748 0.265813979146656 0.228645167872788 0.191466163682255 0.154279550029698 0.117087548410597 0.0798915018512741 0.0426925837986878 0.00549216785151691 -0.0317083223536302
-1.04200891474405 -1.00506674332644 -0.968124571873163 -0.931182400352841 -0.894240228704418 -0.857298056872788 -0.8203558848563 -0.783413712643483 -0.746471540130137 -0.709529367205805 -0.672587193827746 -0.635645019970151 -0.598702845629404 -0.56176067089067 -0.524818495858096 -0.487876320622972 -0.450934145240919 -0.413991969637742 -0.377049793718531 -0.340107617435325 -0.303165440751899 -0.266223263650307 -0.229281086185721 -0.192338908425267 -0.155396730410792 -0.118454552169614 -0.0815123736962346 -0.0445701949954029 -0.00762801614566111 0.0293141627559995
-0.968948990619727 -0.93540166106493 -0.901854331435286 -0.868307001633495 -0.834759671483891 -0.801212340813998 -0.767665009542478 -0.734117677623439 -0.700570345061627 -0.667023011873393 -0.633475678070861 -0.599928343665099 -0.566381008680814 -0.532833673197286 -0.499286337297598 -0.465739001025484 -0.432191664431843 -0.398644327635589 -0.365096990739662 -0.331549653715115 -0.298002316500026 -0.264454979019926 -0.230907641150158 -0.197360302781294 -0.163812963915023 -0.130265624586566 -0.0967182848541377 -0.0631709447934825 -0.0296236045274462 0.00392373580934864
-1.03354175300713 -0.995899318343491 -0.958256883755351 -0.92061444928661 -0.882972014978092 -0.84532958087728 -0.80768714706137 -0.770044713591501 -0.732402280434883 -0.694759847549492 -0.657117414950292 -0.619474982666497 -0.581832550739946 -0.54419011926299 -0.506547688326303 -0.468905257963352 -0.431262828198918 -0.393620399080233 -0.355977970638473 -0.318335542818121 -0.280693115541991 -0.243050688724761 -0.205408262248586 -0.167765835999765 -0.130123409913719 -0.0924809839416264 -0.0548385580486019 -0.0171961322054972 0.0204462936078136 0.0580887194092008
-1.00129197769337 -0.965647759739434 -0.930049455898176 -0.894538572953267 -0.859194326705178 -0.824093822108133 -0.789268011714539 -0.754719674631946 -0.720385048590286 -0.686200730058495 -0.652171291839159 -0.618318300818272 -0.584666768858274 -0.551255487727376 -0.518134753488413 -0.485387099476927 -0.45309535489177 -0.42131129511231 -0.390064651290479 -0.359328031487951 -0.329059762993832 -0.299221960771825 -0.269791890484017 -0.240741538189477 -0.212006620836817 -0.183516568276142 -0.155211931073973 -0.127039252396502 -0.0989579250921816 -0.0709305544300306
-1.00483024877714 -0.971246199177221 -0.937662149491531 -0.904078099628024 -0.870494049485357 -0.836909998981601 -0.803325948121779 -0.769741896932582 -0.736157845440385 -0.702573793677691 -0.6689897417018 -0.635405689576212 -0.601821637374266 -0.568237585208661 -0.534653533155742 -0.501069481107084 -0.467485428902002 -0.433901376355522 -0.400317323290701 -0.366733269586999 -0.333149215137973 -0.299565159852552 -0.265981103701125 -0.232397046674056 -0.198812988780119 -0.165228930070193 -0.131644870745151 -0.0980608110226358 -0.0644767510373754 -0.0308926909033689
1.02443454646007 0.988846938571468 0.953259330547688 0.917671722320806 0.882084113971556 0.846496505645704 0.810908897600497 0.775321290117237 0.739733683461955 0.704146077868143 0.6685584734544 0.632970870310604 0.597383268511714 0.561795668073003 0.526208068964931 0.490620471038378 0.455032874125448 0.419445278102716 0.38385768285067 0.34827008822099 0.312682494058155 0.277094900222307 0.241507306636254 0.205919713237129 0.170332119956717 0.134744526726772 0.0991569334842841 0.0635693401803034 0.0279817468168854 -0.00760584659116298
-1.04779145321865 -1.00709140979429 -0.966402480098741 -0.925757471951188 -0.885166144646058 -0.844643104376277 -0.804245393453519 -0.764040675716404 -0.724096664992597 -0.684492973921928 -0.64535676040387 -0.606827068652806 -0.569013389343742 -0.531906998994186 -0.495465230007938 -0.459627852491471 -0.424343296544898 -0.389612194540202 -0.355442388140819 -0.321818353904129 -0.288718727110996 -0.256112592523593 -0.223930832829326 -0.192094229579359 -0.160521361854674 -0.129130620876097 -0.0978418488940233 -0.0665865685427322 -0.0353415729624595 -0.00409497291993056
-1.03529207225083 -1.01524418809835 -0.993870970796571 -0.969896350107872 -0.938535829149464 -0.895893404478002 -0.84513547305308 -0.790817842862594 -0.735991565604696 -0.683211610084014 -0.634553369820818 -0.591972344514293 -0.556670469909442 -0.526835425934542 -0.500358162949001 -0.476956968853462 -0.455811363927618 -0.432118460426123 -0.40122868805784 -0.363088154373521 -0.318791886384386 -0.270366345033875 -0.223563726994297 -0.183952846663761 -0.152643253614707 -0.129247871471296 -0.111852384890241 -0.0984599813657211 -0.0882710987092194 -0.0807854873115468
-1.02057932733391 -0.985376477717714 -0.950173628078253 -0.914970778357097 -0.87976792838916 -0.844565077974475 -0.809362226880207 -0.774159374877582 -0.738956521786922 -0.703753667470634 -0.668550811910346 -0.633347955117496 -0.598145097137924 -0.562942238155083 -0.527739378368697 -0.492536517905959 -0.457333656823542 -0.422130794968566 -0.386927932168363 -0.351725068380653 -0.316522203595755 -0.28131933784678 -0.246116471338006 -0.210913604297797 -0.175710736879707 -0.140507869212746 -0.105305001402552 -0.0701021335340802 -0.0348992656329177 0.00030360229018919
-1.04179721012018 -0.997491546354445 -0.951925107885635 -0.909395957099777 -0.871144932057375 -0.837093670226641 -0.804944231032148 -0.772758334772299 -0.742255923284444 -0.714240807883782 -0.68219405625796 -0.637766050187735 -0.576446287587617 -0.509080730907118 -0.448399566334635 -0.399313410479082 -0.364441284319845 -0.345055395897655 -0.340708924605843 -0.34542574818677 -0.351847418970056 -0.351897321428357 -0.334626168606471 -0.292090678761975 -0.231244262431402 -0.162535269229689 -0.0954951128064021 -0.0378904871132021 0.00865385672452484 0.0440486532879597
-0.975023705026478 -0.940222264624611 -0.905420824206689 -0.870619383762846 -0.835817943266292 -0.801016502689321 -0.766215062017498 -0.731413621252515 -0.696612180447316 -0.661810739677512 -0.627009299058137 -0.592207858714082 -0.557406418779441 -0.522604979425134 -0.487803540809641 -0.453002103004859 -0.418200666062621 -0.383399230041092 -0.348597794994178 -0.313796360952416 -0.278994927940503 -0.24419349596678 -0.209392064974167 -0.1745906348809 -0.139789205571915 -0.10498777689056 -0.0701863485471428 -0.0353849202627636 -0.000583491934725181 0.0342179364956183
-0.961576009383086 -0.93010072042615 -0.898625431436461 -0.867150142418066 -0.835674853375744 -0.804199564310326 -0.772724275206115 -0.741248986048549 -0.709773696844139 -0.678298407569263 -0.646823118058701 -0.615347828111833 -0.583872537539857 -0.552397246201252 -0.520921953968394 -0.489446660721978 -0.457971366364488 -0.42649607087725 -0.395020774292715 -0.363545476768992 -0.332070178495607 -0.300594879643211 -0.26911958030694 -0.237644280566309 -0.206168980513842 -0.174693680227595 -0.143218379714753 -0.111743078976662 -0.0802677780621904 -0.0487924770320881
-0.951534164843735 -0.921327835758807 -0.891115006612195 -0.860894377835943 -0.830661951493434 -0.800410995806481 -0.77012654199928 -0.739787794473045 -0.709358887334677 -0.678800266541689 -0.648072695748336 -0.617137018033059 -0.585958775765639 -0.554522308481215 -0.522820967987613 -0.490865358018046 -0.458665093281858 -0.426208580467541 -0.393488836626569 -0.360538528283201 -0.327400234329895 -0.294116181832783 -0.260727190552693 -0.227271086953835 -0.193775131619248 -0.16025974781212 -0.126728575397401 -0.0931813616868315 -0.0596190671775237 -0.0260429556629354
-1.02046020988701 -0.985833788659076 -0.95121014361258 -0.916592328712911 -0.881985610750364 -0.847393507003275 -0.812810323877227 -0.778225830742743 -0.743620859702869 -0.708975101793533 -0.674272621049677 -0.639498574755996 -0.604640799533504 -0.569697849348502 -0.534670703386898 -0.49955932436776 -0.464363853982632 -0.429086166279801 -0.39373049909583 -0.358308813063659 -0.32283499951532 -0.287323964709795 -0.251794674613873 -0.216264110603924 -0.180737255986849 -0.145215758941249 -0.109699925201997 -0.0741894827253661 -0.0386831907969446 -0.00317956653465247
-1.01782162574123 -0.983496188847692 -0.949170751967983 -0.91484531510152 -0.880519878290328 -0.8461944416017 -0.811869005161403 -0.777543569075485 -0.74321813331266 -0.708892697783407 -0.674567262302598 -0.640241826661205 -0.605916390673551 -0.571590954247358 -0.537265517322838 -0.502940079876753 -0.468614641901964 -0.434289203419197 -0.399963764463462 -0.365638325099041 -0.331312885397534 -0.296987445431176 -0.262662005274727 -0.228336564998705 -0.194011124654115 -0.159685684275147 -0.12536024384825 -0.0910348033561436 -0.0567093628143868 -0.0223839222467467
-0.989502251817326 -0.964700527749017 -0.939006767777647 -0.911491225508342 -0.88180330696279 -0.849552607969817 -0.813610331170218 -0.773272962416078 -0.730276513592672 -0.687015130220037 -0.646075966324068 -0.610094428057126 -0.580356658610886 -0.552751749334292 -0.52254093173155 -0.487871049770674 -0.44804465099137 -0.404101484756322 -0.357653373432803 -0.310863229583477 -0.266031738319855 -0.225411519965968 -0.191062935695932 -0.164653999850055 -0.146475598583326 -0.135907653460943 -0.130063355874267 -0.125966150459701 -0.12254722500765 -0.119214703097021
-0.970878346843591 -0.902261755730579 -0.856853079050493 -0.84591199078997 -0.855295864110851 -0.865666170283045 -0.86230307383353 -0.833450584401204 -0.774589398815563 -0.687402406090309 -0.591144576785339 -0.509463901847103 -0.460022609717528 -0.436539878820462 -0.427569194674403 -0.424944321194525 -0.42133633248567 -0.40948526501466 -0.384053878279117 -0.347326861537889 -0.303494386490132 -0.25787137297883 -0.220271733422293 -0.198612288047901 -0.188722495743991 -0.183374826879716 -0.175201159086551 -0.158990385917037 -0.138300057345663 -0.118879887452406
1.01856795083839 0.982239705693156 0.945911460540885 0.909583215330768 0.873254969955363 0.836926724301755 0.800598478291782 0.764270231867354 0.727941985015918 0.691613737755217 0.655285490178616 0.618957242398385 0.582628994547263 0.546300746839852 0.509972499491851 0.473644252641468 0.437316006414417 0.400987760963907 0.364659516439152 0.328331272945882 0.292003030578952 0.255674789398987 0.219346549329678 0.183018310269781 0.146690072155216 0.110361834905402 0.0740335983365764 0.0377053622488604 0.00137712648109219 -0.0349511091182108
0.991171552914295 0.957296109208998 0.923420665545994 0.889545221969662 0.855669778411083 0.821794334792219 0.787918891111842 0.754043447388659 0.720168003644304 0.686292559886199 0.652417116061997 0.618541672104408 0.584666227973899 0.550790783741959 0.516915339521741 0.483039895482036 0.449164451786603 0.415289008523412 0.381413565739099 0.34753812339072 0.313662681412941 0.27978723974472 0.245911798342181 0.212036357161126 0.17816091613887 0.144285475208511 0.110410034304725 0.0765345933760562 0.0426591524249229 0.00878371146721064
-0.996513789847686 -0.962961064378 -0.929408338941027 -0.895855613510002 -0.862302888021292 -0.828750162428832 -0.795197436793691 -0.761644711236292 -0.728091986007348 -0.69453926136199 -0.660986537442746 -0.627433814363993 -0.593881092223999 -0.560328371056593 -0.526775650871195 -0.493222931644006 -0.459670213344994 -0.426117495952381 -0.392564779450409 -0.359012063839126 -0.325459349122533 -0.291906635290647 -0.258353922277555 -0.224801209979441 -0.191248498196826 -0.157695786712832 -0.124143075336664 -0.0905903639199581 -0.0570376524579823 -0.0234849409819134
-0.97531471487572 -0.940137011631964 -0.904959308299039 -0.869781604744682 -0.834603900795006 -0.799426196242557 -0.764248490787234 -0.72907078419022 -0.693893076550454 -0.65871536801205 -0.62353765856205 -0.588359948148228 -0.553182236723467 -0.518004524261084 -0.482826810754459 -0.447649096256786 -0.412471380837828 -0.377293664573821 -0.342115947532605 -0.306938229741977 -0.271760511219721 -0.23658279196549 -0.201405071906413 -0.166227350976885 -0.131049629212888 -0.0958719066944967 -0.0606941835765668 -0.0255164600261509 0.0096612638156988 0.0448389878144303
-0.927468470033495 -0.896437810332635 -0.865407150705239 -0.834376491260466 -0.803345832192934 -0.772315173702368 -0.741284515923445 -0.710253858941546 -0.679223202709916 -0.648192547121767 -0.617161891962307 -0.586131236989745 -0.555100582012504 -0.524069927039865 -0.493039272119009 -0.46200861724785 -0.430977962416596 -0.399947307633906 -0.368916652911242 -0.337885998252842 -0.306855343661136 -0.275824689129219 -0.244794034612845 -0.213763380070732 -0.18273272551081 -0.151702070970775 -0.120671416558185 -0.0896407623637762 -0.0586101083411529 -0.0275794544096334
