-0.973257268279526 -0.940916006440356 -0.908574744767909 -0.876233483434212 -0.843892222618182 -0.811550962490435 -0.779209703181489 -0.746868444795663 -0.714527187372566 -0.682185930906312 -0.649844675273746 -0.617503420322393 -0.585162165923455 -0.552820912042836 -0.520479658675644 -0.488138405839102 -0.455797153566223 -0.42345590193105 -0.391114651011959 -0.358773400863608 -0.326432151534729 -0.294090903036859 -0.261749655232768 -0.229408407957664 -0.197067161085297 -0.164725914505518 -0.132384668134055 -0.100043421898727 -0.0677021757498225 -0.0353609296432492
-0.985503871761185 -0.953114003055934 -0.920724134292785 -0.888334265421884 -0.855944396369961 -0.823554527074978 -0.79116465754326 -0.758774787818226 -0.72638491802331 -0.693995048300916 -0.661605178789324 -0.629215309625784 -0.596825440942823 -0.564435572854074 -0.532045705478619 -0.49965583897622 -0.467265973506015 -0.434876109183976 -0.402486246087034 -0.370096384179124 -0.337706523395933 -0.305316663654734 -0.272926804799147 -0.240536946669337 -0.208147089165322 -0.175757232188939 -0.143367375589475 -0.110977519216255 -0.0785876629713296 -0.0461978067699293
-1.022528626007 -0.985761854095838 -0.948995082278937 -0.912228310653345 -0.875461539318152 -0.838694768363839 -0.801927997844404 -0.765161227806694 -0.728394458305426 -0.691627689381151 -0.654860921009861 -0.618094153151413 -0.581327385770265 -0.544560618849279 -0.507793852382119 -0.471027086387252 -0.434260320870914 -0.397493555765608 -0.360726790979123 -0.323960026394105 -0.28719326188692 -0.250426497348266 -0.21365973272619 -0.176892967976685 -0.140126203030206 -0.103359437838067 -0.0665926724605571 -0.0298259069781219 0.00694085855715282 0.0437076241002705
-0.979415213322444 -0.946181932400698 -0.912948651480945 -0.879715370583057 -0.846482089738968 -0.813248808995633 -0.780015528448023 -0.746782248176545 -0.713548968155349 -0.680315688318432 -0.647082408545431 -0.613849128702397 -0.580615848643204 -0.547382568173036 -0.514149287137398 -0.480916005591797 -0.447682723633013 -0.414449441312927 -0.38121615866349 -0.347982875681821 -0.314749592356332 -0.281516308675997 -0.248283024632034 -0.215049740240018 -0.181816455610702 -0.148583170868392 -0.115349886096445 -0.0821166013509022 -0.0488833166194942 -0.0156500318728737
-0.9685423789389 -0.935183688203845 -0.901824997470359 -0.868466306743368 -0.835107615973093 -0.801748925100023 -0.768390234080444 -0.735031542886805 -0.701672851540412 -0.668314160081392 -0.634955468576305 -0.601596777098317 -0.568238085700949 -0.534879394359151 -0.501520703026889 -0.468162011652757 -0.43480332019667 -0.401444628669191 -0.368085937072264 -0.33472724532272 -0.30136855331611 -0.268009860988697 -0.234651168439595 -0.201292475795323 -0.167933783129183 -0.134575090483333 -0.101216397828571 -0.0678577051314607 -0.0344990124129733 -0.00114031970768451
-1.01206164598998 -0.976266819532441 -0.940471993091623 -0.904677166618421 -0.868882339999761 -0.833087513105997 -0.797292685805171 -0.761497857962515 -0.72570302943434 -0.6899082000875 -0.654113369839954 -0.618318538622436 -0.582523706388379 -0.546728873181999 -0.510934039065764 -0.47513920408436 -0.439344368279902 -0.403549531702013 -0.367754694368108 -0.331959856159268 -0.29616501692249 -0.26037017653014 -0.224575334956054 -0.18878049224473 -0.152985648621853 -0.117190804365487 -0.0813959597820197 -0.0456011151351051 -0.00980627048913879 0.0259885741412986
-0.9802850180993 -0.945312064538923 -0.9103380251036 -0.875364037463708 -0.84039483740674 -0.8054360462207 -0.770493229078544 -0.735572966318627 -0.700685955055935 -0.665843707314906 -0.631056877981148 -0.596335907655559 -0.561689232195078 -0.527117268480803 -0.492618237469988 -0.458189595400334 -0.423826503524608 -0.389515707875392 -0.355242288562574 -0.320993077225457 -0.286755343385695 -0.252517636672475 -0.218273627145103 -0.184018463072406 -0.149748085131166 -0.115459549681417 -0.0811535834082473 -0.0468327367983803 -0.0125031852200116 0.0218279897382939
-1.01884237535296 -0.982280897924882 -0.945719420539887 -0.909157943248814 -0.872596466070722 -0.836034989013769 -0.79947351207428 -0.762912035252719 -0.726350558577916 -0.689789082082519 -0.653227605786071 -0.616666129704836 -0.58010465387148 -0.543543178384266 -0.506981703335712 -0.470420228729759 -0.433858754532719 -0.397297280648987 -0.360735806977788 -0.324174333459608 -0.287612860045248 -0.251051386711098 -0.214489913535887 -0.177928440624976 -0.141366968087893 -0.104805496002854 -0.0682440243186763 -0.0316825529457624 0.00487891822972967 0.0414403893277037
-1.05536640025424 -1.01719313728224 -0.979006668846671 -0.940801098258842 -0.902572157567203 -0.864323939699989 -0.826092352367404 -0.78792822355777 -0.749910247589899 -0.712118692388294 -0.674612253969711 -0.637444235373971 -0.600662439952299 -0.564292672301532 -0.52834764273201 -0.492809683162479 -0.457654430530238 -0.422861120238392 -0.388406000176072 -0.354249769710706 -0.320349241079296 -0.28665393366093 -0.253084195403052 -0.219565882552361 -0.186076055984249 -0.152601740708906 -0.119118613647052 -0.0856043751511247 -0.0520561673899262 -0.0184759929863479
-1.00358671993507 -0.968501853408799 -0.933416986870099 -0.898332120333428 -0.863247253794628 -0.828162387243528 -0.793077520664519 -0.757992654060014 -0.722907787509935 -0.687822921104838 -0.652738054900295 -0.617653188943134 -0.582568323270018 -0.547483457876975 -0.512398592742576 -0.47731372781621 -0.442228863025396 -0.407143998239333 -0.372059133346557 -0.336974268371272 -0.301889403371598 -0.266804538407065 -0.231719673542842 -0.1966348088218 -0.161549944191989 -0.126465079576791 -0.0913802148957298 -0.0562953500914869 -0.0212104852032279 0.013874379705761
-0.98602760445873 -0.949678672055467 -0.913367561415013 -0.877154376990129 -0.841092198031235 -0.805222932014108 -0.769550824518309 -0.734079911509909 -0.69885105239726 -0.663911293236766 -0.629295603234786 -0.595035932385162 -0.56115867023258 -0.52766796452509 -0.494556263051349 -0.461791455559077 -0.429336887387878 -0.397162284285822 -0.365242815933444 -0.333569047332678 -0.302135392315804 -0.270939259823711 -0.239990039231713 -0.209293926785344 -0.178832365776573 -0.148580355187291 -0.118511869712641 -0.0885937547337538 -0.0587653626624765 -0.0289591726683321
-0.953062192431627 -0.924341209759242 -0.895588607440821 -0.866789899444205 -0.837974193137162 -0.809183951597168 -0.780471467340596 -0.751861961169048 -0.723262537586143 -0.694555481218757 -0.665641913484787 -0.636427664999881 -0.606824660607825 -0.576769202064958 -0.546187169686116 -0.514938381107573 -0.482877097554758 -0.4499014172883 -0.415932789408809 -0.380942229341628 -0.344913144093285 -0.307866081569389 -0.26997015327188 -0.231420180674899 -0.192365261545044 -0.152944263710558 -0.113300858953781 -0.0735653017178588 -0.0338093731350546 0.00590976399009008
-0.988830915426371 -0.954942795052515 -0.921054674608114 -0.88716655401451 -0.853278433227324 -0.819390312203417 -0.785502190870341 -0.751614069158558 -0.717725947039491 -0.683837824499358 -0.649949701542588 -0.616061578178165 -0.582173454415387 -0.548285330264828 -0.514397205721327 -0.480509080715514 -0.446620955151619 -0.412732828892465 -0.378844701834822 -0.344956574052671 -0.311068445664296 -0.277180316802796 -0.243292187660544 -0.20940405842291 -0.175515929187988 -0.141627800026613 -0.107739670987849 -0.0738515421018207 -0.0399634133446773 -0.00607528467907132
-1.06810461391429 -1.02096108970396 -0.973484889784759 -0.925763642111802 -0.878494995097095 -0.832489373603717 -0.788398287842099 -0.746869666391972 -0.708696025962893 -0.67446610945368 -0.643808976390356 -0.61611376545575 -0.590558637760283 -0.565477844124761 -0.539164573451411 -0.510591677257761 -0.479207009358789 -0.445678770143989 -0.410866609837742 -0.375175631429467 -0.338897301099843 -0.302262369946076 -0.265258728731477 -0.227722483088181 -0.189125458457515 -0.148926111138773 -0.106893701053947 -0.0630225794310244 -0.0178966590992829 0.0277527567116767
-0.965302441527183 -0.930597682830127 -0.895892924006011 -0.86118816492142 -0.826483405383931 -0.791778645209521 -0.757073884306757 -0.722369122638059 -0.687664360288671 -0.652959597392954 -0.618254834158918 -0.583550070812983 -0.548845307589587 -0.514140544755236 -0.479435782538072 -0.444731020980716 -0.410026260086528 -0.375321499887338 -0.340616740415371 -0.305911981675954 -0.27120722366769 -0.236502466373027 -0.201797709709797 -0.167092953599603 -0.132388198043744 -0.0976834430310049 -0.0629786884204213 -0.0282739340503833 0.00643082019354864 0.041135574414021
-1.0266179131394 -0.985432770136855 -0.944294489948852 -0.903313776394297 -0.862615531824097 -0.822303942546241 -0.782386132165067 -0.742828969183748 -0.703535364404437 -0.664417629614581 -0.625489638243815 -0.586790654132322 -0.548422789481921 -0.51073954994099 -0.474117724472419 -0.438775841850588 -0.404866148294581 -0.372434019990796 -0.341486079594974 -0.311980805672919 -0.283864640767952 -0.257058867403707 -0.231384128025073 -0.206627327430099 -0.182541059908216 -0.158880327137689 -0.135444070860744 -0.112068038580651 -0.0886912607809056 -0.0652785886900612
-0.972612458991238 -0.938995686377765 -0.905378913745363 -0.871762141049889 -0.838145368150046 -0.80452859491944 -0.77091182138844 -0.737295047656561 -0.703678273943135 -0.670061500454725 -0.636444727227023 -0.602827954252999 -0.569211181524296 -0.535594409027246 -0.501977636737716 -0.468360864595019 -0.434744092518773 -0.401127320386355 -0.367510548070556 -0.333893775468075 -0.300277002481587 -0.266660229044244 -0.233043455211102 -0.199426681066849 -0.165809906692793 -0.132193132184001 -0.098576357693978 -0.0649595833579856 -0.0313428091798822 0.0022739648693247
-1.04229925969114 -1.00785243196154 -0.973405604368213 -0.938958776985059 -0.904511949831193 -0.870065122909653 -0.835618296213937 -0.801171469719301 -0.766724643337582 -0.732277816975733 -0.697830990584587 -0.663384164125951 -0.628937337573055 -0.594490510944834 -0.560043684301226 -0.525596857820476 -0.491150031715841 -0.456703206222298 -0.422256381565696 -0.38780955791364 -0.353362735419178 -0.318915914205809 -0.284469094278856 -0.25002227557675 -0.215575457888533 -0.181128640982115 -0.146681824690266 -0.112235008857959 -0.0777881933141369 -0.0433413778837339
-0.955069819693253 -0.922823046460753 -0.890576273262463 -0.858329500085932 -0.826082726916152 -0.793835953753895 -0.761589180665614 -0.729342407717028 -0.697095634905239 -0.664848862195839 -0.632602089496993 -0.60035531670251 -0.568108543747111 -0.535861770729178 -0.503614997795708 -0.471368225124495 -0.439121452883481 -0.406874681170407 -0.374627910052784 -0.342381139547404 -0.310134369658378 -0.277887600379936 -0.245640831666775 -0.213394063475015 -0.181147295805985 -0.148900528643411 -0.116653761855397 -0.0844069952951978 -0.0521602288722789 -0.0199134625101579
1.03558676717672 0.999715576264473 0.963844385374464 0.927973194568094 0.892102003928151 0.856230813525521 0.8203596233621 0.784488433434426 0.748617243786576 0.712746054457964 0.676874865421794 0.641003676634717 0.605132488072855 0.569261299790221 0.533390111855164 0.497518924315495 0.461647737219747 0.425776550639889 0.389905364652444 0.354034179328733 0.318162994738772 0.282291810943669 0.246420627968888 0.210549445834074 0.174678264571236 0.138807084171496 0.102935904450066 0.0670647251871695 0.0311935461989778 -0.00467763268934876
-0.998698003726365 -0.969174122774805 -0.939629131826658 -0.909976190894678 -0.88046637790224 -0.851133366922215 -0.820803298714828 -0.788184205662897 -0.752719219952269 -0.714191439308926 -0.673008723816371 -0.629735124147488 -0.585017897195138 -0.539837124732097 -0.495286397905106 -0.452580520476859 -0.412877213461989 -0.376984654266937 -0.345346953949256 -0.31730150177914 -0.291909006579941 -0.268329035511407 -0.246116589078861 -0.224950092962937 -0.204606240199926 -0.184762377328414 -0.164600197540515 -0.143391020743688 -0.121260327053227 -0.0985471366363897
1.0042615601695 0.969717493050349 0.935173425969533 0.900629358993702 0.866085292141341 0.831541225421615 0.7969971588546 0.762453092456568 0.727909026217679 0.693364960152333 0.658820894397996 0.624276829122903 0.589732764495304 0.555188700683503 0.520644637832453 0.486100575993629 0.451556515167576 0.417012455244586 0.382468396088067 0.347924337564142 0.313380279539615 0.278836221875348 0.244292164408431 0.20974810700969 0.175204049708674 0.140659992565308 0.106115935602326 0.0715718788200963 0.0370278221667115 0.00248376557719813
-1.00233059276752 -0.969706488358413 -0.937070438966266 -0.904405407062292 -0.871706172959242 -0.838969033852292 -0.806184536624781 -0.77334218334748 -0.740433047152721 -0.707444462033538 -0.674347234364202 -0.641108038614293 -0.607689845181443 -0.5740408081755 -0.54011835574353 -0.505931828469265 -0.471499829689656 -0.436826101317856 -0.401912455518284 -0.366767846884207 -0.331403015616105 -0.295835709405224 -0.260111705905873 -0.224285036068525 -0.18841471406526 -0.152553175294746 -0.116721556840427 -0.0809287011189621 -0.0451655701950918 -0.00941865604557976
1.02712609213549 0.992289237482942 0.957452382849671 0.922615528237976 0.887778673632059 0.852941818991715 0.818104964197232 0.783268109130636 0.748431253760421 0.71359439809374 0.678757542205891 0.643920686189214 0.609083830124332 0.574246974045013 0.539410117971579 0.504573261917415 0.469736405891482 0.434899549891978 0.400062693912534 0.365225837939268 0.330388981956423 0.29555212591934 0.260715269667758 0.225878413042742 0.191041556006261 0.156204698549872 0.121367840662575 0.0865309823610312 0.0516941237751039 0.0168572650629553
-1.00814307467412 -0.972152540388271 -0.936162006057013 -0.900171471563104 -0.864180936748293 -0.828190401482623 -0.792199865790336 -0.75620932974898 -0.72021879349516 -0.684228257186141 -0.648237721002805 -0.612247185131938 -0.576256649736746 -0.540266114886121 -0.50427558061335 -0.468285046903602 -0.432294513736955 -0.396303981121242 -0.36031344904036 -0.324322917354728 -0.28833238589389 -0.252341854532341 -0.216351323324368 -0.18036079235712 -0.144370261669396 -0.108379731273231 -0.0723892011219613 -0.0363986711535435 -0.000408141303112948 0.0355823884949008
0.946616874383155 0.914115929198378 0.881614984012074 0.849114038767138 0.816613093348667 0.784112147641008 0.751611201583309 0.719110255143654 0.686609308351069 0.654108361242912 0.621607413828943 0.589106466112022 0.556605518089595 0.524104569737457 0.491603621018565 0.459102671866161 0.4266017222064 0.394100771966789 0.361599821088627 0.329098869567003 0.296597917410454 0.264096964621576 0.231596011179196 0.19909505706182 0.166594102270437 0.134093146831801 0.101592190853264 0.0690912344652038 0.0365902778095139 0.00408932103096716
-1.0159898520129 -0.98058525243943 -0.945180653012089 -0.909776053870426 -0.874371455202553 -0.838966857223746 -0.803562260209369 -0.76815766447359 -0.732753070425708 -0.697348478433421 -0.661943888602864 -0.626539300974782 -0.591134715536134 -0.555730132058714 -0.520325550283372 -0.484920970042334 -0.449516391170046 -0.414111813418444 -0.37870723652921 -0.343302660285517 -0.307898084480906 -0.272493508894685 -0.237088933249213 -0.20168435727531 -0.166279780794585 -0.130875203705067 -0.0954706261196552 -0.0600660481982591 -0.0246614700739303 0.0107431081269931
-0.977392817460344 -0.94334087255707 -0.909288927587692 -0.875236982448676 -0.841185037037455 -0.807133091257823 -0.773081145038052 -0.739029198308192 -0.704977250980913 -0.670925302988235 -0.636873354356952 -0.602821405137548 -0.568769455357994 -0.534717504956198 -0.500665553861663 -0.466613602060322 -0.432561649558014 -0.398509696383771 -0.364457742569422 -0.330405788134793 -0.296353833096708 -0.262301877483839 -0.228249921372246 -0.194197964839118 -0.160146007918801 -0.126094050643501 -0.0920420930797439 -0.0579901352999381 -0.0239381773657204 0.0101137806639662
-1.00447578019756 -0.970064171440608 -0.935754709664115 -0.901519282904431 -0.867206946423468 -0.832596797083328 -0.797310930921322 -0.760999289140182 -0.723580194429103 -0.685129067268257 -0.64608133781526 -0.606962438647087 -0.568305525165207 -0.530674644069056 -0.494523153314417 -0.45983076458447 -0.426470636133053 -0.394363358769225 -0.363451894087302 -0.333721254267415 -0.305166964136149 -0.277810965229452 -0.251780865920735 -0.227160900597681 -0.203756140867605 -0.18128938822664 -0.159433526506568 -0.137896189629508 -0.116573929543288 -0.095410527702162
-1.02527958038964 -0.990620837854362 -0.955962095311912 -0.9213033527541 -0.886644610166058 -0.851985867524822 -0.817327124781716 -0.782668381922185 -0.74800963909389 -0.713350896486756 -0.678692154297554 -0.64403341272477 -0.609374671911685 -0.574715931780775 -0.540057192215386 -0.505398453163166 -0.470739714569521 -0.436080976306571 -0.401422238238451 -0.366763500270634 -0.332104762318929 -0.297446024319967 -0.262787286293675 -0.22812854827494 -0.193469810275191 -0.158811072294954 -0.124152334314607 -0.0894935963124523 -0.0548348582786408 -0.0201761202062854
-1.00750110229869 -0.971711687349078 -0.935907381277514 -0.900071821575624 -0.86421233245345 -0.828342390809701 -0.79247639757933 -0.756635167232939 -0.720864244347498 -0.68520902871772 -0.649689610902942 -0.614319754153651 -0.579109136338217 -0.544051093796531 -0.509140702734466 -0.474396340350317 -0.439839283365673 -0.405479105602887 -0.371322611136438 -0.337377227948547 -0.303650539998373 -0.270149766439195 -0.236880667200783 -0.203842042025918 -0.171006309132935 -0.138341143508816 -0.105821628739583 -0.0734217517891671 -0.0411037045340942 -0.00882673007903881
-0.963724256453535 -0.930932495232596 -0.898160879726949 -0.865426839804201 -0.832734957801981 -0.800085177497708 -0.767471735957936 -0.734882187474105 -0.702283061948051 -0.669637142159542 -0.636913246789661 -0.604081703494826 -0.571114513317982 -0.537990370848206 -0.504689139010884 -0.47118866053052 -0.437466076107332 -0.403497738545267 -0.369261897076901 -0.334745174545602 -0.299936287197434 -0.2648283445594 -0.229432029282252 -0.193766409837382 -0.157866524854973 -0.121775466485463 -0.0855525708015101 -0.049255952395158 -0.0129225960137879 0.0234157960563852
1.04719059336547 1.01044266647525 0.973694739526421 0.936946812465367 0.900198885224574 0.863450957742495 0.82670302999534 0.789955102024868 0.753207174097265 0.716459246504104 0.679711319414075 0.642963392965146 0.606215467287813 0.56946754248268 0.532719618648739 0.49597169590842 0.459223774345617 0.422475853866626 0.385727934351501 0.348980015752907 0.312232098041664 0.275484181184072 0.238736265128346 0.201988349806617 0.165240435104752 0.128492520887363 0.0917446069803152 0.0549966932210952 0.0182487795324259 -0.0184991341416606
-1.01604517762349 -0.976682622132109 -0.937221813252956 -0.897642533974625 -0.858094682220077 -0.818732067187764 -0.779554028243719 -0.740516816956696 -0.70155880353876 -0.662638406467711 -0.623812118640982 -0.585160951560911 -0.546785247790075 -0.508862674131986 -0.471587855539724 -0.435145925323679 -0.399738601151311 -0.365643429761033 -0.333092376463123 -0.302059251784364 -0.272453327555661 -0.244155475434855 -0.216932966387511 -0.190542763122117 -0.16481419601112 -0.139610442618354 -0.114857701609237 -0.0904914726242199 -0.0664214381022727 -0.0425508261819979
-0.992861724322765 -0.95980160798559 -0.926741491552748 -0.893681374905871 -0.860621257870451 -0.827561140282343 -0.794501022074986 -0.761440903203041 -0.728380783608451 -0.695320663257971 -0.662260542230295 -0.629200420632105 -0.596140298568738 -0.563080176140153 -0.530020053469534 -0.496959930778343 -0.463899808277709 -0.430839686039159 -0.397779564093479 -0.364719442448096 -0.331659321104595 -0.298599200083641 -0.265539079482211 -0.232478959402252 -0.19941883988926 -0.166358720942697 -0.133298602434334 -0.100238484212316 -0.0671783661579687 -0.0341182481609171
-0.910458594156715 -1.00219990384392 -1.02055885825032 -0.910345597226993 -0.788766170937813 -0.772160700010851 -0.80100967661822 -0.790009641671966 -0.726580959499842 -0.625954346461147 -0.541878103625655 -0.537729928240761 -0.636330422636248 -0.698271809471448 -0.603048251291431 -0.467990049854658 -0.426911228038007 -0.441724553978632 -0.44440528773151 -0.419079911762619 -0.362912714140689 -0.282772533011571 -0.224346406829594 -0.21933192263348 -0.204650661491048 -0.12289189988674 -0.0340917019424008 -0.0018502141198696 0.013422875396443 0.077115492991483
-1.00860748251003 -0.9742390177524 -0.939870553001238 -0.905502088282927 -0.871133623689826 -0.836765159304598 -0.80239669510515 -0.768028231029691 -0.733659766962405 -0.699291302779955 -0.664922838382932 -0.630554373677913 -0.596185908569393 -0.561817442953555 -0.527448976719297 -0.493080509734689 -0.458712041884302 -0.424343573139546 -0.389975103502362 -0.355606633009979 -0.321238161708449 -0.286869689630126 -0.252501216752561 -0.218132743044201 -0.18376426849189 -0.149395793112947 -0.115027317028202 -0.0806588403927626 -0.046290363395347 -0.0119218862330746
-1.03255568288662 -0.994863116878451 -0.957170550907663 -0.919477984995998 -0.881785419147826 -0.844092853340589 -0.806400287461385 -0.768707721380778 -0.731015154993539 -0.693322588210665 -0.655630020983849 -0.617937453274961 -0.580244885038592 -0.542552316200223 -0.504859746675915 -0.46716717637316 -0.429474605212211 -0.391782033172925 -0.354089460260228 -0.316396886519693 -0.278704312007059 -0.241011736775317 -0.203319160866477 -0.165626584328669 -0.127934007245491 -0.0902414297113053 -0.0525488518280728 -0.0148562736936328 0.0228363046182658 0.0605288830398965
0.943987291201357 0.910877961676769 0.8777686321815 0.844659302733044 0.811549973283306 0.778440643775731 0.745331314185496 0.712221984480842 0.679112654570513 0.646003324379103 0.612893993954088 0.579784663373665 0.5466753327565 0.513566002383144 0.480456672535749 0.447347343341012 0.414238014905857 0.381128687413575 0.348019361016896 0.314910035669942 0.281800711277181 0.248691387711379 0.21558206471849 0.182472742032801 0.149363419468759 0.116254096890722 0.0831447742825509 0.0500354516563302 0.0169261290175475 -0.0161831936299595
-1.00238106780094 -0.967439870999187 -0.93249867413323 -0.897557477151922 -0.862616280015871 -0.827675082686526 -0.792733885116942 -0.757792687268771 -0.722851489146446 -0.687910290780148 -0.652969092260265 -0.618027893692238 -0.583086695193583 -0.548145496930116 -0.513204299073653 -0.478263101771701 -0.443321905129187 -0.408380709105022 -0.373439513629982 -0.338498318668316 -0.30355712419264 -0.268615930188471 -0.233674736692921 -0.198733543744042 -0.163792351332043 -0.128851159417686 -0.0939099678917876 -0.058968776628799 -0.0240275855076515 0.0109136055916039
-1.00083322418631 -0.9684587867876 -0.935515558659009 -0.90210269423628 -0.869038196833194 -0.837037375471122 -0.805685913123744 -0.774191510709869 -0.741379566976521 -0.706349048481782 -0.669675495199758 -0.632303590458561 -0.595253743315028 -0.559849265740904 -0.527358958874338 -0.4985306776042 -0.473507565173499 -0.450534864491099 -0.427498276658644 -0.402743235883054 -0.374730109647567 -0.342186935815281 -0.304912433768716 -0.263073033204017 -0.217235323552408 -0.168239430176703 -0.117619462431012 -0.0668491609354128 -0.016466807382555 0.0332231812667689
-1.00231141062341 -0.965741950847346 -0.929172491023301 -0.892603031104083 -0.856033571065991 -0.819464110892898 -0.782894650575504 -0.746325190119942 -0.709755729587257 -0.673186269058976 -0.636616808643656 -0.600047348456608 -0.563477888610856 -0.526908429210269 -0.490338970345311 -0.453769512061998 -0.417200054381039 -0.380630597266362 -0.344061140672279 -0.307491684571411 -0.270922228940951 -0.234352773736284 -0.197783318825548 -0.161213864065766 -0.124644409356745 -0.0880749546189356 -0.0515054998125561 -0.0149360449189597 0.0216334100357405 0.0582028650142411
0.982039327907275 0.948065472315604 0.914087059105032 0.880099362745539 0.846099579957701 0.812085748983207 0.778057351897596 0.74401384616892 0.709953147001422 0.675873272735314 0.641774196518484 0.607656380200742 0.573519484395921 0.539359964773953 0.505173821147524 0.470958434844255 0.436711725077656 0.402432381089844 0.368119849319875 0.333775834965947 0.299402607916039 0.265002223773925 0.230575881006544 0.196125115252614 0.161653667974807 0.127166367228823 0.0926701816185234 0.0581716189285534 0.0236732031185269 -0.0108235378082001
-1.00999280801051 -0.970527585754847 -0.931067459899821 -0.891643472548409 -0.852341171701079 -0.813257760004624 -0.774482552793645 -0.736091002425837 -0.698110996663471 -0.66056752705364 -0.623521564878157 -0.587043076352512 -0.551199071280149 -0.51604473381633 -0.481611833209057 -0.447850304725501 -0.414713063534591 -0.382246778393123 -0.350502417087399 -0.319454389933872 -0.28905796788153 -0.259254379519315 -0.229928683995963 -0.20095686236795 -0.172234752762895 -0.143666558501677 -0.115170086607081 -0.0866792560536593 -0.058178829921127 -0.0296662823154893
-0.996378379284038 -0.96217775948507 -0.92797713963377 -0.89377651966913 -0.85957589960055 -0.825375279478211 -0.791174659444993 -0.756974039659013 -0.722773420246625 -0.688572801304222 -0.65437218284012 -0.620171564840619 -0.585970947313289 -0.551770330350794 -0.517569714048179 -0.483369098424927 -0.449168483495335 -0.41496786932853 -0.380767256002135 -0.346566643572935 -0.312366032092507 -0.278165421620339 -0.243964812247577 -0.209764204038194 -0.175563596915826 -0.141362990746275 -0.107162385304364 -0.0729617803508802 -0.0387611756814579 -0.00456057110044183
-0.983859103236823 -0.950433957999922 -0.917008812797874 -0.883583667630948 -0.850158522479173 -0.816733377285329 -0.78330823186344 -0.749883085985029 -0.716457939380376 -0.683032791814073 -0.649607643229224 -0.61618249361356 -0.582757342967379 -0.549332191341239 -0.515907038786985 -0.482481885311344 -0.449056730913614 -0.4156315756085 -0.382206419407079 -0.348781262290502 -0.315356104232441 -0.281930945242105 -0.248505785470853 -0.215080625096368 -0.181655464259487 -0.148230303102112 -0.114805141807265 -0.0813799805380256 -0.0479548193365953 -0.0145296582149563
-1.01180863221422 -0.976612044793806 -0.941415457298364 -0.906218869636234 -0.871022281702187 -0.835825693404596 -0.800629104719807 -0.765432515630822 -0.730235926079287 -0.695039336035076 -0.659842745622319 -0.624646155003712 -0.58944956433485 -0.554252973742937 -0.519056383335637 -0.483859793170844 -0.448663203314674 -0.413466613915873 -0.378270025143624 -0.343073437166206 -0.307876850151673 -0.272680264254067 -0.23748367957138 -0.202287096163375 -0.167090513992945 -0.131893932969553 -0.0966973528858087 -0.0615007735003935 -0.026304194553118 0.00889238422092358
-1.00169874833574 -0.965221193568782 -0.92874363876048 -0.892266083845001 -0.855788528793079 -0.819310973593429 -0.782833418270119 -0.746355862860282 -0.709878307417977 -0.673400751984639 -0.636923196534311 -0.600445641024186 -0.563968085381863 -0.527490529416575 -0.491012972917595 -0.454535415712746 -0.418057857690204 -0.381580298941018 -0.345102739622124 -0.308625179951147 -0.272147620160882 -0.235670060460459 -0.199192500964345 -0.162714941757912 -0.126237382904846 -0.0897598244381096 -0.0532822662894949 -0.0168047083701487 0.0196728493901838 0.0561504070571084
-1.11810134843499 -1.0635505304986 -1.00957759455518 -0.956893648569427 -0.905607140441055 -0.855662845791436 -0.806953511193427 -0.75944577046634 -0.713453835463821 -0.669281115744843 -0.626840233655357 -0.585946114738056 -0.546553693156961 -0.509177937561402 -0.474392295193716 -0.442444093182973 -0.41339201171983 -0.386866263354564 -0.362266840335398 -0.338501321342727 -0.314354181664987 -0.288763424586682 -0.261281165376588 -0.231607164573099 -0.19941765180882 -0.1645169349405 -0.127245165627234 -0.0881034876438033 -0.0477011694253601 -0.00667451057215114
-1.006668810567 -0.971242493118534 -0.935816175721778 -0.900389858443578 -0.864963541343227 -0.829537224468231 -0.794110907826472 -0.758684591417573 -0.723258275247724 -0.687831959321695 -0.652405643632018 -0.616979328168162 -0.581553012910796 -0.546126697805371 -0.510700382789236 -0.475274067802531 -0.439847752816195 -0.404421437921553 -0.368995123228305 -0.333568808799241 -0.298142494685427 -0.262716180917308 -0.227289867442851 -0.191863554208596 -0.156437241237868 -0.121010928582991 -0.0855846163355076 -0.0501583045550298 -0.0147319931342095 0.0206943180760406
0.969946678319517 0.935422481991234 0.900907411128515 0.866415037612424 0.831961134595911 0.797563575401112 0.763246432755002 0.729036240180205 0.694963174977093 0.66105108107608 0.627294825149988 0.593682029557241 0.560198900902251 0.526825982773368 0.493544797821023 0.460346447960014 0.427225754447563 0.394182836646198 0.361218490106635 0.328330917027036 0.295517671267427 0.262773367274488 0.23008086184152 0.197423678286186 0.164799763676976 0.132208435747097 0.099640071137804 0.067084260188595 0.034536389123879 0.00199329313929358
-1.0273948843385 -0.985583322729257 -0.943777481081353 -0.902065554298243 -0.860654269325537 -0.819764780250371 -0.779557417683843 -0.740152462815689 -0.701570822626251 -0.663799184503809 -0.6267867316778 -0.590473271337947 -0.554846879559044 -0.520088707956148 -0.486399411843763 -0.453864585793906 -0.422519324585326 -0.392311784566182 -0.36315862066974 -0.334937420600269 -0.307516005254791 -0.28078780528099 -0.254748690329202 -0.229385321026962 -0.204545082907963 -0.180048234471238 -0.155745801171025 -0.131514905803392 -0.10730629357652 -0.0830891153016138
-0.994826154843153 -0.958195582370553 -0.921556966282781 -0.884915698860915 -0.848325490246081 -0.811848761286406 -0.775534457797996 -0.7394268414945 -0.70356491271178 -0.667992542723476 -0.632778347932128 -0.597997131022497 -0.563715305452959 -0.529965727776338 -0.496755540093212 -0.464022583600741 -0.431691580560746 -0.399704078397104 -0.368007185776178 -0.336553431172211 -0.305296698011417 -0.274192018593973 -0.243199020715914 -0.212279055433206 -0.18139577134567 -0.150522286521189 -0.119667299356041 -0.0888428752868068 -0.0580389675828804 -0.0272400014718595
-0.974514760876632 -0.940440614228672 -0.906366467469152 -0.872292320473335 -0.838218173135052 -0.804144025387464 -0.770069877302492 -0.735995728999073 -0.70192158064545 -0.667847432404209 -0.633773284366015 -0.599699136603551 -0.565624989201062 -0.531550842289049 -0.497476695995792 -0.463402550394447 -0.429328405547845 -0.395254261532641 -0.361180118399211 -0.327105976078977 -0.293031834473625 -0.258957693499161 -0.224883553128871 -0.190809413344554 -0.156735274104771 -0.122661135342 -0.0885869969076285 -0.0545128586488853 -0.0204387204774611 0.0136354176788385
-0.968056708315116 -0.939129145225277 -0.910322789747283 -0.881377115711233 -0.853038095110319 -0.82598017900229 -0.799585236540014 -0.77302662878027 -0.745936266300378 -0.718091391368232 -0.689392023493487 -0.659768876496238 -0.62902113126699 -0.596421836977893 -0.560982749974047 -0.521196587010717 -0.476151787704914 -0.427838722710486 -0.37889256682578 -0.331625780390307 -0.288270145128869 -0.250749083920406 -0.219752584260411 -0.19529428577777 -0.175915872018385 -0.159994864061809 -0.146724089205182 -0.135439874629572 -0.125237240834183 -0.115150881647751
-1.00704626658362 -0.973462113572146 -0.939877960436685 -0.906293807038195 -0.872709653324247 -0.839125499286191 -0.805541345003882 -0.771957190550839 -0.73837303588673 -0.704788880951698 -0.671204725721624 -0.637620570181331 -0.604036414313733 -0.570452258094133 -0.536868101477239 -0.503283944343 -0.469699786573835 -0.436115628136802 -0.40253146905086 -0.368947309457934 -0.335363149530689 -0.301778989419698 -0.268194829187167 -0.234610668881825 -0.201026508586859 -0.167442348369543 -0.133858188199036 -0.100274028029484 -0.0666898678531157 -0.0331057076716773
-0.976426043379112 -0.938403185507213 -0.90052189064004 -0.862597075025094 -0.825741303392695 -0.791228957988114 -0.759684042633594 -0.731257945969774 -0.704861974333876 -0.679235067474117 -0.653666781086104 -0.627584324852297 -0.600454977642796 -0.571906295078271 -0.541471340740464 -0.508144933304833 -0.470851487863019 -0.428772050077699 -0.38170842540563 -0.331688827908874 -0.281298073800819 -0.232884253680072 -0.187848555686116 -0.146934873693108 -0.109204826973024 -0.0733331225594201 -0.0381290931343523 -0.00268506842644174 0.032909259297925 0.06831485713792
-0.954747335910405 -0.959466592362943 -0.959730259747216 -0.951970882688371 -0.933574044443664 -0.901476494037854 -0.84986660493362 -0.777676782854429 -0.705563938128988 -0.653207379143677 -0.614651501910349 -0.577531974347221 -0.533932295551862 -0.493727289339252 -0.466249427300872 -0.440870447416813 -0.406279026459831 -0.368392329984745 -0.335834498871571 -0.310829086519066 -0.29399949945567 -0.283444151943166 -0.267161489176718 -0.232419645391266 -0.17366548004748 -0.0942767188930154 -0.0261758275977215 0.00102276148852337 -0.00451851078206881 -0.0251929852567638
-1.03853279381748 -1.00232430263687 -0.966115811380031 -0.929907319961225 -0.893698828319735 -0.857490336403191 -0.821281844167611 -0.785073351572311 -0.748864858581408 -0.712656365164758 -0.676447871310358 -0.640239377010743 -0.604030882250122 -0.567822386979405 -0.531613891138307 -0.495405394655068 -0.459196897475192 -0.422988399624718 -0.386779901131019 -0.350571401946279 -0.314362902003886 -0.278154401263219 -0.241945899787635 -0.205737397651466 -0.169528894868994 -0.13332039144863 -0.0971118874353745 -0.0609033829063892 -0.0246948780308781 0.0115136269989434
0.987421150795966 0.953535266860191 0.919649382978712 0.885763499215933 0.851877615595293 0.817991732125918 0.78410584880065 0.750219965592995 0.716334082415392 0.682448199175558 0.648562315823403 0.614676432319387 0.580790548627566 0.546904664726402 0.513018780604782 0.479132896278893 0.445247011764819 0.411361127050918 0.377475242129552 0.343589357036799 0.309703471819669 0.275817586526501 0.241931701210942 0.208045815925856 0.174159930715648 0.140274045620491 0.106388160672095 0.0725022758846475 0.0386163912107072 0.00473050658742495
-1.0470940592674 -1.00898510590593 -0.970876152603017 -0.932767199424465 -0.89465824647019 -0.856549293827388 -0.818440341498328 -0.780331389446128 -0.742222437562256 -0.704113485737254 -0.666004533929608 -0.627895582114793 -0.589786630255824 -0.551677678265885 -0.513568726054739 -0.475459773568294 -0.437350820764484 -0.399241867613181 -0.361132914081518 -0.323023960113716 -0.284915005648265 -0.246806050633036 -0.208697095053414 -0.170588138919341 -0.13247918230146 -0.0943702252859173 -0.0562612679601553 -0.0181523104116887 0.0199566472729737 0.0580656050075748
-0.996122564756525 -0.96252907369612 -0.928935582581 -0.895342091352234 -0.861748599994005 -0.828155108521656 -0.794561617032061 -0.76096812564375 -0.727374634480374 -0.693781143643487 -0.660187653141158 -0.626594162958086 -0.593000673048319 -0.559407183243304 -0.525813693364388 -0.492220203315105 -0.458626713014022 -0.425033222357635 -0.391439731253819 -0.357846239678029 -0.324252747622618 -0.29065925509141 -0.257065762134128 -0.223472268807608 -0.189878775151263 -0.156285281220852 -0.122691787154968 -0.0890982930872171 -0.0555047990484183 -0.0219113050436966
-0.962690943428102 -0.929516467104664 -0.896341990712031 -0.86316751412334 -0.829993037260684 -0.796818560042276 -0.763644082321821 -0.730469603941863 -0.697295124764806 -0.664120644698727 -0.630946163814539 -0.597771682223862 -0.564597200073697 -0.531422717652555 -0.498248235224203 -0.465073752811911 -0.431899270368984 -0.398724787809355 -0.365550305042637 -0.332375822000532 -0.299201338620268 -0.266026854846187 -0.232852370651105 -0.199677886028922 -0.166503401029427 -0.133328915731444 -0.100154430274061 -0.0669799447871328 -0.0338054593032987 -0.000630973830894922
-0.99926352907043 -0.965139622601171 -0.931015716075631 -0.8968918094759 -0.862767902847902 -0.828643996239385 -0.794520089641549 -0.760396183055828 -0.726272276581145 -0.692148370360741 -0.658024464617646 -0.623900559594836 -0.589776655488992 -0.555652752311605 -0.521528850027084 -0.487404948596699 -0.453281047979351 -0.41915714812761 -0.385033248972931 -0.350909350368637 -0.316785452148519 -0.282661554170146 -0.248537656386218 -0.214413758762381 -0.18028986122094 -0.146165963682384 -0.112042066103281 -0.0779181684621292 -0.0437942707890709 -0.00967037312715893
-1.15535250234752 -1.04747375229681 -0.950823837433003 -0.870851476910621 -0.810993367074084 -0.773551777219134 -0.758303291256874 -0.759405035192097 -0.751061988788995 -0.709921553872255 -0.642352966749142 -0.562155922347566 -0.487822873424703 -0.456617304054801 -0.490542026232486 -0.531786132316847 -0.520513685904802 -0.468602355180141 -0.402713496064019 -0.336929610840206 -0.282188488383122 -0.245854903485531 -0.22100157461356 -0.198325749576634 -0.17331484988399 -0.142930416876529 -0.105240297521999 -0.0603247756342716 -0.0152075767848641 0.0213517130152935
-1.01223235099805 -0.978103155468311 -0.94397395993717 -0.909844764398376 -0.875715568886163 -0.841586373501481 -0.807457178571681 -0.773327984425814 -0.73919879117333 -0.705069598853943 -0.670940407448015 -0.636811216921072 -0.602682027243227 -0.568552838402962 -0.534423650395509 -0.500294463224759 -0.466165276887202 -0.432036091341065 -0.397906906552514 -0.363777722557728 -0.329648539410386 -0.295519357155011 -0.261390175799489 -0.227260995311167 -0.193131815531874 -0.159002636271842 -0.124873457340411 -0.0907442785712004 -0.0566150998958159 -0.0224859212703618
-0.939716394274783 -1.14900756895262 -1.03754108856739 -0.899480962828784 -0.808016302589864 -0.772582845107582 -0.768577732111012 -0.766674844860704 -0.752693618270994 -0.719782999350756 -0.675264429833262 -0.630002475132877 -0.588662150077652 -0.531110267150377 -0.446329005099932 -0.384560210084824 -0.385808368378503 -0.387868859304558 -0.327252441996676 -0.237540501778801 -0.176582080522439 -0.181185969523323 -0.203999957774087 -0.19570372835537 -0.183265543002934 -0.191151375281561 -0.157529467417005 -0.0415166076196762 0.0276785006223373 -0.12167582499847
-1.05782915514009 -1.02894372755164 -0.998876052357446 -0.96647911308631 -0.931093303267096 -0.892410616217417 -0.851042034409829 -0.807768023328838 -0.763127991351834 -0.717723419856181 -0.672645139326288 -0.629106317523321 -0.588103288825341 -0.549765054077982 -0.513859855961168 -0.479580238024409 -0.446181357911971 -0.413744528777549 -0.382315114850377 -0.350968529152414 -0.318537696903797 -0.283858508468191 -0.245778714783368 -0.203022145299817 -0.153805082944783 -0.0970464278661993 -0.03498309561799 0.0296936386025205 0.0957930764304007 0.162499663708817
0.999079646845992 0.968896523344728 0.938083209229095 0.906150232558337 0.872962619119554 0.838488819656216 0.802756487009392 0.765806443209963 0.727672984950442 0.688449482109759 0.648472122650866 0.60813779905772 0.567850193459319 0.528040146564812 0.489117676768589 0.451382354625861 0.415040283398238 0.380034145012125 0.346246294433071 0.313581200118396 0.281948858898361 0.251244933381084 0.22130774928608 0.192033733402859 0.163609053689486 0.13624061462092 0.109928525571136 0.0845654419768394 0.0598209986266344 0.0353090751471021
-0.99003467629947 -0.95550341089043 -0.92097214545949 -0.886440879957591 -0.851909614325264 -0.817378348524191 -0.782847082611087 -0.748315816641502 -0.713784550571288 -0.679253284338624 -0.644722017910682 -0.610190751261883 -0.575659484377451 -0.541128217285822 -0.506596950014327 -0.472065682542675 -0.437534414842478 -0.403003146900607 -0.368471878713223 -0.333940610298425 -0.299409341679789 -0.26487807287387 -0.230346803869113 -0.195815534657769 -0.161284265275394 -0.126752995750744 -0.092221726042053 -0.0576904561129556 -0.0231591860192044 0.0113720841604186
-1.04328791518249 -1.00538302393444 -0.967479883630617 -0.92958975184906 -0.89172592717845 -0.853908281730786 -0.816180940700724 -0.778587398198208 -0.74114437091168 -0.703857081617312 -0.666711554863675 -0.629689015642445 -0.592775796547054 -0.555978660577969 -0.519320417635449 -0.482867634811879 -0.446694563850503 -0.410862437905882 -0.37541944696608 -0.340374626941879 -0.305727225224735 -0.27146289387765 -0.237512903649788 -0.203797899203237 -0.170250402165601 -0.136809106343791 -0.10342551729643 -0.0700595997593708 -0.0366923434256461 -0.00330999422758597
-1.02197617944182 -0.994198592078347 -0.964358065971502 -0.936375167146763 -0.908380806745325 -0.876820555591309 -0.837188278124826 -0.786344039392778 -0.727564413253244 -0.665521143716139 -0.604050146587552 -0.546778380622615 -0.497631425090679 -0.461729341317974 -0.442856980637759 -0.438263872354536 -0.442732624719172 -0.447713483796742 -0.444263319821993 -0.425197861894148 -0.383772553828549 -0.317725328530499 -0.242724075265138 -0.175821126803209 -0.121676633578029 -0.0806898143819345 -0.0486083437807752 -0.0208582958830024 0.00376911280604013 0.0256413801817858
0.967868198585834 0.935908251368834 0.903948303922836 0.871988356082192 0.840028407827742 0.808068459177447 0.776108510151247 0.744148560748687 0.712188610885729 0.680228660475116 0.648268709500273 0.616308757962295 0.584348805841175 0.552388853032502 0.520428899428245 0.488468944990321 0.456508989712012 0.424549033642121 0.392589076859641 0.360629119508796 0.328669161750122 0.296709203735012 0.264749245578282 0.232789287357799 0.200829329040187 0.168869370560398 0.136909411837932 0.104949452819479 0.0729894935759445 0.0410295342092879
-0.929294706516786 -0.905385583459578 -0.881411089328741 -0.85729720946159 -0.832999370087976 -0.808474694729446 -0.783657655181812 -0.758409472662333 -0.73232101779978 -0.704996082042909 -0.676360490708899 -0.646420577582036 -0.615186255207213 -0.582681751171749 -0.548942811922331 -0.514036944300674 -0.478063032137076 -0.44121370682113 -0.40368684807076 -0.365607581357908 -0.327082843593023 -0.288217219504713 -0.249105885094226 -0.209816483480587 -0.170315934981283 -0.130558428734774 -0.0905479519649398 -0.050316645633216 -0.00995946756583169 0.030412920194785
-1.011280725983 -0.975850171200327 -0.940419616498603 -0.904989061987855 -0.869558507834194 -0.83412795421057 -0.798697401261214 -0.763266849098991 -0.727836297740025 -0.692405747179552 -0.656975197426011 -0.621544648491144 -0.586114100368651 -0.550683552980087 -0.515253006240956 -0.479822460114705 -0.444391914576438 -0.408961369599928 -0.373530825149716 -0.33810028115473 -0.302669737534991 -0.267239194217553 -0.231808651157588 -0.196378108330457 -0.160947565764149 -0.125517023478637 -0.0900864814092145 -0.0546559394732782 -0.0192253976013357 0.0162051442728282
-1.03428444952082 -0.997518465585398 -0.96075248161385 -0.923986497570651 -0.887220513413521 -0.850454529096238 -0.813688544563567 -0.776922559737989 -0.740156574461848 -0.703390588564166 -0.66662460190083 -0.629858614334437 -0.59309262575398 -0.556326636154017 -0.519560645579259 -0.482794654169471 -0.446028662073096 -0.409262669378228 -0.372496676190512 -0.335730682746141 -0.298964689313942 -0.262198696125418 -0.225432703262752 -0.188666710763839 -0.151900718638725 -0.115134726874039 -0.0783687353905698 -0.0416027440926471 -0.00483675288458869 0.0319292383292901
-0.981503916165808 -0.946673438930026 -0.911842961531362 -0.877012483767022 -0.842182005407524 -0.807351526222076 -0.772521046001345 -0.737690564541973 -0.70286008164303 -0.668029597165072 -0.633199111212182 -0.598368623949321 -0.563538135548043 -0.52870764620626 -0.493877156120834 -0.459046665458075 -0.424216174370138 -0.389385682983122 -0.354555191406047 -0.319724699705672 -0.28489420793819 -0.250063716175769 -0.215233224554465 -0.180402733193935 -0.145572242084328 -0.110741751175449 -0.0759112603852292 -0.0410807696395138 -0.00625027892766148 0.0285802117450897
1.02110754059244 0.957956630244873 0.900874802525103 0.874335924030911 0.868772687989641 0.86614516733905 0.848564127228967 0.804232738857456 0.745573105403454 0.688079064018276 0.635312455761866 0.587852122671324 0.54695411881072 0.516583346352 0.500432325010952 0.498395196570854 0.506276808483365 0.507323208806189 0.484791532990912 0.434542065458589 0.355585877872645 0.256013805133016 0.180235735085673 0.162564303106251 0.160604081742996 0.128660810994077 0.0845529634847284 0.0551654641743955 0.0401363147322863 0.0322917860050503
-1.00547846804345 -0.969288069179312 -0.933097670433606 -0.896907271900183 -0.860716873620376 -0.824526475614446 -0.788336077870888 -0.752145680378322 -0.715955283157635 -0.679764886215941 -0.643574489473 -0.607384092826729 -0.571193696197074 -0.535003299592074 -0.49881290304637 -0.462622506612907 -0.426432110341072 -0.390241714247703 -0.354051318341005 -0.317860922627185 -0.281670527111952 -0.245480131809286 -0.20928973676626 -0.173099342003756 -0.136908947404815 -0.100718552838626 -0.0645281582568142 -0.0283377636388011 0.00785263100724186 0.0440430256659558
-0.981118720944815 -0.947357073381458 -0.913595425845779 -0.879833778430407 -0.846072131335037 -0.812310484781637 -0.778548838974209 -0.744787194071596 -0.711025550069946 -0.677263906913499 -0.643502264501543 -0.609740622722132 -0.575978981486482 -0.542217340798486 -0.508455700648906 -0.474694060883319 -0.4409324213192 -0.407170781806783 -0.373409142234698 -0.339647502612393 -0.305885862979517 -0.27212422338197 -0.238362583890649 -0.204600944588223 -0.170839305579449 -0.137077666936118 -0.103316028576073 -0.0695543903863281 -0.0357927522845079 -0.00203111419589295
-0.966153344061819 -0.932690472965832 -0.899227601804476 -0.865764730511954 -0.832301859006521 -0.798838987210851 -0.765376115081266 -0.731913242564244 -0.69845036953326 -0.664987495840706 -0.631524621327641 -0.598061745832295 -0.564598869251304 -0.531135991714942 -0.497673113411673 -0.464210234529083 -0.430747355247113 -0.397284475716003 -0.363821596051487 -0.330358716261001 -0.296895836324903 -0.263432956219629 -0.22997007590593 -0.196507195356364 -0.163044314606419 -0.129581433718033 -0.0961185527960269 -0.0626556719339535 -0.029192791137408 0.00427008961000354
-1.02664481973461 -0.991193564986819 -0.955742310256579 -0.920291055544961 -0.884839800962882 -0.849388546643941 -0.813937292702632 -0.778486039230267 -0.743034786244563 -0.707583533725174 -0.672132281573123 -0.636681029669769 -0.601229777900819 -0.565778526169368 -0.530327274383988 -0.494876022457785 -0.459424770300654 -0.42397351780511 -0.388522264898977 -0.353071011668686 -0.31761975824032 -0.282168504751898 -0.246717251389176 -0.211265998300359 -0.175814745435711 -0.14036349270353 -0.104912240042179 -0.0694609874022494 -0.0340097347531677 0.00144151793093112
-0.937234735521168 -1.01398023880634 -1.02605358773178 -0.984464859466455 -0.889813746647783 -0.757221186579668 -0.670303479763515 -0.691371928670234 -0.72902248045126 -0.688592536698819 -0.616100672087766 -0.592735754563615 -0.656601918076949 -0.673464360598632 -0.531281487857139 -0.379123472591108 -0.368728720550773 -0.401396802522576 -0.355433910386256 -0.267611555358521 -0.214317578490324 -0.240144361279937 -0.262502447014907 -0.205822178011155 -0.149794930908825 -0.175823923943487 -0.21689870740819 -0.188217659492525 -0.0822281379147773 0.0893102547245988
1.11590051300033 1.04259679761743 0.987664691384501 0.931304407783607 0.875249142970617 0.824010382796067 0.771679789215398 0.714694301035451 0.669291788363768 0.650701201242224 0.650314878149332 0.653566004672768 0.645593201696222 0.61035683128746 0.540619597180496 0.465531828590279 0.415629686610934 0.390605034372355 0.380425782976786 0.3670083333801 0.330256209001575 0.263156864608839 0.211033480362915 0.214343374917395 0.241744695502738 0.250754547444249 0.226125039869738 0.164523849831395 0.08304592227642 0.00389301912576213
-1.00696451257208 -0.965061934207816 -0.922403547204301 -0.864093391947214 -0.805150853897178 -0.764164501325252 -0.744084288669299 -0.741246110526449 -0.741168235964106 -0.727834303051422 -0.689907051394273 -0.617218995982715 -0.513900423406454 -0.441272706653792 -0.448153691693852 -0.476156030020441 -0.458221383601788 -0.399812650779137 -0.324245960641026 -0.253729128892155 -0.210192892891265 -0.20739057187232 -0.226365812570177 -0.242090954965954 -0.237962784524936 -0.205632540353935 -0.161344830641729 -0.122524369134909 -0.0867229227293638 -0.0465240216083024
-0.978071496231471 -0.946107604251487 -0.914143712236622 -0.882179820226657 -0.850215928363096 -0.818252036789852 -0.786288145558756 -0.754324254707007 -0.722360364305351 -0.690396474428188 -0.658432585130993 -0.626468696464508 -0.594504808482596 -0.562540921251616 -0.530577034828358 -0.498613149218853 -0.466649264410338 -0.43468538036566 -0.402721497057205 -0.370757614519912 -0.338793732804359 -0.306829851955446 -0.274865971995361 -0.242902092908172 -0.210938214548192 -0.17897433675493 -0.14701045943843 -0.115046582515418 -0.0830827058588067 -0.0511188293305534
-0.970218327741934 -0.940911001393872 -0.911586236092937 -0.882239645945372 -0.852861575616764 -0.823432038406105 -0.793894991586665 -0.764191529942099 -0.734287354323325 -0.704158051212059 -0.673794143545941 -0.643189888376594 -0.612328756474377 -0.5811510734846 -0.549581602912465 -0.517526004827782 -0.484904752918607 -0.45171667878136 -0.417991000139121 -0.383800121313245 -0.349227243274656 -0.314342697044652 -0.279165333846026 -0.243707942386476 -0.208010541111821 -0.172127757593754 -0.136145426169361 -0.100141580623209 -0.0641318457644225 -0.0281162441582611
-1.0022571678385 -0.968117683498217 -0.933978199275336 -0.899838715276691 -0.865699231593711 -0.831559748271893 -0.797420265188396 -0.763280782196514 -0.729141299222412 -0.69500181618467 -0.660862332898661 -0.626722849153959 -0.592583364758885 -0.558443879596752 -0.524304393583882 -0.490164906693648 -0.456025418901533 -0.421885930134412 -0.38774644032723 -0.353606949495812 -0.319467457676203 -0.285327964927645 -0.251188471402171 -0.217048977278084 -0.182909482745992 -0.148769987990412 -0.11463049315921 -0.0804909983697231 -0.0463515036538267 -0.0122120090220314
-0.977739171041401 -0.944775525749824 -0.911811880583567 -0.878848235647987 -0.845884591080602 -0.812920946992031 -0.779957303353132 -0.746993660125684 -0.714030017374908 -0.681066375229538 -0.648102733968941 -0.615139093910139 -0.582175455321709 -0.54921181827845 -0.516248182779417 -0.483284548714458 -0.450320915952617 -0.417357284388916 -0.384393653913152 -0.351430024368243 -0.318466395585386 -0.285502767398121 -0.252539139649365 -0.219575512179931 -0.186611884812857 -0.153648257382826 -0.120684629788872 -0.0877210019750174 -0.0547573740008813 -0.0217937459549824
-0.985032097742392 -0.954127493742758 -0.923261448183018 -0.892430513098665 -0.861579800023611 -0.830649810557126 -0.799614047061477 -0.76845008357413 -0.73711878007033 -0.705574389496028 -0.673761450742229 -0.641622074186199 -0.609083247716595 -0.576011469267646 -0.54227051900144 -0.507773795945917 -0.472448239437059 -0.436225331177148 -0.399068932721373 -0.361067882670234 -0.32234226388556 -0.283024194328493 -0.243293932357426 -0.203313929915504 -0.163127272887655 -0.122744877806632 -0.0821683498547326 -0.04140849206299 -0.000522210207826294 0.0404220642479884
-1.02938278951595 -0.993712851672782 -0.958042913881873 -0.922372976215769 -0.886703038747651 -0.851033101545412 -0.815363164655143 -0.779693228104845 -0.744023291871973 -0.708353355938219 -0.672683420352787 -0.63701348518176 -0.601343550493736 -0.565673616367374 -0.530003682879886 -0.494333750092631 -0.458663818022965 -0.422993886528064 -0.38732395544308 -0.351654024675249 -0.315984094149826 -0.280314163797259 -0.244644233568766 -0.208974303404146 -0.173304373176767 -0.137634442767316 -0.10196451215219 -0.0662945813464212 -0.030624650423862 0.00504528052692974
-0.996245142949287 -0.959775100906108 -0.923277242163093 -0.886740507010793 -0.850180546499193 -0.813619618905865 -0.777079700659286 -0.740584160982768 -0.704162222128048 -0.667845901685396 -0.631672545570813 -0.595680831781727 -0.559908201654158 -0.524387149878489 -0.489147033959347 -0.454209609303992 -0.419588679650355 -0.385273844156429 -0.351247321830499 -0.317486015661944 -0.283965499635421 -0.250650733616582 -0.217464220995065 -0.184324644825133 -0.151177863295559 -0.117987135502978 -0.0847581490409772 -0.0515054110790349 -0.0182362785932332 0.0150436789886946
-0.988000566183313 -0.956152696572384 -0.923270674557437 -0.888300211906758 -0.850625904389031 -0.810456600572544 -0.770859276223603 -0.735397338551915 -0.706761793342781 -0.685898072255386 -0.667641711868858 -0.645300774992309 -0.613629152296975 -0.573164045902591 -0.526179177344784 -0.476111034374249 -0.426100195423927 -0.376940835440674 -0.329419219013983 -0.286636372789963 -0.252272013928883 -0.229298818011604 -0.217861294301378 -0.215740614406424 -0.214092765632455 -0.202386408129913 -0.169966077730681 -0.109903688746473 -0.0303047937269129 0.0569666452189029
-1.06614934133196 -1.01877094301168 -0.972681484123707 -0.9271717243083 -0.878490907977577 -0.824644954517211 -0.773707998435296 -0.734157436780604 -0.706015501642201 -0.686656928065221 -0.671321627878777 -0.654715807107979 -0.632296571740856 -0.602524627617131 -0.565026655632094 -0.521089637051627 -0.473235305069081 -0.427264100217097 -0.388067813344987 -0.353624929229443 -0.320185606129004 -0.284059967421843 -0.241797996964665 -0.192293324932028 -0.143574306291369 -0.105522808750703 -0.0863000261874828 -0.0905271136516378 -0.110385744713579 -0.134947722573837
-0.97327332659478 -0.942831329548596 -0.912389332582476 -0.881947335743447 -0.85150533908666 -0.821063342678282 -0.790621346620378 -0.760179351012948 -0.729737355911809 -0.699295361355907 -0.668853367360871 -0.6384113739365 -0.607969381070328 -0.577527388660825 -0.547085396597184 -0.516643404820553 -0.486201413282904 -0.455759421927544 -0.425317430686474 -0.394875439455137 -0.364433448119838 -0.333991456573113 -0.303549464732434 -0.273107472533738 -0.242665479961895 -0.212223487027464 -0.181781493794824 -0.151339500341723 -0.120897506745569 -0.090455513083685
0.999208061795397 0.964888147588706 0.930568233383878 0.896248319258695 0.861928405397061 0.827608491987006 0.793288579126925 0.758968666877305 0.724648755236646 0.690328844196824 0.656008933785219 0.621689024038087 0.587369114969641 0.553049206505921 0.518729298567617 0.484409391142183 0.450089484222379 0.415769577755405 0.381449671686531 0.347129765998874 0.312809860685011 0.278489955754454 0.24417005128445 0.209850147346752 0.175530243923383 0.141210340968465 0.106890438414219 0.0725705361818899 0.0382506341707013 0.00393073227437118
0.98795782663764 0.95493564068727 0.921913454721332 0.888891268701716 0.855869082500092 0.822846896007156 0.789824709279928 0.756802522389053 0.723780335293362 0.690758147907747 0.657735960083155 0.624713771654548 0.591691582468496 0.558669392418004 0.525647201415108 0.492625009401538 0.459602816346273 0.426580622297611 0.393558427347271 0.360536231681331 0.327514035509459 0.294491839030057 0.261469642396455 0.228447445733894 0.195425249100314 0.162403052528273 0.129380856016092 0.0963586595522752 0.0633364631203102 0.0303142667024292
-0.999054063920449 -0.96728833662385 -0.935522609211906 -0.903756881627008 -0.871991153923785 -0.840225426196706 -0.808459698587366 -0.776693971268153 -0.744928244487513 -0.713162518503777 -0.681396793538759 -0.649631069805139 -0.617865347494642 -0.586099626715155 -0.554333907509156 -0.522568189741312 -0.490802473211246 -0.459036757636198 -0.42727104273319 -0.395505328300758 -0.363739614157813 -0.331973900146535 -0.300208186202176 -0.268442472294351 -0.23667675843708 -0.204911044653102 -0.17314533095564 -0.141379617349942 -0.109613903818845 -0.07784819033959
-0.973911266313327 -0.941368874227649 -0.908826482073406 -0.876284089829067 -0.843741697436583 -0.811199304841769 -0.778656912042417 -0.746114519038107 -0.713572125783603 -0.681029732226113 -0.648487338327438 -0.615944944053025 -0.583402549365147 -0.550860154213366 -0.518317758555219 -0.48577536239283 -0.453232965752183 -0.420690568710103 -0.388148171367158 -0.355605773868049 -0.323063376368509 -0.290520979023531 -0.257978581985145 -0.2254361853759 -0.192893789203392 -0.160351393429617 -0.127808997949132 -0.0952666026512953 -0.0627242074721117 -0.0301818123592466
-0.954065363168336 -0.931916256826022 -0.910137236911236 -0.887585937817048 -0.863301087252489 -0.836229142649903 -0.804766387018898 -0.76757165656548 -0.724904174703965 -0.6777413681695 -0.628333089772242 -0.579247298841101 -0.532832469238709 -0.490559132962592 -0.453402762735699 -0.421236536047783 -0.393499912956244 -0.368999779022284 -0.34638259464479 -0.324285694069596 -0.301344130004272 -0.276405682640636 -0.249169042107499 -0.219435501123693 -0.186565852831143 -0.150103964548886 -0.110766499881322 -0.0695159704143653 -0.0271254833746265 0.0156792051011087
