-0.979619920983229 -0.946322235887278 -0.9130245507831 -0.879726865700845 -0.84642918062497 -0.813131495531759 -0.779833810410508 -0.746536125266858 -0.713238440158806 -0.6799407551552 -0.646643070315929 -0.613345385698641 -0.580047701359306 -0.546750017347192 -0.513452333701404 -0.480154650427116 -0.446856967502654 -0.413559284832895 -0.380261602324513 -0.346963919964839 -0.313666237761363 -0.28036855569665 -0.247070873653557 -0.213773191520317 -0.180475509306385 -0.147177827046509 -0.113880144755396 -0.0805824624422992 -0.0472847801146747 -0.0139870977795328
-1.00469130834814 -0.971235705487511 -0.937780102712785 -0.904324500169401 -0.870868897977443 -0.837413296248784 -0.803957695087812 -0.770502094597553 -0.737046494883075 -0.703590896032816 -0.670135298066634 -0.636679700987245 -0.60322410478228 -0.56976850937904 -0.536312914687451 -0.50285732060827 -0.469401727055624 -0.435946134006284 -0.402490541413452 -0.369034949073416 -0.335579356743239 -0.302123764199208 -0.268668171294532 -0.235212577933432 -0.201756984147287 -0.168301390007636 -0.134845795619507 -0.10139020108745 -0.0679346064806355 -0.0344790118593842
-1.00557728766461 -0.971490361928818 -0.937401420970723 -0.903311950044431 -0.869214533132925 -0.835100966698301 -0.800968798390267 -0.766814400368866 -0.732623691647904 -0.698376641131834 -0.66403987043393 -0.629576664344671 -0.594953595512595 -0.56015038801847 -0.525153703351901 -0.489964801205589 -0.454592828870406 -0.419063885826783 -0.383408804806091 -0.347660399353908 -0.311851978219362 -0.27601485096596 -0.240172330414732 -0.204344130871624 -0.168543569324726 -0.132780118050662 -0.0970542677980539 -0.0613623525000387 -0.0256930603558064 0.00996683186893888
-0.999914754979736 -0.966147246145153 -0.932379737325386 -0.898612228529811 -0.864844719806456 -0.831077211178026 -0.7973097025273 -0.763542193720554 -0.729774684697983 -0.69600717541899 -0.662239665845892 -0.628472155941731 -0.594704645652826 -0.560937134858586 -0.527169623442833 -0.493402111373934 -0.459634598639855 -0.425867085222401 -0.392099571102463 -0.358332056263408 -0.324564540689227 -0.29079702436175 -0.257029507254175 -0.223261989387345 -0.189494470981326 -0.155726952278334 -0.121959433409966 -0.0881919144649367 -0.0544243954710399 -0.0206568764408385
-0.959354964226199 -0.937639334991492 -0.915449233668995 -0.892473112249093 -0.868444371921208 -0.843092594959448 -0.816087138777624 -0.787117052252036 -0.756010374969255 -0.722714533400035 -0.687515510841613 -0.650783929797839 -0.612867935062028 -0.574025760585333 -0.534451550066171 -0.49417299703417 -0.453292663766664 -0.412379037700586 -0.372137760403747 -0.333357164807851 -0.296846256685576 -0.263156023172189 -0.231805376853312 -0.20205398780566 -0.173156630619976 -0.144502735411637 -0.116025249880545 -0.087773092879452 -0.0597155502879915 -0.0318019997425164
-1.01246583938765 -0.977971237760533 -0.943477905087828 -0.908987456334433 -0.874497652496854 -0.840005380454817 -0.805507884589337 -0.771002382741101 -0.736485629088217 -0.70195477644546 -0.667409035836867 -0.632848132838785 -0.598270526348606 -0.563669608547878 -0.529037211633615 -0.494363994580516 -0.459641529331956 -0.424866212928311 -0.390036631566095 -0.355155302969375 -0.320225727744107 -0.285251233575587 -0.250234456466482 -0.215178667469241 -0.180090369518081 -0.144977076776937 -0.10984711644686 -0.0747081522299105 -0.0395643807950725 -0.00441913205306266
-0.995833242225992 -0.958305757762216 -0.920792654176993 -0.883302766017488 -0.845837025227409 -0.808399105855459 -0.771011552973791 -0.733706600706422 -0.696536368361361 -0.659560722628819 -0.622850634543802 -0.58647985122752 -0.550509233222652 -0.514948094757771 -0.479783436183824 -0.444964548655358 -0.410430714924348 -0.376118893328873 -0.341976527997255 -0.307995330632676 -0.274178079832035 -0.240527597865223 -0.20704688169411 -0.173730717426733 -0.140540873063827 -0.107434834476732 -0.0743859771265202 -0.0413735031668749 -0.00838403193219608 0.0245939629479371
-1.01070323083946 -0.974927749673736 -0.939152268557184 -0.903376787499577 -0.867601306543592 -0.831825825721271 -0.796050344989205 -0.760274864300872 -0.724499383672725 -0.688723903107582 -0.652948422490746 -0.617172941678137 -0.58139746051113 -0.545621978772915 -0.509846496243184 -0.474071012745817 -0.438295528133835 -0.402520042332619 -0.366744555323991 -0.330969067243194 -0.295193578263824 -0.259418088536067 -0.223642598116459 -0.187867107046533 -0.152091615401449 -0.116316123266801 -0.0805406307362801 -0.0447651379077248 -0.00898964488744652 0.0267858482161241
-0.960449575210417 -0.928560367677887 -0.896671160105054 -0.864781952412687 -0.832892744481191 -0.801003536203893 -0.76911432756618 -0.737225118586537 -0.705335909323777 -0.673446699815066 -0.641557489970632 -0.609668279668975 -0.577779068776108 -0.545889857108117 -0.514000644507822 -0.482111430974919 -0.450222216563199 -0.418333001385963 -0.386443785576807 -0.354554569290993 -0.3226653526892 -0.290776135942443 -0.258886919263087 -0.226997702841405 -0.195108486737976 -0.163219270960095 -0.131330055431642 -0.0994408400632236 -0.0675516247957965 -0.035662409577901
-0.974879723042709 -0.952216308540529 -0.90981467101202 -0.873438348109025 -0.850789604401145 -0.838593774347058 -0.807729745044008 -0.73734614279587 -0.665516998094474 -0.63288584668666 -0.631448841151331 -0.641040288275407 -0.642354966338116 -0.619529539587912 -0.565081160023619 -0.501607044676308 -0.452142186317957 -0.411392615651928 -0.370826327301193 -0.337288133635804 -0.32146705146258 -0.320645848290425 -0.278482294436579 -0.155943835220617 -0.0368616131631289 -0.00885870813986544 -0.0518622522462122 -0.115309610681872 -0.134375028844187 -0.0406669721799058
-0.981351738638373 -0.943146666975538 -0.904930533912744 -0.866733942935342 -0.828698495941192 -0.790975388792211 -0.75364319479404 -0.716765630057528 -0.680419604470636 -0.644685140560745 -0.609641517635794 -0.57536782919886 -0.541925341961301 -0.509304015467587 -0.477470024407411 -0.446365711218249 -0.415914574240819 -0.385988567681026 -0.356473979048113 -0.327365973199488 -0.2986869343296 -0.270442813895097 -0.242573832401412 -0.21500587261585 -0.187673197304407 -0.160508561144568 -0.133430306461085 -0.106366721126177 -0.0793002875546624 -0.0522270367970115
-1.00595359445044 -0.970952025079533 -0.935950455751895 -0.900948886513735 -0.865947317313812 -0.830945748075423 -0.795944178717486 -0.76094260915476 -0.725941039289744 -0.690939469027391 -0.655937898294718 -0.620936327024257 -0.58593475517321 -0.550933182797448 -0.515931609990956 -0.4809300369015 -0.445928463684078 -0.410926890468817 -0.375925317359634 -0.340923744380468 -0.305922171535263 -0.270920598829998 -0.235919026278788 -0.200917453899103 -0.165915881713713 -0.130914309735725 -0.095912737934311 -0.0609111662629549 -0.0259095946563356 0.00909197695556971
-0.961889806686231 -0.930870316727622 -0.899850826935172 -0.868831337471868 -0.837811848373294 -0.806792359597212 -0.77577287091751 -0.744753382045198 -0.713733892623665 -0.682714402317877 -0.651694910946741 -0.620675418367649 -0.589655924445762 -0.558636429077337 -0.527616932181012 -0.496597433733875 -0.465577933757871 -0.434558432395925 -0.403538929811191 -0.372519426126754 -0.341499921455684 -0.310480415902587 -0.27946090953821 -0.248441402446734 -0.217421894799938 -0.186402386784616 -0.155382878560045 -0.124363370256688 -0.0933438619172786 -0.0623243535626154
-1.00586345583567 -0.972389315814968 -0.938897919441955 -0.905375924673377 -0.871812220738141 -0.838194308669481 -0.80450190544575 -0.770710093001634 -0.736783197152005 -0.702685330051149 -0.668390505330803 -0.633875211992068 -0.59911955344196 -0.564118090711152 -0.528875736163638 -0.493424349873032 -0.4577994361482 -0.422024128529403 -0.386122284997727 -0.350133032066192 -0.3140993133808 -0.278058291072466 -0.24202400121176 -0.206002136006006 -0.169988138269874 -0.133974882965708 -0.0979552230391888 -0.061924026306851 -0.025884242085307 0.0101591599338117
-1.01874601772177 -0.984111230833361 -0.949476443936117 -0.914841656961071 -0.880206869722085 -0.845572082028858 -0.810937293791614 -0.776302504971176 -0.741667715630226 -0.707032925848254 -0.672398135670111 -0.637763345131991 -0.603128554273067 -0.568493763144437 -0.533858971812004 -0.499224180388973 -0.46458938898664 -0.429954597661372 -0.395319806468832 -0.360685015516827 -0.326050224926197 -0.291415434800686 -0.25678064517566 -0.222145856060461 -0.187511067428729 -0.152876279227089 -0.11824149132983 -0.0836067036077848 -0.0489719159903111 -0.0143371284213975
-1.06230581921515 -1.02394555639924 -0.985585293520154 -0.947225030479397 -0.908864767194006 -0.870504503597638 -0.832144239674891 -0.793783975423881 -0.755423710845846 -0.71706344595644 -0.678703180825869 -0.640342915537976 -0.601982650179938 -0.563622384852267 -0.525262119658684 -0.486901854702399 -0.448541590070073 -0.410181325782686 -0.371821061834927 -0.333460798182009 -0.295100534769271 -0.256740271536054 -0.218380008397686 -0.180019745260535 -0.141659482019155 -0.103299218593222 -0.064938955014721 -0.0265786913406966 0.0117815723838932 0.050141836117111
-0.998393581713222 -0.964377126664687 -0.930360671639669 -0.896344216606706 -0.862327761561259 -0.82831130651085 -0.794294851484321 -0.760278396490603 -0.726261941437664 -0.692245486219683 -0.658229030776648 -0.624212575060002 -0.590196119026204 -0.556179662651764 -0.522163205893583 -0.488146748610044 -0.45413029066608 -0.420113832051324 -0.386097372781724 -0.352080912853793 -0.318064452259184 -0.284047990993966 -0.250031529071871 -0.216015066510414 -0.181998603324573 -0.147982139549783 -0.11396567530584 -0.0799492107299808 -0.0459327459448629 -0.0119162810694954
-0.982317629112719 -0.947545553840924 -0.912771776454256 -0.877991739554913 -0.843194148259697 -0.808364335832179 -0.773480885608436 -0.738524731487616 -0.703492959548675 -0.668386226057063 -0.633203315844407 -0.597942545883877 -0.562599531214125 -0.527159079135731 -0.491606631656488 -0.455940977351099 -0.420161311677548 -0.384255111060035 -0.348212729305406 -0.312047748784899 -0.275779559010846 -0.23942832962722 -0.203017350804555 -0.166569180871746 -0.130100330264568 -0.0936238186321001 -0.0571447503697498 -0.0206657978149482 0.0158121796731119 0.0522887759797972
-1.01368191910952 -0.97115052861018 -0.928407283474012 -0.885921580006709 -0.844575230314601 -0.805280123408237 -0.768656040114382 -0.735265209671641 -0.705731763149757 -0.68036716338644 -0.658170298460139 -0.637811912759482 -0.617900271777443 -0.596793725424356 -0.573010384024967 -0.545957315144286 -0.51553265854056 -0.482709885504701 -0.44850054702606 -0.412993181355071 -0.37604557355744 -0.33756136420714 -0.297627615911206 -0.256577551139821 -0.215545609782685 -0.17567578881235 -0.137349096113237 -0.100623098358795 -0.0650245864667002 -0.0299476574156875
1.03866739546052 1.00185675454831 0.965046113655242 0.928235472813074 0.891424832049156 0.854614191400866 0.817803550950125 0.780992910766221 0.744182270823361 0.707371631099175 0.670560991680057 0.633750352679591 0.596939714202981 0.560129076321891 0.52331843909056 0.486507802527028 0.449697166629971 0.412886531356785 0.376075896641627 0.33926526236698 0.302454628402402 0.26564399465542 0.228833361185412 0.192022728074937 0.155212095347424 0.118401462989846 0.0815908309024974 0.044780198975752 0.00796956714699871 -0.0288410646346203
-0.957038662002202 -0.923280096601265 -0.889521493344453 -0.855763312435116 -0.822005157684419 -0.788245054601184 -0.754475571877051 -0.720687851012679 -0.68687278156199 -0.653022044751558 -0.619130740445305 -0.585194823166491 -0.551210805294076 -0.517177430629843 -0.483095050507527 -0.448968214965868 -0.414802741773985 -0.3806053209175 -0.346381979004191 -0.312135216913935 -0.277866654094637 -0.243578186529953 -0.209272816346548 -0.174954469385434 -0.14062966020202 -0.106304694578821 -0.0719824544923796 -0.0376643260480243 -0.00334913567218867 0.0309649301284172
0.981719981567495 0.91953002901636 0.864379863329742 0.819611512610312 0.784984759518965 0.759568080750385 0.743246974576184 0.735105217419473 0.730202676732463 0.723119135190492 0.710537945332315 0.689668352162543 0.658554060919289 0.618576617774681 0.571787266159019 0.519578197601296 0.463725886329784 0.408202989271198 0.356792700299686 0.310324178380692 0.268888073752488 0.232655745348133 0.20212138687984 0.177004233559364 0.153600851817475 0.127901010447821 0.0980899564765294 0.0635903492648898 0.0265790192823563 -0.0100786602245765
-1.03216679290635 -0.998536000168305 -0.964851358142526 -0.93106234169535 -0.897153016245499 -0.863113681900655 -0.828924986971972 -0.794563328520341 -0.759997750402145 -0.725196495012801 -0.690131952108378 -0.654777548285111 -0.619112026322741 -0.583135393735037 -0.546851025728073 -0.510254503543105 -0.473339795057877 -0.436102208660907 -0.398539775475361 -0.360660077052234 -0.322473082549481 -0.283986311977465 -0.24519748875619 -0.206116571223178 -0.166812253976382 -0.127366293171478 -0.0878539549346053 -0.0483359685526272 -0.00882140598485051 0.0306935751413076
0.934529221741137 0.91166500076784 0.889113573006405 0.867142488489432 0.845502558790198 0.823796527375004 0.801551603741563 0.778257980167502 0.753333314018695 0.726137353252785 0.695870743106244 0.661694353135251 0.623239245506286 0.582017252827036 0.539753368443781 0.497144458215981 0.454735752888564 0.413494070235169 0.374376022785321 0.337875815063384 0.304372049592435 0.273977282847467 0.245739887111138 0.218566435640822 0.191860489785066 0.165217771265964 0.138505655208631 0.1116568254189 0.0845935470224723 0.0572354804750136
-1.0163719107044 -0.981424499067763 -0.946464246566669 -0.911472040489745 -0.876435146467443 -0.841341191567315 -0.806172870263483 -0.770907113593894 -0.735502731445229 -0.699921295548506 -0.664153546163352 -0.628197515681545 -0.592052599803765 -0.555723647466282 -0.519217088202628 -0.482540220699783 -0.445703047310226 -0.408725515894992 -0.371626827871099 -0.334413253370944 -0.297087829705767 -0.259655818480177 -0.222131378472255 -0.184530320205131 -0.146866164008659 -0.10915108796354 -0.0713941913471463 -0.0336051234959053 0.00420118721421119 0.0420084926473448
0.991308091259976 0.957940702489662 0.924573313556675 0.891205924367319 0.857838534952824 0.824471145358085 0.791103755557737 0.757736365483807 0.724368974968156 0.69100158384765 0.657634192079346 0.624266799650348 0.590899406542591 0.55753201271734 0.524164618143285 0.490797222839515 0.457429826848702 0.424062430257449 0.39069503312624 0.357327635367131 0.323960236855071 0.290592837502587 0.257225437372507 0.223858036581255 0.190490635309353 0.157123233732242 0.123755831940946 0.0903884300032889 0.0570210279787074 0.0236536259245412
-1.00627292167113 -0.972259096481334 -0.938245271427582 -0.904231446644018 -0.870217622133404 -0.836203797837673 -0.802189973586846 -0.768176149206352 -0.734162324615184 -0.700148499769686 -0.666134674682051 -0.632120849378434 -0.598107023891513 -0.564093198280061 -0.530079372615315 -0.496065546992298 -0.46205172150204 -0.428037896195852 -0.394024071108183 -0.360010246245773 -0.325996421608437 -0.291982597179054 -0.257968772872762 -0.223954948593517 -0.189941124268288 -0.155927299835534 -0.121913475256671 -0.0878996505114823 -0.0538858256302494 -0.0198720006558793
-0.905600836672318 -0.888929244764139 -0.872324048696294 -0.856091123286078 -0.841545599202904 -0.829407972204587 -0.817010942550453 -0.800956855763823 -0.77831443392249 -0.74702089281523 -0.70802104652027 -0.663011608688201 -0.61406974498468 -0.564794429135631 -0.518746002120598 -0.477808465873334 -0.442893148887546 -0.412697024942547 -0.385335725113574 -0.358813864373947 -0.331108303671507 -0.30042621786202 -0.265896037432952 -0.227310552906658 -0.186198739313345 -0.143798737970986 -0.0984491708407523 -0.0484293491609078 0.0053191393651174 0.0611891379176013
-1.02338003561391 -0.983973330009103 -0.94460354688049 -0.905313260556015 -0.866144179178968 -0.827136016931159 -0.78832137833314 -0.749719117604929 -0.711300197425645 -0.673036396611079 -0.634950650064593 -0.59707868171144 -0.559449405173411 -0.522064492858426 -0.484923105492165 -0.448041598285193 -0.411445723458656 -0.375181626791132 -0.339290525461197 -0.303773528689976 -0.268621718709236 -0.233824681799486 -0.199366020436208 -0.165228033083841 -0.131393785967668 -0.0978366166815304 -0.0644901805326456 -0.0312828920073236 0.00183811540513349 0.034921028464676
-1.02417894849523 -0.988581956653412 -0.952984964696214 -0.9173879725636 -0.881790980256741 -0.846193987793467 -0.810596995197027 -0.775000002487696 -0.739403009668407 -0.703806016751105 -0.668209023801131 -0.632612030897168 -0.597015038128257 -0.561418045624846 -0.525821053514169 -0.490224061869196 -0.454627070729235 -0.419030080053214 -0.383433089782091 -0.347836099865311 -0.312239110254444 -0.276642120909567 -0.241045131824798 -0.205448143003008 -0.169851154448036 -0.13425416615661 -0.0986571780960531 -0.0630601902226378 -0.0274632024778376 0.00813378520057318
-0.889592863600607 -0.866694633797625 -0.844286084182979 -0.822749964097135 -0.802342941132888 -0.783176877610264 -0.764910496505901 -0.747066238841258 -0.729074557160479 -0.710387168933931 -0.690632839814186 -0.669484597499366 -0.646552300978332 -0.621193134402891 -0.592830770608873 -0.56140751200525 -0.526949493275701 -0.489299548629609 -0.448428609633206 -0.405003297754409 -0.359864156936558 -0.313826822771956 -0.26760729744876 -0.221818086392162 -0.176757341379651 -0.132568774880321 -0.0890926957774034 -0.0460981055815156 -0.00337217989868689 0.0392933621412008
-0.986762830885325 -0.952446077515733 -0.918129324188305 -0.883812570889524 -0.849495817593122 -0.815179064275365 -0.780862310935433 -0.746545557585379 -0.712228804265855 -0.67791205102846 -0.643595297940002 -0.609278545071087 -0.574961792472501 -0.540645040115733 -0.506328287968524 -0.472011536062919 -0.437694784427541 -0.403378033013018 -0.369061281749676 -0.334744530564632 -0.300427779384202 -0.266111028119599 -0.231794276621636 -0.197477524751849 -0.16316077247507 -0.128844019794196 -0.0945272667610909 -0.0602105134467517 -0.0258937599497476 0.00842299362445947
0.995238846993579 0.9608443862792 0.92644992550637 0.892055464573949 0.857661003282432 0.823266541435931 0.788872078951416 0.754477615792953 0.720083152000134 0.685688687620315 0.651294222656388 0.616899757100125 0.582505290974111 0.548110824424178 0.513716357591226 0.47932189047319 0.444927423028318 0.410532955199062 0.376138486962966 0.341744018453721 0.307349549844059 0.272955081280509 0.238560612804805 0.204166144427504 0.169771676139266 0.135377207929205 0.100982739800144 0.0665882717528693 0.032193803766294 -0.00220066418613483
-1.02506508887577 -0.985012079362546 -0.945034399830158 -0.905212214635578 -0.865631182116596 -0.826366756954784 -0.787448085226032 -0.748905212327704 -0.710818089548756 -0.673260111141375 -0.636228537319082 -0.599701594785733 -0.563667937419512 -0.528157927795917 -0.493200423811036 -0.458776555946016 -0.424842734024751 -0.391304212657071 -0.358060887505372 -0.325042373656377 -0.29218571605289 -0.259442812204598 -0.226824969888711 -0.194350894542365 -0.162009471974858 -0.129773928681248 -0.097584673527482 -0.0653842384319078 -0.0331564651516039 -0.000895522903330622
-1.12610135954905 -1.05752285812072 -0.993823312945989 -0.937077533500451 -0.884885096981071 -0.83365169908808 -0.779482741813403 -0.72023826948474 -0.66109718948122 -0.60840218364614 -0.565832168628065 -0.536400119776875 -0.521123160885123 -0.513035009516061 -0.502812453616683 -0.479687968898271 -0.436777365524687 -0.38417410370585 -0.334728481393726 -0.29534049746244 -0.271422576016654 -0.265070462078453 -0.265113184339625 -0.258948998512805 -0.241519784724333 -0.211554973724181 -0.175390574343176 -0.13989370159077 -0.106449317110083 -0.075071844202649
-0.955552115836571 -1.12435187526976 -0.90894976245402 -0.824257570047798 -0.841549571278723 -0.82918004533356 -0.787460814666462 -0.745177123425478 -0.713050359266864 -0.694328010879173 -0.680425827571961 -0.659801623810035 -0.62068017211935 -0.550354077270461 -0.453257839783579 -0.403325710932937 -0.453665125991064 -0.504576505469636 -0.455179114385548 -0.352674610537437 -0.281285249919373 -0.290387847748099 -0.28997745613106 -0.199746193683247 -0.117556208159137 -0.138761221242398 -0.170511221193976 -0.111030475141085 -0.0110440990987298 0.0405975786961377
-0.864335720945882 -0.909372108438432 -0.941077028996065 -0.940888483614035 -0.908315420501046 -0.851257520233558 -0.793106445645593 -0.752925874146247 -0.716975559187336 -0.669522162431702 -0.619663902343541 -0.582706886587395 -0.568509352140443 -0.565138053230444 -0.557649633496227 -0.540851776970344 -0.511237317177148 -0.462288645214489 -0.391136808922054 -0.312517925533371 -0.245569379630426 -0.20484620852606 -0.186574060456515 -0.180134242606232 -0.165860087029026 -0.130535218630605 -0.0957924088548742 -0.0849609122519057 -0.0933067692582409 -0.109080216782039
-0.994381816684381 -0.961190458246334 -0.927999099793101 -0.894807741332694 -0.861616382855707 -0.828425024347671 -0.795233665791291 -0.762042307180413 -0.728850948556266 -0.695659589956349 -0.662468231355865 -0.629276872714438 -0.596085513995286 -0.562894155175995 -0.529702796253301 -0.496511437286183 -0.463320078324308 -0.430128719317852 -0.396937360185622 -0.363746000820435 -0.330554641108608 -0.297363280946711 -0.264171920272317 -0.230980559039023 -0.197789197223529 -0.164597834819227 -0.131406471863171 -0.0982151084236279 -0.065023744650045 -0.0318323807121644
0.918504913441038 0.891490411528565 0.86444328244043 0.83734043930997 0.810168346124066 0.782911322213545 0.755535557431498 0.728002407183395 0.70027201856197 0.672303037359117 0.644049312476121 0.61546349359161 0.586512011324636 0.55721642005594 0.527609246774351 0.497711785139361 0.467535456362248 0.437063425190767 0.406284194646013 0.375235877305958 0.343968988137791 0.312525892412758 0.280916356618315 0.249141713517878 0.217202159762478 0.185107482142518 0.15290696411826 0.120653813801338 0.0883774412390095 0.0561013069624356
-1.01224768123515 -0.972857241586407 -0.933524705234004 -0.894405678175715 -0.855974323305879 -0.81869779827203 -0.78269668283791 -0.747984023846626 -0.714489314342557 -0.682085909060926 -0.650506163299078 -0.619447182494889 -0.588616796663644 -0.557765734130276 -0.526708560779345 -0.495472294424288 -0.464035711842953 -0.431972173741964 -0.398791108555474 -0.364151631698988 -0.327750280333348 -0.289357471235771 -0.249039139648972 -0.206951467142749 -0.163316102129739 -0.1183764492644 -0.0723974713256383 -0.0256448650629035 0.0216342950166339 0.0691975899663728
-0.979883718388969 -0.946746361167415 -0.913609003989746 -0.880471646954726 -0.847334290181201 -0.81419693378229 -0.781059577828145 -0.747922222362058 -0.714784867362882 -0.681647512762999 -0.648510158373347 -0.615372803974503 -0.582235449353538 -0.549098094323505 -0.515960738725576 -0.482823382487417 -0.449686025594291 -0.416548668175354 -0.383411310374945 -0.350273952254226 -0.317136593853569 -0.283999235194017 -0.250861876219306 -0.217724516879098 -0.184587157224076 -0.151449797324051 -0.118312437224332 -0.0851750769662007 -0.0520377165993345 -0.0189003561755078
-0.972719210205587 -0.940412400387193 -0.908101313427392 -0.875776160802475 -0.843424801852155 -0.811036367825237 -0.778607429743479 -0.746137319845361 -0.713628975463312 -0.681084601459199 -0.648499867718694 -0.615868810383418 -0.583182451756803 -0.550419758789514 -0.517556966186971 -0.484571435026375 -0.451443843533196 -0.418167012154188 -0.384738389681238 -0.351161796065453 -0.317442644047746 -0.283587464597947 -0.249607261601542 -0.215514891356063 -0.181326146891561 -0.14705896943255 -0.11273695624887 -0.078383061836515 -0.0440120135507641 -0.00963648196171799
0.985761726236052 0.95383806062548 0.921914395009665 0.889990729348403 0.858067063496533 0.826143397285031 0.794219730554406 0.762296063172803 0.730372395109404 0.698448726359244 0.666525056919751 0.63460138678895 0.602677715944342 0.570754044281333 0.538830371685705 0.506906698086842 0.474983023453536 0.443059347868586 0.411135671430482 0.379211994186453 0.347288316170915 0.315364637430424 0.283440958060091 0.25151727817821 0.219593597947231 0.187669917522684 0.155746236988258 0.123822556399974 0.0918988757750095 0.0599751951208343
-1.02035252474144 -0.984247855597118 -0.948143186453745 -0.912038517400793 -0.875933848633699 -0.839829180365758 -0.803724512775749 -0.76761984601636 -0.731515180170427 -0.695410515295877 -0.659305851420824 -0.623201188565928 -0.587096526731751 -0.550991865838448 -0.51488720578157 -0.478782546438643 -0.442677887664752 -0.406573229243217 -0.37046857096088 -0.334363912690412 -0.298259254325942 -0.262154595764203 -0.226049936912329 -0.189945277700941 -0.153840618144196 -0.117735958294622 -0.0816312982746929 -0.0455266382060973 -0.00942197813743535 0.0266826819009656
-0.962473823521965 -0.930517396427799 -0.898560969438147 -0.866604542632433 -0.834648116145046 -0.802691690144191 -0.77073526487837 -0.738778840584313 -0.706822417371354 -0.674865995280824 -0.642909574209436 -0.610953154017747 -0.578996734576159 -0.547040315794451 -0.515083897610897 -0.483127480038395 -0.451171063100496 -0.419214646788747 -0.38725823111225 -0.355301816182331 -0.323345402135869 -0.291388989092548 -0.259432577103266 -0.227476166182663 -0.195519756269118 -0.16356334725112 -0.131606938893857 -0.0996505309494215 -0.0676941232408383 -0.035737715608864
-0.953613338242129 -0.92157605688741 -0.889538775543382 -0.857501494187824 -0.825464212842817 -0.793426931577511 -0.761389650605018 -0.729352370147875 -0.69731509032236 -0.665277811186437 -0.633240532671089 -0.601203254675552 -0.569165977095702 -0.537128699813974 -0.505091422738193 -0.473054145891196 -0.441016869333987 -0.408979593165227 -0.376942317478662 -0.344905042310721 -0.312867767683506 -0.280830493607153 -0.248793220043935 -0.216755946934749 -0.184718674182848 -0.15268140167642 -0.12064412928103 -0.0886068568785761 -0.0565695844389197 -0.0245323119539128
-0.939155491503614 -0.912662871644575 -0.886287170316348 -0.860096280963689 -0.834032367413303 -0.807970933470261 -0.781646572471146 -0.754767140087144 -0.727074451796355 -0.698350740675637 -0.66850595038999 -0.637481952251446 -0.605229540356352 -0.571735199938308 -0.537014642267517 -0.50116479162332 -0.464307965480971 -0.426586841090219 -0.388164184707071 -0.349262758838069 -0.31012032505239 -0.270953137508013 -0.23189142071814 -0.193035176218964 -0.15444954328343 -0.116160136767061 -0.0780693361189469 -0.0400695446375661 -0.00213649642539874 0.0357332417140753
-1.02937502246116 -0.992765231888456 -0.956155441373019 -0.919545650951948 -0.882935860563761 -0.846326070115708 -0.809716279488554 -0.773106488567357 -0.736496697280848 -0.69988690560876 -0.663277113691173 -0.626667321708248 -0.590057529832804 -0.553447738208259 -0.516837946969078 -0.480228156243279 -0.443618366146047 -0.407008576747687 -0.370398788090449 -0.333789000149269 -0.297179212882248 -0.260569426238752 -0.223959640133194 -0.187349854463952 -0.150740069100218 -0.114130283900027 -0.0775204987059557 -0.0409107133922266 -0.00430092797508601 0.0323088574937131
-1.03509941750562 -0.999582982674128 -0.964066547656326 -0.928550112294602 -0.893033676564794 -0.857517240483428 -0.822000804096336 -0.786484367439939 -0.750967930483703 -0.715451493186143 -0.679935055528936 -0.644418617499544 -0.608902179068042 -0.573385740134941 -0.537869300566658 -0.502352860162778 -0.466836418717874 -0.431319976073278 -0.395803532105945 -0.360287086788543 -0.324770640117673 -0.289254192086376 -0.253737742673471 -0.218221291875539 -0.182704839774443 -0.147188386508179 -0.11167193235402 -0.0761554776075814 -0.0406390224985984 -0.00512256724033412
-0.951632259064002 -0.93210884183457 -0.910592945983323 -0.885431614932551 -0.856329644674757 -0.823487709428961 -0.78773224375003 -0.75010093821648 -0.711850747165589 -0.674111305201391 -0.637283704236218 -0.601586900509472 -0.567377779425682 -0.535564943049887 -0.506783408180639 -0.480022133890052 -0.453916788230751 -0.42733593290385 -0.399290774767603 -0.369130207660332 -0.33628754716538 -0.300222953562546 -0.260503965917461 -0.216922933150619 -0.170064064816126 -0.120721131465756 -0.069734287008364 -0.0178579107691794 0.0345430996181437 0.0872012169428452
0.998717908468702 0.967409261894136 0.936139704456404 0.904931240169025 0.873777446267492 0.842651476237444 0.811473215343145 0.780142207460851 0.748529899136175 0.716522815467131 0.68409589309198 0.651246171534042 0.617968295372776 0.584247329412181 0.550069153416652 0.515432486767597 0.480338184776135 0.444782806855206 0.408767602607234 0.372316878290759 0.335460704328351 0.298226173716579 0.260628469748019 0.222692874775017 0.184496977093019 0.146123118245678 0.107620346826388 0.0690290087442019 0.0303879321210501 -0.00826443436791521
-0.973825243372897 -0.942090639870303 -0.910356036428568 -0.878621433095239 -0.846886829916755 -0.815152226946775 -0.783417624268947 -0.75168302196268 -0.719948420060423 -0.68821381856891 -0.656479217438956 -0.6247446166074 -0.593010016013602 -0.561275415607032 -0.529540815340808 -0.497806215172557 -0.466071615052965 -0.434337014900458 -0.402602414631976 -0.370867814190771 -0.339133213526673 -0.307398612606517 -0.275664011465144 -0.243929410116444 -0.212194808422466 -0.180460206243626 -0.148725603585623 -0.1169910005113 -0.0852563971667915 -0.0535217937190553
-0.986470688276258 -0.953791106905959 -0.921111885619198 -0.8884316644773 -0.85575513606566 -0.823085832124533 -0.790416588489544 -0.757733833724587 -0.725009063211251 -0.692207646385152 -0.659285382080318 -0.626195676480375 -0.592899753329479 -0.559390106613887 -0.525667077609 -0.491731126504674 -0.457583948060746 -0.423232056402532 -0.388683546304535 -0.353948015772552 -0.319035438620199 -0.283956594811081 -0.248725488908754 -0.213359947836158 -0.177889863353827 -0.142344612072824 -0.106739445168734 -0.0710871081795178 -0.0354044495281198 0.00029065664126925
-1.00480931140965 -0.970776332324725 -0.936743353379811 -0.902710374669272 -0.868677396176149 -0.834644417859674 -0.800611439695182 -0.766578461653316 -0.732545483669848 -0.698512505714416 -0.664479527927001 -0.630446550490168 -0.59641357360498 -0.56238059754649 -0.528347622578588 -0.494314648846502 -0.460281676398166 -0.426248705010979 -0.392215734424826 -0.358182764500052 -0.324149795127118 -0.290116826209465 -0.256083857702464 -0.222050889573388 -0.18801792178519 -0.153984954290473 -0.119951987004753 -0.0859190198437681 -0.0518860527612309 -0.0178530857203461
-0.96157017943324 -0.929406966591327 -0.897243753706409 -0.865080540782136 -0.832917327920736 -0.800754115226092 -0.768590902710132 -0.736427690364498 -0.704264478191637 -0.672101266208971 -0.639938054483021 -0.607774843092581 -0.575611632107083 -0.543448421558506 -0.511285211462175 -0.479122001804237 -0.446958792580133 -0.41479558385165 -0.382632375704989 -0.350469168257653 -0.318305961634972 -0.286142755945069 -0.253979551227244 -0.221816347466023 -0.189653144495657 -0.15748994210748 -0.125326740071423 -0.0931635381811323 -0.0610003363465135 -0.0288371345065358
-0.968382514879791 -0.934726246282174 -0.901069977560698 -0.867413708582078 -0.833757439112553 -0.800101168907578 -0.766444897779939 -0.732788625593285 -0.699132352357407 -0.665476078131188 -0.631819803023768 -0.598163527156846 -0.5645072506452 -0.530850973575906 -0.497194696040187 -0.463538418173542 -0.429882140132298 -0.396225862111816 -0.362569584289006 -0.328913306727946 -0.295257029464504 -0.26160075251867 -0.227944475846931 -0.194288199389421 -0.160631923084363 -0.126975646875702 -0.0933193707321679 -0.059663094634971 -0.0260068185904536 0.00764945738875909
-0.960398891594585 -0.927072379071519 -0.893745866461226 -0.860419353692498 -0.8270928407339 -0.793766327540744 -0.760439813975567 -0.727113299906157 -0.693786785314091 -0.660460270186813 -0.627133754421459 -0.59380723789258 -0.560480720462235 -0.52715420194249 -0.493827682174187 -0.460501161163258 -0.427174638963728 -0.39384811565689 -0.360521591333422 -0.32719506609426 -0.293868540042905 -0.260542013258539 -0.227215485723079 -0.19388895742697 -0.160562428492068 -0.127235899079728 -0.0939093693779235 -0.0605828395561599 -0.0272563096834528 0.00607022019630372
-0.983799281198878 -0.951007909875895 -0.918216538597746 -0.885425167451546 -0.852633796519171 -0.819842425872082 -0.78705105554532 -0.754259685577346 -0.721468316056727 -0.688676947064022 -0.655885578597662 -0.623094210635546 -0.590302843143624 -0.557511476040052 -0.524720109213725 -0.491928742484281 -0.459137375677734 -0.426346008714863 -0.393554641551574 -0.360763274189526 -0.32797190664181 -0.295180538909008 -0.262389170941654 -0.229597802678706 -0.196806434062873 -0.164015065052566 -0.131223695665257 -0.098432325946615 -0.0656409559960298 -0.0328495859263222
-1.00769365648591 -0.974053342352702 -0.940413028180424 -0.906772713922484 -0.873132399483414 -0.839492084739809 -0.805851769505376 -0.772211453567657 -0.738571136672409 -0.704930818604555 -0.671290499347471 -0.637650178934146 -0.604009857413279 -0.570369534896413 -0.536729211466185 -0.503088887026775 -0.469448561437563 -0.435808234557204 -0.402167906292442 -0.3685275767431 -0.334887246057272 -0.301246914401043 -0.267606582012468 -0.233966249115059 -0.200325915802187 -0.166685582148689 -0.133045248285399 -0.0994049143409632 -0.065764580379258 -0.0321242464479701
1.00301409966097 0.967479309356747 0.931944519176093 0.896409729297994 0.860874940028822 0.825340151678317 0.789805364442302 0.754270578455357 0.718735793720976 0.683201010204082 0.647666227846399 0.612131446583849 0.576596666369286 0.541061887223306 0.505527109174611 0.469992332216609 0.434457556336507 0.398922781531994 0.363388007787095 0.327853235020692 0.292318463135381 0.256783692035077 0.221248921628963 0.185714151843205 0.150179382666622 0.114644614083277 0.079109845995555 0.0435750782860497 0.00804031083985056 -0.0274944564573284
-0.982747156322016 -0.94961699749806 -0.916486838673255 -0.883356679867281 -0.850226521037083 -0.817096362108929 -0.783966202949102 -0.750836043428819 -0.717705883499014 -0.684575723136024 -0.651445562338097 -0.618315401108961 -0.585185239467571 -0.5520550774938 -0.518924915281461 -0.485794752919195 -0.452664590507136 -0.419534428196561 -0.386404266141822 -0.353274104458427 -0.320143943252174 -0.287013782593104 -0.253883622408216 -0.220753462592044 -0.187623303052273 -0.154493143711751 -0.121362984540829 -0.0882328255194684 -0.0551026666185874 -0.0219725078068409
-0.968208702023238 -0.936759243127917 -0.905309784217938 -0.873860325294058 -0.842410866328439 -0.810961407271321 -0.779511948013853 -0.748062488415194 -0.716613028265645 -0.68516356737388 -0.653714105690936 -0.622264643203441 -0.590815179914695 -0.559365715894692 -0.527916251232576 -0.496466786027393 -0.465017320356668 -0.433567854201934 -0.402118387546788 -0.370668920479077 -0.339219453112706 -0.307769985554685 -0.276320517884428 -0.244871050168233 -0.213421582447513 -0.181972114730966 -0.150522646921299 -0.119073178928527 -0.0876237107978982 -0.0561742426084676
-0.987137428485154 -0.953158692188863 -0.919179955948471 -0.885201219811103 -0.851222483814009 -0.817243748002977 -0.783265012467826 -0.749286277270837 -0.715307542320101 -0.681328807485945 -0.647350072641837 -0.61337133766203 -0.579392602440783 -0.545413866952385 -0.511435131192553 -0.477456395162696 -0.443477658874187 -0.409498922372571 -0.375520185729975 -0.341541449090682 -0.307562712617014 -0.27358397644934 -0.239605240640215 -0.205626505205486 -0.171647770102 -0.137669035255247 -0.103690300524312 -0.0697115657766837 -0.0357328309798937 -0.00175409612648282
-0.984192282060126 -1.08622215675385 -0.868687354751268 -0.900608051534624 -1.00777895470465 -0.926446175676316 -0.777886909003016 -0.728854415750742 -0.742975139897377 -0.748388673416898 -0.734414017355764 -0.705665025028552 -0.663113250044118 -0.59316104718844 -0.494741936092504 -0.431483294590222 -0.449534592128012 -0.46043980639939 -0.377574499722711 -0.256246064668602 -0.187244851370759 -0.223008874275485 -0.262566805079509 -0.208493072026457 -0.130954472297107 -0.111250119920257 -0.107616027379628 -0.0708612554116459 -0.0451501593086185 -0.0979859180018251
-1.03096617815559 -0.980310130267103 -0.931929384498865 -0.886747642773206 -0.846137737559617 -0.811140253037002 -0.781017649674749 -0.754247196078609 -0.727943517109317 -0.699399195343079 -0.667981287963012 -0.633575470803963 -0.596590207242384 -0.559525110821145 -0.52476553811996 -0.492148667699491 -0.461249254926339 -0.433140540409894 -0.408724848965777 -0.386722356991731 -0.365307703781028 -0.342288214069784 -0.314001954365489 -0.277415089690731 -0.233475437357128 -0.183587863717053 -0.127003778996886 -0.063104518551289 0.00605542562593697 0.0777532723812072
-1.01249353952631 -0.965037611102409 -0.918873553076906 -0.875439461819848 -0.834936169000125 -0.797210492082686 -0.761930456417854 -0.728646713291352 -0.696619209845113 -0.665142452900008 -0.633939892136445 -0.60284221294972 -0.571577902616481 -0.5394666559388 -0.505820401217015 -0.470328793219114 -0.432748462090754 -0.39272621302062 -0.350229827066343 -0.306620813718325 -0.263609114575161 -0.222888433910263 -0.18608752669631 -0.154640392298015 -0.129266956948949 -0.110090056024368 -0.0955582345974193 -0.0838533746480324 -0.0737649960853805 -0.0642345283009482
-0.973428388619945 -0.959652155945457 -0.942774225483714 -0.920827749049687 -0.890993852801607 -0.851536346573557 -0.805901800559771 -0.758553287511384 -0.712837130047004 -0.671310167355335 -0.634488055038003 -0.602376152799866 -0.574294509375862 -0.546821929621257 -0.517056206578992 -0.486912329922387 -0.459329828985711 -0.436529195116658 -0.419562666699061 -0.405528508247878 -0.39053649081085 -0.370696486015425 -0.34211876780788 -0.301828975954906 -0.250513811186022 -0.190214117952645 -0.124726254630959 -0.0576928219797537 0.00961412363651984 0.0765151619519969
-1.0301921994238 -0.992654220434354 -0.955128070111427 -0.917622289700876 -0.880148843920715 -0.842721194673094 -0.805355369124549 -0.768067176511741 -0.730868989087438 -0.693774598513935 -0.656806911075534 -0.619991111712038 -0.583354409471402 -0.546932109834193 -0.510760429825456 -0.474871136215554 -0.439293246904806 -0.404049234568051 -0.369152136523836 -0.334583793891038 -0.300318248738616 -0.266330145848685 -0.232596540855989 -0.199091061386965 -0.165771212182189 -0.132587404707578 -0.0994778002162796 -0.0663877248371666 -0.0333034144147893 -0.000221332222616938
0.951934373628555 0.922469182247734 0.892999905576213 0.863503941738248 0.833904115085844 0.804111803856233 0.774047175599836 0.743637465567802 0.712829390500998 0.681593560868084 0.649976680559161 0.618044476819692 0.585850142395668 0.553396732035205 0.520670622526203 0.487641616813569 0.454267486282755 0.420474449924381 0.386196982192659 0.351434131791026 0.316201090985221 0.280520274471751 0.244442986670193 0.20803502690748 0.171391284416914 0.134603476538746 0.0977215431346722 0.0607818984442531 0.0238086316970817 -0.0131772491297417
-1.01983379501883 -0.983746700454169 -0.947659605775668 -0.911572510895497 -0.875485415740294 -0.83939832025254 -0.803311224423625 -0.767224128275483 -0.73113703190332 -0.695049935395936 -0.658962838743234 -0.622875741910391 -0.586788644873296 -0.550701547650666 -0.514614450269441 -0.478527352746606 -0.44244025507553 -0.406353157165061 -0.370266058917331 -0.334178960292104 -0.298091861263554 -0.262004761812421 -0.225917661945705 -0.189830561682381 -0.153743461063062 -0.117656360132498 -0.081569258930345 -0.0454821574968877 -0.00939505588003675 0.0266920458703917
-1.01568314775495 -0.978833657656605 -0.941984167482647 -0.90513467722708 -0.868285187046816 -0.831435697134201 -0.794586207660432 -0.757736718781544 -0.720887230614096 -0.684037743248719 -0.647188256711815 -0.610338771013731 -0.573489286167113 -0.536639802193826 -0.499790319141658 -0.462940837152905 -0.426091356341461 -0.389241876613132 -0.352392397813849 -0.315542919758129 -0.278693442252641 -0.241843965118605 -0.204994488235473 -0.16814501152374 -0.131295535009861 -0.0944460587196251 -0.0575965825702097 -0.0207471064675109 0.0161023696190765 0.0529518457042837
-1.00008302499821 -0.967456735167126 -0.937108586744166 -0.908925087155757 -0.881146697029375 -0.851781874858675 -0.819557117400983 -0.783452501866498 -0.742744389013248 -0.697241729078143 -0.6485875466658 -0.598883384972763 -0.550333395040832 -0.50555215929282 -0.466756677621272 -0.434163188416639 -0.407707258856564 -0.388202532769548 -0.375684555037291 -0.366198398103446 -0.354791516302155 -0.337391313445542 -0.313444991257669 -0.283076549322885 -0.245597380754743 -0.200656178842722 -0.1500634440508 -0.095922722291652 -0.0393479340982327 0.018794406341432
1.07995502617155 0.999063485979796 0.919410376766894 0.850770197739952 0.790373452035408 0.735476591436546 0.695983858384712 0.680884883845405 0.682863062222687 0.690590562847211 0.693000891317426 0.679092887298733 0.642626343717907 0.59640486654722 0.554869064159372 0.519963741483292 0.490797641603038 0.467631063666945 0.447607553708536 0.414252089237786 0.347685005633787 0.241633257906726 0.144250279591173 0.103232956328043 0.110025503659234 0.140564918228978 0.165011991189846 0.158222532401273 0.119608632041805 0.0547214503697652
-0.942134950538481 -0.911761297165535 -0.881387643713096 -0.851013990147723 -0.8206403364857 -0.790266682757262 -0.759893028998704 -0.729519375235445 -0.699145721443332 -0.668772067573559 -0.638398413528283 -0.608024759197398 -0.577651104482428 -0.547277449331414 -0.516903793715768 -0.486530137653892 -0.456156481187357 -0.42578282440345 -0.39540916741031 -0.365035510353778 -0.334661853389116 -0.30428819667554 -0.273914540388079 -0.24354088467595 -0.213167229569318 -0.182793575031732 -0.152419920879321 -0.122046266917577 -0.0916726130568581 -0.0612989592337408
-0.943172686991885 -0.911486601820564 -0.879800516552383 -0.848114431149891 -0.816428345682338 -0.784742260220555 -0.753056174735015 -0.721370089192928 -0.689684003648818 -0.657997918187645 -0.626311832928793 -0.594625748000252 -0.562939663513107 -0.531253579510828 -0.499567496012028 -0.467881413003503 -0.436195330479276 -0.404509248494079 -0.372823167103141 -0.341137086302966 -0.309451006075378 -0.277764926395981 -0.246078847215507 -0.214392768480975 -0.182706690149428 -0.151020612185443 -0.119334534573708 -0.0876484572851637 -0.0559623802156456 -0.0242763032422131
-1.00159039188359 -0.966141495183762 -0.93069259863001 -0.895243702291672 -0.859794806157377 -0.824345910207579 -0.788897014470752 -0.753448118973869 -0.717999223689879 -0.682550328584565 -0.647101433649078 -0.611652538880908 -0.576203644291679 -0.540754749949539 -0.505305855906816 -0.469856962096022 -0.434408068421073 -0.398959174791304 -0.363510281121529 -0.328061387343037 -0.292612493391241 -0.257163599233936 -0.221714704968466 -0.186265810703877 -0.150816916466498 -0.115368022261772 -0.0799191280943405 -0.044470233963288 -0.00902133984627451 0.0264275542843953
-0.963077763312224 -0.935205077402594 -0.907303297262878 -0.879370765248819 -0.851367755612291 -0.823226245635909 -0.794803092829136 -0.76591503506659 -0.736293451456682 -0.705685710526871 -0.673988497247016 -0.64113582569758 -0.60707670981241 -0.571820162938896 -0.53542503459228 -0.498089519545666 -0.460018671121384 -0.421305631580804 -0.382010198892583 -0.342170704915474 -0.301820114980756 -0.260983158589815 -0.219651621924471 -0.177855308176272 -0.135809031895243 -0.0937292675564712 -0.0516541179768034 -0.00957715569290241 0.0325077962210697 0.0746068520565763
1.0151044354639 0.983908636867042 0.952257612482154 0.920021018522186 0.886975822335213 0.852817586317759 0.817008941925005 0.779115512258403 0.739347817945849 0.698129581207944 0.656092433109689 0.613919981927184 0.57217841479889 0.530964234312712 0.490422756876241 0.45136423872636 0.414624439015328 0.380476188727606 0.348940965059878 0.319597758225498 0.29191493669199 0.265344795614407 0.239275336897915 0.213034633502244 0.185775335855272 0.156725605990395 0.125591074894947 0.0923702217637953 0.0577554496679972 0.0226126426476568
-1.0437810376172 -1.00800485245572 -0.97222866736188 -0.936452482426353 -0.900676297749008 -0.864900113411562 -0.829123929413923 -0.793347745718458 -0.757571562219173 -0.721795378784156 -0.686019195246189 -0.650243011429228 -0.614466827181929 -0.578690642451761 -0.542914457214627 -0.507138271461365 -0.471362085187749 -0.435585898394367 -0.399809711078419 -0.364033523218741 -0.328257334789576 -0.292481145784944 -0.256704956277976 -0.220928766371646 -0.185152576209211 -0.149376385947789 -0.113600195759664 -0.0778240057772038 -0.042047815957917 -0.0062716262155998
-1.04748616109868 -1.01121349557785 -0.974940830101919 -0.938668164713011 -0.902395499454602 -0.866122834348367 -0.829850169327458 -0.793577504287433 -0.757304839062007 -0.721032173516103 -0.684759507701315 -0.648486841715901 -0.612214175654813 -0.575941509599763 -0.539668843647448 -0.503396177967734 -0.467123512728781 -0.430850848018762 -0.394578183892548 -0.358305520351784 -0.322032857384811 -0.285760194955554 -0.249487532930287 -0.213214871180237 -0.176942209694097 -0.140669548481178 -0.104396887515774 -0.0681242267554812 -0.0318515661261089 0.00442109445447966
-0.961389453853675 -0.936723626996861 -0.911603290252242 -0.885548336042477 -0.858270411894503 -0.829545526770404 -0.799215380268574 -0.767194548241996 -0.733623420925702 -0.698626133759898 -0.662035988623438 -0.62361357900484 -0.583307449629517 -0.541817950170465 -0.50006834328918 -0.459121738653575 -0.419883830500749 -0.382490804338132 -0.34685332433735 -0.31274947805648 -0.279924208900212 -0.248219186335349 -0.21786298407714 -0.189069080515533 -0.161603668490828 -0.13513626606533 -0.10939697773902 -0.0841488144619422 -0.059225826546719 -0.0344798241466163
-0.985531834226985 -0.956939383840492 -0.928315203663766 -0.899637001949322 -0.870846092745188 -0.841861415004501 -0.812548801505334 -0.782785841667476 -0.752550257652657 -0.721830743583196 -0.69055974868183 -0.6586556609464 -0.626053685372819 -0.592756294949289 -0.55880139999705 -0.524301392177227 -0.489365115877592 -0.454012745052631 -0.418253436615445 -0.382140949746871 -0.345740194194683 -0.309117335907079 -0.272343565633957 -0.235478098875908 -0.19852722533459 -0.161492413897019 -0.124408775990564 -0.0873127558155002 -0.0502124861233578 -0.0131090218034805
-1.02010129914392 -0.985568962518792 -0.951036625837073 -0.916504289020073 -0.881971952003831 -0.847439614731172 -0.812907277157337 -0.778374939266466 -0.743842601145869 -0.709310262887398 -0.674777924497886 -0.640245585962915 -0.605713247231143 -0.571180908103546 -0.536648568360676 -0.502116227849086 -0.467583886467552 -0.433051544257732 -0.398519201305741 -0.36398685773264 -0.329454513668222 -0.294922169226587 -0.260389824459054 -0.225857479388464 -0.191325133986541 -0.156792788246249 -0.122260442296641 -0.0877280962796133 -0.0531957502523556 -0.0186634042508801
0.975331117279188 0.941019763690907 0.906708410110374 0.872397056498012 0.838085702751563 0.803774348774006 0.769462994551943 0.735151640117051 0.700840285597669 0.666528931110092 0.632217576625782 0.597906222079995 0.563594867407875 0.529283512544127 0.494972157430283 0.460660802035602 0.426349446349017 0.39203809041043 0.357726734280892 0.323415378055087 0.289104021836106 0.254792665712943 0.220481309718205 0.186169953857841 0.151858598087565 0.117547242356048 0.0832358866340483 0.0489245309048919 0.0146131751800954 -0.0196981805217769
-0.979102795577013 -0.945144021581777 -0.911185247534458 -0.877226473368568 -0.843267698917736 -0.809308924020268 -0.775350148633041 -0.741391372744292 -0.707432596349122 -0.673473819437019 -0.63951504196815 -0.605556263895353 -0.571597485199753 -0.537638705975613 -0.503679926354532 -0.469721146504287 -0.435762366601362 -0.401803586820878 -0.367844807295798 -0.333886027991812 -0.299927248832792 -0.26596846972662 -0.23200969051722 -0.198050911043493 -0.164092131188225 -0.130133350884648 -0.0961745702238946 -0.0622157893290386 -0.0282570082930134 0.00570177279878218
-0.998936346300105 -0.964719913585282 -0.930503480948664 -0.896287048526104 -0.862070616502144 -0.827854185041345 -0.793637754179669 -0.759421323926821 -0.725204894316066 -0.690988465389734 -0.656772037202865 -0.622555609813674 -0.588339183256929 -0.554122757473608 -0.519906332394995 -0.485689908007385 -0.451473484294273 -0.41725706117293 -0.383040638538437 -0.348824216263324 -0.314607794214486 -0.280391372278847 -0.246174950423455 -0.211958528640101 -0.177742106939434 -0.143525685328099 -0.109309263777872 -0.0750928422544115 -0.0408764207338031 -0.00665999919473589
-0.995334197628733 -0.961996146456856 -0.928658095560439 -0.895320045141508 -0.861981995423208 -0.828643946633175 -0.795305898995917 -0.761967852744111 -0.728629808146243 -0.6952917654539 -0.661953724815288 -0.628615686352763 -0.595277650184919 -0.561939616415298 -0.52860158510986 -0.495263556199291 -0.461925529557734 -0.428587504968425 -0.395249482210839 -0.361911461140311 -0.328573441631139 -0.295235423579057 -0.261897406965542 -0.228559391782345 -0.195221377976582 -0.161883365486131 -0.128545354256572 -0.095207344176967 -0.0618693349026325 -0.0285313260304458
-0.966211567429142 -0.933959493869352 -0.901707420336527 -0.869455346807974 -0.837203273218593 -0.804951199473348 -0.772699125399874 -0.740447050809822 -0.708194975528255 -0.675942899418011 -0.643690822479625 -0.611438744748059 -0.579186666263185 -0.546934587084514 -0.51468250725959 -0.48243042676844 -0.450178345562461 -0.417926263546044 -0.385674180654993 -0.353422096997773 -0.321170012726013 -0.288917927996202 -0.25666584298426 -0.22441375786957 -0.192161672825922 -0.159909588001208 -0.127657503445312 -0.0954054191617261 -0.0631533350663887 -0.030901251053347
-1.00511697410459 -0.97050223557046 -0.935887497093134 -0.90127275872461 -0.866658020477591 -0.832043282360372 -0.79742854440294 -0.762813806631948 -0.72819906903903 -0.693584331633161 -0.658969594527714 -0.624354857862158 -0.589740121753939 -0.555125386232411 -0.520510651300694 -0.485895916945075 -0.451281183129155 -0.4166664497426 -0.382051716661335 -0.347436983780246 -0.31282225099896 -0.27820751822193 -0.243592785372919 -0.208978052399778 -0.1743633193274 -0.139748586197135 -0.105133853039125 -0.0705191198772882 -0.0359043867218554 -0.00128965357963553
-0.980608376065181 -0.946304938704394 -0.912001501307033 -0.877698063811096 -0.843394626125235 -0.809091188166851 -0.774787749917696 -0.740484311385418 -0.706180872616926 -0.671877433677247 -0.63757399466463 -0.60327055568563 -0.568967116836626 -0.534663678173295 -0.500360239718962 -0.466056801408251 -0.431753363160898 -0.39744992492579 -0.363146486651218 -0.328843048253925 -0.294539609642768 -0.260236170731605 -0.225932731454297 -0.191629291764963 -0.157325851678733 -0.123022411243187 -0.0887189705747061 -0.0544155297944481 -0.0201120889738987 0.0141913518278751
-1.00403804460587 -0.970021338223836 -0.936004631889017 -0.901987925628538 -0.867971219361832 -0.833954512949066 -0.799937806121029 -0.765921098613561 -0.731904390312093 -0.697887681176683 -0.663870971316305 -0.629854260877166 -0.595837549957789 -0.561820838465963 -0.527804126301021 -0.493787413519201 -0.459770700225381 -0.425753986562084 -0.391737272678401 -0.357720558712055 -0.323703844797924 -0.289687131046014 -0.255670417466841 -0.221653704034648 -0.187636990678076 -0.15362027730953 -0.119603563822072 -0.0855868501371423 -0.0515701363090157 -0.0175534224251777
-0.99520011784011 -0.966234794455181 -0.937194748999414 -0.907983326989384 -0.878467148301372 -0.848507081283744 -0.81797771381348 -0.786759922905173 -0.754746022595239 -0.721857045949939 -0.688117465133091 -0.653577612082901 -0.618282229932976 -0.582253706598523 -0.545516431735709 -0.50812515718295 -0.470143893346958 -0.431643322725368 -0.392702167136459 -0.353424633590167 -0.313921300394341 -0.274266687221962 -0.23439107920655 -0.194216275116126 -0.153774362796188 -0.113128961274724 -0.0723595252322228 -0.0315407163047215 0.00928781170204244 0.0500951569399064
-0.975068934882092 -0.941144624014145 -0.907220313105005 -0.873296002136081 -0.839371691152121 -0.805447380235712 -0.771523069557468 -0.737598759278323 -0.703674449432479 -0.669750140032311 -0.635825831129626 -0.601901522786087 -0.567977215065923 -0.534052908043626 -0.500128601796618 -0.466204296403784 -0.432279991922042 -0.398355688318983 -0.364431385540244 -0.330507083532975 -0.296582782244704 -0.2626584816427 -0.228734181773204 -0.194809882658717 -0.160885584147817 -0.126961286033471 -0.0930369880601237 -0.0591126900145475 -0.0251883919013454 0.00873590622042162
-1.01183404956113 -0.976913299035963 -0.941992548529445 -0.907071798074527 -0.872151047667653 -0.837230297321622 -0.802309547151172 -0.767388797279312 -0.732468047760203 -0.697547298608846 -0.662626549752448 -0.627705801096271 -0.592785052549976 -0.557864304040831 -0.52294355549933 -0.488022806851287 -0.453102058038207 -0.418181309069064 -0.383260560004019 -0.34833981104051 -0.313419062410292 -0.278498314299607 -0.243577566712639 -0.208656819610006 -0.17373607296013 -0.138815326726085 -0.103894580841769 -0.0689738352308848 -0.0340530898055464 0.000867655525031555
-0.901134699332225 -0.880143185411772 -0.858971194912627 -0.83743401709694 -0.815294130250659 -0.79233511748624 -0.768477792198399 -0.743664700693143 -0.717788090639384 -0.690770403675749 -0.662705155956837 -0.633728632266232 -0.603963523251324 -0.573478143014707 -0.54231908492327 -0.510500435945867 -0.478030496257769 -0.444926925257923 -0.41120230234014 -0.376839527654002 -0.34181408153803 -0.306109499841017 -0.269741540452819 -0.232749677061542 -0.195236024507206 -0.157323690713282 -0.119157114785107 -0.0808666321524238 -0.0425048323607001 -0.00410486848433772
1.02201480518893 0.986022891019063 0.950023772774056 0.914010558980981 0.877979240104928 0.84192907644153 0.80586952567057 0.769816800516676 0.733803936499706 0.697866891615593 0.662036490969338 0.626342276443212 0.590809892059583 0.555449390401229 0.520266802774441 0.485267666819156 0.450454418613727 0.4158175816565 0.381345012119826 0.347025809452055 0.312849383920537 0.278800950557309 0.244848943453161 0.210960577899229 0.177114974929273 0.143295192292915 0.109488128860579 0.0756838717298822 0.0418814197864024 0.00808199986270883
0.949536246471052 0.926250479262796 0.917817226949034 0.922456839351282 0.919232881070133 0.888431667099454 0.834387299227145 0.769761177932372 0.716476111665353 0.691667259060662 0.684057771519251 0.675267798633669 0.649155306309451 0.598529525704076 0.523988486357765 0.448334146089753 0.3954138396397 0.371052481149959 0.372802614769872 0.383149725274057 0.38081253259345 0.350072895983234 0.297465231995583 0.234312601079919 0.168840081977683 0.108913754324069 0.0640616830372819 0.0418690560364066 0.0404875679610354 0.0557105401308882
-1.008985943322 -0.972729861772275 -0.936449741067574 -0.900101273289352 -0.863647354535043 -0.827068019540249 -0.790404653577272 -0.753721277569632 -0.717111104509047 -0.680672055080086 -0.644491688670539 -0.608654974343998 -0.573233000524455 -0.538241333077485 -0.503674824209595 -0.469500994049444 -0.435682935932544 -0.402193368099673 -0.369011584532073 -0.336133557267586 -0.303559427858203 -0.271290479640247 -0.239332563087384 -0.207688449314405 -0.17634402486329 -0.145272790427309 -0.114415587877735 -0.0837065731120026 -0.0530858169542107 -0.022494868960122
-0.954584796793745 -0.924437710754413 -0.894290624649494 -0.864143538489284 -0.833996452350479 -0.80384936630478 -0.773702280337527 -0.743555194415511 -0.713408108517699 -0.683261022631639 -0.653113936767017 -0.622966850939053 -0.592819765163168 -0.562672679455589 -0.532525593823455 -0.502378508236751 -0.472231422627432 -0.442084336812495 -0.411937250582751 -0.381790163739235 -0.351643076085538 -0.321495987474625 -0.291348897956962 -0.261201807630057 -0.23105471658209 -0.200907624922013 -0.170760532851196 -0.140613440570908 -0.110466348189612 -0.0803192557925661
-0.994926045530412 -0.96102831658895 -0.927130587579004 -0.89323285843586 -0.859335129061459 -0.825437399375199 -0.791539669399668 -0.757641939183034 -0.723744208772617 -0.689846478233066 -0.655948747699193 -0.622051017323352 -0.588153287250062 -0.554255557592492 -0.520357828426453 -0.486460099709672 -0.452562371373584 -0.418664643362545 -0.384766915642219 -0.350869188250583 -0.316971461243689 -0.283073734677121 -0.249176008604579 -0.215278283070668 -0.181380558085483 -0.147482833640951 -0.113585109690843 -0.07968738616175 -0.0457896629096934 -0.0118919397730528
