-1.03704560656276 -1.00145092107318 -0.965856235476444 -0.930261549691013 -0.894666863706468 -0.859072177526114 -0.823477491137005 -0.787882804550266 -0.752288117889579 -0.716693431290558 -0.681098744824003 -0.645504058544511 -0.609909372468846 -0.574314686462437 -0.538720000367294 -0.503125314083096 -0.467530627551776 -0.431935940826627 -0.396341253985821 -0.360746567095692 -0.325151880219614 -0.289557193435506 -0.253962506879468 -0.218367820675957 -0.182773134844673 -0.147178449370529 -0.111583764204033 -0.0759890792847886 -0.0403943945431948 -0.00479970990734657
-1.03390331404811 -0.996732732270797 -0.959560018357427 -0.922383269241787 -0.88519719949499 -0.8479972756348 -0.810785354328249 -0.773568120065044 -0.736365178476303 -0.699199883271662 -0.662097659333403 -0.625084449336969 -0.58818121607146 -0.551389002780586 -0.514704938805683 -0.478130417423963 -0.441671845719437 -0.405351422067436 -0.369193653291099 -0.333216488713497 -0.297436238282683 -0.261864465561042 -0.226493748568295 -0.191310252264665 -0.156293474915038 -0.121418336610919 -0.0866481114456377 -0.0519455284134921 -0.0172827821108446 0.0173655664654269
-0.941692452418343 -0.909027944557081 -0.876363436827864 -0.843698929330375 -0.811034422069153 -0.778369915034067 -0.745705408251452 -0.713040901717647 -0.680376395272533 -0.647711888721128 -0.615047381885452 -0.582382874591773 -0.549718366702737 -0.517053858226504 -0.484389349220614 -0.451724839794614 -0.419060330065522 -0.386395820128197 -0.353731310054259 -0.32106679984451 -0.288402289482048 -0.255737778959486 -0.223073268307512 -0.190408757579662 -0.157744246882821 -0.125079736323549 -0.0924152259537881 -0.0597507157943799 -0.0270862057963932 0.00557830410654681
-0.93479115194541 -0.882581323326487 -0.807948037291435 -0.842931969522448 -0.89061101140829 -0.840814950676893 -0.7593439447063 -0.73042501489114 -0.736022269042268 -0.738109288352378 -0.720960461125296 -0.674425377442635 -0.598075313920658 -0.530368293314257 -0.505138813175213 -0.498840524104244 -0.482349069665252 -0.461608912225939 -0.444183476944584 -0.409043221337972 -0.328010361012517 -0.201292133077026 -0.142635860649884 -0.225702990587965 -0.250271378692507 -0.0546339095570359 0.0949728260001725 -0.0472122489014651 -0.217104449166991 -0.023157649207564
-0.914731668517279 -0.909800391515555 -0.90370383913517 -0.895363230574917 -0.878506803622816 -0.847937238135065 -0.807947963651345 -0.765096450196152 -0.725505580049757 -0.693081059623631 -0.663294479598286 -0.629508901721494 -0.586871576851845 -0.537666512291206 -0.485942690378552 -0.435672237158005 -0.390231412775316 -0.350689870077594 -0.31731166678434 -0.289445087403254 -0.266209473139082 -0.246960670938624 -0.232000550716874 -0.221077760937025 -0.210782041286859 -0.195991267332522 -0.16789476692902 -0.119956640038109 -0.0584286227596837 0.00724063977182897
-0.997842321741586 -0.967362130284636 -0.936884258180757 -0.906388646843455 -0.875761900209051 -0.844872407034846 -0.813609032839244 -0.781877124552621 -0.749627477992129 -0.716827512904716 -0.683465695869723 -0.649535755174592 -0.615038814382606 -0.580005578160418 -0.54448888595259 -0.508600535211964 -0.472463504052528 -0.436186535224558 -0.399857040089504 -0.363491339817211 -0.327087983029621 -0.290630051105175 -0.254038756448315 -0.217246928485844 -0.180295733708043 -0.143251589407024 -0.106173579018773 -0.0691062367095934 -0.0320432334231796 0.00503447570242414
-1.02083471214201 -0.984112962272025 -0.947393897660793 -0.910685341381017 -0.873976887748356 -0.83726195715066 -0.800567503021615 -0.763926449139152 -0.727362067612347 -0.690904197225692 -0.654618595134183 -0.618579998085446 -0.582867796826579 -0.547579998102591 -0.51280265100933 -0.478555358048111 -0.444840367571394 -0.41165695793075 -0.379001695345058 -0.346863267503311 -0.315228392462029 -0.284074543741423 -0.253342216716444 -0.222959099254636 -0.192838627339162 -0.162894966972389 -0.133059456117898 -0.103275836617838 -0.0735202938674172 -0.0437771241501103
-1.02390983088164 -0.984050947584717 -0.94342980999707 -0.901554092761915 -0.858812957147838 -0.815831726028513 -0.773298882072624 -0.731869487679429 -0.692001764375491 -0.654094708663364 -0.618507257822265 -0.585588334325579 -0.555456118305489 -0.527305820529389 -0.500258889114336 -0.474064690940842 -0.448591464943321 -0.423555019508345 -0.398499371874635 -0.372433805237381 -0.344233919280887 -0.313092102021755 -0.279467894805777 -0.243950723369944 -0.206382397686857 -0.166494243951432 -0.124323269012228 -0.0800738381808869 -0.0343140699677425 0.0122969788171999
-1.00963051989936 -0.9761811345799 -0.942731749349144 -0.90928236436217 -0.875832979809444 -0.842383595881785 -0.808934212736026 -0.775484830504465 -0.742035449255251 -0.708586069014362 -0.675136689703239 -0.641687311217188 -0.608237933447573 -0.57478855626998 -0.54133917956957 -0.507889803285562 -0.47444042735444 -0.440991051647684 -0.407541676045266 -0.374092300526116 -0.340642925093905 -0.307193549770004 -0.273744174646572 -0.240294799807457 -0.206845425232471 -0.17339605089364 -0.139946676835893 -0.106497303092368 -0.073047929576138 -0.0395985561702612
-0.960713378706129 -0.945802871762621 -0.929319652747285 -0.903823794588876 -0.873052977679794 -0.843523277213347 -0.821686740122824 -0.810616148012715 -0.799931249432335 -0.778457349762254 -0.745295014763237 -0.702113625291093 -0.649260510778038 -0.581794794961896 -0.498301291626852 -0.416755780436911 -0.357022931873221 -0.327132013805674 -0.327252448607596 -0.337949679277293 -0.33488815396932 -0.300539077490617 -0.244600681257676 -0.18394731449526 -0.136930771051677 -0.115473279794304 -0.10430136504325 -0.0862220261866988 -0.0635598674323887 -0.0435188941929458
-0.991039134398423 -0.956030004395857 -0.92102087438496 -0.886011744364268 -0.851002614413472 -0.815993484662384 -0.780984355360135 -0.745975226757925 -0.71096609899592 -0.675956972177638 -0.640947846371059 -0.605938721635277 -0.570929597992858 -0.53592047532026 -0.500911353440418 -0.465902232108286 -0.430893111061359 -0.395883990035268 -0.360874868805106 -0.325865747305667 -0.290856625511672 -0.255847503425864 -0.220838381163079 -0.185829258858477 -0.150820136616434 -0.115811014516027 -0.0808018925659499 -0.045792770752135 -0.010783649039855 0.0242254726107819
-1.05024863583533 -1.00769756681992 -0.965120042171972 -0.922543848542786 -0.880128255779246 -0.838060156963521 -0.796505454923326 -0.755599582898049 -0.715377086028227 -0.675843642146817 -0.636990347955304 -0.598804654872307 -0.561274051582427 -0.524386175834194 -0.488138510594977 -0.452567770643555 -0.417688342430155 -0.383386067279351 -0.349525109631845 -0.316011471518481 -0.282761614367636 -0.249704293320527 -0.216817438369723 -0.18406384676379 -0.151296609923947 -0.118371669995422 -0.0852660778468233 -0.0519971917571673 -0.0186224909237143 0.0147905152267137
-1.0191764542782 -0.983397517613299 -0.947618580930732 -0.911839644202239 -0.876060707407033 -0.840281770525099 -0.804502833532016 -0.768723896400669 -0.732944959097573 -0.697166021580693 -0.661387083780155 -0.625608145619125 -0.589829207015522 -0.554050267866257 -0.518271328072217 -0.482492387571189 -0.446713446314608 -0.41093450427159 -0.375155561438124 -0.339376617900009 -0.303597673765498 -0.267818729134861 -0.232039784076452 -0.196260838660002 -0.160481892992684 -0.124702947177651 -0.0889240012645158 -0.0531450552875984 -0.017366109273561 0.0184128367528474
-0.946445679247046 -0.919169664740771 -0.892271477276143 -0.865897837273905 -0.840061583357442 -0.814733772714775 -0.78985221858984 -0.765319601264608 -0.740931313117273 -0.716407300084246 -0.691273010238583 -0.665005267187502 -0.637067161119096 -0.606866848544967 -0.573893642326589 -0.538016414401415 -0.499295509842928 -0.458177607192758 -0.415226710002304 -0.371089788393895 -0.326434554132591 -0.281918253774297 -0.238156273038286 -0.195698262559329 -0.154872793470824 -0.115799054994534 -0.0779797882070634 -0.0408245206111764 -0.00398637355944482 0.0328206331331081
-0.969697633148459 -0.937551530363024 -0.905404753741877 -0.873255704230985 -0.841103700507247 -0.808948948316906 -0.776794283952638 -0.744643928000408 -0.712505007672924 -0.680385513211609 -0.64829398034603 -0.616239081177787 -0.58422832415071 -0.552264563077548 -0.520349090455876 -0.488481608153638 -0.456661563923216 -0.424888979684378 -0.393163674050689 -0.361484078243539 -0.329848276636275 -0.298254118334283 -0.266698511371109 -0.235177338960718 -0.203683326110588 -0.17220892098507 -0.140748622582513 -0.109297718067614 -0.0778525964364583 -0.0464099221429796
-0.976622818575935 -0.940178551782586 -0.905204676955278 -0.872302665383834 -0.840138146797479 -0.807639735362233 -0.776723824551859 -0.749132626578222 -0.722923849297826 -0.695780347111963 -0.667570064956439 -0.638707220400689 -0.609521807934662 -0.580006929730369 -0.550301124749448 -0.52146157142999 -0.49384952344939 -0.464123895965814 -0.428616746523827 -0.386055040732818 -0.335764471218381 -0.278231964139624 -0.218589379789709 -0.163051111207488 -0.117516748280516 -0.0868571678342599 -0.0721431975971473 -0.0724231517143444 -0.0824553390950165 -0.0959255673393288
-1.00706876428568 -0.971248135705574 -0.935427507071311 -0.899606878328738 -0.863786249472664 -0.827965620501622 -0.79214499138008 -0.756324362042854 -0.720503732340247 -0.684683102116556 -0.648862471276597 -0.613041839740316 -0.577221207478006 -0.541400574661358 -0.50557994148578 -0.469759308040146 -0.433938674386939 -0.398118040589612 -0.362297406701142 -0.326476772731633 -0.290656138680473 -0.25483550455517 -0.219014870395719 -0.183194236227188 -0.147373601982468 -0.111552967578762 -0.0757323329627162 -0.0399116981105092 -0.00409106308701289 0.0317295720207276
-1.04050663208239 -1.00325225506682 -0.965997877941653 -0.928743500609266 -0.891489123001622 -0.854234745087199 -0.816980366950931 -0.779725988714317 -0.742471610528638 -0.705217232542074 -0.66796285486061 -0.630708477579678 -0.593454100794471 -0.556199724599216 -0.51894534906991 -0.481690974210589 -0.4444365999893 -0.407182226302071 -0.369927853020634 -0.33267347999155 -0.295419107055088 -0.258164734052375 -0.220910360827975 -0.183655987259367 -0.146401613352266 -0.109147239163181 -0.0718928648235694 -0.0346384904627255 0.00261588387366465 0.0398702581608168
-0.993091535731953 -0.957052618902838 -0.921013702045548 -0.884974785095905 -0.848935867941922 -0.812896950463978 -0.776858032559727 -0.740819114137751 -0.704780195133048 -0.668741275488325 -0.632702355150695 -0.59666343406837 -0.560624512198528 -0.524585589534192 -0.488546666085596 -0.452507741895959 -0.416468817013902 -0.380429891476669 -0.344390965312367 -0.308352038523925 -0.272313111107977 -0.236274183068201 -0.200235254436435 -0.164196325245115 -0.128157395500883 -0.0921184652097785 -0.056079534401231 -0.020040603133134 0.0159983284461488 0.0520372601656357
1.02241225922249 0.988923349443516 0.955431773511214 0.92193286210674 0.888423033031148 0.854898322769831 0.821352155425651 0.787777124939312 0.754165116985436 0.720507445780241 0.686793847972436 0.653013665818852 0.619154780783902 0.585199231162326 0.55112688478603 0.516914770805243 0.48254222521098 0.448000650039078 0.413287445048433 0.378411934845357 0.343386425248018 0.308221339171444 0.272919567918119 0.237484159531107 0.201926320628362 0.166262827019682 0.130524572707365 0.0947425934809514 0.0589343740864317 0.0231140115089118
-0.97465665762433 -0.940862884164627 -0.907069110589963 -0.873275336806257 -0.839481562737772 -0.805687788299945 -0.771894013354566 -0.738100237768716 -0.704306461484285 -0.670512684515307 -0.636718907089567 -0.602925129488291 -0.569131351976011 -0.535337574750493 -0.501543797992878 -0.467750021884587 -0.433956246622942 -0.400162472468593 -0.366368699659161 -0.332574928276824 -0.298781158364894 -0.264987389933538 -0.231193622860328 -0.197399856990205 -0.163606092170179 -0.129812328238008 -0.0960185649923661 -0.0622248022317176 -0.0284310397927666 0.00536272247822315
0.975336946476154 0.941498997759018 0.907661048985724 0.873823100158453 0.83998515134642 0.806147202640935 0.772309254154651 0.738471305994522 0.704633358223354 0.67079541089759 0.63695746409237 0.603119517887507 0.569281572352943 0.535443627519131 0.501605683411676 0.467767740076265 0.433929797528267 0.400091855641665 0.366253914294423 0.332415973521813 0.298578033398431 0.264740093987009 0.230902155302831 0.197064217331456 0.163226279986986 0.12938834317756 0.0955504068589138 0.0617124709805469 0.0278745354194072 -0.00596339996569533
-1.0344678140874 -0.986214254986123 -0.937859310878987 -0.88957273300831 -0.841949034472477 -0.795584625372139 -0.750658741960954 -0.707302566535657 -0.665872239412292 -0.626722627933475 -0.589978549528801 -0.555707309149608 -0.523969797718296 -0.494801250041498 -0.468186561435426 -0.443934925370369 -0.421665548922043 -0.40041339543379 -0.379138156135203 -0.357082677533248 -0.333560594954232 -0.307970096436707 -0.280047580868196 -0.249761293125289 -0.217668651191856 -0.184259992223692 -0.149168156957002 -0.11202440040318 -0.07331113109398 -0.0337235459412437
1.03690129501863 1.00098365286764 0.96822547391259 0.938461418549452 0.907491138979123 0.871488694595121 0.83216078175651 0.792423027968219 0.754494148353069 0.719825041786713 0.68749225453823 0.655978744725053 0.624042472563835 0.591541406668086 0.558661724539887 0.52580243083872 0.492687700619588 0.456129563362165 0.41307404847308 0.363915330642096 0.309909620879758 0.253038835593701 0.198187712779905 0.1505148571668 0.113371518824279 0.0889787950200813 0.0768445264718989 0.0751792317220343 0.0797173971612878 0.0855745011425849
-0.994872062927422 -0.975974638118795 -0.952151553514621 -0.922453678206546 -0.889047307575141 -0.854037488524772 -0.816168847766067 -0.774387576259131 -0.731806542155715 -0.692074537417872 -0.656817372057209 -0.627155110597725 -0.60356020390125 -0.583914648180935 -0.565043048331537 -0.5421308986229 -0.510917420826151 -0.470995857342463 -0.423031303889997 -0.368122248824829 -0.307475528662511 -0.242472793300245 -0.175194946161825 -0.109281508190096 -0.053907216877512 -0.0176693298815939 -0.00131996897053859 -0.00255604772239168 -0.0146987828439218 -0.0299754668240785
1.10153051990447 1.05652551398208 1.01124400445899 0.965630091398514 0.920274802319936 0.875798737672031 0.8322938621656 0.789763203608119 0.74838267793175 0.708369022834341 0.669929374951806 0.633268470654577 0.598565446981758 0.565897043647158 0.535159011401805 0.505625542470902 0.4764221231393 0.44670097445626 0.415732950308173 0.383236701165515 0.349042826644782 0.313036800553306 0.275323593461738 0.236069070627719 0.195463179293529 0.153654793291322 0.110604410828135 0.0663133397002827 0.0211345016863248 -0.0244912779396194
-1.00438628974971 -0.969045868495244 -0.933705447203184 -0.898365025851431 -0.863024604405189 -0.827684182847523 -0.792343761245613 -0.757003339686479 -0.721662918252402 -0.686322497009167 -0.650982075961345 -0.615641655098197 -0.580301234423751 -0.544960814001088 -0.509620393911365 -0.474279974249 -0.438939555097722 -0.403599136485254 -0.368258718428866 -0.332918300960022 -0.297577884113736 -0.262237467896336 -0.226897052199415 -0.191556636877597 -0.156216221752362 -0.120875806671983 -0.0855353916250547 -0.0501949766297797 -0.0148545616824814 0.0204858532259871
-0.972174992279488 -0.937799261280835 -0.903423530347346 -0.869047799535769 -0.834672068793019 -0.800296338031844 -0.765920607138149 -0.731544875965513 -0.697169144265041 -0.662793411786117 -0.628417678373702 -0.594041943896654 -0.559666208231388 -0.525290471284553 -0.490914733000854 -0.456538993446972 -0.422163252735026 -0.387787511036891 -0.353411768516436 -0.319036025245744 -0.28466028127395 -0.250284536657201 -0.215908791479679 -0.181533045817473 -0.147157299686257 -0.112781553111659 -0.0784058062195635 -0.0440300591474346 -0.00965431197881402 0.0247214352162376
-0.991189099746794 -0.966655799380158 -0.937740122560464 -0.900738954533175 -0.853232588445618 -0.795631953322375 -0.738387113795182 -0.692829807350328 -0.663779327285175 -0.65241098727772 -0.651836626717434 -0.653152216421651 -0.64806167761151 -0.630700733123344 -0.597095582147426 -0.548402527674578 -0.488320315548422 -0.425587359223229 -0.368840439440327 -0.32127013847864 -0.284705489001486 -0.259570545723421 -0.240669451563943 -0.222130325650653 -0.200997103738615 -0.174277163792796 -0.135915835990298 -0.0812724326204119 -0.0144242422090364 0.0583719526587771
-1.0352334416661 -0.996143679533003 -0.956973904257909 -0.917689507631848 -0.878344599886385 -0.839012459714661 -0.799754321215588 -0.760648803945768 -0.721856113886788 -0.683542646435052 -0.645817968221248 -0.608777438684634 -0.572519070250207 -0.537151487285908 -0.502777650919609 -0.469467257375961 -0.437244064932951 -0.405981344985116 -0.375518850468514 -0.345712747368713 -0.316423304933659 -0.287522377920469 -0.258928163122936 -0.23056536389184 -0.202338367769227 -0.174164036823911 -0.146029447040514 -0.117936412030736 -0.0898754819987867 -0.0618343912970029
-1.00201950101422 -0.969138852465131 -0.936280996642808 -0.903473966565374 -0.870733014471766 -0.83806356007236 -0.805444473742475 -0.772844334355122 -0.740217104109124 -0.707514376437217 -0.674692886381956 -0.641710654388356 -0.608521808768243 -0.57506490930069 -0.541279752288027 -0.507126648658369 -0.472578515417765 -0.437638179258226 -0.402321064599737 -0.366663077088227 -0.330705242676111 -0.2944846373932 -0.2580225375789 -0.221337950473665 -0.184456606612559 -0.147406002805826 -0.110213977669807 -0.0729101560316329 -0.03553096575549 0.00188546453517356
-1.00480563597843 -0.96954187182264 -0.934272466832838 -0.898998678480528 -0.863720748419167 -0.828449294293963 -0.793237453535174 -0.758148220608066 -0.723241498332858 -0.688570794556977 -0.654167128881724 -0.620055898846869 -0.586256940914498 -0.552767847235977 -0.519582137035154 -0.486699282136522 -0.454122951545077 -0.42186765038717 -0.389937932990967 -0.358287714370514 -0.326858249711333 -0.295589095039096 -0.264413009740092 -0.233269034835485 -0.202128134525308 -0.17097670105651 -0.139830915684814 -0.108709968840463 -0.0776152986430134 -0.0465439051343457
0.937098059453 0.950706550514275 0.953285348748151 0.932504538436258 0.888229421356362 0.82567522908472 0.759261694895411 0.702740775237105 0.657988817559018 0.624203274931708 0.601741631910582 0.591251380922255 0.590857855128084 0.588597750628395 0.57193536194624 0.536134014356587 0.480986464327274 0.416604162345677 0.353973528713075 0.29726216896683 0.248932984953322 0.210302979728396 0.178105561185749 0.148563126128749 0.120437622161596 0.0932726614665909 0.0671989637376195 0.0422862242015561 0.0177729327056417 -0.00731022224779073
-0.988351522678222 -0.955232866027948 -0.922114209334963 -0.88899555258384 -0.855876895826689 -0.822758239144699 -0.789639582667831 -0.756520926538054 -0.723402270896577 -0.69028361584206 -0.657164961303712 -0.624046307168383 -0.590927653312926 -0.557808999574205 -0.52469034579615 -0.491571691890933 -0.458453037787057 -0.425334383410112 -0.392215728719277 -0.359097073811002 -0.325978418816057 -0.292859763833415 -0.259741108834862 -0.226622453751054 -0.193503798475325 -0.160385142930707 -0.127266487196356 -0.0941478313743324 -0.0610291755021892 -0.0279105196013527
-0.995612235135435 -0.960736300593091 -0.925860366097711 -0.890984431714118 -0.856108497534506 -0.821232563656788 -0.786356630174388 -0.751480697177325 -0.716604764746497 -0.681728832940155 -0.646852901735093 -0.611976971087737 -0.57710104096652 -0.542225111387893 -0.507349182363508 -0.472473253837809 -0.437597325728058 -0.402721397909993 -0.367845470291465 -0.33296954295029 -0.298093616006776 -0.263217689575898 -0.228341763751294 -0.193465838584434 -0.158589913979449 -0.123713989813902 -0.0888380660064202 -0.0539621424796999 -0.0190862191316439 0.0157897041460422
-0.885917709590456 -0.977236756927108 -1.03568836919466 -1.02385418176551 -0.951065158863712 -0.845233983747704 -0.761850886961685 -0.742649987120365 -0.746763407834721 -0.725150714901993 -0.678683237868197 -0.620710247216546 -0.565636582674882 -0.532089360949547 -0.529954302473017 -0.529929265603771 -0.500274655140745 -0.438688923718691 -0.354416156638142 -0.27344492202694 -0.225949908719752 -0.226316878747444 -0.225775886925673 -0.179860844121699 -0.124476792624409 -0.100467011065009 -0.0880565920223735 -0.0570491333183766 0.0038195602007698 0.10108063193277
-0.998746302376563 -0.962854916156745 -0.926963530003912 -0.891072143978715 -0.855180758185173 -0.819289372738872 -0.783397987758306 -0.747506603373026 -0.711615219753911 -0.675723837051147 -0.639832455290837 -0.603941074468062 -0.568049694583464 -0.532158315659931 -0.49626693771433 -0.460375560717193 -0.424484184631288 -0.38859280943467 -0.352701435103378 -0.316810061590129 -0.280918688841803 -0.245027316812415 -0.209135945484515 -0.173244574829726 -0.137353204747435 -0.101461835107976 -0.0655704657377155 -0.0296790964762576 0.00621227273986159 0.0421036419498738
-0.988784242893087 -0.95413065773659 -0.919477072395629 -0.884823486670434 -0.85016990037615 -0.815516313360875 -0.780862725589581 -0.746209137043811 -0.711555547654499 -0.676901957361971 -0.642248366194732 -0.607594774203327 -0.572941181456909 -0.538287588099033 -0.503633994262851 -0.468980399965485 -0.434326805232261 -0.399673210237363 -0.365019615178832 -0.330366020201281 -0.295712425435966 -0.261058830974726 -0.226405236751731 -0.191751642655335 -0.157098048548281 -0.12244445430906 -0.0877908599047689 -0.0531372653385626 -0.0184836706692191 0.0161699240305772
0.997430887421121 0.962723679292056 0.928016471166803 0.893309262958546 0.858602054593382 0.82389484604143 0.789187637435973 0.754480428913818 0.719773220462721 0.685066012030973 0.650358803558047 0.615651594981213 0.580944386231561 0.546237177215453 0.511529967842839 0.476822758062728 0.442115547877624 0.407408337464937 0.372701127035844 0.337993916761666 0.303286706803765 0.268579497294194 0.233872288247778 0.199165079645433 0.164457871449671 0.129750663614557 0.0950434560787627 0.0603362487737966 0.0256290416179078 -0.00907816547396929
-0.985547458651998 -0.951744787893609 -0.917942117192288 -0.88413944665944 -0.850336776444332 -0.816534106697578 -0.78273143753731 -0.748928769089611 -0.715126101544855 -0.681323435069121 -0.647520769667017 -0.613718105302787 -0.579915441910276 -0.546112779301747 -0.512310117284239 -0.478507455765484 -0.444704794656977 -0.410902133784567 -0.377099472961233 -0.343296812034122 -0.309494150858921 -0.275691489347476 -0.241888827636261 -0.208086165903927 -0.174283504273211 -0.140480842830585 -0.106678181573392 -0.0728755204713456 -0.0390728594727707 -0.00527019852064606
-0.976507458475204 -0.944035216686451 -0.911562974928314 -0.879090733230531 -0.846618491651543 -0.814146250240709 -0.781674008982346 -0.749201767874108 -0.716729527032042 -0.684257286597448 -0.651785046694252 -0.619312807442034 -0.586840568961439 -0.554368331377369 -0.521896094778651 -0.489423859105557 -0.456951624251191 -0.424479390068531 -0.392007156425481 -0.359534923289772 -0.327062690654089 -0.294590458496887 -0.262118226739696 -0.229645995307619 -0.197173764196975 -0.164701533428823 -0.132229303051966 -0.0997570730880966 -0.0672848434227132 -0.0348126139072669
-1.06403409773933 -1.02762007121152 -0.991206044640502 -0.954792017988054 -0.918377991187302 -0.881963964160906 -0.845549936818315 -0.809135909089753 -0.77272188100174 -0.736307852604547 -0.69989382394715 -0.663479795078201 -0.627065766040401 -0.590651736852639 -0.554237707488552 -0.517823677764564 -0.481409647480201 -0.444995616524595 -0.408581584832629 -0.372167552432566 -0.335753519376017 -0.299339485726115 -0.262925451592097 -0.226511417099685 -0.190097382394448 -0.153683347619197 -0.117269312885863 -0.0808552782723635 -0.0444412437514379 -0.00802720926953247
1.10723463672021 1.04135104932 0.974231772694333 0.906592238852671 0.841080440489891 0.780771046179856 0.728512867326935 0.68672298044241 0.656317379634739 0.636456336165554 0.620778312312021 0.601541318105191 0.573450248538214 0.540997538452638 0.509348647962435 0.476573598422881 0.44024142997239 0.403012696640625 0.3677192504612 0.332786621592308 0.29553875972328 0.253434433162334 0.204471684693222 0.148719882239777 0.0939944198106073 0.0490213270332098 0.0184231499258408 0.00431441956993046 0.00288109090883917 0.00882697485141006
-0.978705633829537 -0.946022901603075 -0.913340169294525 -0.880657436807429 -0.847974704109439 -0.815291971178476 -0.782609237969421 -0.749926504439497 -0.717243770578358 -0.684561036400652 -0.651878301988576 -0.619195567441212 -0.586512832855163 -0.553830098317104 -0.521147363929285 -0.488464629866188 -0.455781896314772 -0.423099163439694 -0.39041643137908 -0.357733700187251 -0.325050969897573 -0.292368240527369 -0.259685512029778 -0.227002784327876 -0.194320057288677 -0.161637330761821 -0.128954604583516 -0.0962718786014431 -0.0635891527226154 -0.0309064268688766
-0.935808475177164 -0.903974389586644 -0.87214030404325 -0.84030621859885 -0.808472133160361 -0.776638047592951 -0.744803961739751 -0.712969875467586 -0.681135788760101 -0.64930170165264 -0.617467614270514 -0.585633526761526 -0.553799439260088 -0.521965351847048 -0.490131264562855 -0.458297177339945 -0.426463090088427 -0.394629002737136 -0.362794915234563 -0.330960827589097 -0.299126739824099 -0.267292651961924 -0.235458564020886 -0.203624476018571 -0.171790387973667 -0.139956299900451 -0.10812221179445 -0.07628812365293 -0.0444540354988418 -0.01261994736156
-0.911803644862406 -0.886387752417966 -0.860981718962665 -0.835584956127871 -0.810157574137399 -0.784659360775961 -0.75908811547942 -0.733412380860926 -0.707445660591643 -0.680996662275484 -0.654009948189346 -0.626464044278374 -0.598328611145494 -0.569537848024767 -0.5400124043027 -0.509654191344475 -0.478358655578837 -0.446014121710116 -0.412547320930147 -0.378045732105202 -0.342637021020159 -0.306454665040317 -0.269655387852646 -0.232385108849091 -0.194723283919824 -0.156740214772407 -0.118536049885738 -0.0802077328300149 -0.0418095407692945 -0.00338508426609894
-1.06029231264222 -1.00810057233913 -0.955287438365868 -0.901782755362324 -0.847485990973686 -0.792797014103692 -0.740147675685013 -0.692177241149206 -0.650322651894404 -0.615371703693925 -0.586717933855219 -0.563406315069274 -0.54436485754164 -0.528053721536122 -0.512748021800301 -0.496450540958614 -0.477056038564585 -0.452299514011221 -0.42040936559164 -0.381747347359914 -0.337208552310354 -0.288088845991325 -0.237287184167414 -0.18764698651052 -0.14018643810557 -0.0955430993119723 -0.0546572661740295 -0.0181112128857839 0.0152476094446621 0.047005455480691
-1.01011552217963 -0.976275458365564 -0.942435394504845 -0.908595330594118 -0.874755266697206 -0.840915202906566 -0.80707513936203 -0.773235076210896 -0.739395013582956 -0.705554951586271 -0.671714890259467 -0.637874829623816 -0.604034769689783 -0.570194710424617 -0.536354651781726 -0.502514593702373 -0.468674536098267 -0.43483447877506 -0.400994421537927 -0.367154364296209 -0.333314306985289 -0.29947424955034 -0.265634191975699 -0.231794134248107 -0.197954076324752 -0.164114018174505 -0.130273959842546 -0.0964339013914043 -0.0625938428767258 -0.0287537843524323
-1.0262282388186 -0.99008080167781 -0.953965111779504 -0.917901604320534 -0.881879262447117 -0.845877546762776 -0.809869279750872 -0.77383322113607 -0.737778517728386 -0.701729901683239 -0.66574405945228 -0.629885666061219 -0.59422291016339 -0.558838034922619 -0.523803465666594 -0.489138301867972 -0.454841386986191 -0.420883866282846 -0.387232255192374 -0.353862248038414 -0.320751833866908 -0.287874593812445 -0.255186477364213 -0.222642679747311 -0.190213010775893 -0.157872995537011 -0.12560640562024 -0.0933973420780719 -0.0612229773121235 -0.0290587515612939
-1.0029950374892 -0.969194727117531 -0.935394416802007 -0.901594106625418 -0.867793796657347 -0.833993486952866 -0.800193177522194 -0.766392868330881 -0.732592559210651 -0.698792249946777 -0.664991940272563 -0.631191629908323 -0.597391318618479 -0.563591006343907 -0.529790693049404 -0.495990378619011 -0.462190062942017 -0.42838974600946 -0.394589427874071 -0.360789108733594 -0.326988788822029 -0.293188468349226 -0.259388147428431 -0.225587826156193 -0.191787504658863 -0.157987183077792 -0.124186861584526 -0.0903865403137129 -0.0565862192221861 -0.0227858982223277
0.980763601590817 0.946714330310803 0.912665059089903 0.87861578799274 0.844566517099418 0.810517246505134 0.776467976349982 0.742418706780103 0.708369437920945 0.67432016987741 0.640270902692929 0.606221636395563 0.572172370989661 0.538123106384728 0.504073842485365 0.470024579271395 0.435975316716052 0.401926054690993 0.367876793039005 0.333827531588982 0.299778270166341 0.265729008619025 0.231679746885072 0.197630484945334 0.163581222861843 0.129531960697764 0.0954826984396145 0.0614334360675234 0.0273841736127001 -0.00666508888087545
-0.994423158890617 -0.963633229408277 -0.93280024729509 -0.901898932258296 -0.870979494807875 -0.84009755347128 -0.809254868043101 -0.778420502924105 -0.747486599672602 -0.716323333849365 -0.684789939867451 -0.652742916852989 -0.620025027143427 -0.586424085921476 -0.551764642630843 -0.516073130913942 -0.479412736974711 -0.441791773064472 -0.403230355423807 -0.363850690202945 -0.323800506029529 -0.283207919245068 -0.242122597046525 -0.200577742823657 -0.158619153881919 -0.116320748606487 -0.0738563357857009 -0.031391458496147 0.0110412934357886 0.0534425684962691
-1.0048246349078 -0.969306553742039 -0.933788472576043 -0.898270391375986 -0.862752310029831 -0.827234228420321 -0.791716146487549 -0.756198064196021 -0.720679981550542 -0.685161898557987 -0.649643815193207 -0.614125731423045 -0.578607647240185 -0.54308956274067 -0.507571478019865 -0.472053393067063 -0.436535307864264 -0.401017222470351 -0.365499136935369 -0.329981051197106 -0.294462965165288 -0.258944878780706 -0.223426792108418 -0.187908705227888 -0.15239061815194 -0.11687253088019 -0.0813544434260516 -0.0458363558152199 -0.0103182681087004 0.0251998196236727
-1.00160079809635 -0.965739977233752 -0.929891091488784 -0.894060868704726 -0.858260258372248 -0.822505546072125 -0.786830140098151 -0.751275208372026 -0.715895834614056 -0.680743231275153 -0.645839209930048 -0.611198231934426 -0.57683388102039 -0.542756230425724 -0.508976254167583 -0.47551203987494 -0.442378689807319 -0.409572251134642 -0.377078452968633 -0.344860807277844 -0.312877271745033 -0.281092020771481 -0.249494095632556 -0.218068352015379 -0.186758036380006 -0.155505818138459 -0.12429366773771 -0.0931119738315287 -0.0619454968659335 -0.0307775902350062
-0.980436135331419 -0.946804848038656 -0.913172393298384 -0.879536857221777 -0.84589475041481 -0.812242286366667 -0.778576065604561 -0.744892819917977 -0.711189419107457 -0.677462822240008 -0.643710207437449 -0.609928807585301 -0.576115861582418 -0.542268632380994 -0.508385378277996 -0.474468314896167 -0.440520199333478 -0.406541997263053 -0.372533947423428 -0.33849517223964 -0.304424515058348 -0.270321773224826 -0.236190560078799 -0.202035169775239 -0.167858803735654 -0.133664613496683 -0.0994566437889388 -0.0652389377454368 -0.031014638914819 0.0032133340503655
-0.964294863465977 -0.931731603752958 -0.899168344058657 -0.86660508446124 -0.834041824866328 -0.801478565086899 -0.768915304737902 -0.736352043362829 -0.70378878041738 -0.671225515394372 -0.638662248022865 -0.606098978090985 -0.573535705491938 -0.540972430539261 -0.508409153624107 -0.475845875027759 -0.443282595001555 -0.410719313786904 -0.378156031596826 -0.345592748540694 -0.313029464701967 -0.280466180134705 -0.247902894775358 -0.215339608597781 -0.182776321843058 -0.150213034778816 -0.117649747511637 -0.0850864601023267 -0.052523172589644 -0.0199598850068371
-0.955528120206504 -0.925725768233183 -0.895551068862854 -0.864669824518239 -0.832975748371801 -0.800453455624891 -0.767223258844679 -0.733414966362168 -0.699060672197876 -0.66416081059469 -0.628686890995478 -0.5926031916431 -0.555955388521472 -0.519114748578723 -0.482543716478326 -0.446743856780918 -0.412150233237794 -0.378892786465728 -0.346999803960176 -0.316398083865854 -0.286989051989789 -0.25879278978825 -0.232304001314461 -0.208091651331375 -0.186547124843896 -0.167909982324515 -0.151990065874117 -0.138421827746689 -0.126567879180231 -0.11572287115875
-1.00404629667673 -0.969407685858902 -0.934769075082601 -0.900130464350845 -0.86549185374597 -0.830853243383606 -0.796214633433265 -0.761576024080027 -0.726937415517366 -0.692298807916557 -0.657660201351657 -0.623021595872425 -0.588382991477949 -0.553744387964638 -0.519105785086837 -0.484467182633315 -0.449828580435091 -0.415189978457772 -0.380551376685251 -0.345912775039983 -0.311274173429065 -0.276635571745895 -0.241996969829078 -0.207358367541731 -0.17271976489983 -0.13808116197701 -0.103442558924709 -0.0688039558861611 -0.0341653528939829 0.000473250046861619
-0.993796152519367 -0.959053052266714 -0.924309951932594 -0.889566851398613 -0.854823750537724 -0.820080649214978 -0.785337547272468 -0.750594444565928 -0.715851341028627 -0.681108236623864 -0.646365131357545 -0.61162202524623 -0.576878918296088 -0.542135810471745 -0.507392701763591 -0.472649592306617 -0.437906482290078 -0.403163371975687 -0.3684202616218 -0.333677151400901 -0.298934041464006 -0.264190931928127 -0.22944782277426 -0.194704713957241 -0.159961605463283 -0.125218497278085 -0.0904753893539348 -0.0557322816280059 -0.0209891740104486 0.0137539335953439
1.03286452794194 0.997138808734441 0.961413089622502 0.925687370678113 0.889961651890654 0.854235933218523 0.818510214578799 0.782784495890748 0.747058777123681 0.711333058242056 0.675607339140869 0.639881619697752 0.604155899801722 0.568430179387338 0.532704458420903 0.49697873695014 0.461253015028503 0.425527292650946 0.389801569818162 0.354075846612319 0.31835012313595 0.282624399500807 0.246898675855511 0.211172952321562 0.175447228875113 0.139721505469133 0.103995782109209 0.0682700588075865 0.0325443355505284 -0.00318138768219935
-1.01248808705054 -0.971260113118686 -0.92985034030645 -0.888071199158992 -0.84863493144221 -0.814684253957172 -0.788183972424887 -0.769653195155853 -0.755006151898595 -0.739504470291795 -0.720404248096753 -0.695460200605424 -0.663099991559448 -0.624443078499224 -0.581235762786931 -0.535039927273122 -0.487231989165451 -0.438630921611611 -0.390320838736206 -0.34500386263147 -0.305786617381541 -0.27442139227325 -0.247243137404189 -0.219787431894866 -0.189809710146673 -0.156147389502584 -0.119745963791006 -0.0818800394723 -0.0430325970491907 -0.0034887105349968
-0.975893489545801 -0.943134110112017 -0.910374730711571 -0.877615351381449 -0.844855972131719 -0.812096592966659 -0.779337213894313 -0.746577834933491 -0.7138184561423 -0.681059077578558 -0.648299699259609 -0.61554032119268 -0.582780943400891 -0.550021565970947 -0.517262189018779 -0.484502812713651 -0.451743437217548 -0.418984062609984 -0.386224688925367 -0.35346531610012 -0.320705944046172 -0.287946572682981 -0.255187201960108 -0.222427831830119 -0.189668462227486 -0.156909093077619 -0.124149724287779 -0.0913903557652365 -0.058630987435446 -0.0258716192284098
-1.0338526160436 -0.998554034471524 -0.963255452830665 -0.927956871033139 -0.892658289047021 -0.857359706851323 -0.822061124412833 -0.786762541707862 -0.75146395876304 -0.716165375608628 -0.680866792239096 -0.64556820863997 -0.610269624798557 -0.574971040709302 -0.539672456380054 -0.504373871865155 -0.469075287220467 -0.433776702461448 -0.398478117601166 -0.363179532683543 -0.327880947760214 -0.292582362862183 -0.25728377793793 -0.22198519293956 -0.186686607916193 -0.15138802294157 -0.116089438090906 -0.0807908534147082 -0.0454922688631814 -0.0101936843614549
-0.999340329333096 -0.964731635211399 -0.930113619940907 -0.89547883290715 -0.860841406168237 -0.826219087943449 -0.791622508424155 -0.757063385791176 -0.72256490821103 -0.688149483771554 -0.653824930260139 -0.619595417889064 -0.585467908038351 -0.551460526758992 -0.517596940165522 -0.483911809955697 -0.450437624349855 -0.417187182075434 -0.384165236140642 -0.351364046169674 -0.318772748440721 -0.286378902294286 -0.254163759320131 -0.222106250031388 -0.190182328385412 -0.158367288364102 -0.126636760603295 -0.0949662794908003 -0.0633306577683617 -0.0317045277662067
-1.05448396702414 -1.01242511564451 -0.970403071122212 -0.928474731188023 -0.886684250954265 -0.845074564316843 -0.803696462924488 -0.762591534411824 -0.721756692604225 -0.681193284128758 -0.640965060628514 -0.60115137500059 -0.561823570834414 -0.523020954488729 -0.48478105964713 -0.447166366523292 -0.410224546570736 -0.373919089672292 -0.338224630560749 -0.303244564939423 -0.269114478754259 -0.235934809814089 -0.203665403379272 -0.172222212228239 -0.141486211760169 -0.111304713804619 -0.081425353291911 -0.0516134936048682 -0.0218050888355434 0.00802125924670345
-0.936198644280433 -0.861038972484441 -0.829246982348524 -0.864582089762689 -0.900386295254841 -0.869521396780485 -0.793345797367644 -0.711488676732754 -0.648165716273408 -0.617339815396767 -0.607376243867119 -0.600240864038036 -0.584745160553968 -0.577083107222877 -0.587765432061611 -0.577187390759034 -0.510501247343216 -0.422002771527035 -0.352561086886359 -0.300195226764196 -0.252211701945338 -0.200581746724384 -0.155935489435151 -0.12919722998164 -0.113809060509383 -0.100108032628368 -0.0834932435648898 -0.0622655748895383 -0.0412709999337858 -0.0269917649693251
-0.983730411741956 -0.948713837058992 -0.913697262435956 -0.878680687934519 -0.843664113619778 -0.808647539528196 -0.773630965578304 -0.738614391658122 -0.703597817651578 -0.668581243456578 -0.633564669031036 -0.598548094347867 -0.56353151940591 -0.528514944307688 -0.493498369200738 -0.458481794308954 -0.423465219834425 -0.388448645815648 -0.35343207226032 -0.318415499216536 -0.28339892674249 -0.248382354886133 -0.213365783654456 -0.178349213048872 -0.143332643089448 -0.108316073772216 -0.0732995049783959 -0.0382829365626807 -0.00326636838845385 0.0317501996787285
-1.01183749389779 -0.976901244238279 -0.941964994562645 -0.90702874486841 -0.872092495318389 -0.837156246117552 -0.802219997474199 -0.767283749600954 -0.732347502724425 -0.697411257028486 -0.662475012512104 -0.627538769128017 -0.592602526848725 -0.557666285725771 -0.522730045832339 -0.487793807249132 -0.452857570035916 -0.417921334161184 -0.382985099578636 -0.348048866274054 -0.313112634241246 -0.278176403483991 -0.243240174045964 -0.208303945929661 -0.173367718932958 -0.138431492810063 -0.10349526734513 -0.0685590423322989 -0.0336228175757261 0.00131340711792947
1.0108168140815 0.976193643477807 0.941577177465593 0.906976797236598 0.872398397050577 0.837841731598183 0.80328548422566 0.768701446386507 0.734054913307677 0.699308652549816 0.664421817234886 0.62935265687518 0.594062013250798 0.558521097213068 0.522708597311175 0.486622743814497 0.450264799761624 0.413628617547783 0.376713753792746 0.339549992657799 0.30217467518961 0.264628881139354 0.226968645076241 0.189246941721111 0.151489551583294 0.113717457726998 0.0759596476474773 0.0382392424492294 0.00054789324269683 -0.0371306163601918
-1.00521174715497 -0.969774478240576 -0.934337209242238 -0.898899940119548 -0.86346267085055 -0.828025401430581 -0.79258813190568 -0.757150862313114 -0.721713592604371 -0.68627632274231 -0.650839052821067 -0.615401782967592 -0.579964513328548 -0.544527244129435 -0.509089975565229 -0.473652707629969 -0.438215440289851 -0.402778173600622 -0.367340907610032 -0.331903642244276 -0.296466377399161 -0.261029112970457 -0.225591848853783 -0.190154584935039 -0.154717321061398 -0.11928005709017 -0.0838427929579553 -0.0484055286397865 -0.0129682641851544 0.0224690003378362
-0.948165217695356 -0.918050034303631 -0.887896747089717 -0.857670529275638 -0.827359520099209 -0.796953051260191 -0.76642225829033 -0.735738792584253 -0.704894565156122 -0.673885021017013 -0.642699481546106 -0.611325737214612 -0.57975368063954 -0.547981613021111 -0.516005036293782 -0.48379984674575 -0.451341093044162 -0.418620039018218 -0.385635071187468 -0.352396851670808 -0.318919111486969 -0.285216980668326 -0.251311185301819 -0.217223722410808 -0.18297607670976 -0.14859166950549 -0.114102180783104 -0.0795398141380139 -0.0449306089285677 -0.0102990634538463
-0.982815711126843 -0.94864764895426 -0.914479586831305 -0.880311524904654 -0.846143463450751 -0.81197540273882 -0.777807342879452 -0.743639283923258 -0.709471225839561 -0.675303168586678 -0.641135112160192 -0.606967056565002 -0.572799001809411 -0.538630947915354 -0.504462894910637 -0.470294842832938 -0.436126791717481 -0.401958741579798 -0.367790692389455 -0.333622643951842 -0.299454596031305 -0.265286548426866 -0.23111850107627 -0.196950453942786 -0.162782406953088 -0.12861436004337 -0.0944463132245102 -0.0602782665182128 -0.026110219914783 0.00805782660332284
1.03692842832826 1.00053235935726 0.964136290426742 0.927740221615484 0.891344153036577 0.854948084797964 0.818552016952672 0.782155949563129 0.745759882784274 0.709363816749506 0.672967751413562 0.636571686686513 0.600175622486924 0.563779558767336 0.527383495500967 0.490987432709766 0.454591370415098 0.418195308587271 0.381799247200222 0.345403186293461 0.30900712592289 0.272611066144615 0.236215007015557 0.199818948584429 0.163422890866301 0.127026833834587 0.0906307773297253 0.0542347211709246 0.0178386652254639 -0.0185573906273606
-1.02112124001717 -0.983666406101127 -0.946196601656261 -0.908712846189085 -0.871240225168438 -0.833814347296282 -0.796488848244707 -0.759328309954535 -0.72242307247137 -0.685860027511685 -0.649686515370626 -0.613939988488009 -0.578649262470371 -0.54380860559113 -0.509396631999868 -0.475363886683944 -0.441652255318534 -0.408197055492301 -0.374935675489432 -0.341820354462713 -0.30880704428208 -0.275851507990317 -0.242908753321593 -0.209936887438357 -0.176907170524805 -0.143801774993066 -0.110633369145269 -0.0774212336250975 -0.0441806025524501 -0.0109256984162799
-1.01405936486964 -0.979758714619928 -0.945458064398617 -0.911157414284519 -0.876856764371809 -0.842556114741619 -0.808255465407549 -0.773954816351441 -0.739654167495635 -0.705353518761206 -0.671052870123675 -0.636752221572174 -0.602451573092274 -0.56815092465532 -0.533850276223441 -0.499549627736149 -0.465248979151171 -0.430948330521713 -0.396647681920724 -0.362347033404641 -0.328046385025773 -0.293745736835099 -0.259445088878267 -0.225144441201537 -0.190843793858928 -0.156543146879192 -0.122242500182266 -0.0879418536700227 -0.0536412072809009 -0.0193405609624788
-0.981575613246028 -0.948599915666805 -0.91562421804802 -0.882648520358722 -0.849672822629285 -0.816697124889379 -0.78372142710454 -0.750745729235155 -0.717770031285166 -0.684794333269372 -0.65181863520246 -0.61884293709909 -0.585867238976284 -0.552891540860509 -0.519915842798315 -0.486940144907121 -0.453964447312575 -0.420988750102387 -0.388013053344832 -0.35503735706838 -0.322061661291556 -0.289085966026959 -0.256110271263502 -0.223134576970657 -0.19015888306384 -0.157183189447668 -0.12420749603763 -0.091231802756438 -0.0582561095448244 -0.0252804163480259
-0.918469702250528 -0.906080089572466 -0.892563126476931 -0.876971268031062 -0.858464530881253 -0.836411962176332 -0.810911169495595 -0.782212646916247 -0.750449874076647 -0.715837583484159 -0.679032533561014 -0.640801989208161 -0.60189395591079 -0.562979401491052 -0.524565156712738 -0.486578541769233 -0.448863069495679 -0.411506533864649 -0.374641532112999 -0.338335593397282 -0.302639979853971 -0.267691782405263 -0.233971407116245 -0.20191619013423 -0.171447872792534 -0.142364782685403 -0.114487187264781 -0.0876223556320055 -0.0615036236282712 -0.0358458437797385
0.992825880139669 0.953960972351144 0.915148124510894 0.876439213788402 0.837836679220398 0.799314448472959 0.76078184186232 0.722146592162853 0.683374689331328 0.644491600020443 0.605702440484213 0.567257239376978 0.529402983842243 0.492374494980165 0.456377176843985 0.42151093134266 0.387813287660348 0.355177786226326 0.323457483286558 0.292487487108636 0.262098418965563 0.232145132804986 0.202579413273142 0.173366347844783 0.144427304610137 0.115663101431954 0.0869360746475942 0.0581285278184798 0.0292411149276583 0.000304077563584555
-1.02604808686097 -0.990583019286558 -0.955117951747811 -0.919652884240673 -0.884187816727447 -0.848722749181045 -0.813257681650455 -0.777792614196916 -0.742327546854604 -0.706862479652681 -0.671397412627327 -0.635932345816477 -0.600467279264337 -0.565002213040205 -0.529537147206399 -0.494072081772235 -0.458607016718062 -0.423141951961363 -0.387676887405589 -0.352211822960912 -0.316746758539181 -0.281281694061843 -0.245816629488722 -0.210351564792158 -0.174886499956166 -0.139421434974029 -0.103956369864422 -0.0684913046550941 -0.0330262393846989 0.00243882590538337
-0.94985064207129 -0.918380417815217 -0.886961756739009 -0.855612488275478 -0.824301325854309 -0.792992672164907 -0.761682802938699 -0.730375347275132 -0.69907147470373 -0.667762393289134 -0.636401924806386 -0.604934544458125 -0.573315572906359 -0.541543712650563 -0.509621675981776 -0.47752483251983 -0.445208574886142 -0.412575730379682 -0.379516581456015 -0.345923796519539 -0.311690640461862 -0.276732878481734 -0.241056277006479 -0.204702267199613 -0.167764937940868 -0.130353176329346 -0.0925824046254251 -0.0545669828974644 -0.0164104872844605 0.0217862020569298
-1.06012194788824 -1.00418408293828 -0.950898039262544 -0.902269370423065 -0.857939083467013 -0.816378806240559 -0.773747196300736 -0.72686170459448 -0.677487925917481 -0.628837226983098 -0.584955918326622 -0.550099046438825 -0.526815884083447 -0.5108326091161 -0.49697617201048 -0.483299708620742 -0.468027083536527 -0.446838890908971 -0.41564124717776 -0.373785628375283 -0.321484850432105 -0.26046534605356 -0.198508015044059 -0.143641006549283 -0.0988269999809359 -0.0652529496773127 -0.0420683794170723 -0.0275323350358001 -0.0183793811564238 -0.0109629620987069
-0.978453195216259 -0.945002083068479 -0.911550970968801 -0.878099858965867 -0.844648747109807 -0.811197635456414 -0.777746524082654 -0.744295413079166 -0.710844302570115 -0.677393192657235 -0.643942083319017 -0.610490974503139 -0.57703986615042 -0.543588758174225 -0.510137650483957 -0.476686543000597 -0.443235435670167 -0.409784328527267 -0.376333221621355 -0.34288211497274 -0.30943100859444 -0.275979902485279 -0.2425287965873 -0.209077690832426 -0.175626585168883 -0.142175479556574 -0.10872437398581 -0.0752732684529676 -0.0418221629482927 -0.00837105746049752
-0.980972850192175 -0.955967967673487 -0.93003596676577 -0.901692928716985 -0.870555630187438 -0.836659437078733 -0.800613376845327 -0.763077332622018 -0.724340948712104 -0.684727923222109 -0.645068408302947 -0.606319169616634 -0.569206073638003 -0.533531390093171 -0.499231266468918 -0.467700958043407 -0.440218587276842 -0.416134637566212 -0.394264940678471 -0.373214360923637 -0.351535020747492 -0.32765750909304 -0.299526280892165 -0.265294454176908 -0.224435933391056 -0.177119600387989 -0.124973460247694 -0.0698098777314791 -0.0127195330993334 0.0453873145140851
0.987712988627537 0.954145470506816 0.920577952433999 0.88701043449488 0.853442916827793 0.819875399564068 0.786307882754495 0.752740366438154 0.719172850687836 0.685605335573211 0.652037821117773 0.618470307333469 0.584902794215731 0.551335281693927 0.517767769671031 0.484200258010496 0.450632746576 0.417065235271628 0.383497724025604 0.349930212822292 0.316362701660094 0.282795190535646 0.24922767943854 0.215660168331963 0.182092657080521 0.148525145555034 0.114957633749746 0.0813901216987847 0.0478226094723733 0.0142550971497609
-1.02434045318397 -0.988132538124928 -0.951924623032695 -0.915716707836139 -0.879508792369294 -0.843300876468565 -0.807092960074661 -0.770885043130589 -0.734677125484236 -0.698469206967752 -0.66226128744547 -0.626053366789766 -0.58984544487558 -0.553637521588121 -0.51742959677093 -0.481221670090634 -0.445013741229893 -0.408805810112415 -0.372597876722716 -0.336389941047498 -0.300182003074012 -0.263974062851057 -0.227766120673636 -0.191558176925322 -0.155350232097753 -0.119142286680775 -0.0829343410489976 -0.0467263954887736 -0.0105184500486773 0.0256894952821623
-0.996271771218411 -0.962929163125724 -0.929586554827476 -0.896243946130629 -0.862901336839915 -0.829558726814993 -0.796216116137478 -0.762873504949241 -0.729530893411215 -0.696188281683329 -0.66284566990242 -0.629503058199551 -0.596160446666672 -0.562817835239266 -0.52947522382259 -0.496132612357437 -0.462790000803935 -0.429447389163994 -0.396104777450433 -0.362762165677914 -0.329419553861557 -0.296076942027548 -0.262734330246323 -0.229391718568222 -0.196049106918966 -0.162706495214684 -0.129363883457761 -0.0960212716732944 -0.0626786598909802 -0.029336048141663
-1.01598318822975 -0.982024698427302 -0.948066208708395 -0.914107719194485 -0.880149230094599 -0.846190741641092 -0.812232254072058 -0.778273767596408 -0.744315282300568 -0.710356798220183 -0.676398315310235 -0.642439833505543 -0.608481352727197 -0.574522872841378 -0.540564393720715 -0.506605915318532 -0.472647437615645 -0.438688960622128 -0.40473048438485 -0.370772009068615 -0.336813534867708 -0.302855061915451 -0.268896590101316 -0.234938119274221 -0.20097964936471 -0.167021180315573 -0.133062712036959 -0.0991042444057384 -0.0651457771983171 -0.0311873101659824
-1.03278837736423 -0.998117873346778 -0.963447053617381 -0.928774548773211 -0.894097221900714 -0.859411427278793 -0.824713251466905 -0.789997753273618 -0.75525614822341 -0.720478113419054 -0.685651015560583 -0.65076164374735 -0.615799050407071 -0.580761341280915 -0.545650272865134 -0.510473151362849 -0.475237580902291 -0.439946807605264 -0.404603362283335 -0.36921127251355 -0.333774940064327 -0.298298566983695 -0.262785556438142 -0.227239425513456 -0.191664945854182 -0.15606670748161 -0.120447319365265 -0.08480950159691 -0.0491583998090229 -0.0134997660192615
-0.961901925248607 -0.92936905225037 -0.896836179141107 -0.864303305796404 -0.83177043210423 -0.79923755795316 -0.766704683221803 -0.734171807796244 -0.701638931602439 -0.66910605461667 -0.636573176976663 -0.604040298860503 -0.57150742043765 -0.538974541843059 -0.50644166320301 -0.47390878464358 -0.441375906259495 -0.40884302802027 -0.376310149844707 -0.343777271573965 -0.31124439302979 -0.278711514084603 -0.246178634813518 -0.213645755334875 -0.181112875737213 -0.148579996089197 -0.116047116409768 -0.0835142367084446 -0.0509813570067546 -0.0184484773292285
-0.940299132932396 -0.891991983079998 -0.970975264280155 -0.850861743723066 -0.706627028940229 -0.748201375507784 -0.823970790839134 -0.758754218302346 -0.644646593246882 -0.60359850226847 -0.609707144966503 -0.600106374191289 -0.539136454702002 -0.499963298893278 -0.540421561605992 -0.548195219830506 -0.423009078072274 -0.28290192874761 -0.257854591984311 -0.307302010845236 -0.348042659127007 -0.320811884591429 -0.262092530861028 -0.216633981201076 -0.1665042815871 -0.0881744725120124 0.00159109017197603 0.0705943155357073 0.0651954877015275 -0.0736055154453427
-1.01390842951762 -0.978507425271523 -0.943106420897641 -0.907705416292785 -0.872304411386999 -0.836903406134046 -0.801502400549369 -0.766101394672076 -0.730700388574278 -0.695299382310598 -0.659898375832722 -0.624497369066604 -0.589096361936284 -0.553695354358179 -0.518294346287403 -0.482893337841508 -0.447492329153088 -0.412091320252461 -0.376690311153571 -0.341289301907133 -0.305888292573055 -0.270487283212428 -0.235086273891083 -0.199685264689023 -0.164284255738212 -0.128883247150621 -0.0934822389062985 -0.0580812309449585 -0.0226802231769053 0.0127207844949094
-1.004046779333 -0.97034437817953 -0.936641977039002 -0.902939575903238 -0.869237174707267 -0.835534773364487 -0.801832371758577 -0.768129969767962 -0.73442756727978 -0.700725164186002 -0.667022760389223 -0.633320355794694 -0.599617950326904 -0.565915543987281 -0.532213136805884 -0.498510728850343 -0.464808320198864 -0.431105910934376 -0.397403501141698 -0.363701090908494 -0.32999868032314 -0.296296269468305 -0.262593858403836 -0.228891447160886 -0.195189035678655 -0.16148662389536 -0.127784211837256 -0.0940817995601341 -0.0603793871499085 -0.0266769747000224
-1.14038925679064 -0.994791600859346 -0.878280246676259 -0.810034107369415 -0.781858345860065 -0.778831044096273 -0.786495710340146 -0.791222051129021 -0.782219139787117 -0.752008129755624 -0.703519128156737 -0.642284480532902 -0.575692333179623 -0.518554035404624 -0.483795676425998 -0.469379102091076 -0.467970070707925 -0.46601423379832 -0.451637195060957 -0.425904473688523 -0.393116567747199 -0.357170819629776 -0.320351949035464 -0.282725173004253 -0.237090320632815 -0.178602773705399 -0.119105512699876 -0.0709687225875112 -0.0319838076195157 0.00370252313291233
-1.05720166957446 -1.00388132811036 -0.95145381834444 -0.900645860127804 -0.851842939236281 -0.805442281441482 -0.76222930657345 -0.723040322548655 -0.688526995570849 -0.658862747375793 -0.632492663539994 -0.607429745600147 -0.581996990910003 -0.555757380091538 -0.528685406524536 -0.501161631351784 -0.473355459475622 -0.444185603073582 -0.412564039184315 -0.37862649701573 -0.342814643818052 -0.305555156903277 -0.267214753830483 -0.228062824688434 -0.188039409437552 -0.146927704828937 -0.104212884904723 -0.059501975652972 -0.0131874335543966 0.0341419272871268
-1.03136273228394 -0.988683517793143 -0.946101603506512 -0.903743287620305 -0.861770313112323 -0.820337304229387 -0.779534965512839 -0.739411189471937 -0.699906540193061 -0.660948718613932 -0.622521301500493 -0.584621834575745 -0.547243774627439 -0.510364222702335 -0.473967090552353 -0.438079888491035 -0.402729598249696 -0.367897488669103 -0.333543660999223 -0.299589259017353 -0.265945687132625 -0.232528351123489 -0.199268662245677 -0.166111927096811 -0.133043028164804 -0.10006389811066 -0.0672050943974725 -0.0344905270389097 -0.00188889144886071 0.030644920608731
0.989773919305247 0.955146105291467 0.920518291270117 0.885890477217747 0.851262663019979 0.816634848546369 0.782007033693132 0.747379218370148 0.712751402515294 0.678123586072785 0.643495768984205 0.608867951190477 0.574240132644596 0.539612313347832 0.504984493337041 0.470356672743131 0.435728851708579 0.401101030328084 0.36647320868901 0.331845386897144 0.297217565062877 0.26258974331174 0.227961921829818 0.193334100781261 0.158706280181918 0.124078459993938 0.0894506401129551 0.0548228204283988 0.0201950008713772 -0.014432818616581
1.05144806994732 1.01419024070482 0.976932411548019 0.939674582590669 0.902416753954283 0.865158925760233 0.827901098121585 0.790643271140928 0.753385444887249 0.716127619405517 0.678869794678253 0.641611970672358 0.604354147346649 0.567096324627579 0.529838502444799 0.492580680773102 0.455322859579018 0.418065038750866 0.380807218186836 0.343549397902789 0.306291577944006 0.269033758349496 0.231775939133195 0.194518120283073 0.157260301708343 0.120002483301509 0.0827446649670207 0.0454868466283567 0.00822902827316178 -0.0290287900948775
-1.00113666566497 -0.966577090316025 -0.932017515160297 -0.897457940398998 -0.862898366050531 -0.828338792080709 -0.793779218427814 -0.759219645053379 -0.724660072039483 -0.690100499484487 -0.655540927431345 -0.62098135590916 -0.586421784917286 -0.551862214336083 -0.517302644005921 -0.482743073726203 -0.448183503296311 -0.413623932556495 -0.379064361374457 -0.344504789686821 -0.30994521744744 -0.27538564464925 -0.240826071441516 -0.206266498002113 -0.171706924467017 -0.1371473509365 -0.102587777409925 -0.0680282038692374 -0.0334686303276406 0.00109094319384967
-0.999619214491351 -0.963718449756661 -0.927807097047419 -0.89187501450934 -0.855941332986 -0.820034401657267 -0.784190170350329 -0.748446119890422 -0.712838254447675 -0.677404338108862 -0.64219065128245 -0.607245603457331 -0.572610500951821 -0.538298237401917 -0.50431273734112 -0.470650461575225 -0.437305768843967 -0.404272073350509 -0.371546552012812 -0.339142377144593 -0.307076719908505 -0.275356611712515 -0.243948524945838 -0.212807952897231 -0.181887031472387 -0.15113620467613 -0.120502506292902 -0.0899365758115621 -0.0594068857590322 -0.0288863669217496
-1.00302437712669 -0.968256618078105 -0.933482156129465 -0.898683615917956 -0.863852281435525 -0.828995096564503 -0.794172985393991 -0.75944872915114 -0.724838557408525 -0.690348326486484 -0.655988951350993 -0.621772611629433 -0.587726013937427 -0.553933972843554 -0.520495075995144 -0.487504895401573 -0.455042096833686 -0.423120736746137 -0.391728658117838 -0.360813459340915 -0.330312677660796 -0.3001789052715 -0.270424954161409 -0.241074275869857 -0.212132660345623 -0.183584410626677 -0.155345543698312 -0.127319396165256 -0.0994268691626494 -0.0715932549582362
