-0.978982489063397 -0.947059559502635 -0.915107917911646 -0.883082474953601 -0.850947922480519 -0.818668235277863 -0.786194738676015 -0.753479218851152 -0.72048795481771 -0.687188070771356 -0.653535578794431 -0.619483712940943 -0.584989482622804 -0.550024998683551 -0.514574873362759 -0.478658623052538 -0.442306099023323 -0.405553587906326 -0.368440194282548 -0.331009859171399 -0.293307732701888 -0.255381461369843 -0.217288677138362 -0.179081593770973 -0.140780766765637 -0.102400634690988 -0.0639628266639188 -0.0254897764190594 0.0130000543862656 0.0514891971140584
-1.00976879938784 -0.974703500357836 -0.939638201354637 -0.904572902411718 -0.869507603547317 -0.834442304758232 -0.799377005970732 -0.764311707084537 -0.729246407963675 -0.694181108481648 -0.659115808585538 -0.624050508240821 -0.588985207426037 -0.553919906171976 -0.518854604534299 -0.483789302615898 -0.44872400054254 -0.413658698484244 -0.378593396601659 -0.343528094973693 -0.308462793658817 -0.273397492706434 -0.238332192129685 -0.203266891942499 -0.168201592198242 -0.133136292927394 -0.0980709940294561 -0.0630056953795051 -0.0279403968858962 0.00712490153469601
-0.983864240613861 -0.949871290615838 -0.915878340606663 -0.881885390626707 -0.847892440748289 -0.813899491037676 -0.779906541504985 -0.745913592128821 -0.711920642817879 -0.677927693495719 -0.643934744215256 -0.609941795061741 -0.575948846135091 -0.541955897593867 -0.507962949609191 -0.473970002343768 -0.439977055960318 -0.405984110630019 -0.371991166490799 -0.33799822353912 -0.304005281736081 -0.270012340997312 -0.236019401056589 -0.202026461642698 -0.168033522646337 -0.134040584003819 -0.100047645671993 -0.066054707603727 -0.032061769715427 0.00193116808561607
-0.968866954565803 -0.933847804765839 -0.898781355520756 -0.863638860056121 -0.828420014687454 -0.793138206773912 -0.757833144759255 -0.72255728770978 -0.687387776097331 -0.652412254721577 -0.617735704287946 -0.583467439478309 -0.549702427110728 -0.516478242548049 -0.483820913880181 -0.451767671560511 -0.420343378275965 -0.389512223284172 -0.359215522856462 -0.329363774748282 -0.299859772086108 -0.270602006742931 -0.241471765577816 -0.212360761512635 -0.183219616734428 -0.154019789210307 -0.124757170762508 -0.0954353786256235 -0.0660644978285549 -0.0366562303487788
-0.97559232996079 -0.944237530838719 -0.912891878002063 -0.881597711331108 -0.850414734006415 -0.819399129206996 -0.788575636805387 -0.757919852357246 -0.727242237457182 -0.696319661106873 -0.664959755897321 -0.632977845316859 -0.600219339192745 -0.566649992707932 -0.532274375139637 -0.497131966786428 -0.461247831162245 -0.424554453621176 -0.386990446125577 -0.348611505230746 -0.309502598640211 -0.269767742710667 -0.229587148411454 -0.189130454391676 -0.148448815406828 -0.10755930380116 -0.0664611461675348 -0.0251597009046027 0.0162973006144493 0.0578515337728002
-1.00349276125317 -0.969454536330986 -0.9354163115116 -0.901378086821594 -0.867339862179072 -0.833301637459392 -0.799263412475411 -0.765225187023696 -0.731186960898144 -0.697148733917237 -0.663110506000473 -0.629072277092601 -0.595034047149805 -0.560995816174006 -0.526957584186547 -0.49291935124072 -0.458881117397055 -0.424842882713076 -0.39080464724744 -0.356766411066331 -0.322728174237816 -0.288689936832754 -0.254651698933175 -0.220613460638518 -0.186575222106683 -0.152536983497862 -0.118498744922953 -0.0844605064577386 -0.0504222680868275 -0.016384029772036
-1.01850277524269 -0.939574723790931 -0.8855889155148 -0.856332982450359 -0.839155409890853 -0.820083610653994 -0.792299854398173 -0.752690090952252 -0.705800133986308 -0.657047567958378 -0.607677196637121 -0.557890628618849 -0.511535345124757 -0.48704231787557 -0.49758219400023 -0.520700831761026 -0.528610662883376 -0.507815201811872 -0.45363638709267 -0.38237877095901 -0.315592559065905 -0.269516815873297 -0.239146041060852 -0.215495913091921 -0.194911390344859 -0.173818183350922 -0.143635731337953 -0.0974999482630466 -0.0404189183037227 0.019631231807395
-1.02642788722743 -0.988442319693061 -0.95045680628365 -0.912471138121207 -0.874485329210395 -0.836499920441024 -0.798517337360818 -0.760540545539602 -0.722572785977676 -0.684617403907 -0.646677886055709 -0.608757754525982 -0.570860338014666 -0.532988191597297 -0.49514275522988 -0.457321782011625 -0.41952220387819 -0.381741354967828 -0.343977071166651 -0.306228793149616 -0.268496362788892 -0.230779178254615 -0.193074862908792 -0.15538080434985 -0.117695221930014 -0.080016695806456 -0.0423444176023142 -0.00467751623977106 0.0329857416287952 0.0706473049184576
-1.01755729616682 -0.972648240859074 -0.928631473049006 -0.886761482422927 -0.847584782872094 -0.811253319236049 -0.777048735942519 -0.744137075519157 -0.712092273305116 -0.680563708246075 -0.649094640902303 -0.617201802237719 -0.584128482665159 -0.548024210393126 -0.507372383538521 -0.463085642056166 -0.416801576445471 -0.370628337546295 -0.3264462752977 -0.284753975695136 -0.245704583748146 -0.209472448799949 -0.176316737528475 -0.146444979287513 -0.119773336799585 -0.0961308634977682 -0.0752895422886143 -0.056860506355438 -0.0398685605151275 -0.0231919274929642
-0.968312385493181 -0.936009135703552 -0.903705885753225 -0.871402635479666 -0.839099384796069 -0.806796133664408 -0.774492882166037 -0.742189630397265 -0.709886378394838 -0.677583126184077 -0.645279873804176 -0.612976621297798 -0.580673368679951 -0.548370115855019 -0.516066862699437 -0.483763609088459 -0.451460354918947 -0.419157100175389 -0.386853844849614 -0.35455058887518 -0.322247332171078 -0.289944074690204 -0.25764081652107 -0.225337557765385 -0.19303429844202 -0.16073103857534 -0.128427778294513 -0.0961245177482748 -0.0638212570588264 -0.0315179963417363
-1.00955986357818 -0.973176414875208 -0.936912203455867 -0.900798258957284 -0.864784284655712 -0.828796111614009 -0.792745408402348 -0.756536591085778 -0.72005922820155 -0.683242477411056 -0.646188700400055 -0.609043559860398 -0.571951060319988 -0.535048573650925 -0.498467785161755 -0.462324266562607 -0.426730293561883 -0.391801071459495 -0.357659442258694 -0.324455865184567 -0.29234770376766 -0.261437902230579 -0.231611727564187 -0.20269771032602 -0.174515112572084 -0.14690411589195 -0.119797848511006 -0.0931327866700184 -0.066765852035481 -0.0405340776303165
-1.04440199376238 -1.00773949975912 -0.97107700570834 -0.934414511555622 -0.897752017203079 -0.861089522540476 -0.824427027451703 -0.787764531859472 -0.751102035847664 -0.714439539530228 -0.677777042980218 -0.641114546260468 -0.604452049414354 -0.567789552407424 -0.531127055227639 -0.494464558030436 -0.457802061008807 -0.421139564338493 -0.384477068171425 -0.347814572581552 -0.311152077623325 -0.274489583321947 -0.237827089585615 -0.201164596282234 -0.164502103235549 -0.127839610273898 -0.0911771172881582 -0.0545146242052135 -0.0178521310334229 0.0188103621984843
-1.03765183313453 -1.00174694458867 -0.965842056078971 -0.929937167686031 -0.894032279525823 -0.85812739171086 -0.822222504304432 -0.786317617322856 -0.750412730643787 -0.714507844123091 -0.678602957668143 -0.642698071199192 -0.606793184672014 -0.570888298184475 -0.534983411855233 -0.499078525744029 -0.463173639891904 -0.427268754324024 -0.391363869048768 -0.355458984023236 -0.319554099191707 -0.283649214473854 -0.247744329690928 -0.211839444669333 -0.175934559354507 -0.140029673727018 -0.104124787788914 -0.0682199015622145 -0.0323150151273444 0.00358987142066961
-0.988682953392925 -0.950808660329775 -0.921025255382285 -0.902654819990766 -0.889694590490884 -0.873739451515009 -0.846099725987 -0.800265316040274 -0.738729002355008 -0.667034420206661 -0.593925744705066 -0.528947285918647 -0.480206628454172 -0.450064455071787 -0.437727649451268 -0.435534800797536 -0.434947414092718 -0.430786951902606 -0.418957072904881 -0.396330262641107 -0.360021213368819 -0.30885771494907 -0.248519947656998 -0.186162142394095 -0.127982342153219 -0.0797062814821814 -0.0461266490572784 -0.030064466497975 -0.0273871330679396 -0.0322236424418915
-0.980770685322645 -0.947327792063189 -0.913885645665755 -0.880444863909417 -0.847009434451092 -0.813585561580637 -0.780184946241842 -0.746820606308848 -0.713505330723263 -0.68025038657432 -0.647061182474274 -0.613941662416139 -0.580894063793533 -0.547913797602501 -0.514995077017726 -0.482134150326014 -0.449328333033722 -0.416577174413288 -0.383879876535258 -0.351232018896537 -0.31862827535062 -0.286065015398835 -0.253545391133837 -0.221072082905054 -0.188639101497662 -0.156238375872226 -0.123862177255094 -0.0915033517110691 -0.0591567023929878 -0.0268175217256936
-0.997395663542873 -0.963733234149797 -0.930070804708582 -0.896408375177191 -0.862745945478129 -0.829083515531857 -0.795421085286141 -0.761758654706597 -0.728096223802941 -0.694433792615996 -0.660771361266914 -0.627108929896929 -0.593446498647822 -0.559784067663561 -0.526121637053615 -0.492459206787261 -0.458796776812029 -0.425134347128634 -0.391471917745881 -0.357809488651739 -0.324147059828963 -0.290484631230629 -0.256822202691085 -0.223159774057909 -0.189497345350329 -0.15583491662715 -0.122172487933822 -0.0885100592948705 -0.0548476306644682 -0.0211852019791992
-0.996076470722893 -0.962679658667724 -0.929282846653599 -0.8958860346487 -0.862489222613853 -0.829092410528586 -0.795695598454617 -0.762298786452709 -0.728901974497632 -0.695505162560363 -0.66210835068271 -0.628711538924189 -0.595314727312438 -0.561917915747584 -0.528521104107919 -0.495124292311893 -0.461727480286829 -0.428330667955384 -0.394933855254252 -0.36153704218094 -0.328140228748158 -0.294743414964628 -0.261346600823131 -0.227949786303257 -0.194552971347777 -0.161156155907428 -0.127759340001606 -0.0943625236856133 -0.0609657070897036 -0.0275688903628696
-1.03702902489619 -1.00067020787234 -0.964311390947695 -0.927952574157098 -0.891593757463585 -0.855234940834489 -0.818876124326195 -0.782517308004158 -0.746158491881084 -0.70979967596463 -0.673440860295011 -0.637082044920583 -0.600723229893461 -0.564364415280804 -0.528005601127723 -0.491646787376095 -0.455287973951945 -0.418929160821115 -0.382570347970913 -0.346211535434686 -0.309852723257291 -0.273493911469681 -0.237135100047188 -0.200776288934115 -0.164417478006268 -0.128058667130821 -0.0916998562089184 -0.0553410451728966 -0.018982234045905 0.0173765771262047
-0.953981708990077 -0.923025332023963 -0.89206895514759 -0.861112578448924 -0.830156201978763 -0.799199825782752 -0.768243449923091 -0.737287074476757 -0.706330699563258 -0.675374325301113 -0.644417951762332 -0.613461579007298 -0.582505207077886 -0.551548835941936 -0.520592465529159 -0.489636095690771 -0.458679726244324 -0.427723356951222 -0.396766987586419 -0.365810618035243 -0.33485424821061 -0.303897878052136 -0.272941507606214 -0.241985136950308 -0.21102876617938 -0.180072395382901 -0.14911602461088 -0.118159653895031 -0.0872032832333672 -0.0562469126154716
0.985058408471928 0.951050632529918 0.91704285658908 0.883035080660574 0.849027304772999 0.815019528951322 0.781011753188533 0.747003977491535 0.71299620195487 0.678988426689032 0.644980651780696 0.610972877310579 0.576965103360245 0.54295733001464 0.508949557331483 0.474941785256182 0.440934013730967 0.406926242797642 0.372918472513674 0.338910702899585 0.304902933966662 0.270895165702372 0.236887397998907 0.202879630738007 0.168871863854889 0.134864097288702 0.100856330940837 0.0668485647131638 0.032840798547219 -0.00116696760554486
-1.02389094021123 -0.988229898019854 -0.952568855663754 -0.916907813035504 -0.881246770151483 -0.845585727075236 -0.809924683935182 -0.774263640858619 -0.738602597903499 -0.702941555101644 -0.667280512449708 -0.631619469935554 -0.595958427549542 -0.560297385292018 -0.524636343204162 -0.488975301480507 -0.453314260334696 -0.417653219903478 -0.381992180292309 -0.346331141558371 -0.310670103746777 -0.275009066874437 -0.239348030845436 -0.203686995514031 -0.168025960647973 -0.132364926015556 -0.0967038914737476 -0.0610428569235766 -0.0253818223536375 0.010279212225583
0.975668089144133 0.941858082537434 0.908048075926647 0.874238069293699 0.840428062559237 0.806618055626145 0.772808048387541 0.738998040736733 0.705188032577548 0.671378023833 0.637568014492326 0.603758004561318 0.569947994049962 0.536137982985021 0.502327971404812 0.468517959377096 0.434707946967642 0.400897934204796 0.367087921122858 0.333277907817386 0.299467894399248 0.265657880968994 0.231847867585904 0.198037854290672 0.16422784109093 0.130417827992754 0.0966078150290618 0.0627978022241804 0.0289877895412336 -0.00482222307195549
-0.989390971368006 -0.954902129004117 -0.920413286628789 -0.885924444248603 -0.851435601825013 -0.816946759341911 -0.78245791691806 -0.747969074674559 -0.713480232606989 -0.678991390673374 -0.644502548807032 -0.610013706935104 -0.575524864989037 -0.541036022917501 -0.50654718067848 -0.472058338249991 -0.437569495597552 -0.403080652616668 -0.368591809216513 -0.33410296543095 -0.299614121325013 -0.265125276931776 -0.23063643215647 -0.196147586898595 -0.16165874116257 -0.127169895004186 -0.0926810485798071 -0.0581922020473605 -0.0237033554704327 0.010785491110974
1.00392532335898 0.969430881905388 0.934936440449848 0.900441999030288 0.865947557788641 0.831453116855765 0.79695867621421 0.762464235805801 0.727969795557768 0.693475355400299 0.658980915290012 0.624486475190133 0.58999203505296 0.555497594787073 0.521003154289429 0.486508713454203 0.452014272184546 0.417519830422304 0.383025388121177 0.348530945243579 0.314036501754105 0.279542057633745 0.245047612929066 0.210553167736557 0.176058722286817 0.141564276807244 0.107069831378358 0.0725753860303745 0.0380809407391839 0.00358649546709521
-0.908087479951872 -0.883424866711191 -0.85877930460136 -0.834114385136213 -0.809296462497864 -0.78417544501302 -0.75863269491848 -0.732559568722186 -0.705855946106555 -0.678435703653108 -0.650260182365283 -0.621302589351996 -0.591543468613177 -0.5609927117128 -0.529666111008927 -0.49757371447193 -0.464739462552492 -0.431248610010231 -0.397175271938317 -0.362487690455186 -0.32712763943559 -0.291049276794989 -0.25425629661167 -0.21676195847222 -0.178568247833586 -0.13971459439735 -0.100401478973278 -0.0608455535229164 -0.021167103506769 0.0185376772399241
0.968417671341027 0.935810452125832 0.903203232899728 0.870596013598471 0.83798879415412 0.805381574529698 0.772774354815772 0.740167135112629 0.707559915431905 0.67495269576126 0.642345476081105 0.609738256370037 0.577131036613417 0.544523816823662 0.511916597018516 0.47930937720998 0.446702157408352 0.414094937622862 0.381487717856889 0.348880498091486 0.316273278302123 0.283666058481341 0.251058838689962 0.218451618999832 0.185844399458614 0.153237180102038 0.120629960942296 0.0880227419722039 0.0554155231306014 0.0228083043428334
-1.05026101198734 -0.996955476146248 -0.948982671212673 -0.910966022054585 -0.869220252051816 -0.811732219449306 -0.751486023440576 -0.704170288099339 -0.671294496071507 -0.650985087682444 -0.642015475403143 -0.643320814741 -0.650303413511715 -0.644234188764186 -0.608243861232302 -0.547033757156703 -0.471879712191229 -0.398784994135746 -0.342290896610783 -0.306363384373487 -0.292324589965157 -0.295781372781228 -0.289479499633681 -0.248357586849688 -0.17898674140066 -0.0976909228936276 -0.0281730108338783 0.0106347519421912 0.0262615891720102 0.032852091236464
-0.976364243311068 -0.943564044202017 -0.910763845168744 -0.877963646257175 -0.845163447469622 -0.812363248783913 -0.779563050123548 -0.746762851416077 -0.713962652659569 -0.681162453880393 -0.648362255147609 -0.615562056540949 -0.582761858125302 -0.549961659906188 -0.517161461866006 -0.484361263954059 -0.451561066105809 -0.418760868234483 -0.385960670265027 -0.353160472191521 -0.32036027402533 -0.287560075779794 -0.254759877476162 -0.221959679133423 -0.189159480753616 -0.156359282334854 -0.123559083876509 -0.0907588853793766 -0.0579586868487104 -0.0251584882908766
-1.05243673962813 -1.01541274993153 -0.978388760302059 -0.941364770803023 -0.904340781514741 -0.867316792544414 -0.830292804089756 -0.79326881635448 -0.756244829475785 -0.719220843567993 -0.682196858720445 -0.64517287501623 -0.608148892496999 -0.571124911038627 -0.534100930480326 -0.497076950680419 -0.460052971501065 -0.423028992800665 -0.386005014453767 -0.34898103640329 -0.311957058609244 -0.274933081030388 -0.237909103620473 -0.200885126324251 -0.163861149055471 -0.126837171733515 -0.0898131943312962 -0.0527892168459174 -0.0157652393177058 0.0212587382022043
-0.992134074620457 -0.958435147269715 -0.924736219953944 -0.891037292703395 -0.857338365486471 -0.823639438252714 -0.789940510938065 -0.756241583515194 -0.722542656117265 -0.688843728903493 -0.655144801976779 -0.621445875425949 -0.587746949316759 -0.554048023622693 -0.520349098307988 -0.486650173392153 -0.452951248902813 -0.419252324844772 -0.385553401205687 -0.351854477927468 -0.318155554940585 -0.284456632153116 -0.250757709383571 -0.217058786457254 -0.183359863316221 -0.149660939939317 -0.115962016335777 -0.0822630925307419 -0.0485641685825678 -0.0148652445579159
-0.994332993806029 -0.960637106484792 -0.926941219314897 -0.893245332413276 -0.859549445802474 -0.825853559462585 -0.792157673298276 -0.758461787194235 -0.724765901030666 -0.691070014666085 -0.657374127876755 -0.623678240418373 -0.589982352070328 -0.556286462706776 -0.522590572248902 -0.488894680711251 -0.455198788108353 -0.421502894361309 -0.387806999394862 -0.354111103241744 -0.320415205961686 -0.286719307618126 -0.253023408289335 -0.219327508072818 -0.185631607128192 -0.151935705642253 -0.118239803848412 -0.0845439019553353 -0.0508480000261108 -0.017152098087429
-1.02884067993673 -1.00802075297841 -0.981572391154995 -0.935068866934899 -0.882642143535984 -0.845091483089981 -0.841326652634668 -0.869888140204004 -0.849728812910628 -0.718225031100497 -0.566034748974142 -0.522136319195739 -0.646203504803284 -0.720691710330052 -0.557922708663192 -0.366902104610073 -0.370247716965854 -0.448342388556628 -0.441111561072693 -0.368886047630207 -0.297098004201797 -0.268410826206 -0.234412866844999 -0.151148399923156 -0.0835604238699048 -0.0943138704982174 -0.12806268053016 -0.117699083297359 -0.0670794536605922 0.00219879713707675
1.03104430786803 0.994245793266323 0.957447278668464 0.920648764073198 0.883850249526871 0.847051735084151 0.8102532207854 0.773454706666174 0.736656192757087 0.699857679113295 0.663059165893057 0.626260653280407 0.589462141432231 0.552663630396824 0.515865120182194 0.479066610743795 0.442268102039046 0.40546959408578 0.368671086897686 0.331872580411448 0.295074074544505 0.258275569211205 0.221477064313541 0.18467855977144 0.147880055588914 0.111081551758932 0.0742830481462009 0.0374845446032959 0.000686041062533949 -0.0361124625238328
-1.04237130766296 -1.00575472081939 -0.969138134021998 -0.932521547299536 -0.89590496070825 -0.859288374312643 -0.822671788182764 -0.786055202413142 -0.749438617190701 -0.712822032700721 -0.676205449029531 -0.639588866238719 -0.602972284367012 -0.566355703361705 -0.529739123138355 -0.493122543577009 -0.456505964564368 -0.419889386049233 -0.383272808004514 -0.346656230437461 -0.310039653363905 -0.273423076800456 -0.236806500766836 -0.200189925241551 -0.163573350035129 -0.126956774928908 -0.0903401997554555 -0.0537236243992775 -0.0171070489014036 0.0195095266580049
-0.931241198833655 -0.904217385991253 -0.877264025345118 -0.850448497816285 -0.823759081789384 -0.797138966221384 -0.770430084895037 -0.743471433376182 -0.716191509537229 -0.68854135446187 -0.660472679772352 -0.631937364725561 -0.602880630956308 -0.573221069611105 -0.542864380760381 -0.511691330658525 -0.479592326868639 -0.446521276004703 -0.412472101070504 -0.377535291578157 -0.34182547866686 -0.305444393704253 -0.26844216897173 -0.23086894688507 -0.192826509483834 -0.154442985592312 -0.115900251549946 -0.0773627019669157 -0.0388710570211958 -0.000435118282712151
-0.977693116265683 -0.944541093284192 -0.911389070371826 -0.878237047577802 -0.845085024936283 -0.811933002479224 -0.778780980244796 -0.745628958278778 -0.712476936651163 -0.679324915410077 -0.646172894491962 -0.613020873805338 -0.579868853290116 -0.54671683301176 -0.513564813048021 -0.48041279340023 -0.447260774055847 -0.414108755023267 -0.380956736329362 -0.347804718053971 -0.314652700290171 -0.28150068311115 -0.248348666510509 -0.215196650462378 -0.18204463494258 -0.148892619912114 -0.115740605270996 -0.0825885909019631 -0.0494365766795957 -0.0162845624764368
-0.996767597583172 -0.960476870065277 -0.924195294772029 -0.887932716009563 -0.851693822577611 -0.815482128026703 -0.779301600416967 -0.743156995305761 -0.707055763729738 -0.671004708813015 -0.635005346550248 -0.599057871153728 -0.563164297481937 -0.527333922978123 -0.491578107098749 -0.455909174768384 -0.420338168620645 -0.38487003665723 -0.349504858670135 -0.314229336244473 -0.279026826413632 -0.243880699803186 -0.208774381407434 -0.173693540354633 -0.138632767940139 -0.103589212519009 -0.0685613285179987 -0.03354727253768 0.00145729619782628 0.0364573428085112
-1.02951781595339 -0.991490953815372 -0.953500710796796 -0.915569336509511 -0.877711371291055 -0.839940309962146 -0.802273174550545 -0.764726561284795 -0.72731183598952 -0.690041564877689 -0.652938346119547 -0.616027285874658 -0.579330993064629 -0.542862087659222 -0.506632336752995 -0.470660084891539 -0.434965488304284 -0.399569372505007 -0.364484290248678 -0.329689033970719 -0.295153956026659 -0.260845172234143 -0.226711852259264 -0.192704807588699 -0.158798363142999 -0.124974490922701 -0.0912222378144012 -0.0575297799497704 -0.0238747355547124 0.00976791662131034
1.03047884118019 0.990384995133303 0.950271022072722 0.910174054392944 0.870237688534708 0.830621540798168 0.791442842874889 0.752825495599659 0.714962460988739 0.678026790436849 0.642042831671068 0.606997756501562 0.572855567141041 0.539487587412391 0.506756296863148 0.474581476329291 0.442914429407876 0.411775249451826 0.381172889220223 0.351002949340902 0.321132692408889 0.291413244905512 0.261631188857314 0.2315852272173 0.201187091099104 0.170414132436034 0.139393158279463 0.108263450813742 0.0770647376370522 0.0458118577010361
-1.00981893934604 -0.973429196763804 -0.937039454153657 -0.900649711563309 -0.86425996910724 -0.82787022689482 -0.791480484948222 -0.755090743264449 -0.718701001827024 -0.682311260604602 -0.645921519519832 -0.609531778483863 -0.573142037420713 -0.536752296305879 -0.500362555115354 -0.463972813775636 -0.42758307219613 -0.391193330267366 -0.354803587910735 -0.318413845189953 -0.28202410220432 -0.245634359049479 -0.209244615806449 -0.172854872538507 -0.136465129252567 -0.100075385963384 -0.0636856427734313 -0.0272958997726921 0.00909384308652858 0.0454835858863453
-1.03039992973416 -0.994701537914211 -0.959003146140549 -0.923304754453732 -0.887606363013263 -0.851907971978806 -0.816209581391726 -0.780511191243129 -0.74481280144139 -0.709114411881626 -0.673416022488661 -0.637717633194748 -0.602019243928632 -0.566320854605045 -0.530622465142567 -0.494924075489194 -0.459225685598333 -0.423527295415599 -0.387828904884487 -0.352130513947798 -0.316432122548158 -0.280733730656654 -0.245035338358207 -0.209336945751026 -0.17363855287262 -0.137940159744368 -0.102241766383813 -0.066543372818204 -0.0308449791174438 0.00485341463790224
-0.961247774545686 -0.928296678610162 -0.895345582778054 -0.862394487158328 -0.829443391829329 -0.796492296849637 -0.763541202229369 -0.730590107958902 -0.697639013998081 -0.664687920318143 -0.631736826966386 -0.598785734009129 -0.565834641491656 -0.532883549375135 -0.499932457596506 -0.466981366079916 -0.434030274719478 -0.401079183301937 -0.36812809161443 -0.335176999553017 -0.302225907040988 -0.269274814053829 -0.236323720775805 -0.203372627418014 -0.17042153409011 -0.13747044087046 -0.104519347813745 -0.0715682549537861 -0.0386171622646479 -0.00566606970545752
1.04039094460572 0.966394281370249 0.899275999492099 0.845147570192051 0.806992598523922 0.785401512118007 0.774519895077465 0.767174543183707 0.757361942458279 0.739748808300282 0.710513083378881 0.666210517180758 0.606172328394687 0.540831612517818 0.481779865905566 0.434140311538044 0.399723732653362 0.373559426896904 0.350211462081015 0.329164472278605 0.311133233127722 0.295434370720267 0.275791912963545 0.246200315937591 0.20732834659794 0.162231921929084 0.116841248155835 0.0762739516928319 0.0395230504736831 0.00405041031174174
-0.968319149605814 -0.937076815261414 -0.90583448088012 -0.87459214642891 -0.843349811943237 -0.812107477473682 -0.780865143062878 -0.749622808746129 -0.718380474537384 -0.687138140435262 -0.65589580639842 -0.624653472375526 -0.59341113832236 -0.562168804223158 -0.530926470069665 -0.499684135855223 -0.468441801578376 -0.437199467256892 -0.405957132926373 -0.374714798674538 -0.343472464602135 -0.312230130792535 -0.2809877972596 -0.249745463987942 -0.218503130914665 -0.187260797965427 -0.156018465067597 -0.124776132164463 -0.0935337992612801 -0.0622914663787972
-1.00215703928399 -0.967062108397819 -0.931967177460649 -0.89687224641666 -0.861777315269027 -0.826682384022096 -0.791587452625877 -0.756492520996029 -0.721397588965113 -0.686302656381551 -0.651207723240292 -0.616112789572921 -0.581017855431939 -0.545922920953533 -0.510827986278396 -0.475733051481581 -0.440638116637605 -0.405543181884495 -0.370448247365995 -0.335353313185224 -0.300258379435144 -0.265163446192879 -0.230068513472186 -0.194973581248679 -0.159878649408754 -0.124783717836794 -0.0896887864983525 -0.0545938553718073 -0.0194989244056571 0.015596006459069
-1.00977029917103 -0.969384521485247 -0.929436430657614 -0.890246476605254 -0.851765267908603 -0.813942133407193 -0.777091124313644 -0.741498060401299 -0.706971113313313 -0.67326453987298 -0.640394585754345 -0.608442993844137 -0.577436287011698 -0.547180108056811 -0.517371916749033 -0.48749732080659 -0.45704029969126 -0.425690171890358 -0.393150915201503 -0.358979805637978 -0.322697443766985 -0.283956092191068 -0.242934661654142 -0.199954971951485 -0.155383830942465 -0.109626870711532 -0.0632000321793946 -0.0165687014490989 0.0301142634832334 0.0767741366482104
-1.0119933089565 -0.977620037833102 -0.943246766777446 -0.908873495840314 -0.874500224980503 -0.840126954121971 -0.805753683141327 -0.771380411907212 -0.737007140303767 -0.702633868245885 -0.668260595755972 -0.633887322883309 -0.599514049716736 -0.565140776503329 -0.53076750348261 -0.496394230705673 -0.462020958188056 -0.427647685991515 -0.393274414173441 -0.358901142727552 -0.324527871631646 -0.29015460083655 -0.255781330185214 -0.221408059498384 -0.187034788615879 -0.15266151742682 -0.118288245998461 -0.0839149744319263 -0.0495417027856845 -0.0151684311075406
-0.955486949242876 -0.923868164921035 -0.892249380626788 -0.860630596392182 -0.829011812253464 -0.79739302823415 -0.765774244302644 -0.734155460426671 -0.702536676626364 -0.670917892926243 -0.639299109315971 -0.607680325776498 -0.576061542305645 -0.544442758968716 -0.512823975841708 -0.481205192975892 -0.449586410426154 -0.417967628286578 -0.386348846671132 -0.354730065734121 -0.323111285639937 -0.291492506526317 -0.259873728424396 -0.228254951315562 -0.196636175088842 -0.165017399612175 -0.133398624761507 -0.101779850407918 -0.0701610763950252 -0.038542302559576
-0.975980698105175 -0.943706677635956 -0.911432657104317 -0.879158636444248 -0.846884615562907 -0.814610594354403 -0.782336572687449 -0.750062550437971 -0.717788527536134 -0.685514503948476 -0.653240479732792 -0.62096645496969 -0.588692429728849 -0.556418404036225 -0.524144377903578 -0.49187035132962 -0.459596324310258 -0.427322296843224 -0.395048268919276 -0.362774240499447 -0.330500211537338 -0.298226182012542 -0.265952152008621 -0.23367812163475 -0.201404090998576 -0.1691300602163 -0.136856029439873 -0.104581998797384 -0.0723079682857359 -0.0400339378690354
-0.993753447133615 -0.958808189793858 -0.923862932504576 -0.888917675335919 -0.853972418378651 -0.819027161724359 -0.784081905447291 -0.749136649627274 -0.71419139438378 -0.679246139807259 -0.644300885832425 -0.609355632355064 -0.57441037926965 -0.539465126465434 -0.504519873833044 -0.469574621273853 -0.434629368704567 -0.399684116092496 -0.364738863422493 -0.329793610699003 -0.294848357931366 -0.259903105113335 -0.224957852176321 -0.190012599044166 -0.155067345672788 -0.120122092018216 -0.0851768380048451 -0.0502315835877487 -0.0152863288763315 0.0196589259814182
1.00403589085434 0.96994476028877 0.935853629673941 0.90176249899247 0.867671368257972 0.83358023746107 0.799489106469419 0.76539797513179 0.731306843344393 0.697215711031013 0.663124578178295 0.629033444788602 0.594942310887265 0.560851176591492 0.526760042015613 0.492668907170549 0.458577772030916 0.424486636529506 0.390395500591107 0.356304364150305 0.322213227144135 0.288122089532164 0.25403095136408 0.219939812711607 0.185848673644507 0.151757534226238 0.117666394497009 0.0835752544993826 0.0494841143085763 0.0153929740079714
-0.97781507426945 -0.944553488646932 -0.911291903089942 -0.878030317675183 -0.844768732448987 -0.811507147442602 -0.778245562657301 -0.744983978070281 -0.711722393592429 -0.678460809105883 -0.645199224444115 -0.611937639428428 -0.578676053887497 -0.545414467679479 -0.512152880673723 -0.47889129275486 -0.4456297038307 -0.412368113886475 -0.379106522953273 -0.345844931168168 -0.31258333869473 -0.279321745674291 -0.246060152159215 -0.212798558191613 -0.179536963861535 -0.146275369278711 -0.113013774583644 -0.0797521798978535 -0.0464905852361599 -0.0132289905867065
-0.992381929319884 -0.956458169147015 -0.920534409038231 -0.884610649092553 -0.848686889468085 -0.8127631303197 -0.776839371730256 -0.740915613756901 -0.704991856425949 -0.669068099753368 -0.633144343744558 -0.597220588402277 -0.561296833716031 -0.525373079622312 -0.48944932605456 -0.453525572987023 -0.417601820387233 -0.381678068155048 -0.345754316156315 -0.30983056418852 -0.273906812032057 -0.237983059496896 -0.202059306511299 -0.166135553030684 -0.130211799000795 -0.0942880444038885 -0.058364289377948 -0.0224405340878508 0.0134832213496809 0.0494069768299629
-0.980239351770015 -0.948476633562151 -0.916713915321999 -0.884951196973721 -0.853188478408618 -0.821425759523375 -0.789663040269074 -0.757900320600829 -0.726137600435487 -0.694374879699652 -0.662612158397224 -0.630849436551429 -0.59908671418795 -0.567323991342287 -0.535561268051411 -0.503798544348348 -0.472035820280018 -0.440273095952874 -0.408510371483358 -0.376747646968328 -0.344984922499745 -0.313222198174494 -0.281459474109134 -0.249696750390109 -0.217934026963703 -0.186171303742711 -0.154408580646132 -0.122645857606174 -0.090883134601673 -0.0591204116231242
-0.967087921566295 -0.938632427078056 -0.910083904610521 -0.88137116920169 -0.852376605328377 -0.82298584186722 -0.793143915855319 -0.762791953551012 -0.731796029937133 -0.700029818026866 -0.667472434230323 -0.634129355806842 -0.600008154481668 -0.565124779843662 -0.529484154416949 -0.493038714603084 -0.45575225424808 -0.417686483098339 -0.378928304634769 -0.339567481375913 -0.299694490599723 -0.259424577424675 -0.218972058331349 -0.17853828402214 -0.138173670724602 -0.0978941336378291 -0.0577285183218918 -0.0176976062494502 0.0222230078174655 0.0620690257944823
-1.03430906423371 -0.999016886732078 -0.96372470925459 -0.928432531820943 -0.893140354427287 -0.857848177035987 -0.822555999497813 -0.787263821636556 -0.7519716432797 -0.716679464284085 -0.681387284620284 -0.646095104287306 -0.610802923311218 -0.575510741826318 -0.540218559988113 -0.50492637792869 -0.469634195775476 -0.434342013660659 -0.399049831694092 -0.36375764989152 -0.328465468245162 -0.293173286753939 -0.257881105443583 -0.222588924352644 -0.187296743544142 -0.152004563060791 -0.116712382839619 -0.0814202027971971 -0.046128022873953 -0.0108358430162786
-1.02597626547982 -0.991635159674488 -0.95729405382704 -0.922952947909137 -0.888611841986946 -0.854270736150162 -0.819929630488076 -0.785588525114165 -0.751247420239037 -0.716906316063603 -0.682565212652851 -0.648224110037788 -0.613883008213545 -0.579541907031754 -0.545200806313971 -0.51085970590494 -0.47651860564535 -0.442177505336459 -0.407836404812373 -0.373495304078005 -0.339154203180972 -0.304813102159151 -0.270472001011461 -0.23613089973233 -0.20178979833717 -0.167448696846557 -0.133107595280729 -0.0987664936599232 -0.0644253920047104 -0.0300842903357458
-0.958356514366984 -0.924802150972237 -0.891247787573583 -0.857693424152145 -0.824139060606021 -0.790584696819022 -0.757030332700841 -0.723475968169962 -0.689921603154164 -0.656367237592062 -0.622812871456335 -0.589258504728177 -0.555704137379281 -0.522149769343338 -0.488595400541018 -0.455041030878918 -0.421486660302911 -0.387932288930036 -0.354377916920484 -0.320823544435887 -0.287269171638237 -0.253714798664236 -0.220160425549431 -0.18660605230577 -0.153051678951972 -0.119497305518283 -0.0859429320742733 -0.0523885586856828 -0.0188341853636102 0.014720187894507
-0.956173024874754 -0.922915119995101 -0.889657215288995 -0.856399310902473 -0.823141407041441 -0.78988350392521 -0.756625601766863 -0.723367700735034 -0.690109800826789 -0.656851902028541 -0.623594004455651 -0.590336108255719 -0.55707821355996 -0.523820320434048 -0.490562428909636 -0.457304538947835 -0.424046650472636 -0.390788763330089 -0.357530877374743 -0.324272992573092 -0.29101510891961 -0.257757226379757 -0.224499344802923 -0.191241464010415 -0.157983583827277 -0.124725704112459 -0.0914678248567975 -0.0582099460548641 -0.0249520675842766 0.00830581070658472
0.972956005554776 0.946869414525263 0.920658649312254 0.894203844063593 0.8674456977645 0.840279450605935 0.812357942764445 0.783232404395979 0.752290025588529 0.719024960924857 0.683523263034771 0.646018959059843 0.606815885236635 0.566497114181679 0.525681755004459 0.484853826406303 0.444408205935177 0.404518296933751 0.365337655984934 0.327161926837884 0.290322275033321 0.255001268100258 0.220787081520882 0.187179618876914 0.153920088195058 0.120863043166341 0.0880751156941348 0.0556221278444128 0.0233545841212095 -0.00893084036192458
-0.90756211514389 -0.908360434380485 -0.905645139206532 -0.895257410963613 -0.874137977638009 -0.840401382039095 -0.795757879623892 -0.743405811370685 -0.688900147695164 -0.637639249992575 -0.592038414138997 -0.55376716963072 -0.524109448254651 -0.50280679096018 -0.488950321289901 -0.480571883996732 -0.474647639553194 -0.464990290099886 -0.445604218967859 -0.414423992581897 -0.370366723140218 -0.314580191397513 -0.257134852334359 -0.208512471615782 -0.171917383418712 -0.145799873736359 -0.116871467315146 -0.072192340819426 -0.0119560398320504 0.0603605478345052
-1.01602485824815 -0.981336615557842 -0.946648372918773 -0.911960130427035 -0.877271888224738 -0.842583646457971 -0.80789540524271 -0.773207164681026 -0.738518924849484 -0.703830685804391 -0.669142447546539 -0.634454210062839 -0.599765973332041 -0.565077737300252 -0.530389501898058 -0.495701267026617 -0.461013032576724 -0.426324798427168 -0.391636564467707 -0.356948330643984 -0.322260096915612 -0.287571863228972 -0.252883629477507 -0.218195395567225 -0.18350716150732 -0.148818927319733 -0.114130692974205 -0.0794424584461395 -0.0447542237857933 -0.010065989062135
-1.02886191055603 -0.997657843458177 -0.966130404257398 -0.934064971836482 -0.901020088175872 -0.866543653087401 -0.830367834610785 -0.792341645368334 -0.752597208084842 -0.711430092177815 -0.669506543733121 -0.627585478003716 -0.586324657184288 -0.545977231236455 -0.506669574962522 -0.468425574760618 -0.431282553793473 -0.395434070686369 -0.361031396543887 -0.32790041692523 -0.295785671003256 -0.264497455868143 -0.234109100279351 -0.204724522842564 -0.176306969879073 -0.148803153021808 -0.122234317434647 -0.0965791625035664 -0.0715716709719838 -0.0468846464226783
-0.98406612014874 -0.950741508692466 -0.917416897357547 -0.88409228624191 -0.85076767535607 -0.81744306470059 -0.784118454323637 -0.750793844288687 -0.717469234672838 -0.684144625521053 -0.650820016736115 -0.617495408185261 -0.584170799710198 -0.550846191050514 -0.517521581948815 -0.484196972261901 -0.450872361874451 -0.417547750668448 -0.384223138558414 -0.350898525591715 -0.317573911848928 -0.284249297422069 -0.250924682448902 -0.217600067086205 -0.184275451521052 -0.150950835905735 -0.117626220223128 -0.0843016044272531 -0.050976988526143 -0.0176523725413351
-1.00058395506733 -0.966828910722097 -0.93307386634518 -0.899318821908598 -0.865563777464095 -0.831808733085693 -0.798053688856785 -0.764298644840329 -0.730543601008183 -0.69678855732411 -0.663033513810575 -0.629278470504723 -0.595523427446686 -0.561768384688562 -0.528013342310697 -0.494258300494483 -0.460503259430805 -0.42674821924747 -0.392993180058756 -0.359238141987896 -0.325483105160362 -0.291728069633994 -0.257973035196094 -0.224218001574898 -0.190462968532926 -0.156707935853345 -0.122952903367632 -0.0891978709421051 -0.0554428385341226 -0.0216878061238041
-0.977418071181073 -0.944769437922219 -0.912120804736735 -0.87947217162869 -0.846823538591569 -0.814174905613119 -0.781526272668715 -0.748877639733753 -0.716229006796071 -0.683580373862367 -0.650931741002343 -0.61828310830145 -0.585634475848323 -0.552985843744323 -0.520337212077019 -0.487688580866077 -0.45503995012415 -0.422391319903737 -0.389742690250039 -0.357094061139218 -0.324445432530179 -0.291796804368914 -0.259148176549778 -0.226499548965007 -0.193850921550023 -0.161202294244966 -0.128553666965665 -0.0959050396425739 -0.0632564122889671 -0.0306077849388213
-1.00181209354783 -0.967143939197958 -0.93247578491994 -0.897807630790176 -0.863139476839645 -0.828471323104519 -0.793803169687181 -0.759135016688503 -0.72446686413712 -0.689798712025724 -0.65513056027548 -0.620462408789669 -0.585794257482386 -0.551126106310979 -0.51645795525205 -0.481789804315968 -0.447121653539374 -0.412453503030225 -0.377785352902742 -0.343117203224882 -0.308449054053031 -0.273780905417653 -0.239112757245509 -0.204444609444565 -0.169776461951323 -0.135108314714856 -0.100440167705992 -0.0657720208932837 -0.0311038742144211 0.00356427240062235
-1.00450362552976 -0.968862381040951 -0.933221136586941 -0.897579892208057 -0.861938647975324 -0.826297403993459 -0.790656160471262 -0.755014917633717 -0.719373675666462 -0.68373243473887 -0.648091194994598 -0.612449956570873 -0.576808719576858 -0.541167484009464 -0.50552624980026 -0.469885016731705 -0.434243784587968 -0.398602553309187 -0.362961322850997 -0.327320093075056 -0.291678863819528 -0.256037634948193 -0.220396406427311 -0.18475517824493 -0.149113950373785 -0.11347272277164 -0.077831495351687 -0.0421902680276825 -0.00654904076021308 0.0290921864784271
1.01890269051226 0.981037586119443 0.943172481707379 0.90530737726154 0.867442272748354 0.829577168132662 0.791712063391995 0.75384695851381 0.71598185351258 0.6781167484212 0.640251643319238 0.602386538297928 0.564521433434408 0.526656328749428 0.488791224247197 0.450926119922151 0.413061015771877 0.375195911816352 0.337330808067661 0.299465704483945 0.261600601009857 0.223735497593958 0.185870394200429 0.148005290807213 0.110140187431679 0.0722750840901985 0.0344099807557297 -0.00345512260390109 -0.0413202259979869 -0.0791853294301006
-0.935811967323336 -0.903230455561594 -0.870648943937071 -0.838067432551698 -0.805485921492938 -0.772904410847194 -0.740322900711112 -0.707741391186067 -0.675159882382129 -0.642578374378674 -0.609996867123595 -0.577415360531919 -0.544833854521335 -0.512252349020201 -0.479670843982643 -0.447089339455196 -0.41450783546611 -0.38192633187809 -0.349344828506629 -0.316763325143928 -0.284181821576368 -0.251600317605328 -0.219018813092195 -0.186437307927404 -0.153855802057585 -0.121274295468263 -0.0886927882443762 -0.0561112805075622 -0.023529772426859 0.00905173581684515
-0.981073035800355 -0.948412210915408 -0.915751296747583 -0.883090212436903 -0.850428816500471 -0.817766955250682 -0.785104486804007 -0.75244126836153 -0.719777141658702 -0.687111932820267 -0.654445420993784 -0.621777373582512 -0.589107594616313 -0.556436034631464 -0.523762717563435 -0.491087814438086 -0.458411481772545 -0.425733670958642 -0.393054328198785 -0.36037358406299 -0.327691615213175 -0.295008624167902 -0.262324916872304 -0.229640769936671 -0.196956239205352 -0.164271341032821 -0.13158615457999 -0.0989007750483944 -0.0662152989956247 -0.033529823318286
-1.04670855083021 -1.0092574329048 -0.971806315014929 -0.934355197202286 -0.896904079460887 -0.859452961790563 -0.822001844262112 -0.784550726957324 -0.747099609931013 -0.709648493252551 -0.672197377076527 -0.634746261578834 -0.597295146928768 -0.559844033269235 -0.522392920710446 -0.484941809258238 -0.447490698903261 -0.410039589679782 -0.372588481607298 -0.335137374602589 -0.297686268556759 -0.260235163369239 -0.222784058972774 -0.185332955301174 -0.147881852259198 -0.110430749724438 -0.0729796474948914 -0.0355285453804852 0.00192255668152614 0.0393736587220567
0.951845106120599 0.91988401377714 0.887917511410977 0.855950083718844 0.823988602167635 0.792036385468334 0.760080154538118 0.728104105736996 0.696098934990082 0.6640526827033 0.631936267640687 0.599716328155809 0.567358760039513 0.534826488831761 0.502078587926059 0.469061692380981 0.435729981114084 0.402080246813785 0.368126384954129 0.333908088380816 0.299471499282456 0.264857228899194 0.230083764677317 0.19516759496967 0.160139335549221 0.125031482302184 0.08986992414765 0.0546766200767752 0.019464416336088 -0.0157561190140393
-0.986469282423863 -0.95147042617228 -0.91647156989054 -0.881472713525351 -0.846473856991964 -0.811475000186824 -0.77647614296262 -0.74147728518331 -0.706478426801676 -0.67147956782789 -0.636480708412866 -0.601481848742701 -0.566482988991236 -0.531484129283283 -0.49648526972607 -0.461486410405516 -0.426487551401014 -0.391488692787138 -0.356489834614432 -0.321490976842117 -0.286492119406582 -0.251493262263024 -0.216494405441864 -0.181495548969251 -0.146496692779031 -0.111497836789614 -0.0764989809499689 -0.0415001252152594 -0.0065012695348548 0.0284975861433236
-1.04179791274218 -1.00818736524891 -0.974585389536786 -0.94106248287928 -0.907726868902522 -0.874660086425577 -0.841799208686555 -0.809049052326668 -0.776329873180494 -0.743530456438995 -0.710398265525308 -0.676645433420615 -0.642007775011445 -0.606315832805729 -0.569442080034176 -0.531331985197207 -0.491995913940593 -0.451630825221797 -0.410470722515276 -0.368711194051789 -0.326538224251168 -0.284102749700088 -0.241415515652592 -0.198490682744118 -0.15549626446833 -0.112608855301317 -0.0698855207906618 -0.0273369765201442 0.015091932853163 0.0574728304038633
-0.973495444563972 -0.940121785808531 -0.906748126911192 -0.873374467721288 -0.840000808138737 -0.806627148044036 -0.773253487189438 -0.73987982535118 -0.706506162529693 -0.673132498777521 -0.639758834131473 -0.606385168624421 -0.57301150227976 -0.539637835082973 -0.50626416706434 -0.472890498471249 -0.439516829569163 -0.406143160478739 -0.37276949128278 -0.339395822057489 -0.306022152877424 -0.272648483800341 -0.239274814816811 -0.205901145921859 -0.172527477195509 -0.139153808723072 -0.105780140525991 -0.0724064725960489 -0.0390328048702389 -0.00565913727185677
-1.00864411540027 -0.97304292781917 -0.93744174019821 -0.901840552541777 -0.866239364921111 -0.830638177458964 -0.795036990417277 -0.759435804073256 -0.72383461862597 -0.688233434261038 -0.652632251188423 -0.617031069624172 -0.581429889741509 -0.545828711542367 -0.510227534973363 -0.47462635993115 -0.439025186260186 -0.403424013646113 -0.36782284178913 -0.332221670606474 -0.296620500069642 -0.26101933015109 -0.225418160827102 -0.18981699204866 -0.154215823661697 -0.11861465551159 -0.0830134875465331 -0.0474123197359988 -0.0118111520317424 0.0237900156189095
1.02370874717016 0.987113587313716 0.950544461058802 0.914029415042136 0.877575481704605 0.841177348608165 0.804801337994871 0.768419830543359 0.732057805998462 0.69574676249021 0.659491672623222 0.623290877620765 0.587147261001506 0.551081875465718 0.515134087060573 0.47939834603922 0.443972660895465 0.408914188879731 0.374274916247035 0.340126996514139 0.306547625013237 0.273598105697308 0.241276177002438 0.20955498912993 0.178372904858828 0.147654173840597 0.117301380638645 0.0872107070706576 0.0572743890594991 0.0273836760543265
-1.02306144655366 -0.98680520327658 -0.950548959919627 -0.914292716402302 -0.878036472719302 -0.84178022887316 -0.805523984822553 -0.769267740534128 -0.733011496050282 -0.696755251445855 -0.660499006849721 -0.624242762404265 -0.587986518207942 -0.551730274183492 -0.515474030228623 -0.479217786316629 -0.442961542428234 -0.406705298498301 -0.370449054451309 -0.334192810216051 -0.297936565722402 -0.261680320894591 -0.22542407563428 -0.189167829842907 -0.152911583443595 -0.116655336407501 -0.0803990888762199 -0.04414284102322 -0.00788659297901513 0.0283696551366189
-1.01697007078731 -0.982107853895979 -0.947245636831748 -0.912383419423409 -0.877521201632031 -0.842658983454395 -0.807796764897838 -0.772934545976563 -0.738072326721677 -0.703210107161895 -0.668347887299448 -0.633485667129944 -0.598623446663969 -0.563761225972003 -0.528899005147154 -0.494036784313144 -0.459174563569151 -0.424312342885561 -0.389450122217894 -0.354587901591011 -0.319725681047101 -0.284863460630192 -0.250001240391649 -0.215139020359745 -0.180276800463048 -0.14541458060786 -0.110552360711121 -0.0756901407138417 -0.0408279206426589 -0.0059657005456184
-0.972955052259264 -0.943638893907877 -0.91423217504565 -0.88462698463288 -0.854732718340324 -0.824458342107212 -0.793693796236206 -0.762347312562334 -0.730419314686684 -0.697930175872504 -0.664887876265625 -0.631297297732524 -0.597161527159456 -0.562476471511791 -0.527231130458088 -0.491394054400551 -0.454926288086185 -0.417779302907548 -0.379923528773386 -0.341414803011635 -0.302330314805033 -0.262738527577518 -0.222673001717845 -0.182176300548418 -0.14136190216142 -0.100353336389612 -0.0592434252582742 -0.0181035209026219 0.023050196294912 0.0642153388900904
-1.01293731166795 -0.978954353864449 -0.944971396126275 -0.910988438495323 -0.87700548103692 -0.843022523807289 -0.809039566802824 -0.775056610026641 -0.741073653568577 -0.707090697511212 -0.673107741821402 -0.63912478643707 -0.605141831267984 -0.571158876111302 -0.537175920734364 -0.503192964897848 -0.469210008387414 -0.43522705109532 -0.401244092958686 -0.367261133987481 -0.333278174209891 -0.299295213652018 -0.265312252331644 -0.231329290280588 -0.197346327595149 -0.163363364397103 -0.129380400845678 -0.0953974370949567 -0.0614144732409877 -0.0274315093653128
-0.970871328815399 -0.937104680835468 -0.903338032844293 -0.869571384764337 -0.835804736398101 -0.80203808752806 -0.768271437976563 -0.734504787584448 -0.700738136226676 -0.666971483812155 -0.63320483035148 -0.59943817588067 -0.565671520446606 -0.531904864139625 -0.498138207070608 -0.464371549389149 -0.430604891229287 -0.396838232624132 -0.363071573568546 -0.329304914005339 -0.295538253864307 -0.261771593104338 -0.228004931800688 -0.194238270043212 -0.160471607863791 -0.126704945293908 -0.0929382824214342 -0.0591716193464788 -0.0254049561617151 0.00836170704204298
1.0501438448718 1.01387594212267 0.977608039390397 0.941340136638093 0.905072233795723 0.868804330801559 0.83253642766025 0.796268524340453 0.760000620600487 0.723732716166077 0.687464810842915 0.651196904456687 0.614928996866541 0.578661088065477 0.542393178083878 0.506125266967796 0.469857354714906 0.433589441113715 0.397321525950352 0.361053609210622 0.324785690930249 0.288517771187627 0.252249850231818 0.215981928337434 0.179714005710598 0.143446082508348 0.107178158759862 0.0709102344898804 0.0346423098332347 -0.00162561504771824
-0.991124184838873 -0.958397736619771 -0.925671288299384 -0.892944839659361 -0.860218390407436 -0.827491940258406 -0.794765489029243 -0.76203903658597 -0.729312582888648 -0.696586127930359 -0.663859671742228 -0.63113321436489 -0.598406755843774 -0.565680296243481 -0.532953835621395 -0.500227373986864 -0.467500911357057 -0.434774447828471 -0.4020479834975 -0.369321518380808 -0.336595052475124 -0.303868585818038 -0.271142118610588 -0.238415651090366 -0.205689183477744 -0.172962715951803 -0.140236248543681 -0.107509781236888 -0.0747833139723636 -0.0420568466804025
-0.998617929854619 -0.963942950739897 -0.929267971768308 -0.894592993068968 -0.859918014665235 -0.825243036552845 -0.790568058722806 -0.755893081166272 -0.721218103879692 -0.686543126850115 -0.651868150021673 -0.617193173327768 -0.582518196725228 -0.547843220264573 -0.513168244022762 -0.478493268088822 -0.44381829251838 -0.409143317221401 -0.374468342081853 -0.3397933670254 -0.305118391988126 -0.270443416911741 -0.235768441760445 -0.201093466519291 -0.166418491234247 -0.13174351596455 -0.0970685407615919 -0.062393565659967 -0.0277185906349269 0.00695638435311282
-1.0297594813297 -0.994267580403689 -0.958775679435824 -0.923283778366193 -0.887791877138965 -0.852299975696157 -0.816808073967118 -0.781316171878589 -0.745824269359548 -0.710332366337054 -0.674840462728218 -0.639348558447667 -0.60385665342651 -0.56836474766178 -0.532872841158757 -0.497380933889771 -0.461889025846505 -0.426397117131007 -0.390905207861981 -0.355413298114397 -0.319921387952289 -0.284429477427145 -0.24893756654026 -0.21344565530204 -0.177953743809515 -0.142461832168049 -0.10696992042971 -0.0714780086296285 -0.0359860967884724 -0.000494184923295524
-0.957737789844982 -0.926271180805394 -0.894804571723236 -0.863337962558382 -0.831871353252949 -0.800404743748372 -0.768938134001083 -0.737471523962784 -0.706004913551231 -0.674538302680897 -0.643071691287066 -0.611605079310222 -0.5801384666928 -0.54867185338502 -0.517205239365869 -0.485738624721589 -0.454272009563937 -0.422805393999451 -0.391338778137866 -0.359872162106895 -0.328405546038748 -0.296938930056051 -0.265472314243093 -0.234005698677875 -0.20253908345158 -0.171072468632279 -0.139605854182416 -0.108139240028074 -0.0766726260554979 -0.045206012140976
-0.97422976435132 -0.940497000452652 -0.9067642365806 -0.873031472713828 -0.839298708703188 -0.80556594437564 -0.771833179590395 -0.738100414232872 -0.70436764826109 -0.670634881664283 -0.636902114483933 -0.603169346774591 -0.569436578607211 -0.535703810118387 -0.501971041437267 -0.468238272597595 -0.43450550359297 -0.400772734351794 -0.367039964792464 -0.333307194858535 -0.299574424499848 -0.265841653685781 -0.232108882463851 -0.198376110907983 -0.164643339119606 -0.13091056718963 -0.0971777951394054 -0.0634450229798733 -0.0297122507499106 0.004020521504622
-0.946094736738683 -0.94793697214321 -0.937080341799096 -0.906833175521648 -0.862636427090474 -0.813369882301004 -0.769536031047691 -0.740168222319128 -0.726800537381469 -0.725167119655342 -0.715301628901705 -0.673312603966601 -0.587985611173789 -0.498814326757881 -0.443581584880847 -0.402518741503238 -0.350212143279436 -0.296219577840581 -0.255589874592298 -0.23036458906139 -0.219333458304955 -0.219290280541586 -0.219045098635861 -0.205607241395001 -0.16676693675082 -0.100032472243424 -0.0410034747214796 -0.0251335331494147 -0.0492007456461231 -0.100314337619116
-1.02928601725225 -0.991420395368542 -0.953614404272186 -0.915934986170224 -0.87845352078112 -0.841230112373871 -0.804275325908194 -0.767589244956647 -0.731179566852447 -0.695054902138495 -0.659219900435758 -0.623678221134725 -0.58843260771189 -0.553482139987774 -0.518821775655219 -0.484433647552336 -0.450297744922917 -0.41639830748822 -0.382724420167375 -0.349280298193527 -0.316073939378324 -0.283112871546724 -0.250402742576919 -0.217932561819882 -0.185626664464486 -0.153403354778085 -0.121221487504051 -0.0890535169786284 -0.0568857454335102 -0.0247079370742546
-0.919988548494751 -0.891716209547733 -0.863373153462746 -0.834901301019245 -0.806246467938033 -0.777361049724448 -0.748219866080618 -0.718800894111382 -0.689072316335641 -0.658994925997165 -0.628509753825144 -0.597552889920124 -0.566062882269544 -0.533988110408411 -0.501298215730206 -0.468038055514753 -0.434266584314338 -0.400023929884754 -0.36534293466085 -0.33024612659019 -0.294753454998512 -0.258885953555446 -0.222668993306176 -0.186117912426448 -0.149203580238705 -0.111909411219898 -0.0743134693183156 -0.0365128820772073 0.00141361805167242 0.0393918973894431
-1.01744232439536 -0.986009799364438 -0.954541761588461 -0.923002261103335 -0.891379069572569 -0.859658718080906 -0.827799053770429 -0.795741714458892 -0.76339218460939 -0.730663708063498 -0.697536719531356 -0.664008451440249 -0.630075138676292 -0.595729025960928 -0.560958500834228 -0.525740512275437 -0.490070030589226 -0.454025549942816 -0.417693093316123 -0.381105275077301 -0.344281357441568 -0.307239080461808 -0.26999009554158 -0.232545225777872 -0.194918069690704 -0.157129533934587 -0.119226982278947 -0.0812594734235801 -0.0432563886748344 -0.00524218999069825
-0.969653971510968 -0.936500245668783 -0.903346519656574 -0.870192793287685 -0.83703906635525 -0.803885338670259 -0.770731610135341 -0.7375778806839 -0.704424150280825 -0.6712704189005 -0.63811668652381 -0.604962953133266 -0.571809218735545 -0.538655483434002 -0.505501747368096 -0.472348010725033 -0.439194273692173 -0.406040536409744 -0.372886799013289 -0.33973306166674 -0.306579324541126 -0.273425587774886 -0.240271851376101 -0.207118115309956 -0.173964379500413 -0.140810643860202 -0.107656908298364 -0.0745031727402004 -0.0413494371797548 -0.00819570162825518
-0.991354541583135 -0.955972906591871 -0.920591271746744 -0.885209637136377 -0.849828002753717 -0.814446368571587 -0.779064734577986 -0.743683100778527 -0.708301467234113 -0.672919834008855 -0.637538201124411 -0.602156568591822 -0.566774936418177 -0.531393304594753 -0.496011673114209 -0.460630041990553 -0.425248411218602 -0.389866780695049 -0.354485150303779 -0.31910351997555 -0.283721889652839 -0.248340259286535 -0.212958628861174 -0.177576998374437 -0.142195367842933 -0.106813737285916 -0.0714321067142822 -0.0360504761353773 -0.000668845550699336 0.0347127850397151
0.97980332561337 1.02996577315998 0.986001032620807 0.903150860893615 0.834709287648556 0.816571188683723 0.816982551536584 0.795648922719892 0.745762972908187 0.673463237517131 0.60318458676511 0.56393597457119 0.572671826637095 0.598128455795188 0.597281939051334 0.528285522974774 0.3799129774376 0.26224299595991 0.274131262386078 0.348236498209553 0.375668184336053 0.291747182984699 0.208639881628215 0.229353563360647 0.243413568507714 0.14258606989513 0.0410825131169073 0.0625215042908389 0.145705018861535 0.183230874605308
0.988741458504171 0.954378777438909 0.920016096342319 0.885653415201359 0.851290734008164 0.816928052735679 0.782565371274893 0.748202689527127 0.713840007516979 0.679477325325314 0.645114643134805 0.610751961153574 0.576389279593815 0.542026598684007 0.507663918624822 0.473301239489421 0.438938561299482 0.404575883998254 0.370213207491759 0.335850531615522 0.301487856187439 0.26712518100639 0.232762505795161 0.198399830292067 0.16403715437361 0.129674477977687 0.0953118011496007 0.0609491239709288 0.026586446560965 -0.00777623095156855
-0.983025476310583 -0.948835039420233 -0.914644602507354 -0.880454165524109 -0.846263728487879 -0.812073291434466 -0.777882854408166 -0.743692417464735 -0.709501980697291 -0.675311544167844 -0.641121107776626 -0.606930671383424 -0.572740234846226 -0.538549798015833 -0.504359360761344 -0.470168923032242 -0.435978484803421 -0.401788046071032 -0.367597606871864 -0.333407167383976 -0.299216727820747 -0.265026288371515 -0.230835849129474 -0.196645410147269 -0.162454971411508 -0.128264532898816 -0.0940740946119032 -0.0598836565455686 -0.0256932186368719 0.00849721919156221
-1.15177262895813 -1.05829717067002 -0.970733384993147 -0.893179259690696 -0.824595602548708 -0.764074089903184 -0.716367052267139 -0.685459750580739 -0.666608513315735 -0.653318061622447 -0.640815619833874 -0.624759038078686 -0.60169506574692 -0.571726049274083 -0.535737781176108 -0.494194241245155 -0.448149831091968 -0.40144245232539 -0.358036075269565 -0.319615445111748 -0.287295500754967 -0.260941801261512 -0.235422386330711 -0.205409842997521 -0.169792467002387 -0.129509422919108 -0.089487641949423 -0.0542303710088286 -0.0225583532399175 0.00812829415794408
-0.914082210311831 -0.89658208764983 -0.87795419295879 -0.857600235005067 -0.835438751456684 -0.81169787546239 -0.787327293192174 -0.76317840532035 -0.738987917517284 -0.714190568291077 -0.688127922504712 -0.660118251609892 -0.629569633521886 -0.59624937201023 -0.560103669509662 -0.521435097261486 -0.480591715183815 -0.437747169095428 -0.393259596692939 -0.348399517283619 -0.304665545577402 -0.263498266709583 -0.226106147516888 -0.193546800294299 -0.166506537468363 -0.145254173014002 -0.128759826968061 -0.115682259033305 -0.10473348151425 -0.0946388198658499
