-0.989126209855015 -0.95613134624097 -0.923136482724505 -0.890141619388609 -0.857146756152947 -0.824151892912246 -0.791157029624824 -0.758162166280596 -0.725167302932267 -0.692172439619924 -0.659177576270378 -0.626182712782124 -0.593187849058738 -0.560192985024128 -0.527198120612502 -0.494203255778943 -0.46120839049774 -0.428213524799137 -0.395218658738117 -0.362223792412663 -0.329228925931511 -0.296234059395005 -0.263239192869931 -0.230244326403602 -0.197249459998984 -0.164254593642024 -0.13125972729493 -0.0982648609205656 -0.065269994508166 -0.0322751280535562
-0.967625864279546 -0.932285870367665 -0.896945876354462 -0.861605882130095 -0.826265887610167 -0.7909258927346 -0.755585897515187 -0.720245902026377 -0.6849059065214 -0.649565911273381 -0.614225916456232 -0.578885922219063 -0.543545928686412 -0.508205935884523 -0.472865943801002 -0.437525952367188 -0.402185961500601 -0.366845971119764 -0.331505981158972 -0.296165991614621 -0.260826002498631 -0.225486013811265 -0.190146025506165 -0.154806037520151 -0.119466049769385 -0.0841260621658191 -0.0487860746252079 -0.0134460870711651 0.0218939005450751 0.0572338882653726
-1.06726071309445 -1.02893417409113 -0.990607635121533 -0.952281096165356 -0.913954557137152 -0.875628017941171 -0.83730147850557 -0.798974938754829 -0.760648398574817 -0.722321857864076 -0.683995316610445 -0.645668774824088 -0.607342232552036 -0.569015689988798 -0.530689147332053 -0.492362604644685 -0.4540360619997 -0.415709519645381 -0.377382977853209 -0.339056436812157 -0.300729896690572 -0.262403357619754 -0.224076819582797 -0.185750282522367 -0.14742374636761 -0.109097211026851 -0.0707706763386569 -0.0324441421261247 0.00588239177976077 0.0442089255460432
-0.989366647551528 -0.955208826809156 -0.921051006253052 -0.886893186045694 -0.852735366314193 -0.818577547160742 -0.784419728623206 -0.750261910735258 -0.71610409357812 -0.681946277254011 -0.647788461901609 -0.613630647668706 -0.579472834672249 -0.545315022905808 -0.511157212330161 -0.47699940289829 -0.44284159457825 -0.408683787406188 -0.374525981403853 -0.340368176467293 -0.306210372461134 -0.27205256925934 -0.237894766773233 -0.203736964905066 -0.169579163483473 -0.135421362314771 -0.101263561189618 -0.0671057599378852 -0.032947958561942 0.00120984289271941
-0.958846533647119 -0.927759659568745 -0.896672785539005 -0.86558591160746 -0.834499037837065 -0.803412164296655 -0.772325291065182 -0.741238418194825 -0.710151545620571 -0.679064673232234 -0.647977800856161 -0.616890928302827 -0.585804055421237 -0.554717182214492 -0.523630308716007 -0.492543434926345 -0.461456560849524 -0.430369686536253 -0.399282812053764 -0.368195937488688 -0.33710906293251 -0.306022188448877 -0.274935313990103 -0.243848439472826 -0.212761564782303 -0.181674689814216 -0.150587814537313 -0.119500938965089 -0.0884140632169781 -0.0573271874388941
-1.00800804037517 -0.973491642090449 -0.938975243804817 -0.90445884556692 -0.869942447431452 -0.835426049430197 -0.800909651497247 -0.766393253556259 -0.731876855586855 -0.697360457576696 -0.662844059489657 -0.628327661283664 -0.59381126292655 -0.559294864425785 -0.524778465793546 -0.490262067021224 -0.455745668105819 -0.421229269087576 -0.38671287001837 -0.35219647095336 -0.317680071948525 -0.2831636730226 -0.248647274045334 -0.21413087487684 -0.179614475487669 -0.14509807589564 -0.110581676197204 -0.0760652764885531 -0.0415488767862008 -0.00703247708674207
-0.967599400823366 -0.937292452415672 -0.906954251005628 -0.876547795897022 -0.846028204526404 -0.815344326562383 -0.784427822469025 -0.753218646592173 -0.721707118009308 -0.689891622495667 -0.657752447885885 -0.625265357529447 -0.592403987569849 -0.559133465326634 -0.525425517819416 -0.491286779692036 -0.45672761816057 -0.421738423105801 -0.386308154822547 -0.350440032597055 -0.31414084046343 -0.277423937653437 -0.240328984189481 -0.202914854060551 -0.165290976331351 -0.127572223766089 -0.0898446888512761 -0.0521688931729448 -0.0145318549929075 0.0230977832580786
-1.00605728548775 -0.970936175509515 -0.935815065549655 -0.900693955584664 -0.865572845521079 -0.830451735249365 -0.795330624665672 -0.760209513670437 -0.725088402175555 -0.689967290116203 -0.65484617750923 -0.619725064391904 -0.584603950802573 -0.54948283678391 -0.514361722413487 -0.479240607904151 -0.44411949349128 -0.408998379365129 -0.373877265667785 -0.338756152393798 -0.303635039500833 -0.268513926932571 -0.233392814576757 -0.198271702317846 -0.16315059008309 -0.128029477814748 -0.0929083654723129 -0.0577872530317527 -0.0226661405176835 0.0124549720331154
-0.935498400123642 -0.909624866452802 -0.883739709054016 -0.85778813055386 -0.831741874632751 -0.805572567613765 -0.779224825336768 -0.752608638510502 -0.725522507802424 -0.697756978169098 -0.669182261764817 -0.639688487543303 -0.609181076395926 -0.577626616964637 -0.5449972796065 -0.511226393788437 -0.476292562891467 -0.440394326843139 -0.403766450715874 -0.366568663615067 -0.328941935654355 -0.291004116665139 -0.252780575349865 -0.214269686636526 -0.175454331484245 -0.136328418046396 -0.096945457222259 -0.0573781977224984 -0.0177167367574376 0.0219444913376865
-0.97775528092969 -0.945072889471402 -0.912401307367851 -0.879747681531324 -0.847118773809946 -0.814518927629161 -0.781943197787838 -0.74937944678407 -0.716796056539419 -0.684157677291583 -0.651433513119324 -0.618593906561671 -0.585611978552236 -0.552471963602971 -0.519164921801373 -0.485698101958793 -0.452082221951006 -0.418325687187635 -0.384435893885538 -0.35041851395669 -0.316278788236841 -0.282020992960114 -0.247645545954113 -0.213154265111826 -0.178558426994278 -0.143873598079653 -0.109123045846725 -0.0743296582539548 -0.0395071041779607 -0.0046667477249001
-1.024507203813 -0.990925432413345 -0.957311751013013 -0.923654563097227 -0.889971142430259 -0.856275643501277 -0.822540873420007 -0.788727757322263 -0.754791039827662 -0.720683422092017 -0.686355611932123 -0.651757818830017 -0.616844356754482 -0.581585957621284 -0.545963992781259 -0.509985973378552 -0.473661191436046 -0.43697992269826 -0.39993569600137 -0.362554068826541 -0.324868605816185 -0.286917025329408 -0.248753660592082 -0.210443259594127 -0.172075614514887 -0.133732951112277 -0.0954421852690754 -0.0572094182888502 -0.0190128030334669 0.0191764947456349
-1.01754013490526 -0.981241684642515 -0.944943234538154 -0.90864478475707 -0.872346335427501 -0.836047886662193 -0.799749438548597 -0.763450991147044 -0.727152544434688 -0.690854098365961 -0.654555652887595 -0.618257207944394 -0.581958763494673 -0.545660319550785 -0.509361876133302 -0.473063433241628 -0.436764990863818 -0.400466548963717 -0.364168107506696 -0.327869666488455 -0.291571225912278 -0.25527278578479 -0.218974346125987 -0.182675906946093 -0.146377468202885 -0.110079029820457 -0.0737805916406331 -0.0374821535071009 -0.00118371535327907 0.0351147228649813
-0.978758099483759 -0.946964006491473 -0.915163355514532 -0.883343105340105 -0.851460828675894 -0.819455188984004 -0.787218598823621 -0.754637635168383 -0.72162178355267 -0.688106961284936 -0.654111904209194 -0.61967605280335 -0.584833486384944 -0.549596839630063 -0.513960139174565 -0.477864424134855 -0.44125747598661 -0.404167033162038 -0.366645329572438 -0.328762624088947 -0.290593681822658 -0.252199846529957 -0.213588776548394 -0.174762411694405 -0.1357535031188 -0.096600541909577 -0.0573341675691176 -0.0179822210182044 0.0214307995631658 0.0608812316801926
-1.03610028514711 -0.998673130296801 -0.961245975623941 -0.923818821293361 -0.886391667409986 -0.848964514065413 -0.811537361357839 -0.774110209376487 -0.73668305816808 -0.699255907786701 -0.661828758358368 -0.624401610027082 -0.586974462944507 -0.549547317292943 -0.512120173232873 -0.474693030806856 -0.43726589001982 -0.399838750844095 -0.362411613212464 -0.324984476932142 -0.287557341778953 -0.250130207569717 -0.212703074285255 -0.175275941893754 -0.137848810148866 -0.100421678770601 -0.06299454755893 -0.0255674163674447 0.0118597148157373 0.049286845968867
-0.960429751369512 -0.928244886336144 -0.896060021349197 -0.863875156405962 -0.831690291312847 -0.799505425830027 -0.767320559723615 -0.735135692751262 -0.702950824630815 -0.670765955112292 -0.638581084114192 -0.60639621159713 -0.574211337544959 -0.542026462034467 -0.509841585166726 -0.477656707047012 -0.445471827797537 -0.413286947604056 -0.381102066664829 -0.348917185164604 -0.316732303284752 -0.284547421204785 -0.25236253909679 -0.220177657112194 -0.1879927753272 -0.155807893761042 -0.123623012280282 -0.0914381307441532 -0.059253249135241 -0.0270683674669675
-0.93542656153009 -0.905646939858554 -0.875867318214525 -0.846087696591087 -0.81630807496 -0.786528453297865 -0.756748831621955 -0.726969209963728 -0.697189588370719 -0.66740996690419 -0.637630345664246 -0.607850724760702 -0.578071104277577 -0.54829148419571 -0.518511864457172 -0.488732244952163 -0.45895262557849 -0.429173006316268 -0.399393387149306 -0.369613767993864 -0.339834148749318 -0.310054529324699 -0.280274909667654 -0.250495289749525 -0.220715669597786 -0.190936049256971 -0.161156428783692 -0.131376808229587 -0.10159718761431 -0.0718175669495181
-0.988922063188855 -0.955813190221655 -0.922704317321725 -0.889595444610006 -0.856486572284167 -0.823377700534221 -0.790268829442851 -0.757159959056692 -0.724051089385541 -0.690942220436572 -0.657833352243313 -0.624724484845882 -0.591615618260429 -0.558506752407231 -0.525397887153779 -0.49228902225229 -0.459180157458431 -0.426071292656939 -0.392962427757486 -0.359853562640402 -0.326744697178685 -0.293635831274153 -0.260526964943901 -0.227418098258344 -0.194309231385872 -0.161200364492262 -0.128091497634852 -0.0949826308333046 -0.0618737640650241 -0.0287648972968522
-0.985130146922334 -0.950823921558977 -0.916517696113359 -0.882211470495434 -0.847905244638072 -0.813599018502883 -0.779292792143513 -0.744986565614402 -0.710680338881125 -0.676374111900782 -0.642067884685458 -0.60776165726098 -0.573455429650079 -0.539149201863099 -0.504842973921841 -0.470536745906316 -0.436230517926505 -0.401924290154057 -0.367618062759936 -0.333311835850696 -0.299005609516792 -0.264699383838665 -0.230393158856694 -0.196086934573143 -0.161780710877848 -0.127474487635208 -0.0931682647202889 -0.0588620420204576 -0.0245558194616164 0.00975040302069791
-0.997209164919669 -0.963067832072332 -0.928926499148296 -0.894785166102233 -0.860643832950552 -0.826502499725521 -0.792361166461109 -0.758219833180543 -0.72407849986236 -0.689937166468728 -0.655795832941023 -0.621654499215426 -0.587513165241952 -0.553371831025968 -0.519230496582507 -0.485089161909931 -0.450947827002232 -0.416806491852607 -0.382665156464809 -0.348523820885623 -0.314382485172588 -0.280241149364019 -0.246099813421333 -0.211958477299697 -0.177817141006192 -0.143675804565754 -0.109534468022854 -0.0753931314193548 -0.0412517947671671 -0.00711045807071254
0.944475587677313 0.918440353286424 0.892295302987488 0.865935591755359 0.839229534022769 0.812069406221902 0.784470173324863 0.756442419325606 0.727856515765548 0.698554124232972 0.668402278956166 0.637274357323415 0.605084293758909 0.571908250830447 0.537851640212568 0.502974641863158 0.467334680354452 0.431023390432739 0.394122158167028 0.356637164743185 0.318555790126285 0.279868659226165 0.240579376731691 0.200704862446435 0.160302316853763 0.119449777052342 0.078268345922261 0.0368829873714761 -0.00460895636200106 -0.0461170484576456
-1.02961289344928 -0.992524091500314 -0.955435289591839 -0.918346487708113 -0.88125768582951 -0.844168883891093 -0.807080081650591 -0.769991278853451 -0.732902475373354 -0.695813671121638 -0.658724866032049 -0.621636060043934 -0.584547253115021 -0.547458445276572 -0.510369636574057 -0.473280827036244 -0.436192016686452 -0.399103205542922 -0.362014393617834 -0.324925580904211 -0.287836767390285 -0.250747953081067 -0.213659138048679 -0.176570322377906 -0.139481506137068 -0.102392689399181 -0.0653038722724994 -0.0282150548742103 0.00887376267801156 0.0459625802663698
1.03447195120447 0.998829155793437 0.963186360007636 0.927543563522918 0.891900766072952 0.856257967461739 0.820615167716793 0.784972366866518 0.74932956471938 0.713686760984769 0.678043955195727 0.642401146841208 0.60675833541554 0.571115520434567 0.535472701496161 0.499829878504814 0.464187051495192 0.428544220716047 0.392901386535578 0.357258549585692 0.321615710564224 0.28597287013371 0.250330028815504 0.214687187127569 0.179044345715488 0.143401505126431 0.107758665386287 0.0721158263674076 0.0364729878492872 0.000830149588204335
-0.992617932340132 -0.958472743600313 -0.924327554804239 -0.890182365887656 -0.856037176774076 -0.821891987392199 -0.787746797703703 -0.753601607689414 -0.719456417373762 -0.685311226785269 -0.651166035925202 -0.617020844788016 -0.582875653373798 -0.548730461705177 -0.514585269810585 -0.480440077719145 -0.446294885465506 -0.412149693105735 -0.378004500694713 -0.343859308261149 -0.309714115827206 -0.275568923432286 -0.241423731184742 -0.207278539198432 -0.17313334754028 -0.138988156241301 -0.104842965235788 -0.0706977744357701 -0.0365525837609321 -0.00240739313287189
0.97815757345834 0.945615059153396 0.913068521022391 0.880515016601534 0.847949112635602 0.815363222789682 0.782743639201561 0.750076669734388 0.717354806680045 0.684573874709637 0.651736843582419 0.618848469329688 0.585912868514435 0.552931599826452 0.519905213536708 0.486832784114099 0.453714022768649 0.420552663476975 0.387353872900224 0.354124525671071 0.320871923415073 0.287603351977333 0.254326034081147 0.221046252443024 0.187766592874125 0.154488439824625 0.12121206920608 0.0879374049193995 0.0546640713615139 0.0213916180533579
-1.03579799999656 -1.00041329595169 -0.965028591740808 -0.929643887226702 -0.894259182443171 -0.858874477453379 -0.823489772266956 -0.788105066890051 -0.752720361368436 -0.717335655770481 -0.681950950215322 -0.646566244834794 -0.611181539787484 -0.575796835339015 -0.540412131794649 -0.505027429511184 -0.469642728780674 -0.434258029584654 -0.398873331794196 -0.363488635149055 -0.328103939356151 -0.292719244135089 -0.257334549256192 -0.221949854532303 -0.186565159895628 -0.151180465316545 -0.115795770798773 -0.0804110763532745 -0.0450263819866408 -0.00964168770436863
1.06826962229612 1.01953847930431 0.971016725638141 0.923107128013519 0.876322192136979 0.831050291353528 0.787073530571425 0.744069747963351 0.701905983196447 0.660551701941231 0.620196872387292 0.581086588353985 0.543471333953343 0.507623154468121 0.473750383146665 0.441784943928976 0.411499421466417 0.382305452564152 0.353558265617877 0.324748403231596 0.295400236561394 0.26510513533614 0.233722463575845 0.201172133957685 0.167348259496351 0.132254235511699 0.0963563862067311 0.0601593557721895 0.0238581394666409 -0.0124296796843927
-1.00862143812634 -0.977192188206664 -0.945720305271348 -0.914175559369751 -0.882557718919627 -0.850871909405052 -0.819114686207009 -0.787277373417118 -0.755338940072639 -0.723275677577647 -0.691065521857852 -0.658686819969369 -0.626107784473692 -0.59325608995383 -0.560055293111614 -0.526453017102648 -0.492402226929375 -0.457853188527836 -0.422772120875214 -0.387191754179683 -0.351161446457158 -0.314744979305073 -0.278063828646916 -0.241241811502536 -0.204354414951157 -0.167451911269071 -0.13053204346149 -0.0935847285349228 -0.056621108772181 -0.0196576327751487
-0.961037066048032 -0.932155571603296 -0.903227314751043 -0.874200148764503 -0.845028999741334 -0.815664147523341 -0.786030214104482 -0.756045660453963 -0.725629961289812 -0.694699233355359 -0.663155147746315 -0.630895764146486 -0.597859349747479 -0.564145001772088 -0.529874674477348 -0.495100920226034 -0.459874442943483 -0.424307954699522 -0.388519874607653 -0.352589441811563 -0.316586100462487 -0.280560584573925 -0.244488787608434 -0.208330889570701 -0.172059057184875 -0.135659504064371 -0.099162644660209 -0.0626066741208265 -0.026016709546727 0.0105854014735693
-1.05477174761688 -1.01770187921853 -0.980699130595825 -0.943828947315186 -0.907126509781401 -0.870629285588192 -0.834414156246646 -0.798543445315709 -0.762981830628397 -0.727657432272713 -0.692449785082534 -0.657226277578205 -0.621861190384477 -0.586256372543725 -0.550308338546678 -0.513864696259872 -0.476781548955594 -0.43899788815334 -0.400492488930333 -0.361320372347507 -0.321555620961723 -0.281279625626957 -0.240603010385633 -0.199612311066515 -0.15826847745525 -0.116513894559513 -0.0743422743181891 -0.0317804899782009 0.0110632669125866 0.0540604752310737
-1.00862974373089 -0.974780081304781 -0.940930418946508 -0.907080756704063 -0.873231094597929 -0.839381432633783 -0.805531770785585 -0.77168210901608 -0.737832447274874 -0.703982785512536 -0.670133123696633 -0.636283461798987 -0.602433799795513 -0.56858413767852 -0.534734475427761 -0.500884812956373 -0.46703515016809 -0.433185486995647 -0.399335823364878 -0.365486159145 -0.331636494191081 -0.297786828374332 -0.263937161630551 -0.230087493952186 -0.196237825493685 -0.16238815645349 -0.128538487044009 -0.0946888174565714 -0.0608391477842268 -0.0269894780954525
-0.999167363252534 -0.962528260067287 -0.925889156848843 -0.889250053584101 -0.852610950233396 -0.815971846756284 -0.779332743135773 -0.742693639366086 -0.70605453546283 -0.669415431418618 -0.632776327112689 -0.596137222395935 -0.559498117148511 -0.522859011367606 -0.486219905047729 -0.449580798055625 -0.412941690245005 -0.376302581545215 -0.339663471924893 -0.303024361434199 -0.266385250143673 -0.229746138127071 -0.193107025470995 -0.156467912268133 -0.119828798622665 -0.0831896846465519 -0.0465505704713942 -0.00991145621617101 0.0267276580702635 0.0633667723565867
-0.997823129570817 -0.862960943128097 -1.0260152672625 -0.941690473487069 -0.765384077558687 -0.741171108345422 -0.767143502916197 -0.704196005281486 -0.61041767901713 -0.571078899921314 -0.582980973116227 -0.620807936055063 -0.653825518267445 -0.629626217588717 -0.524214191679711 -0.448913469197472 -0.498923659713015 -0.569626825457011 -0.543521297683569 -0.451388031080897 -0.361078636195725 -0.317362122686029 -0.272677096654756 -0.178960583402178 -0.0784736885729016 -0.018828717041949 0.0212813097383175 0.0629208048997943 0.0572646364887531 -0.0619847137199415
1.0208879948423 0.978793633506084 0.936783720650242 0.894934383308482 0.853354674301321 0.812163060811523 0.771482741684026 0.73144203572385 0.692185009914156 0.653831398272093 0.616387854772606 0.579832763380087 0.544149009595629 0.509337485067115 0.475391937602513 0.442259533503339 0.409884949090391 0.378249482268059 0.347321086939927 0.316977719422765 0.28707483663664 0.257469642541614 0.228026329257738 0.198618169889047 0.169147773315531 0.139535017725425 0.10973952276399 0.079748397729327 0.0496189690738701 0.0194261175386382
-1.11235631866354 -1.06621251051434 -1.02009925308237 -0.974104471824045 -0.928302337465342 -0.882768651008329 -0.837599489289899 -0.792867576671501 -0.748531951777982 -0.704563049640927 -0.661090576655483 -0.618284057057687 -0.57629040847794 -0.535166122124104 -0.494934514546026 -0.455576630084039 -0.417083097352676 -0.379525154272782 -0.342997784467287 -0.307610345061155 -0.273475786554857 -0.240662323337019 -0.209059225348872 -0.178547406779346 -0.149153303255544 -0.120887369049615 -0.093550611575707 -0.0668875421631961 -0.0406261346603745 -0.0144902285452627
-1.01668356770833 -0.982340548902227 -0.947997530080531 -0.913654511148601 -0.879311491988053 -0.844968472494069 -0.810625452639829 -0.776282432395926 -0.741939411644606 -0.707596390252504 -0.673253368112152 -0.638910345122556 -0.604567321212042 -0.570224296426213 -0.535881270838317 -0.501538244514884 -0.467195217525585 -0.432852189959342 -0.398509161927298 -0.364166133610209 -0.329823105206232 -0.295480076903184 -0.261137048847516 -0.226794021153211 -0.192450993845753 -0.158107966916642 -0.123764940309939 -0.0894219139557322 -0.0550788877756622 -0.0207358616892572
-0.976934722777359 -0.943499772926089 -0.9100648229783 -0.876629872882609 -0.843194922617917 -0.809759972198841 -0.776325021752578 -0.742890071414517 -0.709455121240228 -0.676020171276144 -0.642585221611956 -0.609150272348169 -0.575715323601329 -0.542280375552142 -0.508845428399329 -0.475410482349491 -0.441975537593675 -0.408540594252804 -0.375105652402484 -0.341670712007168 -0.30823577300352 -0.274800835303983 -0.241365898724112 -0.207930963051047 -0.174496028055157 -0.141061093543973 -0.107626159490445 -0.0741912258808048 -0.0407562925889757 -0.00732135946080552
-0.922225141640396 -0.899322143095429 -0.876318476721241 -0.853067486476669 -0.829546159390457 -0.805773700023949 -0.781814539998989 -0.757693845544651 -0.733234494258424 -0.708200790197216 -0.682325031887192 -0.655331516471832 -0.627000378414043 -0.597335101454438 -0.566410814158854 -0.534365875116329 -0.501290609500374 -0.467019978799177 -0.431313673349063 -0.393885662564218 -0.354438485628288 -0.312750547651415 -0.268903717449704 -0.223127761293199 -0.175940571561731 -0.127874079705498 -0.0792282473463941 -0.0302216299172879 0.0190208720767531 0.0683977718626117
-0.953433328137966 -0.922161518274695 -0.890904569740589 -0.859677408523659 -0.828478786610283 -0.797294874637621 -0.766077691847599 -0.734773764472279 -0.703341798099498 -0.671747831757048 -0.639975058876747 -0.608010961491422 -0.575838161972546 -0.543419844046182 -0.510719906965183 -0.477724550734974 -0.444427064602831 -0.410826794030834 -0.376930977452932 -0.342772368975723 -0.308390101623965 -0.273826527814103 -0.239136877529331 -0.204372595066742 -0.169557104412283 -0.13470882069952 -0.0998541439636313 -0.0650157780559449 -0.0301936571907593 0.00461797682688301
1.00522576024347 0.970383314903071 0.935540869573797 0.900698424270078 0.865855978989441 0.83101353372788 0.796171088492158 0.761328643278856 0.726486198033067 0.691643752690673 0.656801307202213 0.62195886152189 0.587116415624265 0.552273969565332 0.517431523422764 0.482589077279494 0.447746631209096 0.412904185242438 0.378061739401282 0.343219293713687 0.308376848209286 0.273534402903146 0.23869195775207 0.203849512713909 0.169007067808963 0.134164623060557 0.099322178441667 0.0644797339121796 0.0296372894299775 -0.00520515504755851
-1.03848089386858 -1.00142991180069 -0.964378929768806 -0.927327947866822 -0.890276966261067 -0.853225985131546 -0.816175004640536 -0.779124024914185 -0.742073045951831 -0.705022067717863 -0.66797109016369 -0.630920113237478 -0.593869136885817 -0.556818161049006 -0.519767185648554 -0.482716210537116 -0.445665235541146 -0.408614260451141 -0.371563285056872 -0.334512309181136 -0.297461332654987 -0.260410355343164 -0.223359377245135 -0.18630839841756 -0.149257419011145 -0.112206439191778 -0.0751554590920211 -0.0381044788242233 -0.00105349845320239 0.0359974819681071
-0.960328598603882 -0.922824648630319 -0.88628149232118 -0.85160067105143 -0.81932040009423 -0.789725189554367 -0.762448054964948 -0.736887351748809 -0.712154289459385 -0.687396555577869 -0.662194895165882 -0.63623831768015 -0.609189517775307 -0.5806059308976 -0.550145598187948 -0.517974242774331 -0.484265039877941 -0.44871329110574 -0.410989608429822 -0.371143718897013 -0.329320128322824 -0.285743384420398 -0.240958202493408 -0.195475805130637 -0.149353276470788 -0.102524690601363 -0.0548862198551478 -0.00639861317422863 0.0426811723074052 0.0920221274077877
-0.97322328100661 -0.940917859426407 -0.90861077158621 -0.87630704687518 -0.844002754247482 -0.811694580946639 -0.779390647808608 -0.747113997524062 -0.714935926610121 -0.682930984572398 -0.651138479044023 -0.619588907190007 -0.588311211857329 -0.557328118620847 -0.526661325233594 -0.496334635433445 -0.466364694253434 -0.436737405922402 -0.407431397093737 -0.378426924923202 -0.349704654192154 -0.321246555666157 -0.293039824047592 -0.265063922902253 -0.237262167312761 -0.209571454467592 -0.181939158461801 -0.154323089811218 -0.126712327808177 -0.0991037689391363
1.02337340584622 0.988735003859143 0.954096601985244 0.919458200342278 0.884819799064011 0.850181398288733 0.815542998156814 0.780904598799572 0.746266200310038 0.711627802768771 0.676989406244725 0.642351010803956 0.607712616471836 0.573074223111021 0.538435830543828 0.503797438593941 0.469159047105555 0.434520656003545 0.399882265237975 0.365243874778992 0.330605484601764 0.295967094707004 0.261328705197608 0.226690316199876 0.192051927831547 0.157413540136955 0.122775152875398 0.0881367657741126 0.0534983787171534 0.0188599916277772
-0.995950496359009 -0.962052838270467 -0.928156795252558 -0.894264084326958 -0.860378660023316 -0.826504637989172 -0.792644540835657 -0.758800235613308 -0.724972560166683 -0.691162122482176 -0.657369640319523 -0.623595858881796 -0.589841714155927 -0.55610890526431 -0.522399501983041 -0.488716293567562 -0.455062457780273 -0.421442006932061 -0.387858294714308 -0.354311205791908 -0.320799757573132 -0.287322313661839 -0.253874622444237 -0.220451647904111 -0.18704783163322 -0.153657475296779 -0.120274843245859 -0.0868949944485014 -0.0535162036547486 -0.0201375495601453
-0.98264796640682 -0.949468628010943 -0.916289289577292 -0.883109951076401 -0.849930612487867 -0.816751273799121 -0.783571935019871 -0.750392596150696 -0.717213257133399 -0.684033917903006 -0.650854578426226 -0.617675238677689 -0.584495898618789 -0.551316558157973 -0.518137217163967 -0.484957875399563 -0.451778532632952 -0.418599188759848 -0.385419843726015 -0.352240497549885 -0.31906115026806 -0.285881801940829 -0.252702452723245 -0.219523102796565 -0.186343752352112 -0.153164401564554 -0.11998505053187 -0.0868056993284184 -0.0536263480107787 -0.0204469966310824
-0.96528514531916 -0.932444415277305 -0.899603685346283 -0.866762955631926 -0.833922226251086 -0.80108149734047 -0.768240769105175 -0.735400041760297 -0.702559315492527 -0.669718590451035 -0.63687786666331 -0.604037144126417 -0.571196422809136 -0.538355702567105 -0.505514983229409 -0.47267426463206 -0.439833546595816 -0.406992828873495 -0.374152111230381 -0.34131139354959 -0.308470675743692 -0.27562995773236 -0.24278923946367 -0.209948520889904 -0.177107801951749 -0.144267082610744 -0.111426362923419 -0.0785856429733716 -0.0457449228574893 -0.0129042026759805
-1.01537942111022 -0.980518269774516 -0.945657118514412 -0.910795967439226 -0.875934816657537 -0.84107366628613 -0.806212516475341 -0.771351367389748 -0.736490219217333 -0.701629072111097 -0.666767926060709 -0.631906781015005 -0.597045636896782 -0.562184493524686 -0.527323350703347 -0.492462208285485 -0.457601066146466 -0.422739924204152 -0.387878782383698 -0.353017640596929 -0.318156498752337 -0.283295356765309 -0.248434214578809 -0.213573072165077 -0.178711929585881 -0.143850786938458 -0.108989644372418 -0.0741285020098442 -0.0392673598103631 -0.00440621769298549
-1.00623560684673 -0.970172578368395 -0.934109549843715 -0.898046521257549 -0.861983492547005 -0.825920463639208 -0.789857434469086 -0.753794404990641 -0.71773137522637 -0.681668345219022 -0.645605315023851 -0.609542284699242 -0.573479254310533 -0.537416223950882 -0.501353193730907 -0.46529016380324 -0.429227134333415 -0.393164105496559 -0.357101077468927 -0.321038050421701 -0.284975024524795 -0.248911999898985 -0.212848976468509 -0.176785954106725 -0.140722932680037 -0.104659912027327 -0.0685968918843476 -0.0325338719928282 0.00352914777847064 0.0395921675290305
-1.04367852796998 -1.0063906359325 -0.969102744414842 -0.931814853683733 -0.894526963729058 -0.857239074872426 -0.819951189039163 -0.782663308416209 -0.745375434633246 -0.708087568964054 -0.67079971181609 -0.633511863380225 -0.596224023702793 -0.558936192251971 -0.521648368373827 -0.484360551504149 -0.447072741215988 -0.409784937541737 -0.372497140667274 -0.335209350933095 -0.297921568718351 -0.260633794250243 -0.223346027148179 -0.186058266834092 -0.148770512547809 -0.111482763345409 -0.0741950177300753 -0.0369072742240515 0.000380468021286785 0.0376682096972809
-0.999154372878499 -0.959709903713948 -0.920464157170058 -0.881637207105064 -0.843437639698527 -0.806080775941659 -0.769820363750945 -0.734824585209012 -0.700880932137767 -0.667686426616067 -0.63495690201128 -0.602412894512907 -0.56977370254739 -0.536753673488952 -0.503079555421882 -0.468532650322943 -0.432965436653552 -0.396460544921269 -0.359120676015649 -0.320898660308075 -0.281709860540388 -0.241513602012683 -0.200445060258065 -0.158667400418737 -0.116279895840292 -0.0734021231543521 -0.0302987639332489 0.0127840878666984 0.0558197936939449 0.098836578848139
0.957719090541484 0.927190610006048 0.89659568740236 0.865864545172612 0.834949268785024 0.803809671020425 0.77241461088406 0.740749531703505 0.708857167871227 0.676771936100418 0.644437691322298 0.611775648022588 0.578710529998087 0.545181098289889 0.51115332315929 0.47668797450409 0.441843794230901 0.406576612645093 0.370821003601785 0.334529426756354 0.297658813214239 0.260164943254666 0.221998993852005 0.183138764233523 0.143673145942936 0.103709114797762 0.0633148913942698 0.0225611978209625 -0.0184324826434831 -0.0595344764228468
-0.959631628640148 -0.931994645972069 -0.90446878406089 -0.87716747639581 -0.849843085382911 -0.822102852856198 -0.793334609444466 -0.762990322257026 -0.730997915530447 -0.697414748421553 -0.662339962640913 -0.625883145537533 -0.588158238016038 -0.549296595203533 -0.509498696704908 -0.46922410581373 -0.428994153195715 -0.389318155316515 -0.350635849355163 -0.31312066954429 -0.276879474379921 -0.241946438689439 -0.208065002625624 -0.17488363126771 -0.141961624075313 -0.108900388604584 -0.0755589304174078 -0.0418878358250664 -0.00794641613069649 0.0261788361146017
-0.861505731578135 -0.864890289306948 -0.866374185819953 -0.863782937789723 -0.855493645560243 -0.840230223394541 -0.817552257560377 -0.78765197135393 -0.752416464180315 -0.714166434827715 -0.675262103507657 -0.638073570787508 -0.603834926901235 -0.569236220749224 -0.530650716674776 -0.487728582126431 -0.441578542888143 -0.395866654980272 -0.35423175770153 -0.317646493227628 -0.286416954453532 -0.260082147075487 -0.235112727994874 -0.207726046693368 -0.176194571768702 -0.139566432011463 -0.0979372778676024 -0.0517349129657719 -0.00166823201005862 0.051483597526591
-1.03028670489835 -0.992131528686965 -0.954584216223296 -0.920208173481113 -0.884214085072553 -0.841514263972322 -0.793180257967015 -0.742241231814086 -0.693397583342538 -0.650618498131847 -0.613277079691838 -0.579597411014924 -0.547403055045357 -0.512915494534759 -0.473265943910887 -0.430826624498692 -0.389919619085914 -0.357425449414265 -0.338646456840931 -0.33001382223103 -0.325740936326665 -0.318995409049622 -0.298761727040432 -0.256910971125059 -0.201043722152465 -0.142142401430648 -0.0889872920807475 -0.0476037856782305 -0.0151998458027154 0.0132209209651409
-1.06193515101697 -1.01070818616053 -0.960977034509063 -0.913940389209153 -0.870026450076169 -0.829332258188217 -0.791400713005578 -0.755628542874155 -0.721381933300168 -0.688143357745746 -0.655890984336355 -0.624726904863294 -0.594569299897095 -0.564600705125225 -0.534209822115852 -0.504345660843008 -0.475957218766095 -0.448433134880118 -0.420796334163552 -0.392167243993148 -0.361690667345226 -0.32862153449656 -0.292655284925738 -0.253556779052906 -0.210928051862614 -0.164612665165382 -0.115583113511194 -0.0649736197352782 -0.013436387074386 0.0384968861343529
-0.990123870788121 -0.956094924637726 -0.922065978574987 -0.88803703266991 -0.854008086979194 -0.819979141555828 -0.785950196451275 -0.751921251707577 -0.717892307330612 -0.683863363295342 -0.649834419489232 -0.615805475777875 -0.581776532018295 -0.547747588033262 -0.513718643637084 -0.479689698644497 -0.445660752896389 -0.411631806337834 -0.37760285893033 -0.343573910596899 -0.309544961250944 -0.275516010849954 -0.241487059527759 -0.207458107473531 -0.173429154921454 -0.139400202081545 -0.105371249022136 -0.0713422957773031 -0.03731334238578 -0.00328438888746568
-0.999452967552827 -0.958008353687792 -0.923492541914226 -0.895205250611848 -0.867217083459524 -0.833560975813061 -0.793348304436888 -0.747456306233065 -0.698747217245564 -0.651064957316196 -0.61019518233623 -0.582408982209297 -0.570915147545623 -0.566673271781799 -0.558917971163091 -0.542233150343096 -0.512821587995936 -0.468012270469503 -0.407719748924716 -0.341074626100849 -0.279511517631759 -0.231707365034457 -0.195308413358548 -0.164287114448919 -0.128951443798984 -0.0825094636624892 -0.0334340596859981 0.00851498936959582 0.0436951556788912 0.0749932241503597
-0.975791911042089 -0.944978812783721 -0.913930361206067 -0.882396568178418 -0.850062484309563 -0.816566222707633 -0.781423107738661 -0.744274675977019 -0.70539010157254 -0.665241366126425 -0.624484043469886 -0.583819605491636 -0.543887713244186 -0.505080784435232 -0.467696325682469 -0.431899442588397 -0.397730624073277 -0.364864293343589 -0.332984429953647 -0.302179304562859 -0.272638260606911 -0.244524048932374 -0.217893050029367 -0.192769798042924 -0.169157812094191 -0.147016654943265 -0.126151078929951 -0.106314577690372 -0.0872104204662112 -0.0685293204005408
-0.986541852070319 -0.955659333611706 -0.924701612955196 -0.893602229664837 -0.862311052246743 -0.830783971104544 -0.798984635289886 -0.766876802714922 -0.734416908085824 -0.701540505681718 -0.66810695127952 -0.633956551030591 -0.598941965230524 -0.562965270751817 -0.525980884129256 -0.48810316396986 -0.449469806652246 -0.4101519175692 -0.370218982995099 -0.329800603716521 -0.289041409148094 -0.248073545913817 -0.206979229475183 -0.165802982773408 -0.124488489831107 -0.0829794066846778 -0.0413201163442324 0.000422622674600253 0.0421932768078396 0.0839391187294173
1.01403180684194 0.978491185498004 0.942950564215836 0.907409943075585 0.871869322051539 0.836328701080348 0.800788080054003 0.765247458883379 0.729706837599549 0.69416621626636 0.658625594958567 0.623084973753648 0.587544352720832 0.552003731896345 0.516463111290514 0.480922490843062 0.445381870498872 0.409841250294055 0.374300630287266 0.338760010536106 0.303219391097914 0.267678772017674 0.232138153290966 0.19659753487915 0.161056916656109 0.125516298470141 0.089975680154677 0.0544350615839053 0.018894442809917 -0.0166461760707218
-1.05334394419986 -1.01479791498987 -0.976251885738007 -0.93770585641188 -0.899159827003867 -0.860613797540363 -0.822067768159066 -0.783521738998123 -0.744975710086188 -0.7064296814053 -0.667883652860513 -0.629337624337637 -0.590791595733048 -0.552245566985386 -0.513699538031228 -0.475153508756632 -0.43660747901843 -0.398061448607083 -0.359515417312065 -0.320969384985255 -0.282423351494139 -0.243877316754382 -0.205331280874382 -0.166785244020656 -0.128239206399487 -0.0896931682006505 -0.0511471295081244 -0.0126010903950066 0.0259449490033415 0.064490988535992
-1.00527114283675 -0.969715165126597 -0.934159187505295 -0.898603210042812 -0.863047232890552 -0.827491256214076 -0.791935280154135 -0.756379304802254 -0.720823330077848 -0.6852673558655 -0.649711382082561 -0.614155408654577 -0.578599435501026 -0.543043462517115 -0.507487489596608 -0.471931516651777 -0.436375543637019 -0.400819570656731 -0.365263597820585 -0.329707625109335 -0.294151652471505 -0.258595679884044 -0.223039707437586 -0.18748373523699 -0.151927763330312 -0.11637179174832 -0.0808158205094251 -0.0452598496068258 -0.00970387894523477 0.025852091592758
-1.02152602291715 -0.985751141915757 -0.949976260946956 -0.914201380023982 -0.87842649922554 -0.842651618643538 -0.80687673835725 -0.771101858442457 -0.735326978973608 -0.699552100002359 -0.663777221490529 -0.628002343377479 -0.59222746559448 -0.55645258804045 -0.520677710603731 -0.484902833162709 -0.449127955590027 -0.413353077745303 -0.377578199517184 -0.341803320923457 -0.306028442014192 -0.27025356283127 -0.234478683383799 -0.198703803663683 -0.162928923626791 -0.127154043220168 -0.0913791623916187 -0.055604281126822 -0.0198293995622124 0.0159454821280875
-0.924352109295062 -0.899015744172737 -0.873715948922891 -0.848471210464939 -0.823169441299628 -0.797681797689296 -0.771942985361318 -0.745872581758327 -0.719266101718936 -0.691899927501711 -0.663597973649043 -0.634196037774275 -0.603585886394239 -0.571883161639714 -0.539237378879832 -0.505709670823186 -0.471332998885761 -0.436116021973641 -0.400062077750803 -0.36317752142271 -0.325469462580191 -0.286937135889397 -0.247548276317757 -0.207248510247565 -0.165926529419293 -0.123510019922734 -0.0801395798868049 -0.0360203103999882 0.00859758765008043 0.0534526384259777
-1.03624785627579 -1.00114889000503 -0.966049923877989 -0.930950958015397 -0.895851992434104 -0.860753027133298 -0.825654062145343 -0.790555097477893 -0.755456133006582 -0.720357168575959 -0.685258204038269 -0.650159239247678 -0.615060274057235 -0.5799613083155 -0.54486234186636 -0.509763374539482 -0.474664406154969 -0.439565436508913 -0.404466465423514 -0.369367492849431 -0.33426851876944 -0.299169543212273 -0.264070566390494 -0.228971588558855 -0.193872609957038 -0.158773630810153 -0.123674651300089 -0.0885756715786167 -0.0534766917202591 -0.0183777117802275
-1.02428386376 -0.988086422286549 -0.95188898086105 -0.915691539570444 -0.879494098597571 -0.843296658108759 -0.807099218108404 -0.770901778544694 -0.734704339302913 -0.698506900261386 -0.662309461333506 -0.626112022441429 -0.58991458353351 -0.553717144662884 -0.517519705893351 -0.48132226722659 -0.44512482865717 -0.408927390213358 -0.372729951898989 -0.336532513586486 -0.300335075115419 -0.264137636344074 -0.227940197205622 -0.191742757667794 -0.155545317761698 -0.119347877531188 -0.0831504370077192 -0.0469529962294832 -0.010755555274015 0.0254418857713153
-1.05644226097762 -1.01757789281762 -0.978713938770551 -0.939860218694584 -0.901038089617044 -0.862275437574652 -0.823614727472564 -0.785109878220659 -0.746846045879256 -0.708904338000754 -0.671318430955432 -0.634110143318038 -0.597289634603316 -0.560820428085991 -0.52466143875566 -0.488799784701419 -0.453232381886658 -0.417967134672443 -0.38301239158656 -0.348367289425999 -0.314028662055049 -0.279983375045246 -0.246178420797102 -0.212547742277047 -0.179012957886195 -0.145505604538895 -0.112009217767743 -0.0785218553201398 -0.0450476651844577 -0.011592317909312
-1.0013605382993 -0.964200036161898 -0.928438753316591 -0.894884225699034 -0.86250166679254 -0.829701130479896 -0.794514354694107 -0.755477847192944 -0.713525510983016 -0.670153539636536 -0.626709893739275 -0.584505475630395 -0.544746954613569 -0.508224067850524 -0.475658274950391 -0.447914857453861 -0.425382659818921 -0.406400956241178 -0.388906699103212 -0.371277123797872 -0.351999536470572 -0.329671452475377 -0.303331224000948 -0.272262166400563 -0.236286610851388 -0.195702625897828 -0.152172213729374 -0.107466532954511 -0.0624294342126176 -0.0176729411507959
1.01191236236808 0.976827734429122 0.941875104674523 0.907233621396438 0.873013670477867 0.839276911804484 0.80595886368182 0.772977897099053 0.740309935360084 0.707929844714368 0.675750710878837 0.643670174437289 0.611587153894443 0.579405679438682 0.54700607771918 0.514168749544593 0.480647088352784 0.446186383938943 0.410590567609848 0.373906240361286 0.336240670611298 0.297689583082338 0.258302527714521 0.218115731459427 0.177158304096824 0.135489513999122 0.0932963810810946 0.0507784455461648 0.00805757720998791 -0.0347637717087229
-0.959412156920711 -0.932775772808228 -0.906080922413038 -0.87920660767884 -0.852028307263738 -0.824414950022269 -0.796212788880281 -0.767268402126836 -0.737452345432533 -0.706670076665148 -0.674942685099624 -0.642320167862695 -0.608852817445235 -0.574592107794673 -0.539594594304815 -0.503935976698413 -0.467722700374179 -0.431165049105706 -0.394473424088056 -0.357754857827288 -0.321090540657205 -0.284530703717711 -0.248001741373106 -0.211407024562885 -0.174681667302942 -0.137781375602172 -0.100712480365092 -0.0635007906971189 -0.026199403611643 0.0111317619009504
-0.995692083584293 -0.963707086922736 -0.931713918912085 -0.89970944163333 -0.867686596220209 -0.835637736906714 -0.803556791275105 -0.771438079047768 -0.739275915159328 -0.707061195892658 -0.674771147711391 -0.642379579624346 -0.609862925078113 -0.577208115270363 -0.544404381323639 -0.511439656308899 -0.478304402108249 -0.445000493899973 -0.411532981886918 -0.377908203073993 -0.344132816166624 -0.310213444945479 -0.276156573492209 -0.241971647990335 -0.207680102729891 -0.173306227905856 -0.138873749226492 -0.104404780012502 -0.0699155485210742 -0.0354208117435217
-0.957191675374569 -0.924659752534181 -0.892127829861096 -0.859595907459357 -0.827063985339428 -0.794532063515014 -0.762000142106382 -0.729468221237853 -0.696936300943398 -0.664404381234983 -0.631872462126891 -0.599340543633988 -0.566808625760423 -0.53427670846748 -0.501744791681028 -0.469212875228136 -0.436680958918934 -0.404149042594586 -0.371617126136679 -0.339085209557461 -0.306553292901844 -0.274021376201318 -0.241489459433684 -0.208957542560492 -0.176425625531987 -0.143893708306366 -0.111361790884967 -0.0788298732886665 -0.0462979555733558 -0.0137660378036817
0.971014324410657 0.938131367594788 0.90524515667886 0.872347310279075 0.839411443294281 0.80640843206229 0.773316202394097 0.740115139466047 0.706788416442686 0.673321907600739 0.639709503677451 0.605947099525196 0.572030774742357 0.537957347911353 0.503724764597872 0.469334739316642 0.434792981070489 0.400117407865592 0.365332137317775 0.330473876478107 0.295582479756465 0.260692724861772 0.225819082699136 0.190968562300298 0.156138632007355 0.121324268329649 0.0865200211351459 0.0517213605285675 0.01692786420304 -0.0178598632512095
-1.02528631555079 -0.989706347527976 -0.954123527010265 -0.918534711116808 -0.882933883814779 -0.847314613753054 -0.8116716814593 -0.775999730240985 -0.740291642645977 -0.704540385060185 -0.668741019981278 -0.632889133934863 -0.596981322993654 -0.561018221418778 -0.525002108551693 -0.488937805866768 -0.452831445980787 -0.416691863947299 -0.38052739280992 -0.344341655135782 -0.308137095872895 -0.271916051912319 -0.235680427917322 -0.199432746439981 -0.163178433815433 -0.12692271240997 -0.090667084931466 -0.0544122627615229 -0.0181595116350692 0.0180897641246342
-0.980975872120007 -0.945680367219187 -0.910384862307587 -0.875089357266053 -0.839793851843178 -0.804498345778745 -0.769202838909536 -0.73390733109571 -0.698611822193917 -0.663316312026344 -0.628020800280818 -0.592725286611574 -0.557429770732262 -0.522134252594184 -0.486838732244578 -0.451543209876779 -0.416247685750635 -0.380952160245951 -0.345656633749183 -0.310361106553448 -0.275065578928528 -0.239770051133866 -0.20447452338755 -0.169178995851571 -0.133883468504888 -0.0985879413142408 -0.0632924143805362 -0.0279968877987626 0.00729863849393459 0.0425941645998706
-1.00308371900582 -0.96773341523047 -0.932383111482545 -0.89703280780001 -0.86168250420585 -0.826332200729224 -0.79098189743898 -0.755631594386595 -0.720281291514378 -0.684930988765866 -0.649580686198678 -0.614230383898954 -0.578880081960266 -0.543529780505913 -0.508179479672684 -0.472829179621601 -0.43747888050338 -0.40212858240328 -0.366778285381774 -0.33142798946566 -0.296077694673319 -0.260727401017781 -0.225377108490684 -0.190026817064939 -0.154676526659965 -0.119326237161102 -0.0839759483708871 -0.0486256600772968 -0.0132753720928705 0.0220749157637116
-0.99082585796125 -0.957442592514152 -0.924059326906555 -0.890676060969782 -0.857292794305583 -0.823909526504736 -0.790526257343722 -0.757142986643066 -0.723759714213755 -0.690376439875854 -0.656993163495286 -0.623609884949435 -0.590226604163186 -0.556843321251422 -0.523460036360584 -0.490076749573352 -0.456693460950711 -0.423310170530633 -0.389926878372177 -0.35654358464177 -0.323160289532676 -0.289776993253697 -0.256393696075776 -0.223010398303162 -0.189627100311187 -0.156243802460629 -0.122860504982986 -0.0894772080132566 -0.056093911429739 -0.0227106150465558
0.976431684129221 0.941899099837119 0.907366515406728 0.872833930659893 0.838301345391604 0.803768759419618 0.769236172679623 0.734703585141284 0.700170996792251 0.665638407631541 0.631105817685637 0.596573226987893 0.562040635564651 0.527508043414217 0.492975450547498 0.458442857053847 0.423910263012872 0.389377668386756 0.354845073125137 0.320312477244888 0.28577988077969 0.251247283774016 0.21671468631551 0.182182088510515 0.14764949049703 0.113116892411864 0.0785842943554281 0.0440516963984419 0.00951909852924812 -0.0250134992844045
-0.983086297197076 -0.949002341286701 -0.914918385359729 -0.880834429461511 -0.84675047379468 -0.812666518584508 -0.778582563989534 -0.744498610147364 -0.710414657178611 -0.67633070517394 -0.64224675412123 -0.608162803982659 -0.57407885473454 -0.539994906409701 -0.50591095901544 -0.471827012400395 -0.43774306638311 -0.403659120820401 -0.36957517560651 -0.33549123074711 -0.301407286275734 -0.267323342218174 -0.233239398569271 -0.199155455312363 -0.165071512415717 -0.13098756984894 -0.0969036276020509 -0.0628196856537555 -0.0287357439170869 0.00534819771133946
-0.973589859937773 -0.940508894688773 -0.907427929489567 -0.874346964405069 -0.841265999434638 -0.80818503456853 -0.775104069826167 -0.742023105226113 -0.708942140754364 -0.675861176397548 -0.642780212177407 -0.609699248124455 -0.576618284283047 -0.543537320752881 -0.510456357645185 -0.477375395061966 -0.444294433087917 -0.411213471747712 -0.378132511052304 -0.345051551017771 -0.311970591661475 -0.278889632987973 -0.245808674950612 -0.212727717477452 -0.179646760446624 -0.146565803724982 -0.113484847184201 -0.0804038907150929 -0.047322934280187 -0.0142419778599433
-0.917941468572811 -0.893117525986159 -0.868120257833491 -0.842804260560109 -0.817061734087029 -0.790805240131086 -0.763991184116699 -0.736593896847786 -0.708615566938674 -0.680030790749387 -0.650675937812321 -0.620352820952964 -0.588906228822516 -0.556352853375018 -0.5227506394783 -0.488150640352494 -0.452626685297804 -0.41635059958243 -0.379525126537108 -0.342378685774749 -0.305146115978802 -0.268015860646685 -0.230990782531683 -0.194026589766286 -0.157075952743948 -0.12010443606847 -0.0831322189240716 -0.0461863713875742 -0.00926691252578057 0.027632901347011
-0.942844530427848 -0.915690673455022 -0.888447814217247 -0.861039225075555 -0.833414884018529 -0.805545696994997 -0.777459576167217 -0.749151298507768 -0.720426094017082 -0.691062898974962 -0.660925021750842 -0.629896863736564 -0.59789854302941 -0.564993044548413 -0.531271300822077 -0.496793167995019 -0.461605563791251 -0.425734728636253 -0.389222350608281 -0.352192585695229 -0.3147902068624 -0.27712834153184 -0.239193534952573 -0.200940594033108 -0.162323954492929 -0.123316939369873 -0.0839687921642391 -0.0443516471793501 -0.00455328146818224 0.0353346172288754
-1.00864059442149 -0.973816470631842 -0.938992346827913 -0.904168223046926 -0.86934409934039 -0.834519975772004 -0.799695852439936 -0.76487172946479 -0.730047607022426 -0.695223485283104 -0.660399364339401 -0.625575244264479 -0.590751125097513 -0.555927006741759 -0.521102889073499 -0.486278771997079 -0.451454655413463 -0.416630539182056 -0.381806423162376 -0.346982307255968 -0.312158191374883 -0.277334075461808 -0.242509959581961 -0.207685843800221 -0.17286172805756 -0.138037612269367 -0.103213496372603 -0.0683893803285641 -0.0335652641742985 0.0012588520342049
0.968403333742515 0.937155209727471 0.905874263308208 0.874532561255111 0.843112078492241 0.81159879987891 0.779984841861751 0.748264771553125 0.716436827140963 0.684494136700235 0.652405716778488 0.620134556041415 0.587632930909784 0.55481026882468 0.521583488830018 0.487942325360737 0.453894216152119 0.419444596749821 0.38460119191904 0.349382885492754 0.313811351070888 0.277921277919606 0.241799417970017 0.205541692924341 0.169228640904297 0.132924713011804 0.0966453958500776 0.0603906164639448 0.0241470281633782 -0.0121020341753626
-0.959614578048765 -0.92830345132212 -0.897030996895184 -0.86584355443243 -0.83482620610382 -0.804043471455513 -0.773438877032959 -0.742908749425856 -0.712281608401614 -0.681385858452571 -0.650117249793067 -0.618388369067946 -0.586128489008615 -0.553333626692747 -0.52000621763405 -0.48610762674412 -0.451599404767116 -0.416484916379563 -0.380792138235473 -0.344605680966428 -0.308024313698402 -0.271135456638961 -0.233981134322044 -0.196596555057456 -0.15903505793209 -0.12134734116472 -0.0835554087245411 -0.0456785373606919 -0.00775378919166135 0.0301773273217244
-1.0212125759807 -0.985458915131522 -0.949705254297515 -0.913951593491471 -0.878197932772721 -0.842444272191847 -0.806690611717912 -0.770936951297955 -0.735183290872452 -0.699429630403332 -0.663675969944916 -0.627922309574617 -0.592168649356176 -0.55641498929862 -0.520661329420681 -0.484907669834618 -0.449154010649782 -0.413400351870366 -0.377646693482903 -0.341893035508429 -0.306139377976606 -0.27038572093225 -0.234632064480786 -0.198878408733355 -0.163124753763347 -0.12737109959928 -0.0916174461279466 -0.055863793193167 -0.0201101406086138 0.0156435118195779
-0.995393300067499 -0.960851486755779 -0.926309673451083 -0.891767860126621 -0.857226046704879 -0.822684233110838 -0.788142419330176 -0.753600605346945 -0.719058791077989 -0.684516976424429 -0.649975161291698 -0.615433345586304 -0.580891529236487 -0.546349712257405 -0.511807894682679 -0.477266076532855 -0.442724257841342 -0.408182438706073 -0.373640619231073 -0.339098799480207 -0.3045569795073 -0.270015159349682 -0.235473338978689 -0.200931518365783 -0.1663896975489 -0.131847876598361 -0.0973060556475272 -0.0627642348140869 -0.0282224140899668 0.00631940656434553
-0.941060048145373 -0.907502219135483 -0.873935154436209 -0.840362182224852 -0.806798840138828 -0.773266074844797 -0.739794259666308 -0.706418908984231 -0.673186674751837 -0.640140293479281 -0.60729570233184 -0.574662138638571 -0.542252324438152 -0.510092920607742 -0.478211010646917 -0.446621429706425 -0.415332004310709 -0.384334774827819 -0.353614964098217 -0.323146311008429 -0.292899683456495 -0.262840662055601 -0.232913678279497 -0.20306589212965 -0.173276526857808 -0.143531665170499 -0.113812764343083 -0.0841022742049135 -0.0543912402324965 -0.024672856814126
-1.021610277793 -0.984518647505634 -0.947427017263584 -0.910335387087662 -0.873243756919471 -0.836152126675829 -0.799060496253619 -0.761968865577358 -0.724877234702031 -0.687785603708592 -0.650693972651406 -0.61360234157819 -0.576510710542957 -0.539419079624897 -0.502327448900109 -0.465235818407137 -0.428144188160764 -0.391052558118264 -0.353960928231192 -0.316869298485746 -0.279777668876779 -0.242686039419897 -0.205594410213692 -0.168502781346795 -0.131411152784999 -0.0943195244561627 -0.0572278962592447 -0.0201362681030358 0.0169553600354481 0.0540469881621349
-0.992791911477953 -0.95876641839777 -0.924740925286076 -0.890715432093215 -0.856689938749885 -0.822664445164632 -0.788638951177069 -0.754613456620203 -0.720587961369557 -0.686562465316801 -0.652536968375671 -0.618511470465417 -0.584485971550767 -0.550460471778358 -0.51643497132681 -0.482409470320766 -0.448383968872136 -0.414358467095866 -0.380332965115276 -0.346307463084159 -0.312281961163924 -0.278256459503548 -0.244230958202278 -0.210205457332482 -0.176179956908757 -0.142154456913844 -0.108128957260856 -0.0741034578506868 -0.0400779586050003 -0.00605245945065021
-0.96128146200838 -0.931590121730498 -0.90189878154198 -0.872207441527239 -0.842516101747584 -0.812824762252806 -0.783133423069747 -0.753442084228365 -0.723750745794058 -0.694059407842697 -0.664368070456615 -0.634676733719763 -0.604985397709371 -0.575294062475805 -0.545602728048944 -0.515911394403588 -0.486220061490568 -0.456528729219928 -0.426837397494284 -0.397146066227346 -0.367454735335595 -0.337763404731168 -0.308072074308811 -0.278380743959913 -0.248689413579817 -0.218998083094063 -0.189306752545026 -0.159615421994478 -0.129924091464927 -0.100232760969067
-0.981086349523529 -0.947599519312479 -0.914112689184223 -0.880625859155556 -0.847139029152648 -0.813652199080421 -0.780165368849442 -0.74667853837663 -0.713191707598687 -0.679704876481549 -0.646218045088337 -0.612731213506461 -0.579244381825707 -0.545757550145357 -0.512270718546733 -0.478783887029825 -0.445297055559018 -0.411810224037584 -0.378323392363486 -0.344836560474553 -0.311349728318578 -0.277862895861536 -0.244376063142126 -0.210889230223886 -0.177402397196963 -0.143915564145329 -0.110428731101638 -0.076941898077899 -0.0434550650548449 -0.00996823200539252
-1.02949009067247 -0.996431215463819 -0.963372340406413 -0.930313465683964 -0.89725459149711 -0.864195718047125 -0.831136845520939 -0.798077974064546 -0.76501910367454 -0.731960234319001 -0.698901366001358 -0.665842498733874 -0.63278363251544 -0.599724767291468 -0.566665903003977 -0.533607039634909 -0.500548177150033 -0.467489315410482 -0.43443045426945 -0.401371593652997 -0.368312733505399 -0.335253873794204 -0.302195014580055 -0.269136155925262 -0.236077297805736 -0.203018440167359 -0.169959582922297 -0.136900725971713 -0.103841869206464 -0.0707830125148306
-1.00035304363949 -0.965696109426021 -0.931039175217768 -0.896382241029497 -0.861725306854253 -0.827068372688441 -0.79241143856362 -0.75775450451741 -0.723097570576521 -0.688440636760685 -0.653783703072606 -0.619126769510737 -0.584469836108174 -0.549812903036594 -0.515155970481144 -0.480499038542255 -0.44584210727957 -0.411185176674273 -0.376528246692166 -0.341871317315961 -0.307214388532597 -0.272557460338245 -0.237900532766 -0.203243605833107 -0.168586679456501 -0.133929753517616 -0.0992728278561992 -0.064615902322824 -0.0299589768530594 0.00469794859627747
-1.01701775980553 -0.981259442433666 -0.945501125094742 -0.909742807864887 -0.873984490818111 -0.838226174039945 -0.802467857664118 -0.766709541844173 -0.730951226764697 -0.695192912566891 -0.65943459918734 -0.623676286511481 -0.587917974425526 -0.552159662818803 -0.516401351625052 -0.48064304095255 -0.44488473092807 -0.409126421577835 -0.373368112910544 -0.337609804965338 -0.301851497788973 -0.266093191402796 -0.230334885726534 -0.194576580660996 -0.158818276132958 -0.123059972066491 -0.0873016683488682 -0.0515433648595559 -0.0157850614835754 0.0199732418926624
1.03258919248002 0.994002650935411 0.955424019603294 0.91686057012343 0.878313776675701 0.839781976042338 0.801256752874856 0.762728377408346 0.724188614342925 0.685628385695169 0.647033748282456 0.608389542622368 0.569681129074273 0.530895947364702 0.492024095734473 0.453064227114401 0.414018143763818 0.374891690566131 0.335691805746821 0.296425758275574 0.257100899808131 0.217726411059077 0.178318788978379 0.138894721985056 0.0994643481389593 0.060035419734773 0.0206126963656927 -0.0188009968453276 -0.0582075799548111 -0.09761015931415
0.857753611525488 0.919105076032723 0.943863875096843 0.913481663285657 0.85711244337226 0.809121055291543 0.777013339420293 0.759064993030234 0.743490140530948 0.719739954578017 0.692275373673177 0.669309777779702 0.654363039852138 0.632181004810111 0.589957403791068 0.543451540838636 0.506470349327844 0.456445707053146 0.373762028129481 0.286988927534322 0.236742320460775 0.24509240562 0.25992651579538 0.229045954817493 0.174090776633466 0.12649525295998 0.0830317764753711 0.0334693443562268 -0.0257747491895191 -0.0966211356960965
-1.01759672787163 -0.980369902305738 -0.943123974179737 -0.905835403661838 -0.868522481340088 -0.831222177491951 -0.794004350732735 -0.756936723007111 -0.720045581239372 -0.683352569033415 -0.646902191731945 -0.610744670112367 -0.574940447452864 -0.539590857034726 -0.504786052233497 -0.470530576798628 -0.43681234656474 -0.403638375333196 -0.371009857122704 -0.338885608854584 -0.307213853175809 -0.275938407637755 -0.244985469409398 -0.2142766944522 -0.183733194279959 -0.153278228634042 -0.122844194613753 -0.0923775561632204 -0.0618719072479332 -0.0313326243387196
-1.13152184911764 -1.05259534030623 -0.977618476388318 -0.90954156697952 -0.849010416544709 -0.796320755030055 -0.752672519457671 -0.718609827789002 -0.691149314666872 -0.666759135236947 -0.643241009974872 -0.618730050688789 -0.592085373640365 -0.565062112905378 -0.538849760107108 -0.50947921924474 -0.473104338765751 -0.431529332534891 -0.387997728907953 -0.345859948787638 -0.308493136213372 -0.278315454154473 -0.253909141299819 -0.232434797570284 -0.209202392095169 -0.179709624447909 -0.142055746770055 -0.0957937360242272 -0.0436899158891969 0.0106860532772262
-1.01007489468308 -0.974961059231171 -0.939872859333977 -0.904839802302778 -0.86989189703797 -0.835061173917588 -0.800387247641111 -0.765905105977123 -0.731623644649203 -0.6975463632318 -0.663681268747848 -0.630037495082408 -0.596620209588941 -0.56341871349453 -0.530417284855523 -0.497595975171727 -0.464935388512581 -0.432422565782597 -0.400042770687348 -0.367767721301583 -0.335565749292348 -0.303405546923199 -0.271257248843737 -0.239091585732447 -0.206880229997293 -0.174601235726099 -0.142257241996641 -0.109859919780288 -0.0774324826328444 -0.0450010297562175
