-1.00222142339557 -0.969519634824863 -0.936817846325137 -0.904116057992483 -0.871414269953098 -0.838712482316108 -0.806010695092267 -0.773308908247371 -0.740607121665744 -0.707905335252893 -0.675203549080497 -0.642501763261782 -0.609799977887781 -0.577098192960748 -0.54439640845714 -0.511694624339019 -0.47899284056368 -0.446291057083767 -0.413589273874395 -0.380887491005226 -0.348185708569554 -0.315483926644667 -0.28278214524382 -0.250080364336162 -0.217378583778471 -0.184676803412961 -0.151975023135962 -0.119273242871434 -0.0865714625997187 -0.053869682315257
-0.943803636008544 -0.916181481945506 -0.888536802490353 -0.860832409529925 -0.833034581991908 -0.805107086120151 -0.777000170382288 -0.748655488237446 -0.719993830886938 -0.690941054233558 -0.661464135243836 -0.631540331150233 -0.601150654119306 -0.57029113605398 -0.538944741386905 -0.507027144933265 -0.474462599292764 -0.44127695782064 -0.407530050633275 -0.373316014136094 -0.338737561306783 -0.303888735811611 -0.268828904071175 -0.233599168568408 -0.198202253281248 -0.16264111925121 -0.126958054279098 -0.0911996168373877 -0.0553901213259602 -0.0195483211265456
-0.99576508168318 -0.963190199952005 -0.930615318364236 -0.898040437002076 -0.865465555938824 -0.832890675253719 -0.800315795058679 -0.767740915439236 -0.73516603634271 -0.702591157689997 -0.670016279434504 -0.637441401537767 -0.604866523954841 -0.572291646614874 -0.539716769443504 -0.507141892378251 -0.474567015392194 -0.441992138588781 -0.409417262093159 -0.376842385986921 -0.344267510340771 -0.311692635197197 -0.279117760485819 -0.2465428861141 -0.213968012013725 -0.181393138132126 -0.14881826445547 -0.116243390968183 -0.0836685176089716 -0.0510936443051162
-1.00214056747404 -0.966666671579056 -0.931192775722892 -0.895718879954477 -0.860244984352486 -0.824771089004502 -0.789297194004002 -0.753823299450121 -0.718349405458746 -0.682875512129175 -0.647401619477586 -0.611927727499381 -0.576453836177481 -0.540979945444899 -0.505506055215587 -0.470032165377158 -0.4345582757895 -0.399084386227914 -0.36361049648388 -0.328136606498168 -0.292662716248871 -0.25718882576091 -0.221714935246516 -0.186241044908245 -0.15076715472265 -0.115293264601934 -0.0798193744269034 -0.0443454841022456 -0.00887159365956102 0.0266022968378214
-1.02127475686545 -0.995052799957732 -0.967648566899873 -0.937785405180181 -0.905035005319804 -0.869375220133526 -0.831560208577831 -0.792362898299538 -0.751854985565093 -0.709948434813123 -0.666617514551348 -0.621852069304764 -0.57581225765248 -0.529339494390055 -0.483385625163023 -0.438662962800349 -0.395904173029762 -0.356162865990617 -0.320338585497627 -0.288393665655301 -0.260056138140596 -0.234944829058692 -0.212241742227639 -0.191270186822904 -0.172355515736745 -0.155872829507732 -0.141394175542897 -0.128315730353155 -0.116133239996485 -0.104367342917633
-1.0298946646509 -0.994086008582578 -0.958277352353976 -0.922468695798511 -0.886660038848946 -0.850851381500078 -0.815042723895493 -0.779234066220272 -0.743425408676698 -0.70761675144623 -0.671808094609829 -0.635999438223332 -0.600190782335735 -0.564382126968682 -0.528573472153603 -0.492764817988451 -0.456956164558568 -0.421147511832322 -0.385338859767359 -0.349530208395385 -0.313721557766621 -0.277912907918594 -0.242104258838051 -0.206295610493872 -0.170486962834251 -0.134678315791572 -0.0988696692556741 -0.0630610231071277 -0.0272523772319575 0.00855626848244694
-0.964590814069768 -0.932391287578537 -0.900191761125688 -0.867992234766875 -0.835792708513479 -0.803593182361846 -0.771393656292435 -0.739194130306445 -0.706994604503918 -0.67479507900462 -0.642595553908371 -0.610396029310005 -0.578196505309256 -0.545996982025452 -0.513797459588104 -0.481597938147852 -0.449398417840242 -0.417198898719332 -0.384999380791829 -0.352799863956548 -0.320600348085328 -0.288400833044026 -0.256201318674577 -0.22400180482688 -0.19180229140662 -0.159602778325277 -0.127403265461725 -0.0952037527053071 -0.0630042400198389 -0.0308047273877554
-0.975359501531345 -0.943100126547375 -0.910840751600293 -0.878581376731906 -0.846322001926049 -0.814062627136044 -0.781803252251111 -0.749543877155469 -0.71728450177742 -0.685025126066536 -0.652765750013393 -0.620506373618817 -0.588246996901453 -0.555987619951228 -0.523728242881606 -0.491468865828916 -0.459209488918315 -0.426950112207397 -0.394690735718786 -0.362431359402772 -0.330171983191562 -0.297912607026441 -0.265653230885002 -0.233393854741664 -0.201134478521843 -0.168875102169679 -0.136615725753207 -0.104356349356639 -0.0720969730049886 -0.0398375967084667
-0.998847347491127 -0.966673592816609 -0.934442308193065 -0.902068759474389 -0.869491807582167 -0.836669053140482 -0.803609460515718 -0.770325410908744 -0.736791589116067 -0.702970438140865 -0.668813130217369 -0.634268019887573 -0.599286697027371 -0.563833692848255 -0.527889646870207 -0.491486690511574 -0.454656404747971 -0.417376676885708 -0.379633935275145 -0.34150246611212 -0.303078520053842 -0.264453529322306 -0.225699652398641 -0.186879772157385 -0.148038942787577 -0.109210993061524 -0.0704026787701255 -0.0316125019008583 0.00716697779107783 0.0459446861085523
-0.999453181360202 -0.966243889144101 -0.933034596964329 -0.899825304875225 -0.86661601292468 -0.833406721145776 -0.800197429518805 -0.766988138018383 -0.733778846649221 -0.700569555444109 -0.667360264518074 -0.634150974006701 -0.600941684019282 -0.567732394559949 -0.534523105608001 -0.501313817148574 -0.468104529195054 -0.434895241867979 -0.401685955277422 -0.368476669384424 -0.335267384112771 -0.302058099405868 -0.268848815285592 -0.235639531772479 -0.202430248803224 -0.169220966293625 -0.136011684159748 -0.102802402315397 -0.0695931206650685 -0.0363838391109343
-0.968703018425309 -0.935326149368156 -0.901949280337537 -0.86857241137105 -0.83519554244206 -0.801818673495698 -0.768441804428411 -0.735064935132135 -0.701688065529465 -0.668311195570316 -0.634934325283259 -0.601557454716524 -0.568180583904814 -0.534803712828713 -0.501426841480816 -0.468049969955878 -0.434673098387645 -0.401296226963683 -0.367919355877674 -0.334542485293955 -0.301165615369525 -0.267788746239851 -0.234411877954264 -0.20103501049892 -0.167658143693429 -0.134281277328549 -0.100904411246198 -0.0675275453156249 -0.0341506794642504 -0.000773813634037721
-1.03740067428622 -0.994425126201071 -0.951885769160121 -0.91039262100255 -0.870353620475749 -0.832041631237158 -0.795391295676208 -0.760232046288565 -0.726310697262845 -0.693387801978762 -0.661361488887481 -0.630164280208028 -0.599734506848194 -0.570033734470816 -0.540931627383738 -0.511907009719762 -0.482544555707878 -0.453243180136851 -0.424406847781718 -0.395645482802806 -0.366370499206766 -0.335884607668294 -0.30305570553427 -0.266880333284033 -0.227304417254574 -0.184687305010785 -0.140092643171528 -0.0946404998403545 -0.0489723300056321 -0.00360993537692993
-0.976605804512593 -0.943563647137529 -0.910521489750363 -0.877479332362505 -0.84443717499455 -0.811395017678636 -0.778352860483905 -0.745310703509726 -0.712268546939383 -0.679226390945345 -0.646184235572922 -0.613142080835634 -0.580099926730673 -0.547057773189931 -0.51401562015719 -0.480973467689107 -0.447931315894616 -0.414889164978869 -0.381847015141787 -0.348804866466146 -0.315762719005434 -0.282720572808364 -0.249678427904549 -0.216636284286255 -0.183594141815459 -0.150552000306567 -0.117509859513981 -0.0844677191918649 -0.0514255791534143 -0.0183834392265845
-0.92840209513618 -0.90418558073533 -0.880205476359649 -0.856719270539547 -0.833645227923095 -0.810764233732506 -0.787646879368891 -0.763868663523652 -0.739235007870435 -0.713533131897744 -0.686247523371287 -0.656786987126068 -0.624656981760992 -0.589749580930572 -0.552108674506834 -0.511998802176249 -0.469803736961847 -0.426163535418461 -0.381757804857456 -0.337168072084509 -0.292951343778876 -0.249554776317549 -0.206986124868466 -0.165174817503471 -0.124176375119083 -0.0840788789041085 -0.0449745583918124 -0.00685452401938157 0.0306987385047786 0.0682048996544583
-1.0036724728806 -0.96952916968973 -0.935385860549329 -0.901242441584698 -0.867098224079452 -0.832952189742459 -0.798802586825259 -0.764647138544839 -0.730482201437309 -0.696304076715362 -0.6621102109789 -0.627898337174625 -0.593666628912021 -0.559415022451684 -0.525144079581029 -0.490855101543645 -0.45654991794245 -0.422231732361531 -0.387903808768667 -0.353568278685241 -0.319226990521035 -0.284881455249236 -0.250531834096651 -0.216178077882644 -0.181820645543208 -0.147460211996801 -0.113097807975147 -0.0787344423603889 -0.0443706808230914 -0.0100069782309259
-0.945152677731452 -0.918276501329434 -0.891402967025821 -0.864527562508734 -0.837619984702929 -0.810605024223717 -0.783253637211993 -0.755302974760107 -0.726508802240651 -0.696688386875058 -0.665886388999878 -0.634204317230442 -0.601753851167452 -0.568687354353103 -0.535144400753799 -0.501172722091283 -0.466791281464467 -0.431995809725571 -0.396774280034095 -0.361106867025334 -0.324971795703528 -0.288343616728023 -0.251182183378564 -0.213462035639495 -0.175231157693153 -0.136558731725882 -0.0975252877420806 -0.0582174929921357 -0.0187352158923371 0.0208183748495501
-1.05471793070334 -1.02789474962886 -1.00791112350565 -0.963134113647272 -0.895642563690629 -0.820963668905375 -0.774706248768702 -0.778897692648524 -0.781158045268113 -0.72953822484167 -0.648219988191751 -0.580417801793005 -0.5556572783304 -0.548708615330178 -0.528494632742591 -0.495304055372634 -0.458420287215676 -0.431739544173811 -0.422407832595947 -0.405957508711502 -0.350017516220023 -0.243399057185484 -0.159642367129568 -0.165388829683097 -0.214955387455742 -0.245873445639954 -0.240856700780455 -0.201159712130037 -0.157018198421519 -0.145913168257728
-1.04477652669806 -1.00481893314625 -0.964859876028993 -0.92499419238658 -0.885433356091802 -0.84635752875511 -0.807704986105099 -0.769365024053483 -0.731272905126303 -0.69337128693536 -0.655586440821151 -0.617840541556348 -0.580084883486492 -0.542387239248597 -0.504856732780862 -0.467651414934749 -0.430947374377747 -0.394943924128181 -0.359824926000619 -0.325689212643764 -0.29261435941485 -0.260651571183251 -0.2297465708669 -0.199804651370638 -0.170674867498397 -0.14219072857132 -0.114179800080314 -0.0864745454422542 -0.0589329636081204 -0.0314194374124212
-1.00030435099529 -0.965952727388279 -0.931601103676274 -0.897249479737737 -0.86289785542104 -0.828546230585587 -0.794194605164987 -0.75984297913893 -0.725491352597212 -0.691139725645467 -0.656788098342606 -0.622436470735851 -0.588084842868122 -0.553733214765111 -0.519381586430933 -0.485029957800605 -0.450678328810841 -0.416326699474217 -0.381975069817495 -0.347623439848305 -0.313271809569493 -0.278920178991549 -0.244568548155533 -0.210216917107363 -0.175865285881811 -0.141513654502731 -0.107162022961438 -0.0728103912550298 -0.038458759436278 -0.00410712757187248
0.964499440079472 0.929992604064903 0.89544994157731 0.860832099517273 0.826128317960498 0.791341540359786 0.756500930501181 0.721643140186438 0.686808552946906 0.652040246473926 0.617388343369209 0.582904727462059 0.548644047952115 0.514672015520349 0.481051478447005 0.447822773928084 0.415009946708665 0.382594382814388 0.350545985319543 0.318831384212454 0.287416391209955 0.256269852508747 0.225372752225007 0.194710379897926 0.164273108839297 0.134048674474011 0.10400917690674 0.0741183647359069 0.0443222158551342 0.0145622654818468
-0.981689111758475 -0.949173633806488 -0.916658155391933 -0.884142676095244 -0.851627195619274 -0.819111713690813 -0.786596230009958 -0.754080744231582 -0.721565255856348 -0.689049764401702 -0.65653426960642 -0.624018771264611 -0.591503269253794 -0.558987763785108 -0.526472255204865 -0.493956744066429 -0.461441230941932 -0.428925716271517 -0.396410200448501 -0.363894683810868 -0.331379166682773 -0.298863649360989 -0.266348132032777 -0.23383261487883 -0.201317098163089 -0.16880158211855 -0.136286066771172 -0.103770552070483 -0.071255037867296 -0.0387395239877483
0.93021146821857 0.911264905699629 0.892208852453774 0.872791458262572 0.852629530624423 0.831268767330242 0.80810176962417 0.782549475394539 0.754299265653226 0.72313954994125 0.688996408792659 0.651830340489757 0.611761538462279 0.569548976729667 0.526105931405205 0.482324106387805 0.438954318652652 0.39620540969439 0.354322921369374 0.314241172461348 0.277066675985904 0.243560879608814 0.213104969596565 0.184649267479483 0.156800897242515 0.128283727302343 0.0986318013479776 0.0677297944781354 0.0360547321580256 0.00423172744448177
-1.05210360075202 -0.985591276849813 -0.920192556466072 -0.857732671223879 -0.808367155057591 -0.780540484776844 -0.767522606381116 -0.758684564350611 -0.742976327898602 -0.712309990514004 -0.670867218055221 -0.625897069473034 -0.583373274413663 -0.54416824530511 -0.507435223839051 -0.470552085980109 -0.431332705690624 -0.391110314650873 -0.351204219508875 -0.309358669065671 -0.262424147660558 -0.208792023216913 -0.153017197994429 -0.101491090054025 -0.0617876463252088 -0.0399118688754532 -0.0344104514555022 -0.0418761641784537 -0.0585443909235514 -0.0805611690115754
1.01739697520707 0.981675543746788 0.945954112207346 0.910232680520698 0.874511248690923 0.838789816729877 0.80306838460839 0.767346952276622 0.731625519643096 0.695904086621853 0.660182653190656 0.6244612193432 0.588739785080993 0.553018350436812 0.517296915447889 0.481575480138029 0.445854044547825 0.410132608798432 0.37441117301588 0.33868973726512 0.302968301595831 0.267246866055491 0.231525430682773 0.19580399551837 0.160082560619868 0.124361126026145 0.0886396916843854 0.0529182575208655 0.0171968234699399 -0.0185246105320179
-1.0238729504632 -0.989301358828503 -0.954729767249604 -0.920158175818609 -0.885586584561349 -0.851014993472173 -0.816443402485799 -0.781871811535165 -0.747300220605742 -0.712728629702364 -0.678157038854795 -0.643585448099031 -0.609013857473783 -0.574442267028634 -0.539870676814401 -0.505299086875969 -0.470727497248503 -0.436155907934191 -0.401584318913775 -0.367012730115182 -0.332441141453134 -0.297869552828912 -0.263297964090042 -0.228726375095821 -0.194154785806403 -0.159583196223831 -0.125011606416861 -0.0904400164619582 -0.0558684263997261 -0.0212968362618005
0.999486101341727 0.965294309342828 0.931102517419207 0.89691072564093 0.862718934015853 0.828527142526866 0.794335351119224 0.760143559737905 0.725951768364441 0.691759977006134 0.657568185736823 0.623376394646982 0.589184603843753 0.554992813500946 0.520801023800704 0.486609234891839 0.452417446885323 0.418225659774087 0.384033873543326 0.349842088265319 0.31565030403412 0.281458520908619 0.24726673880706 0.21307495758448 0.178883176983732 0.144691396751603 0.110499616762808 0.0763078369310261 0.0421160571978685 0.00792427751193116
-0.970119966241985 -0.936442125099105 -0.90276428395743 -0.869086442777721 -0.835408601421406 -0.801730759740975 -0.768052917652496 -0.734375075101286 -0.700697232086091 -0.667019388646345 -0.633341544930811 -0.599663701115589 -0.565985857372343 -0.532308013855 -0.498630170694793 -0.4649523279499 -0.431274485682982 -0.397596644047671 -0.363918803189778 -0.330240963132846 -0.296563123869857 -0.262885285407591 -0.229207447808038 -0.195529611113677 -0.161851775233741 -0.128173940023371 -0.0944961052545834 -0.0608182707074017 -0.0271404362769891 0.0065373981127059
-1.02155965373954 -0.985457994337824 -0.949356335063414 -0.913254676033499 -0.877153017281751 -0.841051358809682 -0.80494970057369 -0.768848042550079 -0.732746384839883 -0.696644727576308 -0.660543070896513 -0.624441414938641 -0.588339759818601 -0.552238105563354 -0.51613645216422 -0.480034799558893 -0.443933147665321 -0.407831496376076 -0.371729845597237 -0.335628195314274 -0.299526545532504 -0.263424896252677 -0.227323247457271 -0.191221599125689 -0.155119951243306 -0.119018303775434 -0.0829166566011464 -0.0468150095893877 -0.0107133626548037 0.0253882842765338
-1.01456317057109 -0.979544450367711 -0.944525730000106 -0.909507009283854 -0.874488288031907 -0.839469566071751 -0.804450843291622 -0.769432119565655 -0.734413394650817 -0.699394668326071 -0.66437594057552 -0.629357211434552 -0.594338480967969 -0.559319749358228 -0.524301016799386 -0.489282283414254 -0.454263549307929 -0.4192448145859 -0.384226079356373 -0.349207343738028 -0.31418860785216 -0.27916987181003 -0.244151135682757 -0.209132399521752 -0.174113663339735 -0.139094927116799 -0.104076190741243 -0.0690574541148995 -0.0340387172855457 0.000980019662554385
-0.970798090796111 -0.936069429386587 -0.901340767949677 -0.866612106379666 -0.831883444499827 -0.797154782129486 -0.762426119143171 -0.727697455416263 -0.692968790772321 -0.658240125052792 -0.623511458222491 -0.58878279027707 -0.55405412126888 -0.519325451477048 -0.484596781211867 -0.449868110681525 -0.415139440073538 -0.380410769594845 -0.345682099447818 -0.310953429797116 -0.276224760797974 -0.241496092568148 -0.206767425075482 -0.172038758267176 -0.137310092157773 -0.102581426756448 -0.0678527619835639 -0.0331240977221061 0.00160456620565772 0.0363332299926384
-0.970494039251016 -0.937177243087974 -0.903860446999787 -0.870543651074236 -0.837226855389121 -0.803910060019927 -0.770593265042857 -0.737276470543925 -0.703959676647659 -0.670642883471318 -0.637326091064557 -0.604009299460131 -0.570692508676153 -0.537375718672169 -0.504058929381781 -0.470742140693391 -0.437425352485245 -0.404108564640178 -0.370791777040276 -0.337474989560046 -0.304158202072097 -0.270841414466396 -0.237524626702339 -0.204207838785706 -0.170891050838385 -0.137574262988995 -0.104257475276962 -0.0709406877100665 -0.0376239002586812 -0.00430711288382921
-0.981730299207806 -0.949239226927969 -0.916748154656346 -0.884257082392282 -0.851766010070741 -0.819274937608394 -0.786783864913122 -0.754292791911857 -0.721801718616518 -0.689310645056139 -0.65681957124323 -0.624328497186173 -0.59183742289477 -0.559346348384505 -0.52685527368714 -0.494364198893863 -0.461873124099387 -0.429382049353123 -0.3968909746833 -0.364399900078746 -0.331908825518433 -0.299417750984427 -0.26692667647115 -0.23443560196157 -0.201944527380469 -0.169453452643216 -0.136962377685714 -0.104471302475031 -0.0719802270823597 -0.0394891516049205
0.989988270305116 0.956329927865895 0.922671585581226 0.889013243645114 0.855354902213753 0.821696561425992 0.788038221389105 0.754379882208243 0.72072154401163 0.687063206924803 0.653404871039463 0.619746536438855 0.58608820317494 0.552429871174553 0.518771540314 0.485113210392575 0.451454881217353 0.417796552703506 0.384138224761279 0.3504798971731 0.316821569689442 0.283163242066249 0.249504914081337 0.215846585537333 0.182188256314222 0.148529926361124 0.114871595826334 0.081213264896815 0.0475549337150083 0.0138966024122268
-1.0049008830333 -0.969811736456855 -0.934722589778689 -0.899633442916584 -0.864544295859977 -0.829455148608971 -0.794366001134684 -0.759276853428381 -0.724187705590903 -0.689098557746551 -0.654009410003888 -0.618920262467544 -0.583831115241324 -0.548741968425757 -0.513652822095359 -0.478563676223885 -0.44347453075633 -0.408385385623392 -0.373296240756015 -0.338207096100419 -0.303117951606639 -0.268028807222931 -0.232939662890429 -0.197850518534372 -0.162761374023542 -0.127672229239364 -0.0925830841702804 -0.0574939388457317 -0.0224047933521166 0.0126843522099261
-0.989789716508879 -0.955673800335014 -0.921557884154547 -0.887441968048853 -0.853326052252822 -0.819210137014709 -0.785094222482725 -0.750978308761972 -0.716862395885154 -0.682746483871365 -0.648630572757668 -0.614514662585618 -0.580398753383949 -0.546282845130109 -0.512166937769489 -0.478051031170523 -0.443935125182068 -0.409819219651629 -0.375703314448389 -0.341587409529614 -0.307471504874588 -0.273355600473049 -0.239239696356542 -0.205123792535698 -0.171007888895688 -0.13689198532687 -0.102776081865824 -0.068660178564845 -0.0345442753928542 -0.000428372297931891
-1.09084949183438 -1.03934304481928 -0.988019108798125 -0.937118152105958 -0.886823286757399 -0.837308037315698 -0.788764934859059 -0.741467873788053 -0.695997195277792 -0.652878575881431 -0.612112586889748 -0.573568523277925 -0.537083164065763 -0.502363224451533 -0.469131355977207 -0.437304019381087 -0.406802654139099 -0.377374805481325 -0.348728942859734 -0.320591126859669 -0.292691815849818 -0.264814712266893 -0.236956494819692 -0.209172007354662 -0.181535777996755 -0.154128258040473 -0.127033907180023 -0.100299050243809 -0.0738134641973278 -0.0474277890403497
-1.00090404451778 -0.967897385882997 -0.93492117688632 -0.902007211080711 -0.869176321336961 -0.836442895283659 -0.803806500262757 -0.771259971111473 -0.738784032934739 -0.706351217259242 -0.67391339103099 -0.64141725505082 -0.60880943957307 -0.576036292666072 -0.54304547481579 -0.50979017836471 -0.476236028570352 -0.442392850493848 -0.408282644851427 -0.373931915176093 -0.339368290705042 -0.304614524138612 -0.269673862029713 -0.234549526293032 -0.19926414643779 -0.163849932522067 -0.128358009204867 -0.0928365138155828 -0.0573027197642504 -0.0217661844810685
-1.02722716011904 -0.993130695398644 -0.959034230610995 -0.924937765704525 -0.89084130072326 -0.856744835734608 -0.822648370803898 -0.788551905993249 -0.754455441354002 -0.720358976928537 -0.68626251273417 -0.652166048781952 -0.618069585056205 -0.583973121434347 -0.549876657779946 -0.515780194008081 -0.481683730025036 -0.447587265650394 -0.413490800715795 -0.379394335187785 -0.34529786906664 -0.311201402341086 -0.277104934953667 -0.243008466844388 -0.208911997989296 -0.174815528421247 -0.140719058364287 -0.106622588060854 -0.0725261176357518 -0.0384296471843763
0.913692730730168 0.909321940157901 0.905612723743075 0.900740486505206 0.890947542554973 0.872508093331462 0.843756980496219 0.804078740949548 0.754996052324315 0.699095711934589 0.641082855086712 0.586192201585092 0.538639845186667 0.498567375458494 0.465179186066109 0.438005391258853 0.416333122510394 0.398151859607901 0.380569978645966 0.358469092635383 0.326174123815994 0.280418950925688 0.227573278694522 0.175421830755759 0.127773580363287 0.0874380047380262 0.0572023473483961 0.0386908949912204 0.0288983415294451 0.0236619825925474
-0.986906434289126 -0.955177440778343 -0.923428452036118 -0.891631624460774 -0.859739724353525 -0.827703300446261 -0.795483421290665 -0.763051255682505 -0.730407853574087 -0.69756392342239 -0.664538926546539 -0.631354512481193 -0.598028364888017 -0.564562303936683 -0.530958218140652 -0.497234132880512 -0.463406963893672 -0.429473051477676 -0.395425141781655 -0.361262179800938 -0.3269846602424 -0.292596881163769 -0.258118354026178 -0.2235695249519 -0.18895936530437 -0.154294831601221 -0.119586295735728 -0.0848453465809685 -0.0500850255536085 -0.0153187372062093
-0.938738877359732 -0.909249202124575 -0.879702505144745 -0.850058125875645 -0.82037004236104 -0.790712176729477 -0.761143588860258 -0.731701054939831 -0.702347078632484 -0.673014447275265 -0.643591355418434 -0.613954849415551 -0.583983956563972 -0.553565627936234 -0.522596817528741 -0.491006567258164 -0.45875249474903 -0.425874432537016 -0.392426427245518 -0.35843716693767 -0.323929000036536 -0.288928457313544 -0.253478798933561 -0.217637846095919 -0.181504934744371 -0.145177616059892 -0.108704787427926 -0.0721241590366799 -0.0354773460809519 0.00119305999281378
-1.00296780971136 -0.96878539263607 -0.934602975502483 -0.900420558266363 -0.86623814099127 -0.832055723773504 -0.797873306732527 -0.763690889989916 -0.72950847365255 -0.695326057819752 -0.661143642575315 -0.62696122799915 -0.592778814150595 -0.558596401006714 -0.524413988534834 -0.490231576745633 -0.456049165626557 -0.421866755028769 -0.387684344777472 -0.353501934730305 -0.319319524753012 -0.285137114734996 -0.25095470466028 -0.216772294545438 -0.182589884442624 -0.148407474398715 -0.114225064403906 -0.0800426544342781 -0.0458602444661456 -0.0116778344758799
0.987320873446382 0.954625149875007 0.921932515723827 0.889249142548762 0.856579726140361 0.823931418904582 0.791322675474389 0.758773430503375 0.726298236500648 0.693909473722305 0.661616215556871 0.629426708675985 0.597348462663576 0.565386038752761 0.533545166872497 0.501839200085927 0.470280484568374 0.438869715809691 0.40760179892619 0.376460128225486 0.345425220313017 0.314479162949104 0.28361032851359 0.252807055569966 0.222051262796785 0.191323916404514 0.160608592616209 0.129892349510905 0.099173562578961 0.0684534366635658
-1.07988357367282 -1.04033593121234 -1.00125686167571 -0.962376278292321 -0.922418298057153 -0.880114500524694 -0.835232111721796 -0.787861108789444 -0.738346826852797 -0.687248957055887 -0.635729256634069 -0.585099999345531 -0.536636339528598 -0.491464953842146 -0.450494243189144 -0.413907983128407 -0.381477723828569 -0.352050739241711 -0.324347203044536 -0.297503164028807 -0.270758639765051 -0.243430058226308 -0.215139488995671 -0.185545128170209 -0.154144036292836 -0.120603278367529 -0.0854310727966719 -0.0492746911963939 -0.0124964646393951 0.0246125109374814
-1.03385537041616 -0.995886498635298 -0.957917626828755 -0.919948754964909 -0.881979882983404 -0.844011010831422 -0.806042138515052 -0.768073266061159 -0.73010439352083 -0.692135520927038 -0.654166648216079 -0.616197775300082 -0.578228902106812 -0.540260028626574 -0.502291154863696 -0.464322280816051 -0.426353406491647 -0.38838453194548 -0.350415657229261 -0.312446782334562 -0.274477907237922 -0.236509031913063 -0.198540156322442 -0.160571280416295 -0.12260240410725 -0.0846335273164777 -0.0466646500369397 -0.00869577230838892 0.0292731057140482 0.0672419838464016
-0.985789365490591 -0.951834214297361 -0.917873592561933 -0.883902218376031 -0.849912514848553 -0.815898521389781 -0.78186303759835 -0.747812037964863 -0.713755436359423 -0.679705219020033 -0.645677722276782 -0.611690369982783 -0.577759150274049 -0.543894308418206 -0.510104151205897 -0.476394974388233 -0.442771574072853 -0.409234758833043 -0.375784306751509 -0.342419861482996 -0.309141033075255 -0.275944101120541 -0.242812023389101 -0.209725498750922 -0.176669512296942 -0.143631247745025 -0.110602397099777 -0.0775766692133164 -0.0445513320410552 -0.0115245433142292
-0.975320208266506 -0.941350301386152 -0.9073803943556 -0.873410487029971 -0.839440579217235 -0.805470670742407 -0.771500761545825 -0.737530851599828 -0.703560940889436 -0.669591029397652 -0.635621117086729 -0.601651203913734 -0.567681289803855 -0.533711374554769 -0.499741457985808 -0.465771540130451 -0.431801621099725 -0.397831701100699 -0.363861780340494 -0.329891858930406 -0.295921936957769 -0.261952014524211 -0.227982091788515 -0.194012168914136 -0.160042246026059 -0.126072323210951 -0.0921024004406956 -0.0581324776695959 -0.0241625548964114 0.00980736786898347
-0.950396283184589 -0.919569003090429 -0.888741722951788 -0.857914442726112 -0.82708716229516 -0.796259881529788 -0.765432600332918 -0.734605318632254 -0.703778036422559 -0.672950753722762 -0.642123470581373 -0.611296187054301 -0.58046890316839 -0.549641618834221 -0.518814333972087 -0.487987048657381 -0.457159762984652 -0.42633247696997 -0.395505190588912 -0.364677903733578 -0.333850616275195 -0.303023328078345 -0.272196038981011 -0.24136874884425 -0.21054145764799 -0.17971416544499 -0.148886872460444 -0.118059578949906 -0.0872322851179374 -0.056404991156348
-0.989786293030799 -0.956988491430175 -0.924190689888185 -0.891392888460954 -0.858595087193438 -0.825797286124553 -0.792999485280207 -0.760201684673049 -0.727403884275716 -0.694606084029657 -0.661808283791606 -0.629010483397117 -0.59621268268322 -0.563414881492844 -0.530617079677076 -0.497819277113725 -0.465021473718228 -0.4322236695298 -0.399425864611769 -0.366628059000131 -0.333830252724053 -0.301032445817219 -0.268234638331397 -0.235436830338667 -0.20263902197428 -0.169841213366124 -0.137043404549475 -0.104245595546577 -0.0714477864201405 -0.0386499772429968
-0.930202549079694 -0.900222230882402 -0.870241912715687 -0.840261594624432 -0.81028127670733 -0.78030095907923 -0.750320641865817 -0.720340325164108 -0.69036000894564 -0.660379693162433 -0.630399377813925 -0.600419062911408 -0.570438748439659 -0.540458434277385 -0.510478120304062 -0.48049780650828 -0.450517492882153 -0.420537179322767 -0.390556865729002 -0.360576552101962 -0.330596238468302 -0.30061592486839 -0.270635611397427 -0.24065529814599 -0.210674985131324 -0.180694672328968 -0.150714359620977 -0.120734046887127 -0.0907537340915564 -0.0607734212194955
1.03371688300003 0.997159419012414 0.960601955089405 0.924044491278326 0.887487027470911 0.850929563538465 0.81437209942618 0.777814635124014 0.741257170727128 0.704699706354783 0.668142242117439 0.631584778123359 0.595027314477801 0.558469851274022 0.52191238859803 0.485354926518832 0.448797465099778 0.412240004398573 0.375682544467704 0.339125085344424 0.302567627062177 0.26601016964926 0.229452713113382 0.192895257455409 0.156337802669439 0.119780348711734 0.0832228953939912 0.0466654425051651 0.0101079898877949 -0.0264494626021834
-1.04277241198944 -1.0133091215982 -0.978498946186478 -0.936350382379762 -0.889562116807753 -0.841322375793562 -0.792087354429685 -0.742481881070139 -0.696537348345603 -0.658150102425069 -0.627269739354102 -0.602859167647409 -0.583119587061935 -0.563205362323581 -0.536986679206722 -0.496243842710678 -0.435774384699584 -0.364534625271894 -0.294678591673013 -0.236992351501836 -0.201919982445631 -0.194389686325262 -0.197266161495979 -0.191142606088964 -0.169589720804751 -0.134294906718953 -0.106434863838155 -0.105729847183846 -0.126585032906161 -0.157076827437393
-1.00671620546711 -0.971634398996263 -0.936552592525609 -0.901470786034318 -0.866388979456292 -0.831307172736647 -0.796225365910625 -0.761143559035178 -0.726061752163978 -0.690979945321158 -0.655898138415994 -0.620816331329045 -0.585734523952877 -0.550652716228071 -0.515570908080503 -0.480489099329202 -0.445407289778533 -0.410325479281045 -0.375243667709571 -0.340161854969895 -0.305080040976041 -0.269998225693411 -0.23491640929293 -0.199834591994526 -0.164752774008618 -0.129670955537267 -0.0945891367586282 -0.0595073178262489 -0.0244254988191656 0.0106563202022134
-1.00529933790442 -0.970609901192322 -0.93592046451525 -0.901231027922968 -0.866541591393103 -0.831852154903142 -0.797162718502125 -0.762473282254311 -0.727783846213268 -0.693094410438047 -0.658404975020324 -0.623715540059932 -0.58902610562938 -0.554336671691889 -0.519647238168751 -0.484957804922839 -0.45026837182297 -0.415578938820137 -0.380889505899377 -0.346200073099735 -0.311510640473754 -0.276821208061762 -0.242131775855231 -0.207442343825326 -0.172752911910857 -0.1380634800326 -0.103374048071555 -0.0686846159330095 -0.033995183659167 0.000694248673537718
-1.01241136913611 -1.00680937653242 -0.985976726925891 -0.940513194164939 -0.877509616700187 -0.808233159897758 -0.744165232183582 -0.694755630499987 -0.661113462795114 -0.641234941649622 -0.62900538716846 -0.617282396337645 -0.599469304010047 -0.571152396505932 -0.531187912624394 -0.489328949612432 -0.455098512751257 -0.426202381011027 -0.397841371797478 -0.367013682569729 -0.331166855800242 -0.288565891864388 -0.240745622749161 -0.190011054453663 -0.138478057413791 -0.087461097367974 -0.0352581568279548 0.0198810707622214 0.0768835650026287 0.133970473754371
-1.00493600746807 -0.971591407549038 -0.938246807695773 -0.904902207965043 -0.871557608372905 -0.838213008937339 -0.804868409724739 -0.771523810804397 -0.738179212208758 -0.704834613960571 -0.671490016080614 -0.638145418589176 -0.604800821508913 -0.571456224871962 -0.538111628700041 -0.504767032963707 -0.471422437628051 -0.438077842687456 -0.404733248133587 -0.371388653917957 -0.338044059982041 -0.304699466264906 -0.271354872695981 -0.23801027922297 -0.204665685876287 -0.171321092678079 -0.137976499534697 -0.104631906346582 -0.0712873131063212 -0.0379427198295415
-0.977228877508387 -0.944800097727375 -0.912371317941042 -0.879942538108312 -0.847513758072899 -0.815084977658981 -0.782656196727795 -0.750227415151759 -0.717798632810958 -0.685369849594024 -0.652941065416133 -0.620512280199091 -0.588083493891109 -0.555654706546017 -0.523225918258904 -0.490797129184279 -0.458368339476696 -0.425939549231443 -0.393510758515586 -0.361081967342558 -0.328653175712382 -0.296224383628128 -0.263795591105047 -0.231366798171432 -0.198938004895553 -0.166509211357266 -0.134080417642802 -0.101651623829739 -0.0692228299546669 -0.0367940360439307
-0.974819153416766 -0.941395707741557 -0.907972261974502 -0.874548816037659 -0.841125369920512 -0.807701923633631 -0.774278477204518 -0.740855030663664 -0.707431584036584 -0.674008137380571 -0.640584690884997 -0.607161244772254 -0.573737799265473 -0.540314354590753 -0.506890910943354 -0.473467468392224 -0.440044026984329 -0.406620586805031 -0.373197147913375 -0.339773710224732 -0.306350273618557 -0.272926837955849 -0.239503403023788 -0.206079968601856 -0.172656534512575 -0.139233100609923 -0.105809666830658 -0.0723862331329671 -0.0389627994779693 -0.00553936582751472
-0.995003969846768 -0.959390378596401 -0.923776787276149 -0.88816319581145 -0.852549604144072 -0.816936012223593 -0.781322420014513 -0.745708827479344 -0.710095234557734 -0.674481641180526 -0.638868047266211 -0.603254452730192 -0.567640857508506 -0.532027261619718 -0.49641366510214 -0.460800067990529 -0.425186470305703 -0.389572872016276 -0.35395927308048 -0.318345673467231 -0.282732073148114 -0.247118472094953 -0.211504870280519 -0.175891267679824 -0.140277664275872 -0.104664060072688 -0.0690504551503661 -0.03343684962723 0.00217675630154295 0.0377903624215626
1.04839305063032 1.00445314234827 0.960504820143458 0.916662994183085 0.873137474063154 0.830157706604052 0.787936788094913 0.746659810691707 0.706416200549008 0.667260508393303 0.62920344924012 0.592244779177251 0.556360349935119 0.521430395814678 0.487325316468265 0.45397179038322 0.421302170893943 0.389215231888081 0.357630165043507 0.326581412645752 0.296132229632262 0.26633985043188 0.237237427439022 0.208834415784422 0.181069563578501 0.153861680196018 0.127120527089409 0.100747042905266 0.0746159229891523 0.0485953018613709
-0.966675824086055 -0.935868406146579 -0.904995198452573 -0.874202632676585 -0.843829471684966 -0.814105457448533 -0.784631917162156 -0.754871643921977 -0.724361709205176 -0.692750917861136 -0.660060729847047 -0.626405768897049 -0.59189698408403 -0.556630625835887 -0.520779220383706 -0.48483509581634 -0.449307589321294 -0.414454272622915 -0.380497225370718 -0.347768324378038 -0.316626895749162 -0.287385806813227 -0.260172089798755 -0.235016761122043 -0.211752609051101 -0.190089644978488 -0.169445000943254 -0.1492409122382 -0.129212906524658 -0.109174834556085
-1.0554349274232 -1.01777060712063 -0.980106286858943 -0.942441966671482 -0.904777646564568 -0.867113326542509 -0.829449006628586 -0.79178468684086 -0.754120367157539 -0.71645604755883 -0.678791728072789 -0.641127408739433 -0.603463089583219 -0.565798770566366 -0.528134451621655 -0.490470132626351 -0.45280581346979 -0.415141494145111 -0.377477174654823 -0.339812854935123 -0.30214853490563 -0.264484214483679 -0.226819893577483 -0.189155572103799 -0.151491250022711 -0.11382692731401 -0.0761626039930103 -0.0384982801140489 -0.000833955852020416 0.0368303685880402
-0.978402569964058 -0.945671256201891 -0.912939942404387 -0.880208628431101 -0.84747731406728 -0.814745999109833 -0.782014683476611 -0.749283367098894 -0.716552049840701 -0.683820731572936 -0.651089412261274 -0.618358091895084 -0.585626770503023 -0.552895448270893 -0.520164125425535 -0.487432802200799 -0.454701478829179 -0.421970155530724 -0.389238832498675 -0.356507509831485 -0.323776187603906 -0.2910448658654 -0.25831354456426 -0.225582223625318 -0.192850902980748 -0.160119582565462 -0.127388262318 -0.0946569421810445 -0.0619256221102241 -0.0291943020644033
-0.977558854190789 -0.94665797591973 -0.915757097583717 -0.884856219096107 -0.853955340329136 -0.823054461179367 -0.792153581681789 -0.761252701923146 -0.730351822058781 -0.699450942248673 -0.66855006260274 -0.637649183218388 -0.606748304166906 -0.575847425415113 -0.544946546902469 -0.514045668563454 -0.483144790340752 -0.45224391221483 -0.421343034186809 -0.390442156302643 -0.359541278619495 -0.32864040119144 -0.297739524060205 -0.266838647243273 -0.235937770673499 -0.205036894281414 -0.174136018072861 -0.143235142060798 -0.112334266211316 -0.0814333904787892
-0.995691797439126 -0.96094005375091 -0.926188309927543 -0.891436565835474 -0.856684821377714 -0.821933076467503 -0.787181331022474 -0.752429584968475 -0.717677838259846 -0.682926090852004 -0.648174342676188 -0.61342259365759 -0.578670843746493 -0.54391909299354 -0.509167341470192 -0.474415589230814 -0.439663836291542 -0.404912082532671 -0.370160327800208 -0.335408571938848 -0.300656814792955 -0.265905056247934 -0.231153296353329 -0.196401535218831 -0.161649773030566 -0.126898009973949 -0.0921462461551155 -0.0573944816849622 -0.0226427167727077 0.0121090483478486
-0.947155219921282 -0.919257554865612 -0.891349448031196 -0.863400631606173 -0.835361324022708 -0.807186882529626 -0.778872733398371 -0.750405513354983 -0.721696631921284 -0.692645446590355 -0.663178333944548 -0.633228425338536 -0.602744589571372 -0.571738645219647 -0.540235642048229 -0.508250604797553 -0.475799743120004 -0.44291403134021 -0.409625278885681 -0.37595387092323 -0.341917336554497 -0.307524380817246 -0.272748412493743 -0.237568143180254 -0.202018791984536 -0.166158038342698 -0.130076895492768 -0.0938658757536643 -0.0575801539659484 -0.0212660706005935
-0.958737410267113 -0.924388562923794 -0.89003971552725 -0.855690868042556 -0.821342020459136 -0.786993172779555 -0.752644325034608 -0.718295477241462 -0.683946629334554 -0.649597781239921 -0.615248932932739 -0.580900084400465 -0.546551235643456 -0.512202386713645 -0.477853537680447 -0.443504688631621 -0.409155839638791 -0.374806990690716 -0.34045814176441 -0.306109292872805 -0.271760444037806 -0.237411595286417 -0.203062746666019 -0.168713898231577 -0.13436505004799 -0.10001620217145 -0.0656673546133637 -0.0313185073584851 0.00303033967027361 0.0373791865654601
-0.988646007396879 -0.954361782366215 -0.920077557355893 -0.885793332430431 -0.85150910775722 -0.817224883502011 -0.782940659721129 -0.748656436446982 -0.714372213725749 -0.680087991621594 -0.645803770256833 -0.611519549768328 -0.577235330304652 -0.54295111206125 -0.508666895233579 -0.474382679970287 -0.440098466352954 -0.405814254241706 -0.371530043444205 -0.33724583377972 -0.30296162507042 -0.268677417135554 -0.234393209782692 -0.200109002824889 -0.165824796108835 -0.131540589509211 -0.0972563829790207 -0.0629721764977998 -0.0286879700728775 0.00559623628146863
0.940749214830184 0.929236703409333 0.913369213223527 0.893499799303543 0.872262763015985 0.851157704040509 0.824864168973137 0.788259781045763 0.743834523117386 0.695968357341301 0.648988803420883 0.607210270447028 0.573590771461296 0.545662735307916 0.520169576847585 0.49612423920421 0.47214739070385 0.443021072217952 0.403732796411784 0.353930590580489 0.294427610676683 0.227757951872881 0.163339466221191 0.110435122948622 0.0708046031021796 0.0438582427158321 0.0271122859513953 0.0175133417119147 0.0116235697375054 0.00590901747754947
-1.04341399706686 -1.0059732359457 -0.968532474858275 -0.931091713843886 -0.893650952983223 -0.856210192384818 -0.81876943222716 -0.781328672689872 -0.743887913887171 -0.706447155899417 -0.669006398736964 -0.631565642392668 -0.594124886851735 -0.556684132068784 -0.519243377999446 -0.481802624633997 -0.444361871969119 -0.406921119992475 -0.369480368703211 -0.33203961815543 -0.294598868416975 -0.257158119543084 -0.219717371538577 -0.182276624385958 -0.144835878028903 -0.107395132385681 -0.0699543873117525 -0.0325136426446323 0.00492710178716199 0.0423678461573615
-1.00236158096058 -0.967114182803465 -0.931866784593627 -0.896619386333934 -0.86137198820785 -0.826124590427173 -0.790877193136442 -0.755629796479711 -0.720382400666348 -0.685135005886015 -0.649887612184228 -0.614640219570468 -0.579392828013345 -0.544145437317988 -0.508898047287822 -0.473650657882935 -0.438403269100119 -0.403155880926318 -0.367908493349587 -0.332661106372268 -0.297413720000278 -0.262166334251722 -0.226918949193466 -0.191671564883928 -0.156424181298979 -0.121176798364771 -0.0859294158911395 -0.0506820336757693 -0.015434651584064 0.0198127305016429
-0.997313157965152 -0.963870032837677 -0.930426907844564 -0.896983783099126 -0.863540658606532 -0.830097534324213 -0.796654410126795 -0.763211285898359 -0.729768161643596 -0.696325037394525 -0.662881913171858 -0.629438788993477 -0.595995664864469 -0.562552540738726 -0.529109416570559 -0.495666292367134 -0.462223168131874 -0.428780043800374 -0.395336919311378 -0.361893794684029 -0.328450669957574 -0.295007545173904 -0.261564420385488 -0.228121295644271 -0.194678170989542 -0.161235046442129 -0.127791921961689 -0.0943487974987635 -0.060905673028597 -0.0274625485326118
1.06218301305577 1.02588249706741 0.989581981232174 0.953281465749 0.916980950847586 0.880680436730835 0.844379923463719 0.808079411059911 0.771778899465826 0.73547838863005 0.699177878577123 0.662877369350573 0.62657686097392 0.590276353390642 0.553975846559612 0.517675340581309 0.481374835587347 0.445074331692272 0.408773828994543 0.372473327545338 0.336172827384009 0.299872328542208 0.263571831020774 0.227271334783293 0.190970839675169 0.154670345507555 0.118369852072794 0.0820693591598828 0.0457688665632499 0.0094683740786816
-0.99732589079327 -0.962556276893971 -0.927786662909727 -0.893017048749658 -0.858247434369791 -0.823477819715582 -0.788708204643304 -0.753938588979956 -0.719168972524622 -0.68439935510592 -0.649629736698535 -0.61486011731367 -0.580090496972399 -0.545320875735293 -0.510551253684006 -0.475781630945019 -0.441012007661791 -0.406242384000851 -0.37147276011868 -0.336703136108503 -0.301933512047734 -0.267163887995078 -0.232394263934407 -0.197624639835922 -0.162855015689966 -0.128085391507125 -0.0933157673588054 -0.0585461433132368 -0.0237765193651021 0.0109931045093017
-1.02963675818358 -0.995872339048064 -0.96203462243776 -0.928117693785231 -0.894299327274387 -0.860765221871075 -0.827549086917554 -0.794634917507533 -0.761959841364132 -0.729434170642334 -0.696907822595188 -0.664215615750261 -0.631178623172579 -0.597562936077026 -0.563154782358879 -0.527875918485139 -0.491709496692447 -0.454748723724265 -0.41708580352386 -0.378698874326893 -0.339537557942124 -0.299556345200136 -0.258729203018815 -0.217041496973884 -0.174504711185114 -0.13115139109932 -0.087072208927421 -0.0423880175016684 0.00271773462448363 0.0480459499672798
-1.03765346315696 -1.00323910271364 -0.968824742255425 -0.934410381777663 -0.899996021219756 -0.865581660531813 -0.831167299762721 -0.79675293897801 -0.76233857821101 -0.727924217484993 -0.693509856815209 -0.659095496214899 -0.624681135696979 -0.590266775273055 -0.555852414978612 -0.521438054945959 -0.487023695359918 -0.452609336518545 -0.418194978711638 -0.383780622082728 -0.349366266738784 -0.314951912717315 -0.280537559778003 -0.246123207642839 -0.211708856160863 -0.177294505202959 -0.142880154600323 -0.108465804189128 -0.0740514538651249 -0.0396371035389642
-1.02029609702102 -0.98587754737406 -0.951458997799803 -0.917040448370988 -0.882621899222694 -0.848203350503754 -0.813784802355698 -0.779366254896173 -0.744947708154595 -0.710529162107008 -0.676110616604183 -0.641692071465576 -0.607273526541662 -0.57285498180699 -0.538436437257138 -0.504017892847722 -0.469599348486362 -0.43518080392865 -0.400762258945127 -0.366343713518148 -0.331925167683022 -0.297506621459572 -0.263088074805677 -0.228669527671021 -0.194250980034453 -0.159832431890735 -0.125413883269098 -0.0909953342232346 -0.0565767848702013 -0.0221582353428947
1.01666240336652 0.981018504100235 0.945374604838506 0.90973070563715 0.874086806618576 0.838442907912532 0.80279900961157 0.76715511178905 0.731511214478772 0.695867317702303 0.66022342147182 0.624579525797155 0.588935630671461 0.553291736021176 0.517647841755103 0.482003947778238 0.446360053980182 0.41071616019277 0.375072266266191 0.33942837218179 0.303784477953705 0.268140583605663 0.232496689199741 0.19685279479548 0.161208900403922 0.125565006033092 0.0899211117274246 0.0542772175237923 0.0186333233923836 -0.0170105707132829
-0.964299550157838 -0.93303619947034 -0.901739268157966 -0.870372238297597 -0.838907928517224 -0.807321664596877 -0.775589464373635 -0.743681002260543 -0.711539886917443 -0.679113386943169 -0.646389476445719 -0.613366305910383 -0.58004640769976 -0.546449841685698 -0.512597245687732 -0.478494041806912 -0.444143454833676 -0.40955513603449 -0.374737419886909 -0.339686947236815 -0.304397435522167 -0.268864829873382 -0.233093986190689 -0.197101247064294 -0.160939991074491 -0.124669681657381 -0.0883370856821822 -0.0519800016424109 -0.0156130510956307 0.0207549386345821
-0.952232251478735 -0.928417448340433 -0.904512599739489 -0.880368675900374 -0.856154422603084 -0.832002219166365 -0.807581203508432 -0.782451525337427 -0.756200622921726 -0.728461854468853 -0.699024969382698 -0.667718814866239 -0.634375782729771 -0.598842443212834 -0.5610518060099 -0.521268460205913 -0.479932209257831 -0.43785213472019 -0.395812849284344 -0.354131812091314 -0.31300969389454 -0.272673058293752 -0.23345204027384 -0.195609467684947 -0.159035368453064 -0.123546658777133 -0.0890406078720469 -0.055386654132952 -0.0222625596600383 0.0107018325202426
-1.06440328700242 -1.02195329833977 -0.97428890807361 -0.924052483009647 -0.851350534702971 -0.749652292799422 -0.688413714558438 -0.724701060957851 -0.790035080235484 -0.803959149219866 -0.763652671842369 -0.685704058810072 -0.591520829719969 -0.521786939728703 -0.506560317228464 -0.514118347993997 -0.505390510477119 -0.473695196455381 -0.421859994207431 -0.358360364690575 -0.293083737031779 -0.236857322122571 -0.204267457912712 -0.201833554277219 -0.200048181733889 -0.170134797627563 -0.122267245968467 -0.070819378303712 -0.00801468966254984 0.0794609140552318
-0.933083137674354 -0.906878362404723 -0.8805903425725 -0.854109863031315 -0.827288135194559 -0.799989523977056 -0.772170581739599 -0.743828525806069 -0.715031045906724 -0.685833605356869 -0.656172289405616 -0.625953338785524 -0.595095738217162 -0.563569448373122 -0.531357197057017 -0.498441804644518 -0.46481429301442 -0.430498397485952 -0.395525237674935 -0.359922756943133 -0.323718104588797 -0.286931712379809 -0.24955714196259 -0.211596706251759 -0.173114593356189 -0.13419838346116 -0.0949673498633104 -0.0555356606943279 -0.0159653703147281 0.0236944953577659
-1.02583939315115 -0.989381023739281 -0.952922654267635 -0.916464284620674 -0.88000591458667 -0.84354754395353 -0.807089172603894 -0.770630800469217 -0.734172427581466 -0.697714053995034 -0.661255679753499 -0.624797304897736 -0.588338929461045 -0.551880553446423 -0.515422176840437 -0.478963799594243 -0.442505421661572 -0.406047043041871 -0.369588663756529 -0.333130283869 -0.296671903453251 -0.260213522595982 -0.223755141434799 -0.187296760116258 -0.150838378771793 -0.114379997498555 -0.0779216162716938 -0.0414632350476238 -0.0050048538298333 0.031453527366422
1.0125861844037 0.97534339181118 0.938107938518978 0.90088609394226 0.86368574962198 0.826528460515164 0.78948881311736 0.752649767428412 0.716074745926839 0.67981399259717 0.643884574969297 0.608295266459455 0.57305832567778 0.538199952010023 0.503737635605014 0.469640088888288 0.435879145193485 0.402487899209979 0.369507731092108 0.336951901498343 0.304826641213188 0.2731153246631 0.241709900842342 0.210493322551862 0.17940398325153 0.148397156678371 0.11744019701911 0.0865060674832783 0.0555780869219189 0.0246421630964557
-1.03937306202614 -1.00179114568276 -0.964209229323059 -0.926627312893211 -0.889045396362177 -0.851463479696804 -0.813881562832677 -0.776299645713093 -0.738717728343466 -0.701135810748289 -0.663553892966247 -0.625971975039572 -0.588390057029043 -0.550808139069615 -0.513226221335067 -0.475644304080302 -0.438062387556013 -0.400480471914928 -0.362898557259585 -0.325316643589747 -0.28773473087948 -0.250152819093368 -0.212570908158071 -0.174988997985237 -0.137407088464392 -0.0998251794692947 -0.0622432708327757 -0.024661362392522 0.0129205459534158 0.0505024542918956
-0.983776340208443 -0.953921630519483 -0.924060434605119 -0.894202062614366 -0.86432987302137 -0.834403374635396 -0.804312629281059 -0.773937302771318 -0.74318492385715 -0.711975402589246 -0.680250311279132 -0.64795663780354 -0.615053434921844 -0.581548014923984 -0.547470652594315 -0.512895213164266 -0.477893099191905 -0.442482272094759 -0.406646657150397 -0.37028747621709 -0.333285275298282 -0.295545613125557 -0.257074099343062 -0.217915363783826 -0.178170066123864 -0.137951532353724 -0.0973677238791111 -0.0565230417829402 -0.0155130104418106 0.0255690649442574
-0.993274589459859 -0.96055002607488 -0.927822276341041 -0.895082801508479 -0.862318984721878 -0.829515626603425 -0.796651275790779 -0.763700627369131 -0.73062921419836 -0.69740175627186 -0.66398888434241 -0.630362706852638 -0.596503597583438 -0.562424991668772 -0.528145062314272 -0.493667873659163 -0.458997895588265 -0.424155330035181 -0.389165914640626 -0.354061797825007 -0.318876730703649 -0.2836460191544 -0.248411188105174 -0.213205487605003 -0.178022849137306 -0.142847079850088 -0.107660808115335 -0.0724512584509999 -0.0372252187349267 -0.00199436768493353
-0.963508664678393 -0.930042326576775 -0.896575988560351 -0.86310965070847 -0.829643313034495 -0.79617697554644 -0.762710638296919 -0.729244301348675 -0.695777964760358 -0.662311628576805 -0.628845292791696 -0.595378957385919 -0.561912622341501 -0.528446287645016 -0.494979953291996 -0.461513619309244 -0.428047285710067 -0.394580952422496 -0.361114619357963 -0.327648286446778 -0.294181953623972 -0.260715620825617 -0.227249287991959 -0.193782955069731 -0.160316622027433 -0.126850288850899 -0.0933839555735414 -0.0599176222375745 -0.0264512888728587 0.00701504449383513
-0.996930098546476 -0.961623327017578 -0.926276659133432 -0.890826699447824 -0.855221867296991 -0.819423457462286 -0.783432451723066 -0.747283744580417 -0.711108194424345 -0.675045758346142 -0.639176824353344 -0.603566888182543 -0.568273976443261 -0.533326239236727 -0.498762375648664 -0.464693157211065 -0.431230511341166 -0.39841891655091 -0.366280710170566 -0.334817113708997 -0.304024069719715 -0.273881356862433 -0.244304098221667 -0.215186938808318 -0.186407266914024 -0.157840231104329 -0.129369277759675 -0.100901261988245 -0.0724283759942926 -0.0439641462560901
-1.02322666326278 -0.988189138294188 -0.953151613384749 -0.918114088617107 -0.88307656412168 -0.848039040027789 -0.81300151641262 -0.777963993322177 -0.742926470729884 -0.707888948598235 -0.672851426918576 -0.637813905689469 -0.602776384891379 -0.567738864432387 -0.532701344212065 -0.497663824168318 -0.462626304233216 -0.427588784277142 -0.392551264165874 -0.357513743808447 -0.322476223124708 -0.287438702046307 -0.252401180552086 -0.217363658646225 -0.182326136387068 -0.147288613851007 -0.11225109113247 -0.0772135683216497 -0.0421760454737592 -0.00713852263526863
-1.02191723196616 -0.985777975795178 -0.949638719603246 -0.913499463399491 -0.877360207289451 -0.841220951419451 -0.80508169600255 -0.768942441237015 -0.732803187195207 -0.696663933881868 -0.66052468115717 -0.62438542884514 -0.588246176782667 -0.55210692485807 -0.515967672988217 -0.479828421152726 -0.443689169342325 -0.407549917529419 -0.37141066566988 -0.335271413671764 -0.299132161431173 -0.26299290886638 -0.226853655984331 -0.190714402808218 -0.154575149337539 -0.118435895583102 -0.0822966416246648 -0.0461573875500034 -0.0100181334100339 0.026121120753544
-0.979899979568349 -0.947604240930057 -0.915308502205337 -0.883012763319334 -0.850717024205258 -0.818421284813752 -0.786125545157137 -0.753829805244839 -0.721534065013051 -0.689238324378973 -0.656942583257085 -0.624646841561187 -0.592351099216115 -0.560055356190854 -0.52775961245414 -0.495463867929567 -0.463168122550984 -0.43087237633839 -0.398576629347318 -0.36628088168928 -0.333985133489779 -0.301689384866073 -0.269393635902434 -0.237097886666807 -0.204802137194823 -0.172506387509121 -0.140210637612699 -0.107914887512543 -0.0756191372512418 -0.0433233868802849
-0.978434314116329 -0.945596079906838 -0.912757845687828 -0.879919611423068 -0.847081377049043 -0.81424314249889 -0.781404907719631 -0.748566672633702 -0.715728437051321 -0.682890200790836 -0.650051963815339 -0.617213726124113 -0.584375487735624 -0.551537248745095 -0.518699009270358 -0.485860769442939 -0.45302252938787 -0.42018428919053 -0.387346048916745 -0.354507808593797 -0.32166956823933 -0.288831327876967 -0.25599308755423 -0.223154847315067 -0.190316607165213 -0.157478367115718 -0.124640127237097 -0.091801887586223 -0.0589636481059287 -0.0261254087105373
-0.986272122323458 -0.953734887532211 -0.921197652760119 -0.888660417978578 -0.856123183121139 -0.823585948122517 -0.791048712959942 -0.758511477612243 -0.725974242022139 -0.693437006120635 -0.660899769827981 -0.628362533061742 -0.595825295777639 -0.563288058084029 -0.530750820087355 -0.498213581733755 -0.465676342944436 -0.433139103701177 -0.400601864012216 -0.368064623931066 -0.335527383522553 -0.302990142861929 -0.270452902066122 -0.237915661242504 -0.205378420418519 -0.172841179608239 -0.14030393885216 -0.107766698183668 -0.0752294575812936 -0.0426922170098504
-1.01549048489887 -0.977956668258142 -0.940462199763542 -0.90304301571179 -0.865734393223117 -0.828569878053537 -0.791576749678695 -0.754776772456951 -0.718175916557901 -0.68177757428733 -0.64559062068456 -0.609625301472296 -0.573890913436053 -0.538392957612579 -0.503132113838199 -0.468093572896291 -0.433262746237404 -0.398641417033702 -0.364232178984253 -0.330024496174111 -0.296004550284827 -0.262160353382276 -0.228487239069637 -0.19498033438802 -0.161626618592974 -0.128407670304753 -0.0952916133880038 -0.0622441655626109 -0.0292348747250277 0.0037657536841504
0.878552111388599 0.920897399614812 0.947170091054182 0.940674163413626 0.907779580603487 0.859468413172397 0.802105172018708 0.742190239186081 0.691385040949683 0.658887435169431 0.638879961812734 0.621791331373872 0.60004790832026 0.574066673011853 0.54708642965482 0.525642661947634 0.514104849965312 0.504881779796741 0.4887606847341 0.462003280868885 0.422239904992419 0.368708337820313 0.307076135765337 0.244937626188697 0.191164444548203 0.152114812391745 0.12281598753093 0.0964910099531067 0.0704770120848614 0.0431396494625887
1.07198943107145 1.0106733635717 0.94786052080879 0.883441106298479 0.822299090197613 0.769179856208945 0.723280675577767 0.682780455288938 0.647332757743077 0.616925348861345 0.591408153231343 0.570596635107277 0.55306786969756 0.53244537602741 0.502498243427007 0.462531398629559 0.414064592808628 0.361941037496149 0.311712968941862 0.268445261908344 0.237080950786383 0.220192166379901 0.210867425145365 0.200684877089706 0.184664820769181 0.158140668895181 0.114256142250334 0.0482090778032698 -0.0343965308045982 -0.125355150763662
-0.95065669079595 -0.917346828684723 -0.884036966463232 -0.85072710401848 -0.817417241295315 -0.784107378252653 -0.750797514847848 -0.717487651006835 -0.684177786531438 -0.650867921190475 -0.617558054744852 -0.5842481869535 -0.550938317641485 -0.517628446898421 -0.484318574843894 -0.451008701452824 -0.417698826687794 -0.384388950606708 -0.351079073313053 -0.31776919499733 -0.284459315871798 -0.251149436104721 -0.217839555688406 -0.184529674571605 -0.151219792704816 -0.117909910051889 -0.084600026628334 -0.0512901425028789 -0.017980257905454 0.0153296268937093
-0.994789567730294 -0.958659446058749 -0.922518852626178 -0.886363329985795 -0.850210990291696 -0.814086206018957 -0.778015821325694 -0.742026449739186 -0.706141310580342 -0.67038251383008 -0.634771126315728 -0.599327954076219 -0.564073541682907 -0.529027387836843 -0.494203911518314 -0.459598258694855 -0.425198958842905 -0.39098734848728 -0.356945335203398 -0.323064303720723 -0.289338008057225 -0.255753424140801 -0.222270415539035 -0.188847538565031 -0.155465232874268 -0.122109048895413 -0.088763096807516 -0.0554137382852788 -0.0220577812356349 0.0113053548764249
-0.987937575548356 -0.955000166641589 -0.922063704940541 -0.889130716107675 -0.856205522106631 -0.823292624887228 -0.79039545004279 -0.757516953208406 -0.724659286542714 -0.691824040053002 -0.659011358617631 -0.626221025832729 -0.593453070881819 -0.560708505297999 -0.527988404961514 -0.495293120791612 -0.462622422186179 -0.429974477418634 -0.39734710776436 -0.364738347631059 -0.332146284709514 -0.299569078760232 -0.267005177822632 -0.234453215304168 -0.201912277805542 -0.169381760874218 -0.136861842651475 -0.104352245477012 -0.0718500858904091 -0.0393518289812182
