-1.03934644841278 -1.00414672512729 -0.968947001866771 -0.933747278659586 -0.898547555516751 -0.863347832451827 -0.828148109505912 -0.792948386701386 -0.757748663958227 -0.722548941185444 -0.687349218350578 -0.6521494954358 -0.616949772418333 -0.581750049255602 -0.546550325905816 -0.511350602350103 -0.476150878570154 -0.44095115452697 -0.405751430170087 -0.370551705423869 -0.335351980206383 -0.300152254445243 -0.264952528106242 -0.229752801185849 -0.19455307376506 -0.159353345933911 -0.124153617734058 -0.0889538892082491 -0.0537541604519704 -0.0185544315738913
-0.941470747624939 -0.909719805836236 -0.877968864067724 -0.846217922363109 -0.814466980802389 -0.782716039463618 -0.750965098380785 -0.719214157567727 -0.687463217001712 -0.655712276653662 -0.623961336505662 -0.59221039654259 -0.560459456733187 -0.528708516981643 -0.496957577178464 -0.465206637223954 -0.433455697035204 -0.401704756586644 -0.369953815883598 -0.338202874997652 -0.306451934016953 -0.274700993010384 -0.24295005196978 -0.211199110854947 -0.179448169574648 -0.147697228041068 -0.115946286231139 -0.0841953441564517 -0.0524444019024777 -0.0206934595731614
-0.921553472638273 -0.903531363076829 -0.884925687199519 -0.865373609333562 -0.844871700429432 -0.823444584834862 -0.800869693863373 -0.776848641010862 -0.751026961536955 -0.723085196137247 -0.692899985487485 -0.660396995258451 -0.625532330203465 -0.588383851405992 -0.549059457395166 -0.507665440152653 -0.464509234394086 -0.420704452318444 -0.377419751310079 -0.335237792011511 -0.294594735879796 -0.255812825231312 -0.218758625819713 -0.183225694035845 -0.149171225382043 -0.116545668177135 -0.0851088428944323 -0.0545531610377629 -0.0244920260785433 0.00548091051991348
-1.06807146885711 -1.02316930380833 -0.977033390159664 -0.928373884930477 -0.878082596212145 -0.827836822933284 -0.7802741762994 -0.737503532290767 -0.698558513709842 -0.662173508881511 -0.628961221398216 -0.600003933669285 -0.575814735934127 -0.554629949752473 -0.534185604293497 -0.512493327843813 -0.487858787651155 -0.459488207690276 -0.426748887373671 -0.388751871137771 -0.344544139674987 -0.293833201649489 -0.238968677612467 -0.18336695528404 -0.132069379173027 -0.0895191172010962 -0.0561416741526189 -0.030909340108093 -0.0109992094698249 0.00686042227942707
-1.02924602203645 -0.99282814829829 -0.956410274561158 -0.919992400807526 -0.883574526966537 -0.847156652959035 -0.810738778725989 -0.774320904213378 -0.737903029367081 -0.701485154142808 -0.665067278535674 -0.628649402550649 -0.592231526166238 -0.555813649255094 -0.51939577166708 -0.482977893266746 -0.446560013920334 -0.41014213348617 -0.373724251847162 -0.337306368992458 -0.300888484937766 -0.264470599725058 -0.228052713501355 -0.191634826444205 -0.155216938748215 -0.118799050600948 -0.0823811621447534 -0.0459632735025058 -0.00954538476440447 0.02687250398752
-1.00063988581412 -0.966595114892416 -0.93255034392776 -0.898505572900818 -0.864460801863633 -0.830416030875725 -0.796371259955132 -0.762326489109012 -0.728281718342458 -0.694236947666611 -0.660192177118844 -0.626147406743089 -0.592102636576213 -0.558057866626815 -0.524013096871904 -0.489968327190408 -0.455923557433231 -0.421878787437251 -0.387834017061829 -0.353789246270258 -0.319744475051817 -0.285699703435376 -0.251654931608166 -0.217610159763001 -0.183565387956659 -0.149520616206537 -0.115475844508539 -0.0814310728530421 -0.047386301229806 -0.0133415296284354
-1.002149529154 -0.966702789067157 -0.931256048978858 -0.895809308934962 -0.860362569048666 -0.82491582944183 -0.789469090203623 -0.754022351432497 -0.718575613296709 -0.683128875951513 -0.647682139430334 -0.612235403736145 -0.576788668850026 -0.541341934665514 -0.505895201047438 -0.470448467833345 -0.435001734860674 -0.399555001993702 -0.364108269114246 -0.328661536147438 -0.293214803029242 -0.257768069722522 -0.222321336297751 -0.186874602840199 -0.151427869386733 -0.115981135961771 -0.0805344025883508 -0.0450876692854638 -0.0096409360572814 0.0258057970957293
-1.00640896917959 -0.972124611699942 -0.937840254225404 -0.903555896779592 -0.86927153930112 -0.834987181688434 -0.800702823764312 -0.766418465343806 -0.732134106286721 -0.697849746464495 -0.663565385750355 -0.629281024017972 -0.594996661153263 -0.560712297091111 -0.526427931798012 -0.49214356531793 -0.457859197700522 -0.423574828940735 -0.389290459050811 -0.355006088166871 -0.320721716456005 -0.286437344093816 -0.252152971289964 -0.217868598252745 -0.183584225150961 -0.14929985210324 -0.115015479067019 -0.0807311059775689 -0.0464467328426705 -0.0121623596882342
-0.953132026405926 -0.920475304017339 -0.887818581468019 -0.85516185855063 -0.822505135107797 -0.789848411028774 -0.757191686339369 -0.724534961084915 -0.691878235252267 -0.659221508823135 -0.626564781817127 -0.593908054263322 -0.561251326185507 -0.528594597586293 -0.49593786841772 -0.463281138450712 -0.430624407440438 -0.397967675260156 -0.365310941847084 -0.332654207276201 -0.299997471656923 -0.267340735097718 -0.234683997703245 -0.202027259583721 -0.169370520875396 -0.136713781719665 -0.104057042252477 -0.0714003025938324 -0.038743562805372 -0.00608682293414911
-1.02979321558938 -0.992391683845681 -0.954990152041297 -0.917588620108595 -0.880187087979711 -0.842785555571272 -0.80538402273811 -0.767982489295095 -0.730580954959028 -0.693179419462276 -0.655777882697516 -0.618376344597502 -0.580974805142615 -0.54357326450374 -0.506171722880485 -0.468770180396843 -0.431368637163311 -0.393967093312019 -0.356565548938331 -0.319164003968927 -0.281762458288317 -0.244360911818644 -0.206959364632585 -0.169557816841453 -0.132156268560563 -0.0947547198897458 -0.057353170862895 -0.0199516215131176 0.0174499280636934 0.0548514777559485
-0.939458131384496 -1.00266465836582 -1.03809264223609 -0.931115787787979 -0.798917135847698 -0.770041087201384 -0.786668146441342 -0.770018864532628 -0.74383787412514 -0.741813773863669 -0.734886944687745 -0.678310713110583 -0.557501540289167 -0.478528425955568 -0.525855633901035 -0.57687594557845 -0.507187891938786 -0.392284484263742 -0.33101524108169 -0.315761229576945 -0.312286404097809 -0.293222334005225 -0.258671048710702 -0.2181685146442 -0.191515986258931 -0.188653928942854 -0.169814363799663 -0.0963382781366305 0.0162890316403953 0.139046191850924
-0.998721985891292 -0.965172284463774 -0.931622583025229 -0.898072881532444 -0.864523179946122 -0.83097347822949 -0.797423776351962 -0.763874074304679 -0.730324372159508 -0.696774670028823 -0.663224968106308 -0.629675266605971 -0.596125565730749 -0.562575865639296 -0.529026166446833 -0.495476468139128 -0.461926770657197 -0.428377073892489 -0.394827377728406 -0.361277682065725 -0.327727986809571 -0.294178291874277 -0.260628597211025 -0.227078902762238 -0.193529208398449 -0.159979514000835 -0.126429819565039 -0.0928801251131296 -0.0593304306584146 -0.0257807362120109
-1.01154881632479 -0.976513410838028 -0.941478005421789 -0.906442600151352 -0.871407195157721 -0.836371790572881 -0.801336386477023 -0.76630098293544 -0.731265580005621 -0.696230177740616 -0.661194776183538 -0.626159375375013 -0.591123975350178 -0.556088576122212 -0.521053177684143 -0.486017779970368 -0.450982382890327 -0.415946986312265 -0.380911590109976 -0.345876194220625 -0.310840798597219 -0.275805403220628 -0.240770008183163 -0.205734613582857 -0.170699219429183 -0.135663825709789 -0.100628432413579 -0.0655930395038872 -0.0305576468404997 0.00447774574268605
-1.03570856762571 -0.99960868943442 -0.963508811221532 -0.927408932912217 -0.891309054283681 -0.855209175102816 -0.819109295243209 -0.783009414623155 -0.74690953323306 -0.710809651090267 -0.674709768247742 -0.638609884767353 -0.602510000705921 -0.56641011610007 -0.530310230974956 -0.494210345330055 -0.458110459181211 -0.422010572635416 -0.385910685783942 -0.349810798564051 -0.313710910874501 -0.277611022659741 -0.241511134046987 -0.20541124521176 -0.169311356340038 -0.133211467591572 -0.0971115790107397 -0.0610116905987868 -0.0249118022997861 0.0111880859564821
-0.991756280824223 -0.958826607428575 -0.925896934065992 -0.892967260792755 -0.860037587708073 -0.827107914937729 -0.79417824267084 -0.761248571095347 -0.728318900331119 -0.695389230454002 -0.662459561431812 -0.629529893205356 -0.596600225697066 -0.563670558755877 -0.530740892217359 -0.497811225937121 -0.464881559749107 -0.431951893380555 -0.399022226566998 -0.366092559183842 -0.333162891141462 -0.300233222374723 -0.267303552916457 -0.234373882830174 -0.20144421220415 -0.168514541146046 -0.135584869816315 -0.102655198368152 -0.0697255268729514 -0.0367958553816553
-0.962689309719788 -0.924457994107302 -0.886475970863528 -0.84972595876499 -0.815441798965722 -0.784860067377985 -0.758977156569442 -0.738039103366025 -0.719530704971348 -0.70049359742045 -0.678958011696392 -0.653201327519242 -0.621903839443492 -0.585357501361325 -0.544429145011654 -0.500673454182619 -0.455752091186946 -0.411066780386485 -0.367859243483522 -0.326991129492948 -0.289229069257808 -0.255102372239976 -0.224191062376636 -0.195960391321197 -0.170365807116646 -0.147375407369904 -0.126517691554043 -0.107254902201317 -0.0892238522145456 -0.0721049970891926
-1.00090208377007 -0.96670654244198 -0.932511001172897 -0.898315460029219 -0.864119918994466 -0.829924378013878 -0.795728836962453 -0.761533295679524 -0.727337753931998 -0.693142211502866 -0.658946668311867 -0.624751124312926 -0.590555579480331 -0.556360033869817 -0.522164487571178 -0.48796894072899 -0.453773393488669 -0.419577845944213 -0.385382298175675 -0.35118675025876 -0.316991202268084 -0.282795654293226 -0.248600106483616 -0.214404558976205 -0.180209011798194 -0.146013464926803 -0.11181791824909 -0.0776223716471195 -0.043426825073159 -0.00923127849702431
-0.979549085193975 -0.945653442805357 -0.911757800495232 -0.877862158349123 -0.843966516391904 -0.810070874628559 -0.77617523304517 -0.742279591585276 -0.70838395004112 -0.674488308186812 -0.640592665875208 -0.606697022978853 -0.572801379412978 -0.538905735263568 -0.505010090642278 -0.47111444559268 -0.437218800118439 -0.403323154131671 -0.369427507529448 -0.335531860240213 -0.301636212200253 -0.267740563361213 -0.233844913736171 -0.199949263387818 -0.166053612515874 -0.132157961326657 -0.0982623099158644 -0.0643666583503238 -0.0304710066920188 0.00342464499827858
-1.00611149677816 -0.970449707053754 -0.934787917406876 -0.899126127889521 -0.863464338574641 -0.827802549533224 -0.792140760807412 -0.756478972445974 -0.720817184553023 -0.685155397238284 -0.649493610578564 -0.613831824642442 -0.578170039462167 -0.542508254924673 -0.506846470882608 -0.471184687196795 -0.435522903754729 -0.399861120542407 -0.364199337572055 -0.328537554862299 -0.292875772433363 -0.257213990298501 -0.221552208443083 -0.18589042685715 -0.150228645577324 -0.114566864637225 -0.0789050840118849 -0.0432433036500224 -0.00758152345368556 0.0280802566867453
0.984051993597437 0.954541799271669 0.924538130626136 0.893670730981257 0.861724935716597 0.828491274027231 0.793625458311121 0.756892453704981 0.718629053097647 0.679307078030998 0.639366636906952 0.599239909842439 0.559319361011107 0.519838590813469 0.481001573246071 0.443052640462707 0.406197923133257 0.370450387834684 0.335840467366164 0.302661623508651 0.271273075288542 0.241973870378686 0.214822371037744 0.189762575890273 0.166521714438601 0.14479575019303 0.124372351817984 0.105028833616454 0.0864093872915906 0.0681249238965781
-1.00901066175565 -0.974706378163004 -0.940401968722765 -0.906097532838169 -0.871792512433136 -0.837486473632534 -0.803180136844326 -0.768874575475252 -0.734571120644056 -0.700271182084493 -0.665976226278362 -0.631687733894474 -0.597407143258523 -0.563135723323741 -0.528874685144621 -0.494625177553166 -0.460388065671506 -0.426163142004782 -0.391949796010284 -0.357746877570885 -0.323553101675858 -0.289367323414671 -0.255188958277587 -0.221017523229293 -0.186852380731397 -0.152692630288796 -0.118536474082624 -0.0843821070651214 -0.0502285925967204 -0.0160752111398993
1.00736144664137 0.976253532320605 0.945070547483144 0.913751229612362 0.882246915176089 0.85052821181339 0.818630212863834 0.786579246708114 0.754302096190917 0.721698763422301 0.688661673109809 0.655081355610351 0.620869066374668 0.586018961228827 0.550544734036093 0.514455330433199 0.477765527318413 0.440518174862645 0.402761504031987 0.364537195700602 0.32588529321967 0.286850016732568 0.247492293551463 0.207875644108308 0.168057254145417 0.128088427422363 0.0880032744573964 0.0478331523868717 0.00761559806088044 -0.032610306742051
-0.987231873914673 -0.953901156771957 -0.920570439689635 -0.88723972272305 -0.853909005966453 -0.820578289520679 -0.78724757347401 -0.75391685790082 -0.720586142832398 -0.687255428287917 -0.653924714281142 -0.620594000824491 -0.587263287927989 -0.553932575592094 -0.520601863799628 -0.487271152472438 -0.453940441521873 -0.420609730878263 -0.387279020471264 -0.35394831020884 -0.32061759999353 -0.287286889761208 -0.253956179581073 -0.220625469529458 -0.187294759577895 -0.153964049681333 -0.1206333398332 -0.0873026300332438 -0.0539719202680084 -0.0206412105207374
1.00947926454619 0.974520428475582 0.939561592378816 0.904602756298338 0.869643920359659 0.834685084691522 0.799726249352552 0.764767414389872 0.729808579874726 0.6948497458834 0.659890912488231 0.624932079760571 0.589973247759598 0.555014416495803 0.520055585950386 0.485096756036099 0.450137926679106 0.415179097927666 0.380220269847861 0.345261442454956 0.310302615751507 0.275343789717817 0.240384964245155 0.205426139210428 0.17046731452213 0.135508490080308 0.100549665719631 0.0655908412939146 0.0306320167989256 -0.00432680773408083
-0.954382231607066 -0.973707939435736 -0.983253828180379 -0.969609141234211 -0.932408098697005 -0.875958181588845 -0.810214937904517 -0.745272191912211 -0.686128805999053 -0.635489941308716 -0.591980915892135 -0.553207087027061 -0.519006734415889 -0.498149827459603 -0.4964768726667 -0.499178835277137 -0.489934574664737 -0.467024068007308 -0.432617884291719 -0.389847841937091 -0.342086071720609 -0.294295193728239 -0.25779978528107 -0.240628972241735 -0.231268117403903 -0.214374922626735 -0.178840209100326 -0.11753769757628 -0.0350395877213184 0.0611573010690578
1.01506758506698 0.980631770683432 0.9461959563843 0.911760142260895 0.877324328324282 0.842888514565901 0.808452700978943 0.774016887543722 0.739581074187284 0.705145260854307 0.670709447613261 0.636273634563566 0.60183782183452 0.567402009674927 0.532966198331365 0.498530387921985 0.464094578491998 0.429658769923268 0.39522296206611 0.360787154808006 0.326351348045726 0.291915541687559 0.257479735687854 0.22304392999453 0.18860812448371 0.15417231903678 0.119736513627973 0.0853007082562605 0.0508649029267028 0.0164290976458845
-0.985616549602637 -0.952623409595517 -0.919630269535347 -0.886637129331985 -0.853643988892214 -0.82065084812701 -0.787657706967172 -0.75466456536276 -0.721671423321036 -0.688678280845495 -0.655685137867352 -0.62269199429975 -0.589698850062487 -0.556705705101966 -0.523712559370138 -0.490719412814533 -0.45772626539912 -0.424733117158066 -0.391739968161928 -0.358746818556654 -0.325753668507036 -0.292760518169229 -0.25976736766484 -0.226774217097491 -0.193781066533427 -0.1607879160176 -0.127794765547158 -0.0948016151048 -0.0618084646632182 -0.0288153141926045
-0.995236856050639 -0.962132928891611 -0.929029001719333 -0.895925074499379 -0.862821147174338 -0.829717219694378 -0.796613292062985 -0.763509364300274 -0.730405436439555 -0.697301508518794 -0.664197580581391 -0.631093652672101 -0.597989724815769 -0.564885796957587 -0.531781869006713 -0.498677940807824 -0.465574012200636 -0.432470083069503 -0.39936615333167 -0.366262222991303 -0.333158292074294 -0.300054360626497 -0.266950428773586 -0.233846496656108 -0.200742564394268 -0.167638632087304 -0.134534699770944 -0.101430767464676 -0.0683268351865447 -0.0352229029542306
-0.984150950807846 -0.95095785596389 -0.91776476119813 -0.884571666599578 -0.851378572293288 -0.818185478403171 -0.78499238501254 -0.751799292165816 -0.718606199792441 -0.685413107793032 -0.652220016067878 -0.619026924517184 -0.58583383306527 -0.552640741732899 -0.519447650538656 -0.486254559395951 -0.453061468233382 -0.41986837714547 -0.386675286253816 -0.353482195622418 -0.320289105300873 -0.287096015295923 -0.253902925442886 -0.220709835547684 -0.187516745470064 -0.154323655114872 -0.121130564513501 -0.0879374737286372 -0.054744382821562 -0.0215512918532083
-1.00874378016663 -0.975096139118752 -0.94144849805576 -0.907800856948691 -0.87415321572908 -0.840505574305958 -0.806857932537836 -0.773210290288636 -0.739562647494452 -0.705915004115399 -0.672267360135483 -0.638619715544688 -0.604972070357345 -0.571324424685184 -0.537676778675097 -0.504029132517235 -0.470381486383928 -0.436733840332958 -0.403086194414367 -0.369438548761767 -0.335790903529665 -0.302143258860004 -0.268495614844482 -0.234847971551134 -0.201200329003598 -0.167552687175161 -0.133905045882121 -0.100257404922681 -0.066609764179657 -0.0329621235570194
-0.958861420486195 -0.92730899640752 -0.89575657236924 -0.86420414838605 -0.832651724458129 -0.801099300582385 -0.769546876757141 -0.73799445297355 -0.706442029192677 -0.674889605379141 -0.643337181541874 -0.611784757700884 -0.580232333878288 -0.548679910104632 -0.517127486402719 -0.48557506275593 -0.454022639151043 -0.422470215627818 -0.390917792220135 -0.359365368885374 -0.327812945561789 -0.296260522184022 -0.264708098672258 -0.233155674966362 -0.201603251099369 -0.170050827134731 -0.1384984031644 -0.106945979266949 -0.075393555438943 -0.0438411316564446
-1.00418470987087 -0.968895829983488 -0.933606950139573 -0.89831807033721 -0.863029190587179 -0.827740310913622 -0.792451431381434 -0.757162552006359 -0.721873672566782 -0.686584792809315 -0.651295912590834 -0.616007031795784 -0.580718150323372 -0.545429268131849 -0.510140385201052 -0.474851501538103 -0.439562617195701 -0.404273732381573 -0.368984847318556 -0.333695962134902 -0.298407076935218 -0.263118191799682 -0.22782930671075 -0.192540421623035 -0.157251536477497 -0.121962651237626 -0.0866737659706777 -0.0513848807498401 -0.0160959955682419 0.0191928896010016
1.02001808671133 0.983644563102061 0.947276677308038 0.910926654463515 0.874620240581167 0.838385094325986 0.802243004093809 0.766222651317985 0.730386159851058 0.694796977537638 0.659490405771406 0.624494709333311 0.589829992886978 0.555483720626745 0.521435357446298 0.487665011505995 0.45414594759099 0.420823413718952 0.387645614728676 0.354600599510949 0.321686377969555 0.288895478086914 0.256198500159989 0.223562798334326 0.190964669835272 0.158386893217151 0.125829229270392 0.0932931795065329 0.060770226085432 0.0282493463290286
-1.02022422895914 -0.984646301546881 -0.949068374097863 -0.913490446640079 -0.877912519263411 -0.842334592033653 -0.806756664858349 -0.771178737601464 -0.735600810110918 -0.700022882245957 -0.664444953927187 -0.628867025090559 -0.593289095664859 -0.55771116555024 -0.522133234644724 -0.486555302866454 -0.450977370166642 -0.415399436608653 -0.379821502256646 -0.344243567065786 -0.308665630963991 -0.273087693904972 -0.237509755945609 -0.201931817208425 -0.16635387797535 -0.13077593853001 -0.0951979990034361 -0.0596200594726752 -0.024042119951442 0.011535819562382
-1.00447081827357 -0.973510287488841 -0.942515598754421 -0.911480969254199 -0.880408107055022 -0.849283697810299 -0.818026846636706 -0.786532434232634 -0.754666024160091 -0.72229631618497 -0.689333872025099 -0.655699718886286 -0.621331698578096 -0.586234911325105 -0.550446858846161 -0.514067390422168 -0.477204839748358 -0.439939130615207 -0.402331706372271 -0.364398498510165 -0.326144060554769 -0.287588071508396 -0.248810712279085 -0.209897752902185 -0.170896818016561 -0.131849402350976 -0.0928106263902775 -0.0538279938298943 -0.0149049154515062 0.023966221191645
-1.02594223092838 -0.989847557801955 -0.953752884616253 -0.917658211309839 -0.881563537835204 -0.845468864164642 -0.809374190335733 -0.773279516389679 -0.737184842316858 -0.701090168094169 -0.664995493695391 -0.628900819093525 -0.592806144259159 -0.556711469153222 -0.52061679374958 -0.484522118083496 -0.44842744219182 -0.412332766056338 -0.376238089654126 -0.34014341299849 -0.304048736111789 -0.267954059019513 -0.23185938175966 -0.19576470435582 -0.159670026761427 -0.123575348917498 -0.0874806707855405 -0.0513859923624236 -0.0152913137659593 0.0208033648558041
-1.03196496863257 -0.996609154720996 -0.96125334071129 -0.925897526562797 -0.890541712376297 -0.855185898270244 -0.819830084292361 -0.784474270464365 -0.749118456774655 -0.713762643212335 -0.678406829802621 -0.643051016579763 -0.607695203583483 -0.572339390875419 -0.53698357852231 -0.501627766589398 -0.466271955144443 -0.430916144266778 -0.395560334026483 -0.360204524445052 -0.324848715531832 -0.289492907267181 -0.254137099515484 -0.218781292124155 -0.18342548498868 -0.14806967801718 -0.112713871120232 -0.0773580642249731 -0.0420022573223159 -0.00664645041911695
-1.01483496562135 -0.979623341614207 -0.944411717495162 -0.909200093193975 -0.873988468656547 -0.838776843824749 -0.803565218608191 -0.768353592920251 -0.733141966721669 -0.697930339986479 -0.662718712694555 -0.627507084827227 -0.59229545634226 -0.557083827103152 -0.521872196956554 -0.486660565776015 -0.451448933470253 -0.416237300061754 -0.381025665592852 -0.345814030071496 -0.310602393497036 -0.275390755860472 -0.240179117119406 -0.204967477243489 -0.169755836283987 -0.134544194338631 -0.099332551609405 -0.0641209083224425 -0.0289092646962203 0.00630237905269904
0.900349914298339 0.90622283427413 0.908423538429068 0.906285446003779 0.891658913502721 0.858041136704221 0.812999731218231 0.76685937256507 0.726902556074925 0.697100597816266 0.671222277000863 0.640485738626311 0.599727110899187 0.558254454862004 0.524392985394019 0.48806459988553 0.439594106658237 0.389321275248407 0.350720474209024 0.329789506945363 0.33065703557577 0.350173757653493 0.356078512471369 0.318222875464399 0.244021224896655 0.151888530731246 0.0666793268983853 0.00871871231568275 -0.0262255181167563 -0.0485248955032027
-1.00881881452595 -0.974031779739492 -0.939244745022131 -0.904457710406344 -0.869670675854182 -0.834883641292055 -0.800096606574243 -0.765309571567879 -0.730522536263622 -0.695735500682982 -0.660948464847344 -0.626161428778066 -0.591374392490768 -0.556587355978131 -0.521800319248969 -0.487013282399543 -0.452226245540706 -0.417439208754199 -0.382652172119762 -0.347865135738217 -0.31307809971566 -0.278291064161432 -0.243504029197866 -0.208716994931597 -0.17392996139349 -0.139142928574379 -0.104355896380742 -0.0695688646843932 -0.0347818333028242 5.19796005120759e-06
-1.00991464936991 -0.978254994456605 -0.946544707503616 -0.914723574797148 -0.882722145809041 -0.85047208005103 -0.817918714008818 -0.785007782885881 -0.751672939782815 -0.717862757578935 -0.683597570371318 -0.648915652561479 -0.613858498318716 -0.578480480883455 -0.542834985827466 -0.506958568976763 -0.470870917662727 -0.43454107498397 -0.39792286477581 -0.360959878053172 -0.323593147625882 -0.285782119477226 -0.247559892284339 -0.208978223520917 -0.170089853153054 -0.130951193983757 -0.0916323676712895 -0.0522014121732171 -0.0127043217890611 0.0268184200961689
-0.948708671061991 -0.919573643597828 -0.890551053589081 -0.861715350362946 -0.833046621563171 -0.804488762142565 -0.775935257973621 -0.747274266082071 -0.718423037186925 -0.689300770708868 -0.659805367182016 -0.629829402418839 -0.599257490907559 -0.567942401839384 -0.53576854402738 -0.502778730069038 -0.46902800717349 -0.434461957211993 -0.399015077579212 -0.362686993101311 -0.325493610462328 -0.287469618898196 -0.248724837852438 -0.209391485973457 -0.169616248521609 -0.129537268930475 -0.0892440567146004 -0.0488075776134886 -0.00827325618552278 0.0323198683061944
1.08633176308319 1.03077597954408 0.974721678985404 0.918930870778508 0.86435193613315 0.81162918904366 0.760004302804265 0.709201529086576 0.662278073771847 0.62238074110519 0.589681774577495 0.563609777491099 0.543139301446079 0.525428691233479 0.507788112334235 0.489951219797889 0.471519456805687 0.449141929497092 0.41973138947699 0.384207507253732 0.344491683061538 0.302314644566179 0.25864442915963 0.214851171919537 0.174676088940013 0.141940268904555 0.118413209837716 0.104423574427337 0.0965882746733478 0.090596284903705
-0.993173322683481 -0.956769262565296 -0.920456612197953 -0.884309378426425 -0.848325340865533 -0.812492973158571 -0.776839752292904 -0.741422242388697 -0.706374352753247 -0.671831020197787 -0.637853946362149 -0.604486524093313 -0.571759509372261 -0.539653110715985 -0.508134697683033 -0.477170831462176 -0.446714628351513 -0.416666233456229 -0.386916930153295 -0.35737552609973 -0.327955210022563 -0.298562329406987 -0.269075866770846 -0.239395436524177 -0.20953054561316 -0.179517378543041 -0.149388937519197 -0.119177248566648 -0.0889136152888332 -0.0586291606838012
-1.02348205199331 -0.983921674083325 -0.944286320216179 -0.904519294598987 -0.864599660068883 -0.824529072242963 -0.784363799228167 -0.744183483335114 -0.70410665119929 -0.664264297263538 -0.624798402875249 -0.585853696107951 -0.547591888578242 -0.510242626074993 -0.473997397407028 -0.438827129290697 -0.404641284693924 -0.371324033683379 -0.3387623668997 -0.306879850180638 -0.275609193163222 -0.244894146943923 -0.214722628456965 -0.185089003696797 -0.155969269060993 -0.12731818845867 -0.0990239654419645 -0.0709694693245595 -0.0430827928232813 -0.015303334505743
-1.03591421100603 -0.999219706373052 -0.962525201745229 -0.925830697112901 -0.889136192430527 -0.852441687648164 -0.815747182734135 -0.779052677653178 -0.742358172337413 -0.705663666708464 -0.668969160678567 -0.632274654157617 -0.595580147085715 -0.558885639523811 -0.522191131564604 -0.48549662330694 -0.448802114864471 -0.412107606403929 -0.375413098112624 -0.338718590207115 -0.302024082911271 -0.265329576408655 -0.228635070721585 -0.191940565832401 -0.15524606172475 -0.118551558358144 -0.0818570555942383 -0.0451625532706991 -0.00846805122708536 0.0282264506965704
-1.00848566528644 -0.973323413090517 -0.938161160860506 -0.902998908563458 -0.867836656145784 -0.832674403564934 -0.79751215084316 -0.76234989804525 -0.727187645341345 -0.692025392898607 -0.656863140766933 -0.621700888966902 -0.586538637519085 -0.551376386444022 -0.516214135768517 -0.48105188554447 -0.445889635807039 -0.410727386499304 -0.375565137553983 -0.340402888954414 -0.30524064069659 -0.270078392783187 -0.234916145243617 -0.199753898115773 -0.164591651444746 -0.129429405244719 -0.0942671593990447 -0.0591049137680952 -0.02394266825115 0.011219577242785
-0.975965310214446 -0.948798454685104 -0.921678993086804 -0.893378583744826 -0.86385771502873 -0.833409547193676 -0.802469097992937 -0.770821346023531 -0.735509255759335 -0.69376744095446 -0.646339126607111 -0.594844690526514 -0.541093722088285 -0.4876526569336 -0.437208985098527 -0.392177567933124 -0.354408890005756 -0.323768557444013 -0.299414512029057 -0.279658916597109 -0.262602489248156 -0.246144309848528 -0.227376905329941 -0.203652446847436 -0.17416823538398 -0.138670912976744 -0.0972593560517959 -0.0503852190641615 0.000440965804196854 0.0534439469395827
-1.04118652456392 -1.00480105149654 -0.968415578465884 -0.932030105501289 -0.895644632564827 -0.859259159592131 -0.822873686480364 -0.786488213139512 -0.750102739569319 -0.713717265810364 -0.67733179197681 -0.640946318201214 -0.604560844626731 -0.56817537143892 -0.531789898824165 -0.495404426929753 -0.459018955859022 -0.422633485578588 -0.386248016024788 -0.349862547149562 -0.313477078908751 -0.277091611284436 -0.240706144363652 -0.204320678236359 -0.167935212899261 -0.131549748305654 -0.095164284328453 -0.0587788208167545 -0.0223933576047492 0.0139921054770986
-1.06263447979962 -1.02379795822272 -0.98496143682983 -0.946124915774364 -0.907288395122333 -0.868451874907351 -0.829615355120862 -0.790778835783761 -0.75194231707692 -0.713105799160708 -0.6742692819535 -0.635432765313172 -0.596596249069204 -0.557759732937482 -0.518923216641217 -0.480086700046513 -0.441250183067132 -0.402413665664571 -0.363577147807448 -0.324740629445116 -0.285904110522114 -0.247067590979222 -0.208231070742205 -0.16939454974928 -0.130558028003508 -0.0917215055383364 -0.0528849824439236 -0.0140484588383527 0.024788065105312 0.0636245892002606
0.995523799353608 0.963560313952023 0.931635383806213 0.899762373815545 0.86791304837623 0.836045381717408 0.8041037879031 0.772038674753166 0.739837985275938 0.707482727329309 0.674888632980927 0.641955115350879 0.608580981726554 0.574662616064552 0.540112129250524 0.504906963217101 0.469037858877851 0.432483422023085 0.395236307206744 0.357357499160545 0.318925065160645 0.280008655196003 0.240644250106784 0.200859731570588 0.160684253763563 0.12015683711412 0.0793546945611813 0.0383635586640862 -0.00273495204666242 -0.0438602475477715
-0.974542377447853 -0.942220445502389 -0.909898513663263 -0.877576582066598 -0.845254650895802 -0.81293272031727 -0.780610790382075 -0.748288861099766 -0.715966932429136 -0.683645004305974 -0.651323076624805 -0.619001149269839 -0.586679222131614 -0.554357295125981 -0.522035368198958 -0.489713441391933 -0.457391514766556 -0.425069588370174 -0.392747662237955 -0.360425736370677 -0.328103810760516 -0.29578188539599 -0.26345996025098 -0.231138035292748 -0.198816110476739 -0.166494185756279 -0.134172261088062 -0.101850336434413 -0.0695284117768142 -0.0372064871015378
-1.02418607019956 -0.988704281546365 -0.953222492990629 -0.917740704591386 -0.88225891637091 -0.846777128350734 -0.811295340586185 -0.775813553152184 -0.740331766168236 -0.704849979761151 -0.669368194042383 -0.633886409119545 -0.598404625068397 -0.562922841837299 -0.527441059370675 -0.491959277724623 -0.456477496965 -0.420995717085025 -0.385513938050413 -0.350032159789503 -0.314550382221292 -0.279068605293424 -0.243586829068144 -0.208105053631248 -0.172623279048129 -0.137141505338956 -0.101659732363408 -0.0661779599354046 -0.0306961878463304 0.00478558411806708
-1.04534708293432 -1.01007953613114 -0.97481198934822 -0.939544442630494 -0.904276896081872 -0.869009349830315 -0.833741804041003 -0.798474258853138 -0.763206714264783 -0.727939170231039 -0.692671626676292 -0.657404083517253 -0.622136540684023 -0.586868998160261 -0.551601455958813 -0.516333914155699 -0.481066372822533 -0.445798831950114 -0.410531291486736 -0.375263751291482 -0.339996211201136 -0.304728671075142 -0.269461130863602 -0.234193590560034 -0.198926050240966 -0.163658509984354 -0.128390969790858 -0.0931234296443722 -0.057855889539048 -0.0225883494715991
-0.99428451734873 -0.959890289862669 -0.925496062279962 -0.891101834580109 -0.856707606880865 -0.822313379307101 -0.787919151873894 -0.753524924557446 -0.719130697288268 -0.684736470005027 -0.650342242724714 -0.615948015483896 -0.581553788320819 -0.547159561280429 -0.51276533441648 -0.478371107811245 -0.443976881547804 -0.409582655683951 -0.375188430254656 -0.340794205228879 -0.306399980559079 -0.272005756221341 -0.237611532286258 -0.203217308815748 -0.168823085742537 -0.134428862959318 -0.100034640327848 -0.0656404177255149 -0.0312461951231482 0.00314802748506037
-1.03393362028405 -1.00663824741779 -0.977318327917697 -0.944557288051543 -0.908373879767692 -0.868866529776214 -0.825017038153439 -0.776106411882559 -0.723729112207961 -0.670124676529299 -0.617799492606095 -0.569326660787835 -0.526854677600896 -0.490833624279213 -0.460837461787589 -0.434634085306747 -0.409888544831696 -0.385660575398682 -0.361583289747204 -0.338188626388554 -0.31623323027697 -0.295854267830083 -0.274710991319078 -0.250001010081654 -0.219553275867972 -0.182136257808139 -0.139645152139552 -0.0944664992705905 -0.0478254891862496 -0.000656974265680958
-1.04403820088358 -1.00746486230734 -0.97089152375445 -0.934318185294569 -0.897744846968227 -0.861171508763732 -0.824598170489639 -0.788024831929569 -0.751451492947156 -0.714878153452943 -0.678304813465092 -0.64173147302867 -0.605158132180076 -0.568584790921049 -0.532011449274378 -0.495438107381727 -0.458864765418958 -0.422291423579875 -0.385718082039128 -0.349144740876826 -0.312571400149438 -0.275998059877656 -0.239424719939055 -0.202851380200174 -0.166278040626529 -0.129704701211325 -0.0931313619595384 -0.0565580228678225 -0.0199846838877752 0.0165886550402704
-0.956358708219142 -0.923454656518839 -0.890573849521099 -0.857729596840397 -0.824927380237087 -0.79217220366679 -0.759474987720324 -0.726845381312097 -0.694282030015666 -0.661786298539016 -0.629381431468687 -0.597096143360856 -0.564956707164605 -0.532979629400635 -0.501179143360422 -0.469570155846952 -0.43816446193753 -0.406960736295248 -0.375954601606023 -0.345142593061284 -0.314521473978839 -0.284084645993526 -0.253812064008302 -0.223680668686644 -0.193668790465979 -0.163752592104176 -0.133898175866922 -0.104073564396587 -0.0742645223344389 -0.0444612498214731
-0.953096917150479 -0.919937064295696 -0.886777211381761 -0.853617358351856 -0.820457505093669 -0.787297651479489 -0.754137797375479 -0.720977942675653 -0.687818087391542 -0.654658231570972 -0.621498375289447 -0.588338518629391 -0.555178661678127 -0.522018804542584 -0.488858947328466 -0.455699090116977 -0.422539232964277 -0.389379375850857 -0.356219518747195 -0.323059661659376 -0.289899804602383 -0.256739947586749 -0.223580090605177 -0.190420233622912 -0.157260376513171 -0.124100519156732 -0.0909406615566409 -0.057780803751656 -0.0246209458011104 0.00853891223051813
0.951446290391613 0.925214574450722 0.89907167885963 0.873369577365272 0.84828498139642 0.823768812373082 0.799044093998387 0.773235736015874 0.745804090047615 0.71641051845422 0.685184984671912 0.652374602405817 0.618193465795076 0.582723590714885 0.545906663842254 0.507255133325378 0.466296902421478 0.423050933352697 0.377834155642041 0.331664309051081 0.285734335901025 0.241194171383071 0.19902172216838 0.159992396022649 0.124243633609772 0.0916012236456917 0.0612823141563647 0.0324498626358556 0.00465870514065085 -0.0224383526321578
-0.969478505789295 -0.937112382543495 -0.904746259226798 -0.872380135699 -0.840014011742935 -0.807647887135059 -0.775281761703277 -0.742915635336191 -0.710549508113742 -0.678183380159307 -0.645817251578683 -0.613451122473267 -0.581084992946317 -0.548718863108531 -0.516352733090767 -0.483986603097083 -0.451620473306908 -0.419254343727957 -0.386888214301053 -0.354522084871181 -0.32215595525936 -0.289789825300669 -0.257423694886415 -0.225057563933765 -0.192691432407113 -0.160325300311615 -0.127959167768249 -0.0955930349249858 -0.0632269019219614 -0.0308607688973496
-1.11937158942563 -1.06932523959589 -1.01953439297995 -0.970282816170957 -0.92183240309282 -0.874437520850209 -0.828344301940171 -0.78375309657365 -0.740689360424806 -0.699103910897465 -0.658823906850903 -0.619645592508259 -0.581401222574729 -0.544067093683739 -0.507684543127517 -0.472411028905262 -0.438420137763461 -0.405833850730777 -0.374709353480187 -0.344896255979739 -0.316192274271248 -0.288380806039104 -0.261187975537988 -0.234347015089486 -0.207676862712511 -0.181050573992387 -0.154471969082752 -0.127969386733835 -0.101538475513946 -0.075166711445911
-1.00527708715332 -0.970645841279808 -0.936014595517557 -0.901383349945247 -0.866752104625396 -0.832120859620323 -0.797489615007709 -0.762858370832353 -0.728227126992137 -0.693595883325907 -0.658964639583261 -0.624333395491486 -0.589702150842474 -0.555070905686542 -0.520439660111533 -0.485808414096964 -0.451177167589135 -0.416545920509789 -0.381914672772038 -0.347283424279045 -0.312652174931486 -0.278020924662708 -0.243389673536749 -0.208758421647214 -0.174127169075278 -0.139495915911094 -0.10486466229315 -0.0702334083672654 -0.0356021542602595 -0.000970900094200715
-1.02353568171875 -0.982680779963951 -0.941931096723722 -0.901859740768893 -0.866237965359257 -0.837994212572367 -0.813487535267856 -0.78850101100962 -0.763083205396527 -0.737360321458185 -0.707503623912195 -0.668695642898154 -0.617583017818887 -0.55666882513013 -0.490145060309381 -0.423102957868283 -0.361223238232437 -0.311645326449125 -0.279928534023077 -0.263853013667116 -0.259254128396089 -0.260294018108009 -0.25444193023355 -0.230067446876265 -0.18583438129856 -0.125561560531476 -0.0633936355217387 -0.0127164156254366 0.0264454800795895 0.0574077300850593
-1.00787348773539 -0.973431474635213 -0.93898946141342 -0.904547447932715 -0.870105434087619 -0.835663419810877 -0.801221405156298 -0.766779390241421 -0.732337375317633 -0.697895360620312 -0.663453346186955 -0.629011332005587 -0.594569318073863 -0.560127304427957 -0.525685291102432 -0.491243278086909 -0.456801265333322 -0.422359252687813 -0.387917240000796 -0.353475227245557 -0.319033214426102 -0.28459120156317 -0.250149188744447 -0.215707176071476 -0.181265163634286 -0.146823151491982 -0.112381139591479 -0.0779391278542222 -0.0434971162119649 -0.00905510459903757
-0.974222330092881 -0.93290888955783 -0.893364688540054 -0.857475629671195 -0.826160137666635 -0.799710640200818 -0.776883054700699 -0.75601837560228 -0.735334415625248 -0.712909199054902 -0.686384778155313 -0.653294212185248 -0.611762809111652 -0.562284871734192 -0.507099088707219 -0.453052697271108 -0.406609359016969 -0.368089884352829 -0.336438616060206 -0.311236877597687 -0.292225237593126 -0.278522494089163 -0.266760362787588 -0.252415868841481 -0.228834357549926 -0.19166909734465 -0.147936729041932 -0.105850273734827 -0.0670449012389435 -0.03151131855053
-1.0360399136708 -0.997871542612505 -0.959727866608533 -0.921665657684079 -0.883770133790909 -0.846114382954439 -0.808694527568139 -0.771490283032249 -0.734492702406059 -0.697706131928897 -0.661176752901198 -0.624961205388679 -0.589113803885518 -0.553679560599759 -0.518700745526189 -0.484217962092718 -0.450255559175871 -0.416774534013513 -0.383718611077338 -0.351025775413032 -0.318632577209779 -0.286483908488053 -0.254558028593494 -0.222836532981195 -0.191280994218887 -0.15985319449478 -0.128535777366351 -0.0973129271860802 -0.0661541301171948 -0.0350251977756095
-1.0102507221844 -0.975180414375656 -0.940110106757853 -0.905039799481963 -0.869969492574451 -0.834899186030139 -0.799828879841769 -0.764758573970517 -0.729688268253372 -0.694617962479193 -0.659547656368493 -0.624477349624703 -0.589407041917166 -0.554336732778879 -0.519266421732208 -0.484196108393337 -0.449125792454975 -0.414055473822095 -0.37898515251697 -0.343914828818797 -0.308844503071005 -0.273774175621442 -0.238703846835635 -0.20363351704452 -0.168563186422993 -0.133492855145174 -0.0984225235381233 -0.0633521919033317 -0.0282818602870645 0.00678847132821912
1.07402099539158 1.02944575936089 0.984891920500013 0.940438055836076 0.896219457685819 0.852383203545233 0.809066796337721 0.766394041630316 0.72444353013715 0.683256311529972 0.6427684861639 0.602889917064891 0.563559060896941 0.524828748876174 0.486771371987276 0.449423185737015 0.412808740869611 0.376941904556991 0.34182040621944 0.307388107842948 0.273575404554934 0.240302485430447 0.207448715335071 0.174902599210935 0.142630026515828 0.11060260690389 0.0787374462990163 0.0469480886080873 0.0151883334001862 -0.0165779558400538
-1.05116932623936 -1.01299350543085 -0.974817684525256 -0.936641863439803 -0.898466042202398 -0.860290220882554 -0.82211439960556 -0.783938578490144 -0.745762757573016 -0.707586936864116 -0.669411116348299 -0.631235296004152 -0.59305947581012 -0.554883655744087 -0.516707835807888 -0.478532016099701 -0.440356196710012 -0.402180377602171 -0.364004558702651 -0.325828739917551 -0.287652921147878 -0.249477102318762 -0.211301283451832 -0.173125464593722 -0.134949645794574 -0.0967738270932552 -0.0585980084800196 -0.0204221899311436 0.0177536285843891 0.0559294470994183
-0.991768765249943 -0.957631067637683 -0.923493370053911 -0.889355672502319 -0.855217974973258 -0.821080277440387 -0.786942579823943 -0.752804882050987 -0.718667184129292 -0.684529486087895 -0.650391787960168 -0.616254089780565 -0.582116391575679 -0.547978693340643 -0.513840995085292 -0.479703296909716 -0.445565598921217 -0.411427901165694 -0.377290203669354 -0.343152506441048 -0.309014809485286 -0.274877112781025 -0.240739416205 -0.206601719624481 -0.172464022971104 -0.13832632620123 -0.104188629305777 -0.07005093228969 -0.0359132351794877 -0.00177553800707949
-0.99895783625951 -0.965671511673466 -0.932385187187492 -0.899098862900542 -0.865812538857929 -0.832526215098675 -0.79923989169028 -0.765953568718569 -0.732667246314192 -0.699380924596223 -0.666094603592602 -0.632808283308488 -0.599521963731466 -0.566235644778841 -0.532949326345311 -0.499663008305455 -0.46637669051245 -0.433090372753982 -0.399804054845099 -0.366517736775775 -0.333231418579714 -0.299945100282639 -0.266658781878333 -0.233372463359629 -0.200086144747479 -0.166799826087506 -0.133513507495875 -0.100227189073598 -0.0669408707905327 -0.0336545525837479
0.954870456481133 0.926933647974264 0.898918077763102 0.870744934596208 0.842295140590105 0.81343932186818 0.784047187213324 0.75400592631657 0.72327356984201 0.691829750232676 0.659669666074299 0.626792407488288 0.593188766015446 0.558816338874175 0.523645019474572 0.48772708031594 0.451123848064382 0.413850486963999 0.375923991301419 0.337414837955378 0.298406874452637 0.258999438129422 0.219353825559804 0.179640569838393 0.140005190904108 0.100543508808349 0.0611775572081538 0.0218058362736819 -0.0175935013780352 -0.0570223900182489
-1.05012900860451 -1.01334471148132 -0.976560414401896 -0.939776117393532 -0.902991820476744 -0.866207523657019 -0.829423226886511 -0.79263893011149 -0.755854633308015 -0.719070336455051 -0.682286039513398 -0.645501742439316 -0.608717445213566 -0.571933147914919 -0.535148850636199 -0.49836455342843 -0.461580256282807 -0.424795958993016 -0.388011661359993 -0.3512273634112 -0.314443065230727 -0.277658766914205 -0.240874468603424 -0.204090170440567 -0.167305872523239 -0.13052157491074 -0.0937372775537149 -0.0569529803768048 -0.0201686833092918 0.0166156137183823
-0.845934134160298 -0.865535557564153 -0.885824688010825 -0.903886520040504 -0.914551797271799 -0.912871667830226 -0.897033148790508 -0.866234810329627 -0.820585566084408 -0.761508233911627 -0.694770905088017 -0.627227989245301 -0.565760474957621 -0.517355666568797 -0.485998207386856 -0.463555780806972 -0.440227017042375 -0.411651293491378 -0.375904681728789 -0.33536928285032 -0.293503705331907 -0.254097804417521 -0.222266422423256 -0.200647267309202 -0.180644522539318 -0.152517342789274 -0.113178292077734 -0.0626347062363746 -0.00661959900593831 0.0477025963955651
-0.969667967537413 -0.935462053736515 -0.901261555190578 -0.867072325756403 -0.832906663770875 -0.798777912795101 -0.764697152806968 -0.730672747055946 -0.696704455461047 -0.662790680533721 -0.628932998485627 -0.595133778953475 -0.561394906147169 -0.527716322569382 -0.494097390611325 -0.460537093925595 -0.427035618551457 -0.393598338813452 -0.360229878170672 -0.326926668335148 -0.293683093082143 -0.260491858696991 -0.227338961505303 -0.194208876320853 -0.161086701869789 -0.127959005293755 -0.0948176034840055 -0.0616578127157787 -0.0284836970506247 0.004698492503328
-0.991562962336982 -0.957017706561435 -0.922472450673751 -0.887927194591107 -0.853381938368972 -0.818836682093962 -0.784291425838968 -0.749746169672215 -0.71520091365697 -0.680655657861773 -0.646110402381203 -0.611565147316349 -0.577019892776982 -0.542474638907596 -0.507929385819225 -0.473384133454346 -0.438838881731042 -0.404293630638357 -0.369748380168439 -0.335203130254865 -0.300657880816572 -0.26611263176026 -0.231567382943687 -0.197022134224383 -0.162476885507923 -0.127931636736339 -0.0933863879494509 -0.0588411391961918 -0.0242958904641426 0.0102493582744532
1.01111377546649 0.97701718423723 0.942920593020182 0.908824001801749 0.874727410535271 0.840630819162697 0.806534227613492 0.772437635820354 0.738341043741416 0.704244451350639 0.670147858659886 0.636051265690494 0.601954672474983 0.567858079090609 0.533761485611796 0.49966489205691 0.465568298425002 0.431471704693911 0.397375110857942 0.363278516998467 0.329181923218627 0.295085329602433 0.260988736157377 0.226892142855311 0.192795549602042 0.15869895628776 0.124602362806225 0.0905057690821295 0.0564091751603215 0.0223125811156892
-1.02241595342794 -0.986950554303594 -0.951485155183653 -0.916019756087644 -0.880554357059419 -0.845088958138773 -0.809623559324941 -0.774158160609452 -0.738692761993583 -0.703227363482621 -0.667761965088165 -0.632296566823394 -0.596831168680401 -0.56136577056695 -0.525900372375636 -0.490434974022708 -0.454969575482857 -0.419504176940915 -0.384038778617299 -0.348573380664658 -0.313107983218695 -0.277642586388371 -0.242177190175665 -0.206711794563216 -0.171246399563288 -0.135781005172701 -0.10031561129689 -0.0648502178140911 -0.0293848245851439 0.00608056853346204
-1.01150425641634 -0.975714643027388 -0.939925029490596 -0.904135415724004 -0.868345801765524 -0.832556187714559 -0.796766573796586 -0.76097696023394 -0.7251873471103 -0.689397734464135 -0.653608122291741 -0.617818510578871 -0.582028899347104 -0.546239288761311 -0.510449679001205 -0.474660070162553 -0.438870462302283 -0.403080855405925 -0.367291249461043 -0.331501644534757 -0.295712040714075 -0.259922438061295 -0.224132836539866 -0.188343236085974 -0.152553636625578 -0.116764038067218 -0.0809744402599854 -0.0451848430286113 -0.00939524615983032 0.0263943505691213
-0.977212449135463 -0.944248910377366 -0.91128537174303 -0.878321833383443 -0.845358295390314 -0.812394757847573 -0.77943122086732 -0.746467684554734 -0.713504148959145 -0.68054061408456 -0.647577079809564 -0.614613545981387 -0.581650012455964 -0.54868647912405 -0.515722945901193 -0.48275941276728 -0.449795879748148 -0.416832346989091 -0.383868814638507 -0.350905282737745 -0.317941751301393 -0.284978220344888 -0.252014689887054 -0.219051159916144 -0.186087630294733 -0.153124100860034 -0.120160571473497 -0.0871970420318326 -0.0542335125485642 -0.0212699830664171
-0.945669379528821 -0.918698555371532 -0.891810683652003 -0.8650279661782 -0.838239046492403 -0.811280566977692 -0.783914723646047 -0.755921119633134 -0.727223432940467 -0.697785789742407 -0.667590034038841 -0.636622439286036 -0.604851150456731 -0.572171798589534 -0.5384769156925 -0.503719151585583 -0.467889741613502 -0.431074145408141 -0.393392704878719 -0.355011066756653 -0.316106203978906 -0.276867993097303 -0.237537925123117 -0.198346255024519 -0.15942667913781 -0.120854352178501 -0.0825668210107805 -0.0444702105167513 -0.00648256550147237 0.031475089249257
-1.03072297716142 -1.01765910487905 -0.99155597857348 -0.941548887556204 -0.885685737236423 -0.843775461028649 -0.813758488270974 -0.788413772463665 -0.761742867832127 -0.728957582788633 -0.688888141767796 -0.641269373209814 -0.588122802743534 -0.540616744752404 -0.509156883779251 -0.491951596249827 -0.482227318571953 -0.465480035198798 -0.429441787554222 -0.378519296899509 -0.321287954455301 -0.265621684230476 -0.216588541386869 -0.175323013149835 -0.130031183845861 -0.0750025124942473 -0.0417883597844157 -0.0636434439960743 -0.143374012099944 -0.276174193239499
0.990766290860473 0.957138083340011 0.923509875837031 0.889881668390726 0.856253461013659 0.822625253718667 0.788997046546319 0.755368839546613 0.721740632779525 0.688112426303649 0.654484220162072 0.620856014394004 0.58722780905598 0.55359960427385 0.519971400146887 0.486343196598759 0.452714993512044 0.419086790780562 0.385458588309273 0.351830386036445 0.318202183908671 0.28457398187845 0.250945779921888 0.217317578024437 0.183689376185321 0.150061174395588 0.116432972599791 0.0828047707441983 0.0491765688284058 0.0155483668653427
-1.06605721441585 -1.02073658399799 -0.976067960659394 -0.932924201006314 -0.890876547295391 -0.849371099935057 -0.808655006290501 -0.769393114201505 -0.733120026449473 -0.701141162951401 -0.672975457225051 -0.64769522118837 -0.624309072938744 -0.601570855291296 -0.578112930257589 -0.552336511917208 -0.522744746170829 -0.488479654135464 -0.449142975536557 -0.405536449316932 -0.358761814223761 -0.309669938970277 -0.258108212133962 -0.203998567477356 -0.148564599638996 -0.0932864243479001 -0.0393685808190213 0.0123884188764919 0.0625245947286526 0.111915099742764
-1.15826032087458 -0.989288884368403 -0.878408951050249 -0.872938669324961 -0.886595627601977 -0.831694019961904 -0.748535023165439 -0.695755129942932 -0.677345114223261 -0.682825857012199 -0.698484386424559 -0.70979926735242 -0.698061470630489 -0.627811590863996 -0.489643997722228 -0.395118537360163 -0.435710069052079 -0.501588028063744 -0.470081863409394 -0.368466503105639 -0.261503244919682 -0.200273277123872 -0.181137350011129 -0.186166567418247 -0.194993885336949 -0.191214673595477 -0.176712105213245 -0.151751146878424 -0.091836136763068 0.0337187440897983
-0.992662852910585 -0.958984577105764 -0.925306301308171 -0.891628025441525 -0.857949749328929 -0.82427147275094 -0.790593195418552 -0.756914917050345 -0.723236637464822 -0.689558356557861 -0.655880074434929 -0.62220179125389 -0.588523507170169 -0.554845222329439 -0.521166936865983 -0.487488650878259 -0.453810364466224 -0.420132077771654 -0.386453790918267 -0.352775503915744 -0.319097216745252 -0.285418929383892 -0.251740641792479 -0.218062353930109 -0.184384065765273 -0.150705777289978 -0.117027488580884 -0.0833491997310526 -0.0496709108144734 -0.0159926219003703
-0.988281535417199 -0.954180929855679 -0.920080324342143 -0.885979718950148 -0.851879113768861 -0.817778508882382 -0.783677904338943 -0.749577300172506 -0.715476696395839 -0.681376093003908 -0.64727548994168 -0.613174887141623 -0.579074284519914 -0.544973681927563 -0.51087307925416 -0.476772476608769 -0.442671874137833 -0.408571271917841 -0.374470669979656 -0.340370068241586 -0.306269466593804 -0.27216886491831 -0.238068263064428 -0.203967660913073 -0.169867058504198 -0.135766455901586 -0.101665853105292 -0.0675652501101946 -0.0334646469541762 0.000635956314129483
-0.991835179143221 -0.956944672477135 -0.922054165802686 -0.887163659147229 -0.852273152581252 -0.817382646182432 -0.782492140014092 -0.747601634132112 -0.712711128576946 -0.677820623391238 -0.642930118641816 -0.608039614401553 -0.573149110765476 -0.538258607917236 -0.503368106039012 -0.468477605218466 -0.43358710548714 -0.39869660674659 -0.363806108859371 -0.328915611662018 -0.294025114984559 -0.25913461865741 -0.224244122512534 -0.189353626405165 -0.154463130282069 -0.119572634113481 -0.084682137871971 -0.0497916415401383 -0.0149011451383646 0.0199893513035232
-0.997609409544335 -0.962652605559746 -0.927695801573359 -0.892738997576568 -0.85778219352647 -0.822825389379011 -0.787868585119855 -0.752911780715749 -0.717954976028072 -0.682998170889731 -0.648041365125101 -0.613084558556428 -0.578127751032304 -0.543170942506718 -0.508214132970645 -0.473257322457604 -0.438300510996543 -0.403343698555546 -0.368386885137051 -0.333430070941761 -0.298473256219944 -0.263516441209076 -0.228559626095468 -0.19360281102473 -0.158645996030843 -0.123689181121281 -0.0887323663091232 -0.0537755516048559 -0.018818737002985 0.0161380775059784
-1.00215010013937 -0.96599711258466 -0.929844124953448 -0.893691137196616 -0.857538149253391 -0.821385161070565 -0.785232172636833 -0.749079183949452 -0.712926194997995 -0.676773205768117 -0.640620216237455 -0.604467226381646 -0.568314236183526 -0.532161245654744 -0.496008254804128 -0.459855263600425 -0.423702272010362 -0.387549280032664 -0.351396287675858 -0.315243294955681 -0.279090301889672 -0.242937308530735 -0.206784315073246 -0.170631321738912 -0.134478328717321 -0.0983253361483774 -0.06217234400539 -0.0260193522130951 0.0101336393314663 0.0462866307381771
-0.984083806988708 -0.951931863965145 -0.919779920947509 -0.887627977968558 -0.855476035100568 -0.823324092405569 -0.791172149865091 -0.759020207420775 -0.726868264935222 -0.694716322279147 -0.662564379434785 -0.630412436412247 -0.598260493231089 -0.566108549948634 -0.533956606606213 -0.501804663143412 -0.469652719461882 -0.437500775413285 -0.405348830847416 -0.373196885656591 -0.341044939743755 -0.308892993047618 -0.276741045649945 -0.244589097678985 -0.212437149305859 -0.180285200706112 -0.148133252030101 -0.115981303396311 -0.0838293548209149 -0.0516774062945102
-0.996283777938643 -0.959539336667248 -0.922812972024108 -0.886115683647479 -0.849441784331599 -0.812797155388486 -0.776250639045297 -0.739876436268806 -0.703707222069132 -0.667764990318533 -0.632070536294478 -0.596644355625735 -0.561513512945652 -0.526731348905886 -0.492345966280684 -0.458358240316343 -0.424761241946728 -0.39156405238393 -0.358773035815426 -0.326367678052028 -0.294320745310381 -0.262593484202618 -0.231101062922809 -0.199757276764632 -0.168516507838241 -0.137340022614953 -0.106176038194274 -0.0749801097467728 -0.0437501940990832 -0.012494848491855
-1.05191593228661 -1.01481732939303 -0.977718726522957 -0.940620123741948 -0.903521521184723 -0.866422918997745 -0.829324317305289 -0.792225716235585 -0.755127115954878 -0.7180285166144 -0.680929918267336 -0.643831320942359 -0.60673272463984 -0.569634129246947 -0.532535534651801 -0.495436940859548 -0.458338347882527 -0.421239755644846 -0.384141164064018 -0.347042573119408 -0.309943982805839 -0.272845393120763 -0.235746804072116 -0.198648215644861 -0.161549627721572 -0.124451040170419 -0.0873524529043574 -0.0502538658468121 -0.0131552789183008 0.0239433079613856
-1.15512924492591 -1.07842763043523 -1.00456545482411 -0.935881248798905 -0.873116093313821 -0.816633871650633 -0.766887126153493 -0.724046412315243 -0.687065679161097 -0.654422997960844 -0.623909535430179 -0.593144732146277 -0.560160012126523 -0.524634733149149 -0.486675415789585 -0.446449298051221 -0.404604159701986 -0.363649230140018 -0.326232181811465 -0.293693009724299 -0.26704478952695 -0.246465262928133 -0.228790835877715 -0.210565726266276 -0.190506735506101 -0.168036774915179 -0.143230611912605 -0.116350688721369 -0.0877582906789441 -0.0578394139014187
1.01817208385555 0.98550102369274 0.952829963641136 0.92015890376594 0.887487844003088 0.8548167842579 0.822145724442511 0.789474664457864 0.756803604153338 0.724132543360395 0.69146148189041 0.658790419549735 0.626119356178197 0.59344829174951 0.560777226260031 0.52810615966281 0.495435091963088 0.462764023418193 0.430092954330501 0.397421884930505 0.364750815430725 0.332079746009882 0.299408676711491 0.266737607552169 0.234066538576139 0.201395469828166 0.168724401327565 0.136053333070849 0.103382264988768 0.0707111969956299
1.02779528163965 0.992794360020763 0.95779343827962 0.922792516267332 0.887791593932786 0.852790671252928 0.817789748219161 0.782788824814271 0.747787900972117 0.712786976640674 0.677786051873332 0.642785126749831 0.607784201381145 0.572783276003184 0.537782350853572 0.502781426051867 0.467780501697443 0.432779577927019 0.397778654879804 0.362777732667619 0.327776811395442 0.29277589114662 0.257774971917976 0.222774053671469 0.187773136316121 0.152772219750901 0.117771303887517 0.0827703886226127 0.0477694737798397 0.0127685591646017
-0.928838408217438 -0.899478189275617 -0.870129965633333 -0.840801432083178 -0.811472272121553 -0.782104098858319 -0.752614255153359 -0.722912907484533 -0.692925787051569 -0.662597255443993 -0.631930631088655 -0.600943971621735 -0.569647631674698 -0.538021153860164 -0.506040989313533 -0.473702035280178 -0.441006833522892 -0.407970057764184 -0.374614775307181 -0.340985495817781 -0.307132089552577 -0.273104761318505 -0.238955054123874 -0.204734712795169 -0.170494951230185 -0.136278044444717 -0.102091042855234 -0.0679318155931706 -0.0337967312491461 0.000318216721423275
-0.997461651012346 -0.966933971622302 -0.936550497975796 -0.90635304193471 -0.875897321064431 -0.844643384345864 -0.812154700718467 -0.778065560932849 -0.742190123025683 -0.704472518766666 -0.665196907571518 -0.624732455767466 -0.583492168471438 -0.542064405959158 -0.501011973827962 -0.460620103802843 -0.421240785464144 -0.383770613685968 -0.34901754899207 -0.316890409211058 -0.287073226497752 -0.259194502888428 -0.23266061994519 -0.206891176608253 -0.181580761804461 -0.156537861307874 -0.131751558294784 -0.107229718669089 -0.0828747418428874 -0.0585626606053235
-0.95412817608492 -0.921647680591912 -0.889167185063862 -0.856686689481164 -0.824206193864047 -0.791725698247765 -0.759245202687834 -0.726764707245108 -0.694284211981522 -0.661803716953172 -0.629323222191702 -0.596842727722642 -0.564362233563497 -0.53188173969968 -0.499401246113945 -0.466920752810508 -0.434440259781946 -0.401959766952792 -0.369479274249299 -0.336998781672619 -0.304518289242628 -0.272037797007388 -0.239557305127693 -0.207076813748808 -0.174596322841126 -0.142115832326149 -0.109635342104688 -0.0771548520789772 -0.0446743621776489 -0.0121938723359324
